558	385	39	91
554	387	41	84
551	386	41	83
548	385	47	83
548	385	54	80
537	383	55	81
531	382	57	85
527	380	56	88
524	381	54	88
530	380	46	88
538	384	43	88
543	385	47	90
540	385	54	89
538	386	57	87
538	388	57	89
552	387	46	91
560	391	45	95
562	394	44	93
559	397	46	92
551	397	54	95
555	397	57	96
548	400	61	92
543	401	65	91
546	401	65	93
544	401	58	99
542	402	50	97
540	406	46	95
534	407	54	91
526	404	58	93
526	404	61	92
551	401	61	96
553	402	58	100
565	404	52	100
579	408	46	98
577	408	53	98
590	407	62	96
597	402	67	101
605	407	66	93
607	406	61	93
630	400	51	106
635	405	48	106
640	408	50	102
646	406	54	103
651	406	58	103
654	410	60	99
660	408	66	101
669	407	63	94
680	411	57	88
682	405	54	102
685	408	55	108
690	408	60	98
692	409	55	96
695	408	62	97
673	398	72	99
657	400	71	90
655	402	61	86
657	400	64	112
669	392	56	101
684	396	59	104
683	395	59	105
691	395	54	108
685	392	50	105
683	391	51	108
685	390	48	103
680	395	58	107
678	395	55	105
677	396	51	99
672	396	52	95
665	395	54	95
658	398	56	94
663	399	56	102
658	398	54	107
649	401	50	108
637	406	54	103
625	409	53	104
606	406	62	105
597	405	66	103
590	406	75	104
593	410	79	103
585	411	70	101
589	411	65	96
599	410	58	92
606	410	55	97
607	410	50	93
592	409	53	93
576	409	54	93
559	407	65	96
556	410	57	97
553	415	54	98
555	419	50	95
546	424	47	93
534	415	51	99
517	413	59	99
511	409	63	99
516	409	64	100
523	407	60	104
521	407	62	105
524	408	59	103
534	408	56	102
534	402	62	102
535	397	62	99
530	391	62	95
533	388	64	97
547	392	54	94
553	390	53	101
558	393	54	94
569	392	49	92
577	397	47	88
575	391	52	95
570	392	59	95
552	395	66	93
555	391	66	99
564	390	58	97
568	384	53	99
575	382	48	99
569	397	52	98
564	398	56	97
564	395	61	95
568	391	55	94
565	396	48	87
563	401	44	85
557	410	44	83
549	415	51	95
543	423	44	91
533	415	46	87
532	410	48	88
525	408	55	90
520	408	57	93
515	405	56	96
511	406	56	96
509	405	52	91
500	402	50	93
498	399	49	97
492	398	49	95
483	401	52	92
475	402	49	88
467	402	47	91
460	401	47	92
448	399	44	93
442	402	44	93
431	403	44	84
427	402	51	83
430	401	54	86
431	401	51	85
424	404	55	86
421	407	51	86
391	408	48	83
385	407	46	82
382	405	43	80
400	402	44	84
396	402	44	85
407	400	45	83
407	400	44	83
404	399	45	85
401	398	44	88
399	396	41	85
395	390	41	85
405	389	46	82
404	390	51	80
406	389	51	79
407	390	51	81
419	388	50	83
430	388	47	83
438	389	43	81
442	388	43	83
444	386	42	81
444	386	41	80
447	387	42	81
450	389	41	81
453	389	42	81
453	390	40	82
454	388	39	80
456	385	38	81
456	382	41	79
456	379	43	76
457	377	46	76
458	366	46	75
471	368	43	76
485	370	41	76
490	371	41	78
494	370	40	77
497	371	40	76
502	373	38	73
506	374	37	72
510	375	38	73
512	375	37	75
514	374	37	75
517	373	36	76
519	371	36	76
520	370	36	72
521	370	38	70
524	370	39	70
525	370	40	72
528	371	41	73
534	372	38	74
539	373	36	73
543	373	36	73
546	371	34	70
548	370	35	69
550	366	38	68
551	366	35	70
550	366	35	70
553	368	33	68
555	370	33	70
557	368	33	71
558	367	33	69
559	366	36	65
560	367	34	66
561	367	34	64
562	366	34	66
564	366	35	66
567	367	33	68
568	367	33	67
570	366	33	66
571	367	31	66
571	367	31	63
570	365	32	64
567	366	33	64
568	366	32	63
569	367	31	64
569	366	32	65
570	367	32	63
571	364	33	64
573	365	31	60
573	365	32	61
573	361	34	61
576	365	32	62
577	366	32	61
579	366	32	61
580	365	32	61
579	363	31	63
582	364	29	58
581	363	30	59
583	363	31	60
584	362	31	61
584	360	32	62
586	363	30	60
588	359	30	58
588	355	30	59
590	355	28	59
589	354	29	55
590	355	28	56
590	355	28	55
589	354	29	56
590	354	30	57
587	350	34	58
590	353	31	57
592	353	31	55
570	343	30	47
570	343	29	48
573	344	32	49
594	352	29	55
595	353	30	56
596	353	30	56
597	355	30	55
597	353	28	56
599	353	29	54
596	353	29	55
597	354	30	54
598	354	30	56
596	354	31	57
599	355	31	58
598	354	30	56
597	351	30	60
598	353	30	58
597	353	29	57
597	353	29	57
598	355	29	58
596	354	29	56
596	355	30	56
596	354	29	56
597	354	29	57
597	354	27	54
597	354	27	54
597	353	27	52
596	352	29	53
598	353	28	52
597	353	29	56
598	354	28	54
598	352	28	54
598	353	28	55
597	352	28	52
598	352	28	54
597	352	29	54
598	352	28	55
597	352	28	55
597	353	27	55
597	353	27	54
597	352	27	53
597	352	28	52
597	350	28	53
596	351	28	53
596	352	28	52
596	351	28	52
594	352	28	52
