732	322	72	89
729	322	74	81
727	321	75	80
725	321	76	79
723	322	75	80
722	323	76	81
720	325	75	80
719	330	73	78
717	333	73	79
715	335	75	80
714	336	75	82
713	336	74	84
711	334	73	85
709	334	75	85
709	333	74	85
707	331	74	85
702	331	73	84
692	328	74	82
687	327	73	83
680	326	75	81
673	327	75	81
669	329	73	80
664	335	76	76
665	340	75	73
665	343	76	75
664	342	79	81
660	333	83	90
667	352	79	79
667	349	79	80
674	348	76	80
676	348	77	78
677	347	77	78
674	345	78	77
667	342	78	78
661	341	80	77
656	338	80	79
648	335	81	79
638	330	81	79
632	327	82	78
628	324	82	78
627	319	83	78
628	314	82	78
628	306	83	79
629	301	82	78
628	295	84	78
628	287	83	79
627	278	82	78
626	271	83	78
621	271	84	76
613	266	83	74
609	265	81	72
607	264	81	71
604	265	80	70
599	267	80	75
596	270	80	72
591	271	79	72
585	270	80	72
578	269	79	74
575	271	81	73
572	270	81	72
566	265	82	74
563	262	81	74
557	258	82	73
553	254	81	73
549	252	84	72
546	250	84	71
545	249	84	72
543	247	84	73
542	246	85	73
542	246	84	72
541	245	85	73
541	246	84	72
542	247	84	73
544	249	83	75
544	251	83	75
547	253	82	74
547	255	82	73
548	257	82	73
550	260	81	72
552	262	81	73
553	264	82	73
553	265	82	74
555	265	81	72
556	265	81	72
557	265	81	72
558	265	82	72
558	266	82	72
558	267	82	72
559	269	81	75
559	270	81	73
559	270	81	73
560	269	80	73
560	269	79	73
560	271	79	75
558	273	81	77
559	277	80	77
558	280	80	76
557	283	80	78
557	288	79	77
555	292	79	77
555	296	79	77
554	297	78	75
554	298	77	74
551	300	78	76
551	301	78	74
551	301	79	75
551	299	80	75
549	296	81	76
550	293	81	76
549	290	82	76
550	287	81	75
549	284	81	75
550	282	80	75
551	281	79	74
551	280	79	74
551	280	78	75
551	281	77	74
552	281	76	74
552	280	77	75
553	280	77	75
553	281	77	76
554	281	77	77
555	282	77	77
557	283	76	76
556	283	77	78
557	283	77	78
557	282	77	79
559	280	76	79
559	277	75	81
559	274	75	82
560	272	76	81
560	272	75	80
559	271	76	79
559	271	76	79
559	273	77	79
559	274	78	78
558	274	79	77
556	275	80	74
556	276	81	72
555	277	81	73
555	278	81	70
556	279	81	71
556	280	81	71
555	280	82	71
555	279	82	72
555	277	82	74
554	275	83	76
553	271	82	75
551	269	82	75
548	268	82	74
547	267	82	73
544	266	81	74
542	265	79	74
538	264	79	74
534	265	78	72
529	264	79	72
525	263	79	72
522	263	79	73
514	263	78	72
509	263	79	72
505	263	77	71
501	262	78	72
497	260	78	73
492	257	76	75
485	256	79	76
481	256	78	77
476	256	79	76
472	256	79	79
460	255	81	78
457	257	79	76
451	257	79	75
446	259	78	73
439	260	78	72
426	262	79	71
420	262	79	72
413	263	81	74
401	261	80	73
398	263	82	78
386	255	77	70
378	256	78	72
371	255	79	71
364	255	78	71
358	254	78	71
349	254	78	71
344	253	77	74
338	252	77	74
333	252	77	75
327	252	77	74
320	252	75	72
315	251	76	72
309	251	76	72
305	251	76	72
301	251	74	72
293	251	75	71
290	250	75	70
285	250	75	71
281	250	75	70
277	248	74	70
271	246	72	69
267	245	74	69
262	243	71	68
259	242	72	68
254	242	71	69
249	241	69	67
245	241	70	68
241	241	70	68
239	241	71	68
236	242	70	67
233	242	70	68
232	241	71	67
231	242	70	68
230	242	70	68
231	243	68	68
231	243	68	68
231	243	68	68
232	242	67	68
232	242	67	68
234	241	66	68
235	240	68	68
237	240	68	70
235	238	71	70
241	241	67	70
241	241	67	69
240	240	69	67
245	243	67	69
245	241	68	68
245	244	68	69
247	244	67	67
247	243	68	68
248	243	66	67
249	243	66	68
250	244	65	67
249	243	66	66
249	244	66	67
248	244	67	67
249	244	66	66
248	244	67	67
248	244	67	66
248	244	68	67
247	244	69	66
246	245	69	67
247	245	69	67
247	246	69	67
248	245	69	67
247	246	69	67
248	246	69	66
248	246	69	67
248	246	68	67
248	248	68	67
248	248	69	68
248	249	68	66
249	249	68	66
247	250	69	66
248	249	69	65
249	249	68	65
248	249	68	66
249	249	67	65
250	249	68	66
249	249	68	65
249	250	69	65
249	251	69	65
249	251	70	65
250	251	69	64
250	251	70	64
250	249	70	64
250	249	71	64
250	248	71	64
250	249	70	64
251	250	70	64
251	250	71	63
252	249	70	64
252	250	69	63
252	251	69	63
252	252	70	63
253	252	71	64
252	252	71	65
253	252	71	64
252	252	71	64
254	252	71	64
253	252	71	65
253	251	72	65
254	252	72	65
255	253	71	64
254	253	72	64
255	253	71	63
256	253	70	62
255	253	71	63
255	252	71	63
254	252	71	63
256	251	71	63
255	251	71	65
256	251	70	64
256	251	69	64
257	251	69	67
257	251	67	67
258	251	67	67
257	252	66	67
257	252	66	67
257	252	66	67
257	253	66	67
257	253	67	67
256	252	67	67
255	253	68	68
255	253	67	67
255	253	68	65
252	253	70	65
252	252	70	65
253	252	70	65
255	252	70	64
257	251	71	67
259	251	69	68
261	251	69	68
262	251	69	69
264	252	68	68
264	252	68	68
266	252	67	66
266	252	67	67
267	252	67	67
267	252	67	68
267	252	67	69
266	251	68	69
267	251	68	71
266	251	67	70
265	251	67	70
265	250	67	70
265	249	67	69
264	249	67	68
262	249	67	67
263	248	68	67
262	248	68	69
261	248	68	69
260	248	70	68
260	248	68	67
257	248	73	67
200	214	69	71
203	216	67	69
204	216	69	69
205	215	69	70
207	215	69	68
212	214	66	67
214	212	67	71
216	213	67	70
218	213	67	72
219	214	66	70
223	214	63	71
224	212	64	73
225	209	66	79
227	207	66	79
229	205	65	78
262	243	69	76
258	241	70	75
236	203	64	70
238	202	65	74
241	201	65	77
246	202	66	79
247	200	66	80
250	202	64	78
252	201	64	84
256	238	69	87
259	233	68	88
260	232	69	87
258	238	72	86
257	235	70	86
258	244	70	80
256	244	72	84
254	244	74	85
254	246	77	87
252	251	75	82
251	253	73	80
248	256	68	73
246	258	66	69
244	257	67	69
243	257	67	68
241	257	70	67
238	258	69	67
235	259	68	67
232	259	69	68
229	258	69	68
225	257	70	69
223	253	66	70
222	249	65	73
221	243	66	75
220	236	64	76
219	231	65	73
216	220	65	69
213	220	65	66
213	216	66	68
212	214	65	68
209	213	67	68
210	215	63	68
207	216	65	68
207	217	63	71
206	219	62	69
204	220	63	69
202	221	62	70
198	222	61	68
195	223	63	65
193	221	62	65
189	218	63	66
184	217	62	65
180	218	62	66
175	219	63	66
171	219	63	66
167	220	64	67
164	221	62	67
156	224	65	68
153	226	64	66
150	229	64	66
147	232	63	65
143	234	64	65
137	237	65	66
134	240	64	65
132	241	64	64
128	242	64	64
125	241	65	64
121	239	65	66
119	238	64	65
117	235	65	67
113	233	66	66
111	232	67	68
109	231	66	68
107	231	67	68
105	230	68	67
103	229	68	66
102	230	67	64
99	230	67	63
97	228	68	65
95	227	68	65
93	226	68	64
92	226	68	62
90	226	67	63
88	227	68	63
85	228	68	64
82	229	70	65
81	230	69	64
78	232	68	64
76	233	68	64
73	234	68	64
72	234	68	63
70	233	67	63
67	234	66	62
65	234	66	62
64	234	66	62
63	235	65	61
62	235	66	61
63	237	66	61
63	238	66	61
63	238	66	61
65	239	65	61
65	238	65	62
66	237	65	63
68	237	65	63
70	238	64	62
72	238	62	61
73	238	63	62
76	240	63	63
78	241	63	63
80	241	62	62
81	240	63	62
83	238	62	63
84	235	63	64
84	235	63	63
86	235	62	62
87	235	62	64
88	236	61	63
89	236	60	64
90	237	61	63
90	237	60	63
91	237	61	64
91	238	61	64
91	238	61	63
91	236	62	63
91	236	62	64
91	235	62	63
91	234	61	63
91	234	61	63
91	232	61	64
91	230	62	65
92	228	60	64
92	226	61	65
91	218	61	66
90	214	62	66
89	210	62	66
89	210	62	65
88	211	61	65
83	212	60	66
78	214	60	66
74	215	61	67
71	217	61	64
70	217	60	64
70	218	61	63
71	220	60	64
70	221	60	64
71	224	60	65
70	225	61	64
71	225	61	63
72	221	60	65
71	219	61	65
71	218	60	64
71	218	61	63
70	219	60	63
71	220	59	64
71	222	60	64
71	224	59	64
70	226	60	64
69	229	61	65
69	230	61	65
67	232	62	66
68	233	61	66
67	235	62	65
66	237	62	65
64	237	62	63
64	238	61	65
63	239	62	64
64	240	60	64
63	241	60	64
64	242	61	65
65	244	61	64
66	244	62	64
68	243	61	64
75	243	59	64
78	243	61	65
81	242	62	65
86	243	61	64
92	243	60	64
102	242	60	65
107	243	61	66
114	243	61	66
121	245	60	64
125	244	63	66
136	246	62	68
141	246	63	67
146	245	63	68
150	245	65	68
156	246	64	67
164	246	64	68
167	247	65	66
171	248	65	67
176	250	64	66
179	251	65	66
186	253	64	66
189	256	64	65
192	258	65	66
195	260	64	66
199	262	64	65
203	265	63	65
204	266	65	64
207	267	65	64
211	269	64	64
213	269	65	63
218	269	65	64
221	270	65	64
224	271	66	63
227	273	64	65
229	275	66	64
232	275	67	64
238	273	66	64
239	271	67	64
242	269	67	65
244	266	69	65
247	263	67	66
248	256	68	68
249	253	68	68
251	250	67	67
252	246	67	68
255	245	65	67
257	244	66	67
259	245	64	67
261	247	64	68
263	250	64	69
265	253	65	69
270	261	64	69
270	264	66	70
273	267	66	69
276	270	65	68
282	272	64	67
283	274	66	68
286	276	65	68
288	275	66	69
291	276	66	68
292	275	67	69
297	274	66	69
298	272	68	71
300	273	67	69
303	273	66	70
304	273	66	71
308	277	65	70
309	278	65	70
310	278	66	71
310	278	66	69
311	277	66	70
311	271	64	71
309	270	66	71
308	270	65	69
307	269	66	69
305	269	66	70
301	269	67	69
298	270	68	70
295	273	68	69
292	276	69	70
289	278	70	68
285	282	69	67
282	284	70	66
279	284	70	66
274	285	69	65
270	284	69	65
265	282	69	64
259	281	69	65
257	279	69	66
255	277	69	67
253	277	69	66
252	277	68	65
250	276	69	65
251	276	68	64
252	277	68	64
254	277	67	64
257	277	66	63
259	276	67	65
262	276	67	64
265	276	67	65
271	277	67	65
281	277	66	65
285	276	67	66
291	277	67	66
298	277	68	66
304	277	68	67
320	278	66	67
327	278	65	67
334	278	65	68
341	279	66	68
348	280	65	68
360	278	65	67
366	278	65	65
372	278	65	65
377	277	65	65
383	277	66	66
391	276	66	66
395	276	66	66
400	276	66	66
403	276	66	65
407	276	65	66
413	277	64	67
414	277	66	68
416	276	67	67
418	275	66	67
421	276	66	68
424	276	66	67
425	277	66	67
426	277	67	67
429	278	66	68
431	279	66	67
436	280	64	67
436	280	64	67
438	281	64	66
440	279	64	67
442	280	63	66
444	280	63	65
445	280	65	66
447	280	64	66
448	279	64	67
449	279	65	66
452	279	65	67
452	278	66	67
453	279	65	67
452	279	65	68
451	280	65	67
447	281	65	67
443	281	66	68
439	281	67	68
436	281	67	68
432	282	67	68
423	284	64	67
417	284	65	65
410	284	65	67
402	285	66	66
393	286	67	66
381	287	67	67
375	288	66	64
369	288	66	66
363	288	66	65
357	288	66	66
351	288	67	66
344	287	66	66
340	288	67	67
337	289	66	66
334	290	67	68
331	292	65	68
329	293	66	67
328	293	67	68
327	295	66	68
326	296	66	68
325	300	66	68
324	300	67	68
324	301	68	69
323	302	69	67
323	301	70	68
321	301	70	70
317	301	70	70
314	302	70	71
310	303	71	71
308	304	72	72
303	305	70	73
300	307	71	73
296	308	72	71
292	309	70	74
287	309	73	72
280	309	72	73
275	310	73	73
270	309	74	73
266	309	74	73
261	310	73	74
253	310	72	74
248	310	74	74
244	310	73	74
239	309	74	74
234	309	75	74
229	308	73	73
225	309	74	73
222	308	74	74
219	307	74	74
217	307	73	74
213	306	72	75
210	305	74	74
209	306	72	73
207	305	72	74
204	305	72	73
201	303	72	72
200	303	71	72
198	302	70	72
196	302	72	74
195	303	71	73
192	303	71	73
192	305	70	74
191	307	71	73
192	307	71	72
192	308	70	72
193	304	71	73
194	303	71	74
195	301	71	75
196	299	72	74
197	299	72	72
198	297	72	72
200	297	73	71
202	297	73	72
203	297	74	71
204	297	74	72
205	299	75	71
207	299	76	71
208	299	76	69
208	300	77	69
208	299	77	69
207	297	77	69
206	296	76	68
206	293	76	68
204	292	77	69
203	291	76	69
201	290	76	68
198	288	76	68
196	285	76	67
193	283	77	69
190	281	75	68
187	280	76	68
183	278	73	69
180	277	74	69
177	274	73	68
172	274	73	67
168	272	73	68
163	272	73	70
159	271	74	70
156	270	73	70
153	270	73	69
151	268	73	71
149	268	71	69
148	266	70	69
146	265	72	70
147	265	71	70
148	264	69	70
148	262	69	70
150	262	68	70
152	262	68	70
153	260	69	70
156	259	69	70
160	259	69	71
163	259	68	71
166	258	68	71
168	259	68	70
170	259	68	71
174	258	69	70
177	258	68	69
179	257	68	69
182	256	69	70
184	255	69	70
189	254	69	69
192	254	70	68
194	253	70	69
196	252	71	70
199	252	70	68
202	250	71	67
204	250	71	67
206	249	71	67
208	248	70	67
209	247	70	65
211	245	69	66
215	245	66	63
219	245	63	63
220	243	63	64
222	242	62	64
227	240	60	63
227	240	62	65
230	239	62	65
234	239	60	63
237	238	62	65
243	237	61	63
247	238	61	62
251	237	61	62
255	237	61	63
260	236	62	61
270	236	62	63
275	238	62	62
281	237	62	62
286	238	63	64
294	238	64	63
307	239	62	62
315	237	62	65
322	239	60	61
328	236	61	64
333	236	61	64
343	235	62	65
349	235	62	65
354	235	61	63
360	236	62	62
365	236	62	62
374	237	61	62
377	237	62	63
381	238	62	62
384	239	62	62
386	240	62	62
391	242	62	61
392	243	63	62
395	245	63	62
396	246	64	61
398	247	64	62
403	247	64	60
404	247	65	62
406	247	64	60
408	248	65	63
410	247	66	63
415	248	65	63
417	247	66	64
419	247	65	66
422	248	67	67
