761	271	24	70
761	270	23	72
761	271	23	72
760	273	23	72
759	275	24	71
760	275	26	72
759	274	27	73
760	276	27	73
762	275	28	75
762	277	30	73
763	277	29	73
765	278	27	73
767	279	28	72
769	280	28	73
768	279	28	74
765	280	27	74
765	280	27	74
763	279	30	75
767	277	30	75
769	278	29	74
753	280	32	74
750	283	30	74
756	284	29	74
752	284	32	75
749	286	30	74
754	288	27	74
753	288	26	74
754	288	28	75
752	288	31	76
733	289	30	75
723	289	34	76
750	289	34	76
724	290	34	76
746	290	38	75
757	292	38	75
761	294	36	76
726	296	31	74
724	298	32	74
716	298	30	76
718	295	34	76
707	290	32	78
703	286	34	78
686	281	32	78
684	278	34	78
684	276	34	78
682	278	37	77
685	282	34	76
708	287	31	76
702	293	36	77
700	302	33	76
701	309	33	75
700	312	32	76
705	313	36	78
684	313	34	79
688	306	33	80
690	297	35	83
693	286	37	83
733	279	35	79
731	280	37	79
738	283	40	78
698	293	35	79
711	302	35	78
710	309	33	79
712	315	38	79
739	314	35	80
741	312	36	81
741	309	36	82
745	307	35	82
741	303	42	84
777	301	37	81
773	298	42	81
738	297	42	81
735	296	40	82
738	295	36	82
734	293	35	82
728	291	38	83
737	288	35	82
734	288	35	81
745	290	36	79
749	291	35	80
745	294	41	80
748	294	38	82
716	298	37	83
717	301	37	82
722	303	38	82
750	303	35	82
723	306	34	82
724	307	32	81
729	309	31	81
726	311	32	83
724	313	34	83
726	313	36	85
753	310	40	86
747	309	40	86
716	310	38	85
713	308	42	86
721	308	45	85
722	308	44	85
726	308	40	85
742	310	34	83
738	309	35	84
735	310	34	84
738	309	32	85
735	306	35	85
738	304	34	85
735	302	39	85
712	303	35	85
716	302	34	86
716	302	37	86
711	303	38	85
714	305	36	85
717	307	38	85
746	306	38	85
710	310	40	85
719	310	40	87
745	309	37	86
715	312	36	86
717	310	34	88
726	309	37	88
689	308	40	88
682	307	47	89
698	306	44	90
694	306	49	90
694	304	48	91
743	305	41	88
751	307	39	87
736	308	36	87
745	309	35	88
740	310	35	88
749	310	37	88
755	310	39	89
748	311	43	88
723	311	36	88
725	310	37	91
729	310	36	89
727	310	36	89
728	308	38	89
732	309	37	88
733	308	37	89
733	309	37	90
734	311	36	88
731	311	36	90
736	312	32	90
731	312	38	92
725	313	39	92
732	314	47	92
738	313	49	93
720	314	42	93
724	317	47	92
746	316	43	93
743	319	47	91
757	320	43	92
753	323	44	90
760	323	42	92
757	323	40	92
752	323	44	92
733	321	43	94
737	322	39	93
747	320	39	93
743	318	40	93
722	317	40	95
727	317	42	93
748	316	38	93
743	316	42	92
747	317	39	90
745	316	39	91
745	317	38	92
747	315	37	92
747	315	36	92
748	315	37	93
748	313	38	94
741	312	42	95
742	309	44	96
736	309	51	96
734	308	47	96
734	308	47	95
751	308	45	93
748	307	45	95
749	306	44	95
748	306	42	94
743	306	47	96
746	306	43	96
747	306	46	96
744	306	46	97
748	307	39	96
750	308	37	96
746	309	40	97
748	310	41	96
748	310	44	97
744	311	50	96
747	311	46	95
748	311	47	95
755	311	40	95
750	310	43	96
752	310	47	97
756	308	40	97
760	306	39	100
761	303	41	99
762	302	43	99
788	298	50	100
752	297	54	100
712	296	57	100
663	295	56	104
654	296	69	104
652	297	66	105
585	302	63	105
611	304	49	105
601	305	52	103
611	304	51	104
579	306	59	103
588	305	50	105
577	305	58	105
568	301	65	108
570	302	68	108
571	302	68	107
577	301	63	107
581	301	52	106
579	302	49	105
574	304	52	105
567	302	55	106
577	301	51	107
571	300	53	105
573	300	50	106
565	298	57	107
563	296	61	108
560	295	68	111
640	294	53	109
671	296	53	104
666	296	63	105
668	296	59	108
661	299	63	107
598	299	60	110
617	300	58	108
613	300	59	108
609	302	54	108
525	303	56	108
527	302	47	109
500	305	54	108
476	304	62	111
498	303	58	110
499	303	56	111
512	302	52	108
508	301	56	111
463	304	56	113
465	304	52	112
489	303	47	111
481	301	52	111
516	298	49	111
517	298	45	112
514	297	45	112
514	296	45	114
506	295	52	113
508	292	52	113
508	291	53	113
509	289	54	114
493	287	67	113
495	288	65	115
502	287	59	114
453	289	60	114
458	290	54	112
499	288	51	114
490	288	56	114
491	289	50	113
490	290	53	115
489	292	52	112
484	292	56	114
484	292	53	114
481	295	52	113
484	294	50	113
479	295	53	114
475	293	62	115
481	292	55	116
501	290	52	117
498	289	56	117
470	289	71	116
481	289	54	119
476	289	55	116
473	288	60	116
457	288	59	115
458	288	58	114
455	289	59	116
451	288	58	115
446	291	64	115
451	289	72	116
487	289	61	115
487	287	61	116
493	286	68	117
541	284	61	118
593	284	54	114
595	283	49	114
593	285	46	114
585	285	57	114
628	285	53	111
627	285	52	111
620	285	56	112
627	285	53	112
625	285	51	111
628	283	52	113
628	282	51	113
614	279	57	116
633	278	51	115
647	276	52	116
642	275	53	116
642	275	54	116
639	273	57	117
640	273	57	117
630	275	65	119
646	275	64	120
686	276	66	120
706	277	59	118
701	277	59	119
714	278	54	117
707	277	57	119
662	278	55	119
656	275	51	121
650	276	49	120
643	274	54	122
647	274	47	118
637	272	57	120
648	270	48	119
639	270	56	118
589	269	71	120
638	269	54	120
638	271	55	120
633	270	56	121
633	270	52	121
629	267	53	122
628	266	52	123
635	265	50	123
629	265	54	124
626	262	56	125
621	263	55	124
614	266	62	124
625	269	64	124
644	271	65	124
645	274	62	124
643	276	65	126
652	277	60	124
655	276	59	127
627	274	58	125
646	269	56	125
640	265	61	127
597	267	59	124
598	265	60	125
632	263	61	127
588	265	60	123
583	264	69	124
604	263	62	125
601	262	55	125
596	262	56	124
589	261	57	124
589	259	59	125
593	256	61	126
619	252	58	130
623	249	58	130
607	251	51	125
605	250	52	126
597	252	54	124
592	252	66	123
596	252	70	124
624	252	70	128
668	254	68	128
664	255	65	130
683	256	61	132
684	258	57	131
694	256	63	131
687	251	66	133
619	249	61	132
638	236	65	132
639	220	67	135
650	208	71	133
649	198	84	134
649	191	75	134
663	188	71	132
669	187	69	130
675	189	65	129
718	190	67	129
743	198	54	127
755	207	57	126
752	214	54	129
736	221	53	130
740	226	57	130
770	226	63	133
788	225	65	136
784	228	59	132
792	228	61	134
798	230	65	133
794	231	66	131
817	228	55	134
825	228	59	134
824	225	60	136
811	224	64	135
806	225	62	138
804	229	57	139
801	236	60	138
790	239	72	139
799	245	80	139
737	250	82	141
756	249	82	142
742	252	85	140
767	249	81	143
715	253	77	142
716	254	70	140
718	255	73	141
741	253	64	142
727	254	71	143
736	253	65	143
741	252	63	142
743	253	64	143
729	251	81	144
733	247	80	149
747	249	75	147
725	255	92	146
648	257	76	154
646	260	79	154
640	261	86	154
637	263	89	152
601	263	92	154
602	261	90	152
600	256	95	155
595	256	91	154
612	254	98	156
679	254	83	156
700	257	77	154
677	268	88	151
665	273	85	155
666	282	91	151
650	288	96	154
618	292	85	156
491	299	94	153
496	296	79	154
433	294	73	153
473	286	81	152
406	289	77	154
457	287	77	151
500	281	98	155
464	277	102	158
468	275	89	157
462	273	93	155
458	269	96	154
484	263	87	158
468	260	97	155
394	261	89	159
387	260	103	157
391	259	93	160
392	257	80	159
390	257	79	158
384	256	77	157
387	257	73	156
384	256	71	156
379	254	74	157
379	252	75	156
392	250	76	155
386	252	72	152
383	253	74	155
375	253	75	153
375	250	70	155
372	250	73	156
368	249	71	159
332	250	80	162
288	251	84	164
301	251	82	164
298	255	73	161
277	256	88	161
326	255	80	164
314	262	85	163
302	263	103	165
302	258	109	167
269	258	124	165
312	252	117	167
392	248	92	165
404	247	88	164
332	249	95	165
305	255	84	163
318	254	84	162
354	252	76	158
365	253	82	160
417	250	71	159
427	251	73	162
418	251	84	162
436	248	82	159
443	247	83	158
433	245	93	161
464	243	83	162
532	241	73	160
542	239	95	164
469	240	85	167
473	244	79	164
476	245	79	166
476	246	76	165
471	247	84	164
464	244	94	165
459	244	97	165
464	244	105	163
491	241	101	166
491	241	119	167
484	239	133	170
494	240	112	172
537	237	103	171
492	235	124	171
590	231	93	175
563	229	107	170
574	226	111	173
457	232	112	175
463	233	96	172
466	236	88	168
460	238	85	165
451	238	95	163
458	238	90	167
455	239	90	165
454	238	94	168
453	238	105	169
462	239	91	169
478	242	84	168
473	244	81	165
442	248	88	166
461	246	86	169
469	249	76	168
462	252	75	169
456	255	91	167
442	253	118	166
446	248	126	172
447	250	125	173
457	248	118	174
461	246	110	175
454	245	114	171
456	244	110	172
361	250	121	170
388	249	100	172
427	251	90	168
431	252	83	167
458	250	74	166
467	250	83	168
469	250	93	166
462	248	105	168
485	247	95	168
486	249	102	167
497	247	97	173
443	252	126	166
502	248	98	174
504	249	105	169
513	248	114	171
515	248	99	173
512	249	98	170
524	247	86	173
509	250	103	168
514	247	102	174
517	247	106	175
531	247	101	175
535	247	105	175
545	248	104	173
555	247	98	174
557	249	100	172
564	250	103	173
567	251	108	170
570	251	113	173
553	254	94	169
556	256	82	169
552	255	82	168
562	250	89	172
551	252	93	170
549	249	99	175
556	247	100	177
551	249	105	176
555	250	113	174
555	249	114	176
555	252	116	174
558	249	117	177
562	252	109	176
561	251	106	177
558	250	102	175
556	248	90	178
551	249	89	177
549	249	87	177
544	250	84	176
538	247	92	179
531	247	96	179
523	245	109	180
524	245	105	179
516	245	115	179
514	243	120	182
520	243	120	181
525	244	118	184
530	244	102	182
532	245	96	181
532	243	87	181
529	243	81	181
524	245	84	178
510	243	95	179
510	243	91	179
511	243	92	179
500	243	104	180
501	245	114	178
498	246	119	179
503	247	119	179
504	249	117	179
504	251	118	177
508	248	102	178
510	244	98	181
515	244	95	178
515	245	90	178
517	246	92	177
512	246	97	176
404	254	101	163
368	253	122	165
402	254	129	165
424	253	125	166
401	251	145	168
524	246	117	177
528	243	113	178
522	242	106	177
526	245	90	171
518	246	88	169
520	244	83	172
518	245	84	173
515	245	84	174
502	245	93	174
486	245	104	175
473	247	111	175
503	249	96	175
498	253	89	171
489	256	88	171
478	258	96	172
450	255	112	174
475	253	98	178
477	251	90	177
480	250	89	174
416	255	91	159
440	251	80	157
445	250	95	159
532	238	92	172
527	237	109	174
550	235	102	174
551	239	120	171
558	240	119	174
557	238	123	174
562	237	110	177
576	237	92	174
578	237	86	172
569	236	90	169
583	237	81	170
583	240	77	169
584	239	89	168
584	238	93	172
592	238	91	172
587	240	94	170
588	238	97	170
583	240	103	168
585	241	92	168
580	240	93	166
576	238	90	168
574	237	107	166
573	241	102	168
588	237	90	168
571	236	101	168
587	234	102	172
587	235	95	170
585	235	92	168
579	235	96	170
583	234	101	172
585	236	108	171
590	236	119	170
587	233	118	173
582	235	118	173
591	235	93	173
597	236	83	167
604	234	84	166
610	235	79	165
617	236	77	166
619	236	74	164
620	239	80	160
616	234	87	163
627	233	83	166
617	234	86	164
609	234	90	165
605	235	100	166
605	235	82	166
604	235	78	166
594	238	86	161
608	235	88	165
610	234	83	163
603	235	88	163
610	232	81	166
592	233	102	164
586	231	106	166
578	231	114	166
575	231	117	168
598	228	110	170
595	232	116	166
599	231	128	169
629	227	124	172
604	230	97	169
597	229	87	167
601	231	80	163
597	232	88	162
611	232	76	163
602	234	90	159
601	230	90	164
587	232	102	164
606	232	96	164
602	231	90	161
607	233	85	160
603	232	85	160
595	234	81	160
598	232	76	161
597	233	78	159
603	233	74	160
602	232	72	158
600	232	82	156
602	229	84	161
595	228	87	162
585	228	89	162
581	228	93	162
581	230	97	159
579	231	93	158
579	233	96	156
583	231	118	160
576	232	109	159
604	230	92	162
602	232	83	157
605	231	87	156
588	228	98	157
574	229	103	160
587	230	96	158
590	232	90	157
592	234	85	154
593	232	83	154
593	233	86	153
574	234	99	152
573	236	96	152
627	235	87	153
580	233	95	153
578	230	84	156
575	230	87	153
581	231	82	154
583	231	78	154
561	231	113	151
531	225	141	160
521	219	168	168
432	228	175	149
439	233	170	146
434	233	183	145
436	229	170	149
444	232	146	145
437	232	146	146
452	232	137	147
465	232	140	146
580	225	101	158
539	222	151	156
431	227	179	149
577	222	112	157
584	220	94	160
599	227	90	151
596	227	84	148
569	229	101	146
580	226	101	153
571	229	105	151
568	230	96	151
552	230	107	149
560	230	92	150
547	233	91	146
555	230	82	148
570	230	75	148
568	233	84	147
557	233	78	147
543	234	78	148
548	236	72	146
540	239	78	145
544	238	77	147
502	247	119	144
498	249	102	147
502	250	104	148
498	252	97	149
496	252	99	146
498	251	97	147
497	253	88	147
491	253	104	144
500	253	87	146
498	252	85	144
499	252	89	143
505	249	82	144
522	248	80	144
522	248	74	143
501	251	78	140
505	248	76	141
507	249	70	141
504	252	73	138
510	251	75	138
518	252	71	141
517	252	87	140
521	251	100	140
618	243	72	152
604	245	96	149
633	240	83	153
621	242	90	152
540	250	121	143
591	244	121	154
634	239	106	156
709	233	100	162
709	233	103	161
700	233	94	160
658	239	96	151
707	234	88	155
656	238	102	151
661	238	95	150
672	236	91	151
659	238	92	150
647	236	98	148
667	232	103	153
661	235	97	149
714	231	93	154
768	225	81	162
755	227	86	158
770	225	70	160
756	227	85	158
769	223	73	162
756	221	77	159
763	218	70	162
753	217	78	159
751	215	89	158
758	211	84	164
758	213	76	159
750	215	90	158
752	213	86	161
744	215	87	161
748	216	86	161
748	217	89	160
744	216	106	162
646	227	87	146
640	224	91	147
638	224	95	147
737	216	84	158
742	216	79	158
735	215	86	158
711	216	102	160
642	231	79	137
646	232	68	136
641	233	74	135
603	239	73	130
598	240	70	127
594	240	70	128
586	241	69	124
605	238	66	127
593	238	67	124
600	234	74	128
605	234	68	128
597	234	73	126
594	233	75	126
585	234	82	127
570	233	95	128
554	232	108	130
568	230	112	131
574	230	94	129
574	233	90	126
568	235	90	125
494	242	94	114
500	244	78	113
446	247	69	106
446	250	56	106
443	249	57	105
445	249	65	107
492	247	57	110
535	245	50	112
533	246	52	110
529	247	54	108
525	246	58	109
524	246	58	109
521	246	57	110
485	248	58	107
484	246	60	108
489	246	62	108
487	245	63	109
538	239	54	117
559	237	55	116
549	237	75	117
553	235	78	120
555	235	78	121
556	236	71	119
557	237	66	119
553	238	74	117
556	238	73	117
552	239	66	116
551	239	68	116
553	239	66	116
549	238	63	116
543	238	63	115
541	238	64	116
542	238	61	117
517	240	72	114
524	244	57	110
518	245	57	108
527	248	48	105
524	248	57	104
544	244	57	109
536	241	64	111
544	241	55	111
539	240	57	112
543	239	53	112
538	240	53	111
545	239	49	111
535	239	58	111
535	236	54	113
537	236	53	113
533	237	54	111
531	238	57	110
582	235	60	114
586	233	58	117
581	233	60	117
577	231	62	119
577	229	66	121
574	231	64	120
580	229	62	120
573	229	73	122
574	229	68	121
565	230	79	124
570	229	73	123
579	231	73	120
627	222	66	132
681	217	68	139
672	216	79	141
694	212	80	146
736	209	84	148
741	209	71	152
730	210	80	149
781	203	79	156
777	206	78	152
787	196	81	159
793	200	74	158
787	201	79	155
788	195	74	160
799	195	67	159
787	199	83	154
793	195	80	158
780	196	96	156
785	196	83	154
795	192	75	157
787	194	84	154
796	191	73	156
784	192	86	149
790	190	72	152
785	188	78	152
794	185	70	155
786	189	74	151
784	188	74	151
767	188	79	151
683	201	72	137
674	202	78	134
691	199	86	141
748	199	77	143
741	199	79	143
724	195	88	148
751	193	80	149
751	191	74	151
763	190	72	150
749	190	77	149
664	202	74	138
665	200	71	137
658	200	78	137
653	202	74	136
643	203	81	135
642	208	81	130
642	207	79	130
637	208	78	130
636	208	82	130
645	208	79	130
644	206	76	131
641	204	81	132
646	205	82	132
637	207	78	131
636	207	74	130
623	209	81	131
651	205	73	132
642	207	72	129
651	206	66	129
571	216	74	118
592	216	61	115
592	215	63	118
638	209	57	123
643	206	64	124
638	202	72	127
640	202	75	128
637	201	74	129
630	202	75	128
695	193	72	138
693	195	71	136
695	195	73	136
699	194	66	136
692	196	77	134
694	198	73	132
693	199	78	132
697	199	74	131
700	199	74	131
706	195	68	136
692	193	71	137
684	196	79	134
694	196	70	133
698	194	72	136
685	198	70	131
685	200	77	129
693	201	70	128
689	200	66	130
678	204	77	125
689	204	66	125
685	203	70	127
681	202	70	128
686	205	66	124
659	205	75	127
663	205	72	124
668	204	64	124
661	200	70	127
669	199	67	127
710	204	57	123
707	206	57	119
694	205	66	122
651	207	65	123
651	209	65	122
644	209	72	122
651	211	60	118
647	207	64	125
652	207	60	123
694	210	57	119
691	208	60	121
689	208	60	121
693	208	58	121
690	209	55	120
683	207	60	120
644	206	59	123
643	210	59	120
641	210	57	119
637	209	56	120
634	211	57	118
635	208	49	120
635	210	55	119
636	213	64	116
644	210	60	119
645	209	61	121
649	209	56	120
687	210	54	115
692	210	54	115
691	210	51	114
694	212	51	111
694	212	49	110
695	212	51	110
693	212	51	109
692	211	53	110
690	210	57	111
691	208	54	113
688	210	52	110
691	211	49	110
692	211	45	110
694	212	44	110
686	213	51	109
673	210	57	111
635	210	48	112
636	211	47	111
635	211	54	111
637	212	48	110
637	214	55	108
675	216	52	106
672	214	54	108
664	212	61	111
667	212	54	111
673	212	47	110
672	215	48	108
666	213	51	109
663	212	54	111
662	213	50	109
664	216	51	107
653	215	60	107
651	215	61	108
648	215	56	108
619	214	58	109
618	211	53	112
618	212	51	111
651	212	50	109
615	210	51	111
610	210	52	111
610	212	49	108
609	214	48	107
608	216	44	105
607	218	42	103
607	218	40	102
604	218	44	101
609	215	43	103
609	216	46	100
612	214	51	103
613	211	48	105
615	210	49	106
610	209	51	107
612	210	50	107
617	208	49	108
658	211	46	104
655	212	47	101
659	213	45	100
653	212	46	100
646	212	53	101
643	210	53	104
613	208	45	107
607	210	48	105
602	209	52	105
607	210	55	106
605	208	53	108
599	209	53	108
631	211	49	103
637	215	50	99
622	212	57	104
583	212	56	106
583	214	52	104
578	214	51	104
588	215	54	102
622	216	48	99
622	216	49	97
618	216	50	98
614	214	49	99
614	215	47	99
615	215	46	99
615	215	44	98
613	216	45	97
604	215	53	98
567	214	55	101
575	215	47	101
569	214	52	100
580	214	51	100
581	211	53	102
624	213	45	97
624	216	45	94
615	213	47	96
580	211	49	98
584	209	49	100
583	209	52	99
584	209	48	99
549	213	50	96
583	211	47	97
580	210	50	98
583	209	51	99
582	210	50	97
582	209	48	96
579	209	51	97
575	209	52	96
576	210	49	97
576	209	50	97
576	208	49	98
577	208	49	98
576	207	50	99
576	207	49	99
575	207	52	100
577	208	48	97
576	209	48	97
573	209	51	97
577	209	48	96
581	209	50	97
580	210	53	96
617	211	45	92
615	211	47	93
613	210	47	93
612	210	47	93
575	211	46	93
571	211	46	93
568	210	48	94
569	209	47	95
568	209	44	94
564	209	47	95
566	209	47	94
571	210	44	93
574	210	40	91
574	211	43	90
614	210	42	88
605	210	43	89
602	210	48	91
599	210	45	92
604	211	45	89
594	211	50	91
594	212	45	90
601	213	46	88
589	213	53	87
559	212	44	90
560	212	43	89
561	212	46	89
563	212	46	90
599	212	43	87
601	212	41	87
597	213	46	88
596	211	50	90
590	211	49	90
543	211	45	93
526	213	49	92
541	211	49	93
542	212	45	91
537	211	47	93
540	212	40	91
540	212	46	91
538	211	45	91
533	211	45	91
528	211	49	92
529	211	47	91
512	214	49	89
528	213	43	89
526	212	46	90
507	212	48	90
506	213	51	90
526	214	49	89
527	213	48	90
529	213	51	91
530	214	48	90
530	213	46	91
525	214	46	90
527	213	47	90
524	213	45	90
523	213	45	91
523	213	46	91
522	214	45	91
521	214	46	91
521	215	43	88
517	215	45	90
518	215	41	88
510	215	49	89
514	217	41	87
556	216	42	86
554	217	44	86
549	216	45	86
544	216	44	88
558	216	48	89
552	215	49	88
550	216	49	88
585	216	38	84
568	218	38	84
551	218	46	85
571	217	41	85
551	218	45	86
571	217	41	85
566	218	39	85
562	218	40	85
559	217	40	84
555	219	41	85
551	217	44	85
551	215	45	87
555	215	43	88
552	216	43	87
552	215	47	87
543	215	48	88
559	215	45	88
533	215	52	89
498	215	48	91
501	216	43	89
499	215	50	89
499	216	45	89
498	215	47	91
500	215	47	89
531	214	47	87
528	214	49	88
541	215	45	86
535	215	48	87
486	214	46	91
487	214	44	91
488	215	43	90
486	215	44	90
483	215	46	89
484	216	44	90
481	215	46	90
480	215	45	90
479	214	45	88
480	212	46	89
478	211	51	90
513	210	47	87
511	208	48	89
474	207	49	90
475	207	45	91
477	208	45	90
476	207	47	90
477	208	45	91
478	208	48	91
474	208	47	92
473	208	47	91
475	209	44	90
470	208	48	88
474	207	41	90
472	208	45	89
475	206	41	90
474	206	43	90
472	207	43	89
472	207	42	89
470	208	42	88
453	209	47	89
471	208	41	87
465	209	45	89
468	208	41	88
464	207	49	89
467	207	44	91
467	207	44	91
463	208	46	91
467	209	42	90
467	209	43	90
466	210	46	91
467	209	43	90
468	209	42	90
463	209	44	88
468	207	41	90
467	206	43	88
470	204	44	90
469	204	46	91
467	204	46	91
461	205	48	91
392	213	40	86
396	213	35	86
400	214	33	84
401	213	32	85
402	213	33	86
403	212	35	87
406	213	34	86
410	214	35	85
412	213	35	85
417	213	38	85
413	212	37	85
418	212	34	85
420	213	35	84
426	213	36	84
431	212	35	85
432	211	34	85
435	211	34	86
434	212	38	85
439	211	39	84
448	212	37	84
448	212	37	85
447	212	39	86
449	211	40	86
450	209	40	88
456	208	38	87
459	208	36	87
463	208	35	87
465	208	37	87
466	208	36	86
469	207	37	87
479	206	35	87
478	208	39	85
486	208	35	87
494	209	36	85
478	211	37	86
487	211	39	85
495	210	38	87
494	210	41	86
505	210	38	86
508	210	38	86
510	210	37	85
514	207	36	87
514	207	39	86
515	205	39	87
495	204	41	86
509	201	39	89
507	201	38	87
480	200	41	86
498	199	38	86
500	199	39	86
493	197	40	88
500	197	37	88
493	196	39	88
499	195	38	88
500	196	35	87
500	198	40	88
496	197	41	88
477	199	44	87
482	198	37	88
478	197	43	87
476	196	39	85
480	194	38	87
450	200	37	80
454	200	34	80
449	204	35	77
478	198	36	85
479	199	37	83
482	200	37	84
480	196	39	87
481	193	41	87
494	192	42	88
492	190	48	89
499	190	44	89
506	192	41	89
501	193	42	89
499	193	41	89
501	192	40	91
497	191	43	90
500	190	39	90
496	192	40	88
495	192	38	87
499	193	41	86
496	193	38	87
493	194	44	86
495	191	38	88
495	192	40	88
493	192	40	87
493	192	40	86
492	192	40	87
489	192	42	86
472	193	43	86
471	194	40	86
471	194	41	86
467	195	43	85
446	198	36	82
446	198	39	81
446	197	38	82
467	194	38	85
472	192	40	86
460	191	44	85
462	189	41	88
460	189	42	88
457	188	41	87
459	187	41	86
455	186	44	87
445	189	37	83
448	189	37	81
465	186	39	84
468	186	42	83
472	185	41	83
502	175	37	87
496	162	40	90
493	157	39	88
488	152	37	88
442	157	41	82
446	157	35	82
446	157	38	82
438	159	37	82
427	161	41	81
427	160	37	83
437	161	36	85
440	163	38	85
439	163	37	86
439	166	38	86
445	167	37	86
447	170	37	86
451	174	38	86
453	179	37	87
448	184	40	86
445	185	39	87
446	186	47	86
451	186	35	85
451	187	38	86
455	186	41	86
461	192	37	86
470	203	45	84
496	207	42	87
498	216	41	88
511	221	38	89
508	223	41	88
504	223	43	88
518	221	41	91
520	223	42	89
523	223	40	90
524	225	40	90
529	228	40	89
526	230	42	88
526	230	37	89
531	234	37	87
526	235	38	87
523	235	40	87
520	235	42	86
519	234	40	89
522	236	41	88
522	237	41	88
524	239	41	87
537	241	39	86
534	242	40	86
532	240	40	87
542	242	37	87
540	241	37	86
537	242	37	87
535	240	41	86
536	239	39	87
531	238	39	87
524	237	44	87
522	235	41	88
517	235	41	87
507	234	45	88
508	231	41	90
510	233	41	89
511	232	39	90
507	232	42	90
509	231	43	89
511	230	41	89
511	230	41	89
512	228	41	88
511	225	39	89
512	226	39	87
512	227	40	86
509	225	43	89
509	222	43	89
520	221	42	89
517	222	46	88
516	221	44	91
514	220	43	90
517	218	42	90
518	220	42	89
518	220	42	88
517	217	40	90
517	217	40	90
516	218	41	89
517	218	42	90
515	217	42	90
518	217	39	91
523	219	39	87
522	221	40	87
496	221	44	88
514	220	41	90
515	220	42	89
517	222	42	87
517	222	42	88
518	221	40	88
516	223	37	88
510	224	41	87
510	223	43	89
509	221	42	92
514	222	38	91
512	224	40	90
508	223	42	91
510	222	41	91
510	222	39	91
509	222	41	90
509	221	42	91
510	220	41	92
511	220	39	91
509	221	40	91
512	221	38	91
508	220	41	90
509	219	40	90
510	219	39	90
509	220	39	90
507	219	40	90
512	220	37	89
508	220	40	90
508	218	40	90
510	219	40	90
512	219	37	90
510	220	39	90
506	220	42	89
510	219	39	90
507	219	40	90
511	219	36	90
508	219	40	90
511	215	37	92
509	215	41	89
508	214	41	89
503	215	44	88
500	213	44	92
503	213	44	92
504	219	42	89
503	221	43	89
504	223	40	89
502	226	40	88
503	227	40	89
474	229	50	88
490	225	40	92
494	225	41	91
490	224	41	92
485	223	43	90
484	221	45	90
472	220	45	89
472	221	40	89
473	220	44	88
478	218	42	88
491	214	42	91
492	213	41	92
483	212	49	91
484	212	47	89
479	209	47	92
477	209	50	94
478	211	48	90
480	210	48	91
478	209	48	92
478	208	46	92
477	210	45	92
477	210	43	93
479	212	41	91
476	212	44	91
474	211	46	93
475	214	44	90
477	216	43	90
470	215	44	90
464	214	45	91
464	213	41	91
460	212	46	91
443	213	50	91
458	213	46	88
456	210	45	91
460	211	40	92
461	213	40	90
450	229	43	82
455	229	51	82
442	233	42	85
441	235	44	81
446	235	42	83
480	228	43	90
497	227	40	90
497	227	42	90
500	224	40	92
501	224	41	91
499	223	43	91
501	223	45	91
496	223	43	91
503	225	38	90
504	225	39	90
506	224	38	90
505	223	38	89
507	222	36	89
508	222	37	89
508	221	38	89
507	222	42	87
506	220	40	89
511	221	40	88
510	219	41	89
513	219	41	88
518	221	40	89
515	222	41	88
514	221	42	89
510	220	44	89
511	219	42	91
512	219	40	91
512	220	43	89
515	220	42	90
517	221	39	90
512	221	43	88
510	221	41	89
510	222	43	88
511	223	42	88
510	222	42	88
505	225	41	86
505	226	42	86
504	224	45	88
504	225	42	88
508	223	45	90
514	224	39	90
518	225	38	88
516	225	39	88
517	226	41	89
517	225	40	89
519	224	40	90
520	223	41	89
517	223	43	88
520	220	40	91
517	221	40	89
515	221	44	89
517	220	44	91
519	220	40	91
518	220	40	90
516	219	42	90
514	220	44	90
514	220	42	90
507	221	45	89
512	222	43	89
509	222	44	90
510	222	45	91
512	223	41	91
510	225	42	90
511	224	39	90
496	230	41	85
497	229	44	87
514	223	43	91
511	221	45	91
487	223	52	89
475	226	47	86
461	227	52	83
471	225	55	83
472	227	48	82
468	228	42	82
499	222	40	86
521	218	44	89
519	218	48	91
521	217	45	92
519	218	49	91
527	219	42	90
518	221	46	89
516	221	44	89
517	218	40	92
513	220	45	90
513	220	45	90
518	218	39	91
517	221	40	87
517	221	39	87
516	222	37	86
518	221	38	89
515	221	39	87
519	220	40	89
522	219	40	90
517	220	45	89
518	219	46	91
515	219	50	92
519	219	49	93
519	219	52	91
519	219	45	92
520	219	47	92
518	220	48	91
519	219	47	91
517	220	50	92
519	220	44	92
519	218	41	93
521	219	39	90
519	221	41	88
519	221	37	88
516	224	39	87
528	222	40	86
526	220	43	86
537	220	45	85
517	219	51	89
516	218	46	90
517	217	44	90
521	218	40	91
517	218	40	89
521	219	39	88
524	218	39	89
523	218	42	90
524	218	44	89
523	217	47	91
524	216	44	90
526	215	47	90
526	215	45	88
525	214	45	89
528	214	47	90
534	215	45	90
534	216	44	90
514	216	52	90
516	215	46	93
516	216	46	92
517	219	43	90
515	221	47	89
511	220	50	90
513	220	45	91
514	220	46	90
508	219	45	90
512	216	43	92
506	218	48	90
518	217	43	92
514	218	46	91
516	218	44	90
521	218	41	90
525	219	40	90
488	221	56	87
490	220	50	89
508	217	49	93
508	218	55	93
513	217	45	92
512	218	52	91
516	217	48	93
510	219	53	93
513	219	49	92
510	218	50	92
511	220	49	92
512	220	46	91
510	220	47	91
509	220	47	91
511	220	44	92
512	220	40	91
515	218	40	91
514	217	40	91
517	218	40	90
518	219	45	89
519	217	44	90
520	217	44	89
521	218	42	89
522	219	36	89
526	218	36	89
527	218	38	89
529	217	39	89
529	215	40	91
532	215	40	91
533	216	43	91
534	218	44	91
529	218	45	91
526	216	46	93
528	216	46	93
531	218	46	92
529	218	47	91
525	217	52	92
533	217	51	91
534	218	48	91
535	217	43	92
536	216	42	92
534	215	45	92
530	214	46	92
530	213	46	93
529	213	43	95
533	215	42	92
525	216	46	92
525	216	45	93
538	216	45	92
529	217	36	93
526	221	46	92
521	220	46	95
524	220	42	95
529	218	37	94
528	216	41	95
528	214	51	95
525	210	48	99
531	209	45	98
525	208	53	97
529	209	49	95
529	208	51	96
532	207	55	97
529	208	54	96
531	209	53	93
533	211	52	96
538	213	53	95
546	214	52	94
552	214	48	97
549	217	50	96
555	216	51	98
553	217	50	99
553	219	46	99
564	221	45	96
546	223	43	97
546	223	43	96
549	223	45	96
561	221	48	95
562	220	47	95
522	220	60	95
561	220	46	94
558	230	57	93
576	226	54	99
577	223	52	102
581	220	51	101
583	221	46	100
580	222	49	98
581	223	49	98
580	224	53	98
578	223	60	101
584	223	53	104
584	223	54	103
583	223	51	103
592	224	53	99
596	225	52	101
589	226	55	100
584	225	59	103
608	225	49	101
615	225	51	102
590	227	56	101
591	229	51	100
562	236	50	95
569	235	45	95
572	235	42	95
571	228	48	98
535	229	48	96
568	226	45	97
537	230	49	93
549	228	50	94
549	227	55	96
550	226	52	98
592	223	46	100
552	227	55	98
560	225	54	99
585	222	54	101
588	221	49	101
556	222	52	97
566	220	56	96
594	215	54	101
600	213	47	101
595	213	50	100
569	215	50	97
569	215	50	99
607	211	49	104
606	212	54	103
611	212	52	104
645	208	49	108
645	209	52	110
651	209	46	109
650	212	49	108
650	214	53	109
654	214	49	110
652	214	50	109
651	215	52	108
621	219	55	105
625	218	57	106
626	218	53	107
627	219	52	106
630	218	52	106
633	217	57	107
635	218	48	106
632	217	50	105
631	217	57	106
634	217	56	105
637	218	55	106
639	217	51	107
644	217	54	106
647	215	55	108
649	215	50	108
640	215	53	107
646	215	53	108
653	215	50	108
612	223	47	101
617	222	50	101
658	218	47	104
658	218	47	106
659	218	49	107
659	216	48	107
658	218	52	105
660	215	54	108
666	213	58	111
664	210	58	113
676	211	51	111
672	212	56	109
673	211	53	110
676	210	53	111
673	211	56	109
677	210	58	112
675	210	62	111
680	211	59	109
682	209	60	110
688	209	53	109
688	208	55	110
688	207	55	112
696	205	55	113
688	206	63	115
695	204	57	115
693	207	56	111
693	207	57	112
695	207	55	113
689	207	60	113
697	206	62	112
708	205	59	115
707	205	56	114
711	204	60	116
715	201	63	117
672	208	57	112
663	212	61	110
621	225	58	95
609	229	46	92
638	224	48	96
633	222	56	99
626	227	43	93
627	228	44	92
629	229	41	90
644	224	44	95
610	230	49	90
646	224	48	95
647	222	50	96
648	221	49	96
645	220	51	98
643	221	50	97
627	224	57	95
616	225	46	94
617	227	47	92
631	225	48	95
648	224	44	95
651	225	42	94
658	221	51	97
646	223	58	100
644	225	54	99
642	228	52	97
611	233	48	95
613	235	42	92
609	237	45	91
608	236	44	92
608	237	46	92
621	234	48	95
618	234	46	95
616	234	41	94
613	234	42	91
611	234	42	91
607	231	45	92
601	229	47	92
596	227	43	92
598	226	41	92
601	227	41	93
597	228	41	92
596	228	39	93
596	228	39	93
597	228	39	93
597	229	41	94
605	227	42	93
619	226	45	95
622	226	49	95
623	227	44	95
635	226	41	94
647	221	39	95
643	217	44	97
645	213	46	97
651	211	43	96
655	210	45	97
654	210	45	97
650	209	47	97
663	209	45	98
658	209	50	97
657	209	50	98
668	205	53	101
664	207	51	98
667	205	49	99
672	205	46	99
668	204	48	99
672	203	44	99
670	204	48	98
672	203	46	100
672	203	48	100
676	203	52	101
677	202	48	101
674	203	50	100
677	205	47	98
669	206	49	99
637	212	45	95
639	212	43	95
637	212	48	94
672	208	48	99
669	204	51	103
671	203	49	103
670	203	52	104
664	203	52	105
663	204	50	104
655	206	57	103
651	206	62	103
653	206	62	103
649	205	70	104
693	199	62	112
694	200	58	111
689	203	65	110
695	201	63	112
693	201	64	114
758	189	57	129
763	191	64	130
759	187	67	134
757	186	62	135
750	188	66	134
814	180	73	142
797	178	81	146
803	179	78	145
799	179	79	144
814	177	78	146
799	176	87	146
739	188	70	134
747	188	62	133
748	188	70	133
753	185	66	137
747	186	67	136
752	185	70	136
750	186	74	138
756	185	67	136
749	185	82	138
742	186	87	139
737	186	92	140
738	187	92	138
750	186	86	140
740	186	86	140
656	198	86	123
663	201	77	119
661	200	68	119
659	201	65	119
603	208	60	111
608	208	45	109
605	210	51	109
609	208	57	110
610	209	53	108
608	210	54	108
610	210	54	108
606	212	51	107
605	213	53	107
604	212	53	110
604	212	56	111
600	213	52	110
604	213	55	110
602	213	56	111
596	214	55	111
597	215	68	109
601	213	59	111
599	213	59	112
600	213	57	111
599	214	56	110
602	213	58	111
602	212	61	112
600	213	69	112
612	211	59	113
618	211	53	113
619	213	51	112
620	214	47	111
620	216	47	110
625	216	46	109
655	215	51	112
631	216	65	111
638	214	56	113
633	213	57	114
582	220	64	110
595	220	52	108
593	218	59	110
645	214	48	115
652	213	49	115
661	212	52	115
656	211	54	117
654	210	52	117
655	211	56	115
670	210	62	117
644	209	66	120
657	208	68	121
656	208	63	122
656	210	59	120
657	211	61	119
662	211	62	120
666	210	62	119
666	213	53	118
644	217	59	116
653	217	47	116
651	217	50	115
656	218	42	113
660	215	49	113
678	207	53	120
694	206	59	120
689	206	68	120
623	213	59	114
628	212	57	114
633	213	52	114
636	213	56	114
685	207	58	120
695	205	62	124
703	204	60	124
702	205	59	123
698	205	64	123
699	205	70	125
690	205	76	126
618	213	78	118
674	206	71	123
675	206	68	124
680	207	67	124
683	207	63	124
689	208	61	124
693	208	60	125
676	210	62	123
679	212	56	123
681	213	53	120
683	213	53	119
684	212	55	120
644	215	58	117
646	214	54	119
645	215	59	118
650	214	60	118
649	213	63	119
655	211	54	120
656	212	55	119
654	212	63	120
650	211	68	122
657	210	66	123
719	203	64	130
703	202	79	131
697	201	74	133
643	208	81	127
653	210	76	125
654	211	71	123
650	213	67	123
653	213	64	123
654	213	64	123
655	213	63	123
653	215	62	122
655	215	55	123
655	215	56	123
659	215	56	124
659	215	55	124
657	217	52	122
689	218	59	121
638	216	74	123
657	217	63	124
662	215	71	125
662	216	63	125
660	217	62	123
661	214	61	126
657	214	65	126
654	213	65	127
654	213	60	127
654	215	66	126
654	213	76	127
656	211	80	132
645	214	73	129
646	213	77	128
652	212	87	129
659	210	110	131
714	201	108	143
721	203	103	140
720	201	104	142
730	201	90	143
728	202	93	141
659	209	79	134
650	210	71	133
647	212	67	130
648	212	76	129
630	211	81	130
632	208	88	133
629	209	93	132
612	212	91	131
624	212	78	132
625	212	70	131
621	214	71	131
628	212	68	130
633	211	64	131
610	212	79	131
613	209	78	135
633	207	92	136
628	204	90	139
662	202	86	141
661	203	94	141
676	200	97	144
667	201	98	146
590	206	90	138
597	208	85	136
606	210	79	135
596	208	74	135
600	208	68	135
606	207	64	137
616	207	60	137
659	206	62	138
653	204	79	140
702	197	76	150
744	196	79	148
748	197	75	149
750	198	78	147
751	197	78	148
755	197	78	149
745	195	79	150
743	195	81	149
737	196	79	151
728	194	81	152
722	192	84	153
733	193	80	152
734	195	82	152
739	194	81	151
737	194	85	154
738	194	79	153
691	196	99	151
718	195	91	152
705	195	94	153
689	196	93	153
683	195	97	154
684	194	91	154
593	204	73	144
604	206	59	140
600	207	62	139
600	206	62	139
634	204	68	143
568	205	65	142
574	207	56	139
581	211	58	137
607	210	59	137
623	209	62	140
615	208	64	140
628	207	78	141
626	206	71	143
630	206	77	144
622	205	89	145
618	204	98	146
625	202	102	150
617	203	98	149
587	204	98	147
594	204	107	148
564	207	119	143
574	205	114	145
590	205	98	145
612	207	97	146
617	206	97	148
622	206	82	148
625	206	72	147
628	207	71	146
636	208	65	147
626	206	80	148
598	207	74	148
624	206	72	149
679	205	66	149
683	208	67	146
617	209	90	146
594	209	81	146
584	209	74	145
634	207	74	149
625	207	76	148
645	206	75	150
668	205	81	151
590	205	92	150
613	205	101	153
605	204	103	153
619	203	102	153
604	205	106	152
636	203	106	155
675	202	107	158
736	196	107	166
727	196	109	167
729	196	103	168
708	198	114	166
648	204	96	157
660	206	70	154
651	209	69	151
605	210	69	148
607	210	64	147
607	211	58	146
604	209	59	149
607	212	56	146
607	211	59	148
609	213	61	147
588	214	70	146
591	211	67	147
597	211	70	147
603	211	61	147
597	209	67	151
607	210	60	150
590	207	67	151
617	207	81	152
607	204	103	156
609	202	106	160
590	201	101	161
607	202	112	159
584	199	129	162
554	209	107	151
601	203	103	160
540	205	118	157
550	204	114	158
596	202	111	161
669	199	101	164
640	202	93	163
638	205	75	160
645	207	63	155
633	207	64	154
623	206	65	157
612	206	76	155
564	206	79	154
597	208	59	153
572	211	68	150
572	212	70	149
574	213	72	147
578	213	66	148
578	212	66	151
581	209	62	153
575	209	66	153
578	210	73	150
626	205	75	156
613	203	95	157
598	201	112	160
598	199	104	165
598	200	98	162
596	201	104	161
540	203	93	160
555	203	86	159
557	205	86	158
529	203	94	158
505	203	109	159
583	203	85	163
577	203	79	160
512	204	98	157
533	204	91	157
521	206	79	155
549	206	70	155
550	209	83	152
557	206	84	157
539	208	79	154
545	207	79	154
553	206	80	155
561	204	78	156
568	203	81	157
576	202	83	159
576	202	75	159
581	205	95	156
601	203	86	159
607	202	77	158
609	208	73	155
614	210	66	153
619	212	59	152
616	211	60	154
611	213	61	152
586	214	71	154
582	212	72	154
572	211	79	157
571	208	74	159
569	209	73	158
572	205	76	159
570	205	76	158
560	204	82	160
579	205	77	157
571	206	77	157
567	206	72	158
577	209	63	157
584	214	60	154
581	212	63	155
583	214	61	153
579	213	62	153
577	212	59	155
580	212	56	154
574	213	57	153
573	212	59	151
573	213	59	149
572	216	62	151
573	216	61	154
566	214	64	156
557	218	65	155
530	219	72	155
531	221	75	154
558	222	70	153
555	220	65	155
551	220	64	155
536	220	65	153
561	221	62	153
557	220	66	155
544	222	71	155
561	219	71	156
561	219	78	157
565	222	75	156
565	222	68	156
552	221	69	156
537	223	71	155
526	221	71	157
514	222	69	157
503	222	75	156
495	219	77	160
492	218	72	160
491	217	69	158
510	218	68	157
505	217	72	158
496	217	83	159
487	213	89	164
483	212	90	165
482	211	85	162
486	208	79	165
489	207	74	164
488	208	70	161
488	208	72	160
487	204	72	162
490	202	72	162
491	200	74	163
578	198	74	161
567	197	80	161
558	195	77	160
545	196	81	161
526	196	97	160
515	198	105	161
516	199	111	162
586	199	105	164
590	202	103	168
587	207	105	168
579	212	101	166
571	213	109	168
563	215	98	168
573	216	84	169
668	221	64	155
671	223	65	156
666	222	69	153
677	221	64	156
663	219	81	158
668	217	75	160
670	218	66	158
659	220	80	157
668	219	94	161
662	219	87	165
673	223	102	165
699	228	93	169
700	231	93	170
699	234	86	171
617	237	72	165
615	243	79	163
619	242	78	163
612	241	84	161
602	240	103	158
627	235	90	162
628	228	88	163
682	223	91	161
658	219	88	159
660	213	81	161
644	209	83	164
642	209	85	159
698	207	87	161
720	206	92	162
704	212	100	160
662	213	108	162
648	214	114	164
616	212	115	165
608	211	118	166
477	224	90	152
468	226	77	153
461	236	79	151
457	250	79	148
456	253	71	151
452	255	77	153
456	253	78	154
435	253	87	153
529	251	72	155
539	252	71	153
540	249	82	153
546	247	74	155
541	247	97	153
653	249	74	160
690	256	90	155
684	259	77	161
712	270	81	152
704	271	92	151
731	268	81	158
643	270	91	158
647	269	94	162
740	266	85	164
754	269	76	160
760	273	72	157
750	274	68	158
748	276	73	154
746	274	79	155
745	276	79	154
738	278	80	154
734	281	75	153
728	284	76	153
722	286	90	155
709	282	88	158
748	280	74	158
681	278	89	157
715	273	80	161
711	270	81	159
696	264	92	157
693	251	83	161
716	246	82	156
704	243	82	151
708	242	72	154
710	253	75	150
728	269	80	153
741	275	78	149
709	275	89	152
710	274	75	155
689	277	85	149
644	280	102	151
676	280	91	154
676	282	85	154
675	281	87	155
686	283	70	151
686	281	81	151
676	277	92	151
705	273	77	154
725	269	80	155
727	268	76	155
693	272	89	149
736	272	72	153
721	280	95	149
711	284	88	151
659	285	97	150
639	282	102	157
576	284	99	151
579	280	84	150
565	274	93	151
565	272	87	149
452	272	73	146
444	268	73	146
440	267	74	144
443	268	70	143
382	274	89	138
406	284	89	140
468	283	83	149
486	290	81	143
443	292	91	145
413	294	82	146
413	291	85	144
407	288	85	144
426	283	83	143
471	282	83	143
462	283	90	144
491	287	68	142
484	292	76	138
467	290	101	142
484	291	91	147
509	294	76	146
490	303	91	142
504	303	84	146
508	307	101	145
417	311	81	148
414	311	84	147
392	308	93	146
451	300	79	148
396	299	81	144
446	292	72	145
453	287	68	146
493	281	70	141
438	283	70	142
435	281	67	143
479	284	76	138
490	286	83	138
465	288	103	144
469	292	91	141
400	292	104	145
399	296	104	142
383	297	107	145
402	298	107	144
301	303	116	141
284	303	123	138
274	303	107	142
269	300	93	145
254	299	101	144
159	299	87	146
143	297	99	144
146	299	85	146
113	298	92	144
123	299	82	143
96	299	93	141
80	299	89	140
92	300	71	141
84	301	79	139
65	299	88	136
52	300	75	136
84	299	57	132
75	298	61	133
79	298	57	133
79	300	55	132
80	301	57	131
81	301	59	131
77	303	69	131
96	304	82	132
92	305	79	137
95	305	83	138
146	306	84	141
96	307	82	137
126	306	79	139
102	306	77	135
83	308	63	133
79	308	59	132
84	308	50	130
89	307	57	131
86	306	56	130
88	306	54	127
93	306	57	126
105	305	69	129
109	305	69	131
113	306	64	130
125	305	76	131
123	305	63	130
104	306	58	128
108	310	59	123
134	307	62	127
157	307	59	129
149	307	72	129
171	306	65	132
152	309	63	127
153	309	68	128
169	309	73	129
152	310	77	126
168	308	59	126
182	308	70	129
178	305	75	130
166	302	81	131
180	300	57	129
171	300	61	127
165	301	60	127
164	301	62	127
167	301	70	126
154	301	63	127
145	305	62	124
159	306	69	124
158	306	73	127
164	307	69	126
142	308	65	125
141	308	67	125
156	307	81	126
118	311	70	123
130	310	57	123
127	310	58	123
129	309	60	123
147	307	64	125
150	307	61	125
150	307	63	123
152	309	62	121
152	308	64	122
152	310	78	122
148	310	78	124
144	312	82	123
188	311	80	125
143	311	73	124
155	310	65	122
149	308	65	124
148	307	65	124
147	308	61	123
129	308	64	123
151	308	64	121
130	307	59	120
152	306	59	121
154	306	68	121
160	306	69	121
225	306	67	121
223	304	70	122
218	306	67	120
169	304	70	121
136	304	60	118
156	304	58	120
118	308	54	117
121	315	53	112
99	315	66	116
106	320	68	114
89	318	71	117
88	318	69	119
89	319	75	118
83	317	86	120
115	314	79	122
132	311	92	123
129	308	79	124
130	300	72	126
167	295	67	126
176	289	57	124
174	286	65	121
178	281	66	121
179	281	63	119
271	286	54	115
262	288	62	118
281	289	56	117
244	290	61	118
261	292	56	115
239	291	61	117
233	293	52	116
221	294	73	115
183	296	70	118
129	308	72	114
112	315	67	116
82	324	77	114
77	328	77	118
68	331	86	120
49	331	82	121
62	329	64	119
33	327	85	116
45	327	67	119
55	328	66	119
55	334	59	117
56	336	61	117
32	338	61	117
23	337	58	119
13	336	63	118
11	338	51	116
33	341	54	116
45	339	66	118
31	340	61	117
37	337	65	116
43	334	66	116
69	330	57	116
81	329	49	110
85	328	48	108
87	322	54	111
59	319	64	113
68	318	57	114
87	317	51	111
96	319	53	109
116	319	54	109
112	321	53	108
55	325	51	108
55	326	43	107
51	332	49	108
47	334	50	109
51	335	47	111
49	336	48	110
52	336	52	109
50	336	50	109
57	336	49	109
68	335	54	109
66	334	54	110
73	335	50	108
78	334	53	107
80	334	58	107
83	334	51	107
87	335	46	106
83	334	53	106
62	333	50	108
62	332	52	108
58	330	52	109
62	329	56	110
67	329	57	111
102	329	42	108
103	328	42	105
69	331	47	105
87	328	50	106
87	327	48	106
82	327	50	105
82	326	46	105
83	326	48	105
81	326	48	105
84	326	51	105
83	324	48	106
85	325	52	105
117	323	49	105
101	325	46	104
108	326	45	104
104	326	41	103
104	326	41	101
110	326	44	102
139	326	50	99
142	325	52	100
144	325	54	100
148	324	54	100
150	324	52	100
122	323	47	103
128	324	43	102
111	324	53	102
106	323	51	103
108	324	51	101
177	321	40	101
134	324	44	101
174	322	46	100
153	323	47	100
153	323	52	98
136	326	57	97
186	323	48	99
150	325	70	99
154	327	63	99
156	326	60	100
224	325	52	98
261	326	48	98
287	323	58	98
293	321	69	103
269	326	72	101
272	326	68	101
311	327	61	98
277	327	70	100
343	329	58	98
285	329	57	99
213	333	50	95
215	332	54	95
217	331	59	97
226	330	50	96
231	328	56	96
258	327	50	99
243	327	50	98
228	328	57	96
234	329	45	96
235	329	43	95
236	330	44	94
237	329	43	94
234	328	46	93
229	326	45	95
230	325	47	95
232	325	46	96
203	328	45	93
243	328	41	95
241	328	41	96
238	328	47	96
246	328	42	95
251	328	49	95
253	328	45	95
250	329	46	94
253	328	49	94
260	327	50	95
263	327	51	95
263	327	49	94
265	327	48	95
270	328	43	94
274	330	41	93
276	330	43	93
277	329	45	94
282	329	41	94
285	331	38	93
287	331	41	93
286	331	44	93
290	332	40	92
289	332	44	92
291	332	47	92
293	333	45	91
293	333	42	91
292	334	42	91
294	333	44	92
297	332	42	92
297	332	44	92
293	330	44	93
284	329	48	93
289	330	47	91
282	329	44	92
355	329	37	90
352	328	42	89
352	328	42	91
352	327	40	90
351	327	44	89
348	326	46	91
358	324	49	92
343	327	47	90
358	325	56	90
357	325	50	90
363	326	45	89
365	326	43	88
362	327	45	88
364	326	47	88
400	324	41	91
351	325	52	88
362	324	49	91
402	324	42	89
394	324	45	89
394	324	43	89
358	326	49	89
394	323	46	90
394	326	44	90
392	326	40	90
391	327	45	89
392	328	42	88
414	328	38	87
411	328	42	87
411	328	39	87
410	328	41	86
410	327	40	87
406	327	44	88
436	325	43	87
457	323	38	87
482	321	40	85
480	320	47	87
480	320	46	88
475	320	56	87
478	321	54	88
484	320	51	87
493	320	44	86
493	322	43	84
466	325	44	84
499	325	43	83
496	325	43	85
496	325	44	85
492	325	49	85
501	325	43	85
498	326	43	85
507	326	42	86
508	327	41	85
506	327	48	84
505	326	46	87
459	329	53	87
466	330	47	86
479	330	49	85
476	330	48	86
488	329	55	84
516	328	45	85
487	328	46	85
487	329	43	84
503	328	46	84
528	327	42	82
532	327	42	83
535	328	43	83
499	328	51	83
499	329	51	84
528	328	52	82
472	329	60	84
474	330	53	83
470	331	51	83
469	330	55	83
506	331	50	81
481	329	54	83
479	331	53	82
482	330	48	82
479	331	50	83
419	332	44	84
426	333	38	83
398	335	31	80
410	335	36	80
398	334	31	80
398	335	30	79
398	336	31	79
400	335	33	78
403	336	30	78
399	337	33	78
400	334	38	80
402	333	38	81
403	332	36	80
405	332	36	79
407	330	34	81
405	330	40	78
408	330	38	78
401	330	42	78
402	330	44	78
399	331	44	78
399	332	44	79
403	333	38	78
410	334	35	77
412	335	35	76
424	333	34	75
417	333	38	76
416	331	41	78
443	330	42	78
410	329	44	80
444	330	40	77
420	329	47	78
421	330	42	78
432	331	44	77
432	333	36	76
429	333	35	75
425	333	36	74
434	333	38	75
428	332	41	76
429	332	41	77
433	332	35	77
431	333	35	75
434	334	33	74
431	334	37	75
428	332	38	76
436	333	39	74
441	332	37	75
441	333	36	73
444	332	35	74
439	331	35	73
438	331	30	73
438	331	31	72
438	331	32	73
439	331	35	74
443	330	36	75
443	331	30	74
441	332	32	74
443	332	32	74
444	333	30	73
443	333	33	73
442	333	33	73
444	333	33	73
445	334	32	72
445	334	33	71
447	333	31	73
445	331	33	73
445	331	33	73
455	331	33	73
462	330	34	73
448	333	30	71
444	333	37	71
443	331	36	72
455	330	35	73
439	333	36	70
444	332	32	72
440	333	34	71
442	332	34	72
442	333	35	71
443	333	31	72
442	333	32	71
442	333	31	72
441	334	33	72
441	335	34	72
452	334	33	72
454	336	30	71
457	336	30	70
460	337	30	69
464	337	30	68
462	336	34	68
457	335	37	70
454	336	36	71
455	334	38	72
452	334	35	72
459	335	43	70
485	334	41	71
459	335	39	70
463	335	35	71
465	336	34	69
457	335	35	69
454	335	34	69
454	337	29	66
456	337	36	68
460	335	33	68
454	335	37	68
466	334	32	69
468	335	32	67
470	334	31	69
480	334	31	68
462	333	38	69
465	332	35	71
480	332	33	69
480	333	32	68
483	334	29	67
482	335	32	66
487	335	29	65
488	335	28	64
497	333	29	66
507	333	40	66
495	329	35	71
506	329	37	71
483	331	33	69
481	332	33	67
479	333	31	66
479	334	31	65
482	332	33	67
481	333	31	66
482	333	31	66
483	334	32	65
484	334	29	65
484	335	28	64
483	333	33	65
485	331	34	67
485	329	33	67
488	329	30	68
488	328	31	67
491	328	30	66
480	329	31	66
488	328	33	66
487	327	32	67
484	328	32	66
491	328	34	65
488	328	34	66
490	328	32	67
491	327	31	67
495	327	34	67
495	328	35	67
491	327	39	69
508	327	36	67
507	325	42	69
537	325	39	68
534	324	42	67
541	323	42	67
585	322	32	65
588	320	38	68
607	320	32	66
611	321	32	66
627	320	30	65
648	320	31	66
653	320	29	66
650	321	30	65
624	321	32	66
635	321	33	67
634	321	32	67
646	321	30	65
644	321	31	64
643	322	29	64
627	322	33	65
639	322	32	64
651	322	30	64
649	323	31	62
650	321	31	64
650	321	32	64
651	321	31	64
653	321	31	65
661	321	31	63
646	321	32	65
629	320	37	65
645	320	30	66
667	321	30	64
665	321	31	63
662	321	30	63
665	321	28	63
655	322	28	62
654	321	30	63
649	322	33	63
651	321	34	65
652	322	32	64
649	321	31	65
635	321	32	64
645	321	34	64
645	320	33	64
640	320	35	64
645	322	29	63
643	321	31	62
643	321	31	62
642	322	29	61
653	322	29	61
653	321	30	61
649	321	33	63
638	320	32	64
661	321	30	62
657	322	29	61
659	319	31	63
668	320	31	62
659	320	29	62
661	319	29	62
640	320	32	62
654	320	31	63
666	321	26	62
642	322	31	61
642	321	33	63
657	322	28	61
655	322	29	60
661	322	33	61
660	321	32	63
658	321	33	63
660	322	30	61
661	322	29	61
662	323	28	61
672	322	26	60
670	323	30	59
677	323	31	59
666	323	31	60
668	322	29	60
675	323	26	59
672	323	27	59
670	321	29	61
677	321	28	60
675	322	31	60
677	321	29	60
677	320	29	61
679	320	28	61
681	321	24	59
680	322	25	60
680	321	25	60
682	323	25	59
680	321	27	60
681	322	28	60
682	322	26	59
682	322	25	59
681	321	25	60
676	320	29	61
675	322	29	60
677	320	29	60
678	320	31	60
681	321	28	60
681	321	27	59
690	322	26	58
681	322	27	58
684	322	26	57
684	322	27	58
685	322	27	58
686	321	29	59
695	322	29	58
693	321	29	59
693	321	28	59
690	321	29	58
690	322	28	58
690	321	29	59
691	321	29	59
692	321	29	59
690	321	29	59
692	322	27	58
694	321	27	58
697	322	26	57
697	321	26	58
698	321	26	58
698	320	28	58
698	320	30	59
701	321	30	59
700	321	29	58
701	321	28	58
702	321	29	57
704	322	29	57
701	323	33	56
702	323	28	57
702	323	27	57
698	325	31	56
699	324	31	58
697	324	29	57
704	324	27	57
706	323	27	58
708	322	27	58
704	323	30	57
706	322	28	58
709	323	25	57
711	323	25	56
691	324	28	57
694	323	27	57
704	323	26	56
705	322	25	56
706	322	26	56
708	320	27	57
708	321	27	56
708	320	25	57
698	322	26	57
704	320	28	56
702	322	29	57
702	321	30	57
711	322	29	56
702	321	28	57
723	322	25	55
712	322	27	55
713	322	28	56
723	322	28	55
714	322	27	56
715	322	27	55
706	321	26	57
716	321	28	56
736	321	26	56
708	323	24	55
709	323	24	55
709	323	24	55
709	322	24	55
717	322	24	55
719	323	25	55
729	323	24	54
716	322	25	55
714	322	26	55
712	322	27	55
712	321	25	56
713	322	23	56
715	322	23	55
722	323	22	53
720	321	24	54
715	321	26	55
715	320	25	55
715	320	24	54
715	320	23	54
714	320	23	53
711	320	23	53
711	320	24	54
708	319	26	54
705	319	27	55
705	319	28	54
705	319	28	55
705	318	28	55
695	319	25	54
693	320	28	54
714	319	25	54
715	319	24	54
715	318	25	54
705	320	25	53
696	319	26	54
698	319	25	54
684	320	29	53
696	320	25	54
696	320	24	54
691	321	26	53
694	320	24	54
696	322	23	53
695	322	25	52
692	321	29	53
694	321	27	53
695	320	25	53
695	320	24	53
696	320	23	53
695	319	22	52
695	320	22	52
694	320	22	52
694	320	23	53
695	320	23	53
695	321	24	53
694	321	23	53
693	321	22	53
689	321	23	53
689	321	25	53
701	320	22	51
692	320	22	52
692	320	24	51
682	320	26	52
685	320	25	52
687	319	27	53
671	321	25	52
681	320	25	52
677	320	28	53
678	321	26	52
630	323	21	51
626	323	22	51
624	324	20	50
622	324	22	50
622	324	21	49
620	324	22	50
620	323	22	50
620	324	20	51
617	325	23	51
616	324	24	51
616	324	26	52
614	325	30	54
602	325	31	55
577	329	34	53
602	328	29	52
605	327	28	53
597	327	27	53
588	328	29	53
590	327	32	52
588	327	32	53
587	326	31	53
620	326	27	52
636	324	28	52
636	324	29	52
635	323	27	52
643	323	26	52
616	324	25	51
617	324	21	50
615	324	23	50
615	324	21	49
615	326	23	48
608	326	24	49
609	324	23	50
608	324	24	50
629	322	23	50
624	321	25	51
613	320	23	51
609	321	23	50
592	320	23	50
607	321	23	49
605	320	22	49
602	320	24	50
601	319	23	50
599	319	22	50
592	320	21	49
591	320	21	49
591	321	20	48
584	321	22	49
598	320	22	49
587	320	24	50
595	321	24	49
593	319	25	50
586	319	23	50
594	319	24	49
593	319	23	49
593	318	22	49
598	318	22	47
581	318	22	49
579	318	22	49
580	318	23	48
581	317	22	49
586	318	24	49
588	319	22	49
589	319	20	49
591	318	19	48
598	318	19	48
597	317	19	48
585	317	25	49
599	317	20	48
591	317	21	48
591	318	22	47
590	318	23	48
591	318	23	48
590	317	25	49
592	317	25	50
603	318	23	49
594	318	23	49
594	318	23	48
593	320	23	47
586	319	21	48
593	320	21	47
