415	260	13	35
415	263	13	29
415	262	13	30
415	261	13	30
414	262	13	29
415	261	13	30
415	262	13	29
414	261	13	30
415	262	13	30
415	261	13	30
415	262	13	30
415	262	13	29
414	261	13	29
415	262	13	30
414	262	13	30
414	261	13	30
415	262	13	30
415	262	13	29
415	261	13	30
415	261	13	30
414	262	13	29
415	261	13	31
414	261	13	30
415	261	13	30
415	261	13	30
415	261	13	30
414	261	13	30
414	261	13	30
415	261	13	30
415	261	13	30
415	261	13	30
415	261	13	30
415	261	13	29
415	262	13	30
415	261	13	31
415	260	13	31
415	261	13	31
415	260	13	31
415	260	13	31
415	260	13	31
415	260	13	31
415	260	13	31
415	260	13	31
416	260	13	31
416	260	13	31
416	260	14	31
416	260	14	31
415	260	14	31
416	260	14	32
416	261	14	31
416	262	14	30
417	260	14	31
417	261	14	30
417	261	14	30
417	261	14	30
417	260	14	31
417	261	13	31
418	260	14	31
418	261	14	31
418	260	14	32
418	261	14	31
418	262	14	31
418	260	14	31
418	261	14	31
418	261	14	31
418	260	14	32
418	261	14	31
418	261	14	32
418	260	14	31
418	260	14	32
418	260	14	31
417	261	14	31
418	259	14	32
418	260	14	31
418	260	14	31
417	261	14	31
417	260	14	31
418	259	14	32
418	260	14	31
418	261	14	31
418	260	13	31
417	260	14	31
417	260	14	31
418	260	14	31
418	260	14	31
418	260	14	31
418	261	14	31
418	261	14	31
418	261	14	31
418	260	14	31
418	260	14	31
418	260	14	31
418	260	14	31
417	260	14	31
418	259	14	32
418	260	14	31
417	260	14	32
418	260	14	31
417	260	14	31
418	259	13	32
417	260	13	31
417	260	13	31
418	260	13	31
417	260	13	31
417	260	13	31
417	260	13	31
417	260	13	31
418	259	13	32
417	260	14	31
418	259	13	32
417	260	14	31
417	259	13	32
418	259	13	32
417	260	14	31
417	259	13	32
418	259	13	32
417	259	13	31
417	259	13	31
418	260	13	31
418	259	13	32
417	260	13	31
417	259	13	32
418	259	13	31
417	260	13	31
417	260	13	31
417	261	13	31
417	260	13	31
417	260	13	31
417	260	13	31
417	260	13	31
417	260	13	30
417	261	13	30
417	260	13	31
417	260	13	30
417	261	13	30
417	260	13	31
417	261	13	30
417	260	13	31
417	260	13	31
417	261	13	30
417	260	13	30
417	261	13	30
417	260	13	31
417	260	13	31
417	260	13	31
417	262	13	29
417	259	13	31
418	261	13	30
417	260	13	30
417	260	13	31
417	261	13	30
417	260	13	30
417	260	13	30
417	260	13	30
417	260	13	30
417	260	13	30
417	260	13	30
417	260	13	30
417	261	13	30
417	261	13	30
417	260	13	30
417	260	13	30
417	261	13	30
417	259	13	31
417	261	13	30
417	260	13	30
417	260	13	30
417	260	13	30
417	261	13	29
417	260	13	30
417	260	13	30
417	261	13	30
417	259	13	31
417	261	13	29
417	260	13	30
417	260	13	31
417	260	13	30
417	261	13	30
417	260	13	30
417	260	13	31
417	261	13	30
417	260	13	30
417	260	13	31
417	261	13	29
417	260	13	31
417	261	13	30
417	261	13	30
417	260	13	31
417	261	13	29
417	261	13	30
417	260	13	31
417	259	13	31
417	261	13	30
417	260	13	31
417	260	13	30
417	259	13	31
416	261	13	30
417	260	13	31
417	260	13	31
417	260	13	31
417	260	13	31
417	260	13	30
417	259	13	31
417	260	13	31
416	259	13	31
416	260	14	31
417	259	14	32
416	259	14	32
416	259	14	32
416	259	14	32
416	259	14	32
417	258	14	33
417	258	13	32
416	257	14	33
416	257	14	33
416	257	14	34
416	257	14	33
416	257	14	34
416	256	14	34
416	256	14	34
416	256	14	34
416	256	14	34
416	257	14	33
416	256	14	35
416	256	14	35
416	256	14	34
416	256	14	35
416	256	14	34
416	257	14	34
416	256	14	34
416	256	14	34
415	256	14	34
416	257	14	34
416	257	14	34
416	257	14	34
416	257	14	33
416	256	14	34
416	256	14	34
417	258	15	35
416	259	15	36
416	263	15	35
415	265	15	35
416	267	15	35
415	266	15	36
415	265	15	33
415	257	15	36
416	256	15	34
415	255	15	35
415	256	15	36
415	257	16	37
415	258	15	36
416	259	15	35
415	259	15	35
416	260	15	35
415	258	15	37
416	258	15	35
416	258	15	36
416	256	15	37
416	256	15	35
416	256	15	35
416	254	15	36
416	255	15	35
416	255	15	36
415	255	15	36
416	256	15	35
416	256	15	35
416	257	15	35
416	256	15	36
416	258	15	34
416	257	15	35
416	257	14	34
416	257	15	35
416	257	15	35
416	258	15	34
416	258	15	35
416	257	15	36
416	259	15	34
416	257	14	35
416	257	14	34
416	259	14	33
416	258	14	33
416	258	14	33
416	258	14	33
416	259	14	32
417	259	14	32
416	259	14	32
417	259	14	32
417	259	14	32
417	259	14	32
417	259	14	32
416	261	14	30
417	260	13	31
417	259	13	32
417	259	14	32
417	260	13	31
417	259	13	32
417	259	14	32
416	259	14	31
417	259	14	31
417	259	13	31
417	259	13	31
417	259	14	31
417	260	13	30
416	259	14	30
416	259	14	31
416	259	14	31
417	260	13	30
415	260	14	30
416	261	13	30
415	260	14	30
415	260	14	30
414	260	15	30
414	260	15	28
414	261	15	29
414	261	15	29
413	262	14	28
414	261	14	29
413	262	14	28
414	261	14	28
414	263	14	27
412	261	14	28
412	261	15	27
412	263	15	27
413	262	15	28
412	261	15	28
412	261	15	27
411	262	15	27
412	261	16	28
411	262	15	27
412	262	15	27
412	263	15	27
412	262	15	27
412	261	15	28
411	263	16	27
412	263	15	27
411	264	15	26
412	261	15	28
411	262	15	27
412	263	15	26
412	262	15	27
412	263	15	27
412	262	15	27
412	263	15	27
411	263	15	27
412	261	15	28
412	263	15	27
411	263	15	27
412	262	16	27
412	262	15	27
412	262	15	27
411	263	15	26
411	263	16	26
412	262	15	27
412	263	15	26
413	262	15	27
412	263	15	26
412	262	15	27
411	263	15	26
412	263	15	26
412	264	15	26
412	262	15	27
413	262	15	27
412	263	15	26
412	263	15	26
412	262	15	27
412	262	15	27
412	263	15	26
412	264	15	26
412	262	15	28
411	263	16	26
412	262	16	26
411	263	15	26
412	261	16	28
411	263	16	27
411	263	16	27
411	263	15	26
412	262	15	28
411	262	15	27
412	262	16	27
411	264	15	26
411	262	15	28
412	262	15	27
410	263	16	27
411	263	16	27
411	262	15	27
412	262	15	27
411	263	15	26
412	263	15	27
412	262	15	27
411	263	15	27
412	263	16	26
411	263	15	26
412	262	16	27
412	263	15	27
411	264	15	26
411	263	15	27
412	262	15	28
411	262	16	27
412	262	15	27
411	263	15	27
411	262	15	28
411	262	16	27
411	262	16	28
411	262	16	28
410	261	17	28
411	262	17	28
410	262	16	28
408	261	17	28
408	262	18	28
407	261	19	29
406	260	20	29
406	260	19	29
406	261	20	29
405	261	20	28
406	259	20	29
405	261	20	29
404	261	20	28
405	261	20	29
405	260	20	29
406	260	20	28
405	260	20	29
404	260	20	30
405	259	20	30
406	259	19	30
407	259	19	31
408	259	18	31
408	259	18	31
409	260	17	30
410	260	17	29
411	261	16	28
411	260	16	28
410	261	16	28
410	261	16	28
410	262	16	28
410	261	16	28
411	261	15	28
411	262	16	28
410	261	16	29
411	262	15	28
411	261	15	29
410	262	16	27
411	261	16	29
411	263	15	27
411	261	15	28
410	261	15	28
411	261	15	28
411	262	15	28
411	261	15	28
411	262	15	27
410	261	16	28
411	262	15	27
410	262	16	28
410	261	16	28
411	262	15	27
410	262	15	27
410	261	16	28
411	262	15	27
411	262	15	28
410	263	15	27
410	261	16	28
411	262	16	27
410	261	16	28
411	263	15	27
411	261	16	28
411	262	16	27
411	261	16	28
411	263	16	27
411	261	15	28
410	262	16	28
411	262	16	28
411	263	16	27
411	262	15	28
411	261	15	28
411	262	15	27
411	262	15	28
411	261	15	28
410	262	15	27
411	262	15	28
410	262	15	27
411	261	15	28
411	261	16	28
411	262	16	27
410	262	15	27
410	261	15	28
410	262	16	27
411	262	15	28
411	261	15	28
411	262	15	27
410	262	15	28
411	262	15	28
410	262	15	27
411	262	15	28
411	261	15	28
411	262	16	28
410	262	16	27
410	262	16	28
410	261	16	28
411	262	16	27
410	261	16	28
409	262	16	27
410	262	16	27
409	262	16	27
409	262	17	27
409	262	16	27
410	263	16	27
410	263	16	27
410	262	16	27
410	263	16	27
410	261	16	28
410	262	16	28
411	262	16	27
411	262	16	28
411	261	16	28
411	261	16	28
410	261	16	28
410	261	17	29
409	262	17	28
408	261	18	28
406	260	19	29
407	262	19	28
405	261	19	29
405	259	19	30
403	260	20	29
405	260	21	30
403	259	21	30
404	260	21	29
402	260	22	30
402	260	22	30
402	260	22	30
403	261	22	29
402	259	21	30
403	261	21	29
404	261	20	29
403	261	20	29
405	259	21	30
404	259	20	30
404	259	20	31
405	260	19	29
406	261	20	28
408	262	18	28
410	262	16	28
409	261	17	28
410	262	16	28
409	261	17	28
410	262	16	28
408	262	17	28
408	262	17	28
409	262	17	28
409	261	17	28
409	262	16	28
409	261	17	28
410	261	16	28
409	261	16	28
409	262	16	28
409	262	17	28
409	262	16	28
409	261	16	28
410	262	16	27
410	262	16	27
410	261	16	28
409	263	16	28
409	261	16	28
409	262	16	28
408	261	16	28
409	262	16	28
410	262	16	28
409	262	16	27
409	263	16	28
409	262	16	28
410	262	16	28
409	263	16	27
410	262	16	28
410	262	15	28
410	262	15	28
409	262	16	28
409	263	16	28
409	262	16	28
410	262	16	28
409	262	16	28
410	263	16	28
410	262	16	28
410	262	15	27
409	262	16	28
410	262	16	28
410	262	16	28
410	263	16	28
409	262	16	27
410	262	16	28
410	262	16	28
409	262	16	28
409	262	16	28
409	262	16	28
409	262	16	28
409	262	16	28
409	262	16	28
409	262	16	28
409	262	16	28
410	262	16	28
409	263	16	27
410	262	16	28
410	261	16	28
408	262	16	28
409	262	17	28
409	262	17	28
408	262	16	28
408	262	17	28
409	262	17	28
409	262	17	28
408	262	17	28
408	262	17	28
408	262	17	28
409	262	17	28
409	262	16	27
409	263	16	28
407	262	17	27
408	263	17	28
410	263	17	28
408	262	16	28
408	262	17	28
409	261	17	28
408	262	17	28
408	261	17	29
408	261	18	29
406	261	19	29
407	260	19	30
405	259	19	30
404	260	19	30
403	259	22	30
403	259	21	31
402	260	22	29
401	261	22	29
401	260	23	30
401	261	21	29
402	260	22	30
401	261	21	29
402	259	22	31
402	260	21	30
401	261	21	30
403	261	20	29
403	260	21	29
403	260	20	30
404	260	21	30
405	259	19	31
405	261	19	29
406	262	19	28
407	262	18	28
409	262	17	28
409	262	16	27
408	261	17	28
407	261	17	28
409	261	17	28
409	261	16	28
408	262	16	28
409	262	17	28
408	263	16	27
408	261	16	28
410	262	16	27
408	261	17	28
409	263	16	27
408	261	16	28
409	262	16	28
408	262	16	27
409	262	16	28
409	262	16	28
410	262	16	27
409	262	16	27
409	262	16	28
410	262	16	28
409	262	16	28
409	263	16	27
409	263	16	27
408	262	17	28
408	262	16	27
409	263	16	27
408	262	16	28
409	263	16	27
409	262	16	27
409	262	17	28
408	262	17	27
409	263	16	28
408	262	17	28
409	262	16	27
409	263	16	27
408	262	17	28
408	262	17	27
409	263	16	27
408	262	16	28
409	262	16	28
410	263	16	27
409	262	16	28
408	263	17	27
409	262	17	27
409	263	16	27
408	262	16	28
408	262	16	27
409	263	17	27
408	263	17	27
408	263	17	27
408	262	17	27
408	262	17	27
409	262	17	27
408	262	16	27
409	262	17	27
409	262	16	28
408	262	17	28
408	262	17	28
408	262	17	28
409	262	16	28
408	262	17	28
407	262	17	28
406	261	18	27
406	260	18	29
405	261	20	29
405	261	20	29
404	260	18	29
404	260	16	29
404	261	16	28
404	260	15	28
404	262	16	28
405	262	15	28
404	262	15	28
404	261	15	28
404	261	15	28
404	262	16	28
403	261	16	28
404	262	16	28
402	262	16	28
402	260	17	29
402	261	16	29
402	260	16	29
399	260	17	29
399	260	20	30
398	260	21	30
396	258	24	31
392	258	25	31
395	261	22	30
394	260	22	30
395	261	22	30
393	261	24	30
394	260	22	29
394	260	22	30
395	260	21	29
393	259	23	30
395	261	22	30
395	260	23	30
396	259	21	30
394	261	21	30
398	261	19	30
398	260	20	30
398	261	20	29
399	261	18	29
399	263	18	28
399	263	19	28
399	262	19	28
399	263	19	28
400	263	18	28
401	263	17	28
401	262	18	28
401	262	17	28
401	263	17	28
402	263	16	27
402	262	17	28
401	262	17	27
401	262	17	28
402	263	16	27
402	262	16	28
402	262	16	28
402	263	16	27
403	262	16	27
402	262	16	27
402	263	16	27
403	262	16	28
403	263	16	27
403	262	15	28
403	263	16	28
403	262	15	28
403	262	15	28
403	262	16	28
402	262	16	28
403	263	16	27
403	263	16	27
403	262	15	27
403	262	15	28
403	263	16	28
402	263	16	27
402	262	16	27
402	263	16	27
402	263	16	27
404	263	15	27
401	263	17	27
403	262	16	27
403	263	16	27
403	263	15	27
402	262	16	28
402	263	16	27
402	263	16	27
403	263	16	27
403	262	16	27
402	262	16	27
403	262	16	28
403	262	16	27
402	262	16	27
402	262	15	28
403	263	16	27
403	263	15	27
403	263	16	27
403	263	15	27
403	263	16	27
403	263	15	27
402	263	16	27
401	263	17	27
402	263	16	27
403	263	16	27
402	263	16	27
402	262	16	27
402	262	16	27
403	262	16	27
402	262	16	27
401	263	18	27
402	261	17	29
402	261	17	29
402	263	17	28
402	262	16	28
402	261	17	29
402	260	17	30
402	260	16	30
401	260	17	31
400	260	18	30
401	260	18	30
401	261	18	29
401	261	18	29
401	260	17	29
400	260	18	30
399	259	17	30
397	258	16	30
399	258	14	31
397	257	14	32
396	258	14	30
395	259	15	31
396	256	15	33
396	257	15	32
395	258	16	31
397	257	15	32
396	256	15	32
396	258	15	31
396	256	14	32
395	257	15	32
396	259	15	31
396	259	14	30
395	259	14	30
395	261	14	29
395	259	14	30
394	262	14	28
395	262	15	29
394	262	15	28
394	261	15	29
394	261	15	29
395	260	15	29
395	260	16	29
396	260	17	29
391	261	16	28
388	261	17	29
393	262	17	29
396	261	20	29
398	260	21	31
400	261	21	30
401	260	20	30
404	260	18	30
404	262	17	29
403	262	19	29
392	261	20	29
404	261	19	30
404	261	19	30
402	261	19	29
403	261	19	29
402	261	20	29
399	261	21	29
399	262	22	28
402	262	19	28
399	262	22	28
398	262	22	29
401	262	19	29
400	262	19	29
399	262	18	29
400	262	17	28
398	261	18	29
399	262	17	29
398	262	17	28
399	261	17	29
399	262	17	28
398	262	17	28
398	261	17	29
398	261	18	29
399	262	17	29
398	262	18	28
399	262	17	28
399	261	17	29
398	262	17	29
398	262	17	28
398	262	17	28
397	262	18	28
399	263	18	28
398	262	18	28
399	262	17	28
399	261	17	29
398	262	17	29
399	262	17	28
398	261	17	29
398	261	17	29
399	261	17	29
398	262	17	28
399	262	17	28
398	261	17	29
399	261	17	29
398	262	17	29
399	261	17	28
398	261	17	29
399	262	17	29
398	262	17	28
398	262	17	28
398	261	17	29
399	261	17	28
398	262	17	29
398	261	17	28
399	261	17	29
399	262	17	29
399	262	17	28
398	262	17	29
399	261	17	29
398	261	17	29
398	263	16	28
399	262	17	28
398	261	17	28
399	262	17	29
399	262	17	28
399	262	17	29
398	261	17	29
399	262	17	29
398	261	17	28
399	261	17	28
399	262	16	29
399	261	17	29
399	262	16	28
398	262	16	29
399	261	16	29
399	261	17	29
398	262	17	28
399	262	17	29
399	262	16	29
400	262	16	29
399	262	17	28
398	261	18	29
398	260	18	30
398	260	17	30
398	261	18	30
398	260	18	30
398	259	18	30
398	259	17	30
398	259	17	31
397	259	18	30
397	259	19	31
397	259	18	31
398	258	17	32
400	259	15	32
403	258	14	33
402	257	14	32
404	256	14	33
404	259	15	31
404	260	16	31
405	260	16	31
405	260	16	29
405	260	16	29
404	259	17	30
406	261	17	29
405	258	17	30
406	260	18	29
407	259	19	29
406	260	20	29
396	260	19	29
406	261	19	28
395	260	16	28
408	260	16	29
411	262	15	28
410	260	14	29
411	263	14	28
412	262	14	28
411	263	14	28
413	263	14	28
434	260	13	26
414	263	15	27
416	263	15	27
415	262	16	27
416	263	17	27
416	263	17	27
416	262	19	28
415	260	21	29
415	259	22	30
406	260	20	30
417	261	22	29
417	261	22	29
418	261	21	29
417	261	21	29
405	260	20	29
404	261	19	29
406	260	20	29
405	260	18	29
405	261	19	28
405	261	19	27
404	260	19	28
405	261	21	28
407	259	21	30
403	259	19	29
404	259	20	30
407	259	20	30
420	260	18	30
419	262	17	28
419	263	17	27
419	262	16	28
420	263	16	27
419	263	16	27
419	262	16	27
418	263	16	26
419	264	16	26
419	264	16	27
418	264	16	27
419	265	16	26
418	263	16	27
418	264	16	26
418	264	16	26
419	264	16	26
418	263	16	27
418	263	16	27
418	264	17	26
418	264	16	26
418	263	16	26
418	264	16	27
419	263	16	26
418	264	16	26
419	264	16	26
419	264	16	26
419	263	16	27
419	264	16	26
419	263	16	27
419	264	16	26
419	263	16	27
418	264	16	26
418	263	16	27
418	263	16	26
418	263	16	26
419	264	16	26
419	263	16	26
419	264	16	26
418	263	16	27
419	264	16	26
419	262	16	27
418	262	16	27
419	263	16	26
418	264	16	26
418	263	16	26
418	264	16	26
419	263	16	27
419	264	16	26
419	263	16	27
418	264	16	26
419	264	16	26
419	262	16	27
418	263	16	27
419	264	16	26
418	263	16	27
418	264	16	26
418	264	16	26
418	263	16	27
418	263	17	27
418	263	17	27
418	264	16	27
418	263	17	26
418	263	17	27
419	263	17	26
418	263	17	27
419	264	16	26
418	262	17	27
419	263	16	26
418	263	16	26
418	263	16	26
418	262	16	27
419	263	16	26
418	263	16	26
419	263	16	26
419	263	17	27
418	262	17	27
419	261	16	28
418	262	17	27
417	262	17	28
418	261	17	28
418	261	17	28
417	260	17	29
417	260	18	29
418	261	18	29
417	260	17	29
417	260	17	30
418	260	16	30
417	259	16	29
417	260	15	29
417	261	15	28
418	262	15	28
417	262	15	28
417	261	15	29
417	262	15	28
417	261	15	29
417	263	15	28
416	262	16	28
417	261	17	28
416	261	18	28
403	261	18	28
404	260	19	29
404	260	20	30
418	261	21	29
407	261	19	28
406	262	20	27
406	262	20	27
407	263	20	27
418	263	21	27
418	263	20	27
418	262	21	27
406	262	20	27
407	262	20	28
403	262	20	27
420	261	20	29
418	261	20	29
417	260	21	30
417	260	21	30
418	259	21	30
417	260	20	30
418	260	19	29
418	262	18	28
418	261	17	28
418	262	16	28
417	262	16	27
418	263	16	27
419	263	15	27
419	262	16	27
418	263	16	27
418	262	16	28
418	262	15	28
418	262	15	28
418	262	15	27
418	262	15	28
418	263	16	27
418	263	16	27
418	264	15	26
419	262	15	27
418	262	16	27
418	263	16	27
418	262	16	27
418	262	15	28
418	262	16	28
417	262	16	27
418	263	15	26
418	262	15	28
417	262	16	27
418	262	15	27
418	262	16	27
419	262	15	27
418	263	15	28
418	261	16	28
418	263	15	27
418	262	15	27
417	263	16	28
418	263	15	27
418	262	15	27
418	262	16	28
418	263	16	27
417	262	16	27
418	263	15	27
417	262	16	28
418	263	15	27
418	262	16	28
418	262	15	28
418	263	15	27
418	263	15	27
418	262	16	28
418	262	15	28
417	262	15	27
418	263	15	27
418	262	16	28
418	262	15	27
417	262	15	27
417	263	16	28
418	263	15	27
418	263	15	28
418	262	15	27
418	262	15	27
417	262	16	28
418	263	15	26
418	262	15	28
417	262	16	27
417	262	15	28
418	262	15	27
418	262	15	28
417	262	16	28
418	263	15	28
418	262	15	28
418	262	16	28
417	262	16	27
418	261	15	28
418	262	15	28
418	264	15	27
418	262	16	28
418	262	16	27
417	263	16	28
418	261	16	28
418	262	17	28
417	260	18	29
403	260	19	30
406	257	19	31
408	258	17	32
409	259	16	31
409	259	17	30
410	261	16	28
410	260	16	28
411	261	16	29
423	261	18	29
425	260	17	29
425	261	16	29
425	261	16	28
424	261	17	28
425	260	17	29
426	261	16	29
426	263	16	27
425	261	16	28
426	262	16	28
425	260	16	29
427	259	16	30
426	260	17	30
422	259	19	31
420	260	20	29
421	260	20	29
421	259	19	30
402	260	18	28
403	259	16	29
419	261	17	29
418	262	17	27
418	262	17	27
418	262	17	27
417	264	18	27
419	264	16	27
419	261	16	28
418	263	17	27
418	262	17	27
418	263	17	27
418	262	18	28
402	261	16	27
402	261	17	29
403	259	17	29
403	259	19	30
403	260	21	29
406	261	20	28
408	261	19	28
404	262	19	27
405	262	20	28
406	261	20	28
405	261	20	28
404	261	20	28
405	262	20	27
406	262	20	27
404	262	22	27
404	260	22	29
402	260	20	29
403	260	20	28
402	258	19	30
422	259	19	31
422	261	18	29
420	261	19	28
420	262	19	28
420	262	17	28
420	262	17	27
419	262	17	28
421	263	16	27
420	263	16	27
420	261	17	28
420	262	17	27
421	262	16	28
420	263	17	27
420	262	16	27
420	263	16	27
420	262	16	27
419	263	17	27
421	263	16	27
420	263	16	27
419	262	17	28
421	262	16	27
420	262	16	27
421	263	16	27
420	263	17	27
420	261	16	28
420	262	16	28
419	263	17	27
419	262	17	27
421	262	16	28
420	262	16	27
419	264	17	27
420	262	17	28
421	263	16	27
420	263	16	28
420	262	16	27
421	262	17	28
420	263	16	27
421	261	16	29
420	263	16	27
421	262	16	28
420	262	16	28
420	262	17	28
420	262	16	27
420	262	16	27
420	262	16	28
421	261	17	28
420	262	16	27
420	262	16	27
420	262	17	27
419	263	17	28
420	263	16	27
421	262	16	28
421	262	16	28
420	262	16	28
420	262	16	27
421	262	16	28
421	262	16	28
421	262	16	28
420	263	16	27
420	262	16	27
420	262	16	28
420	262	16	28
420	261	16	28
420	262	16	27
420	262	16	28
420	261	17	29
420	262	17	27
419	262	17	27
420	261	17	28
420	262	16	28
420	261	17	28
420	262	16	27
420	261	17	29
420	262	16	28
420	261	16	28
420	263	16	27
420	263	16	27
420	261	16	28
420	262	17	27
420	261	17	28
419	262	17	28
420	262	18	28
420	261	17	28
422	262	16	28
423	262	15	28
424	260	14	28
425	262	14	28
425	261	15	29
425	262	15	27
426	262	16	27
426	261	16	27
427	261	16	28
426	261	16	28
426	261	16	28
427	261	15	28
427	260	14	29
426	260	15	29
427	261	14	29
427	260	14	29
427	259	15	30
427	259	14	30
427	259	14	30
428	259	14	31
427	260	15	30
427	259	15	31
427	260	14	30
427	261	14	29
426	259	15	30
426	260	15	30
425	260	15	29
425	260	15	29
423	260	16	29
421	260	17	28
421	260	17	29
421	261	17	29
421	261	17	28
420	261	17	27
421	263	17	27
421	262	17	27
420	262	17	27
421	263	16	27
420	261	17	27
420	263	17	26
420	263	17	26
419	263	17	26
420	263	17	27
419	260	17	28
420	262	17	27
419	261	16	27
420	262	15	26
420	262	15	28
421	260	15	28
421	262	14	28
421	260	15	29
421	261	14	28
421	260	15	29
421	261	14	28
422	261	15	29
421	261	15	28
420	261	15	29
422	260	14	29
421	261	14	29
421	261	14	28
421	261	14	29
422	261	14	28
421	261	15	28
422	261	15	28
421	261	14	29
421	261	14	28
421	261	14	28
421	260	15	28
422	262	14	28
421	261	14	29
422	261	14	29
421	260	14	29
421	262	14	28
422	260	14	29
421	260	14	29
421	261	14	28
421	261	14	28
422	261	14	29
421	260	15	28
422	262	14	28
421	261	14	29
422	261	14	29
421	261	15	29
421	260	15	29
422	261	14	29
421	261	14	29
421	261	14	29
422	261	14	29
421	261	14	28
422	261	14	29
421	260	15	28
421	262	14	28
422	261	14	29
421	261	14	29
421	261	14	29
422	261	14	29
421	261	14	29
421	260	14	29
421	261	15	29
422	261	14	29
421	261	14	29
421	260	14	29
422	261	14	29
421	261	14	29
422	260	14	29
422	260	14	29
421	261	15	29
421	261	14	29
421	261	14	29
421	261	14	29
422	261	15	29
421	261	15	29
421	260	15	29
422	261	14	29
421	261	14	29
422	261	14	29
421	261	14	29
421	260	14	29
422	261	14	29
421	260	15	28
421	262	14	28
421	260	14	28
420	261	15	28
420	261	15	29
420	261	15	29
419	262	15	28
419	261	15	28
419	262	15	28
419	261	15	28
419	260	15	28
418	261	15	28
419	261	15	28
419	260	15	28
418	260	15	29
419	261	14	28
419	260	15	29
419	261	14	29
419	260	15	29
419	261	14	29
419	260	14	29
419	260	14	29
419	261	14	28
419	261	14	28
419	260	15	28
419	261	15	29
418	261	14	28
419	261	15	28
419	260	15	28
420	262	15	28
419	261	14	28
420	260	14	29
420	261	14	29
419	261	14	29
420	260	15	29
419	261	15	28
420	260	15	29
420	260	15	29
420	260	15	29
419	261	15	29
420	260	14	29
419	260	15	29
419	261	15	28
418	260	15	28
418	261	15	28
417	262	16	27
417	262	16	27
417	261	15	28
417	262	15	27
417	262	15	27
417	261	15	27
417	262	15	27
416	262	15	28
416	262	15	27
416	262	15	27
416	261	15	27
416	262	15	27
417	261	15	27
417	262	15	27
417	261	15	27
417	261	15	28
417	261	15	29
416	262	15	28
417	261	15	28
417	260	15	29
417	261	15	29
417	261	15	28
417	261	15	28
418	261	15	29
417	260	15	28
418	261	15	28
418	262	15	28
418	261	15	28
418	261	15	28
418	262	15	28
418	261	15	28
418	260	15	28
418	260	15	28
418	262	15	28
418	261	15	28
418	262	15	28
417	260	15	28
418	261	15	28
418	261	15	28
418	261	15	29
417	260	15	29
417	261	15	28
418	261	15	28
417	261	15	29
417	261	15	29
418	260	15	29
418	261	15	28
417	261	15	29
418	260	15	28
418	261	14	28
418	260	15	29
418	261	15	29
418	261	15	29
418	261	15	28
417	262	15	28
417	260	15	28
417	261	15	28
418	261	14	29
418	261	15	28
417	261	15	28
417	262	15	29
418	260	15	29
418	262	14	28
417	261	15	29
417	261	14	28
418	261	14	29
418	262	15	28
418	261	15	28
417	261	15	29
418	261	15	29
417	262	15	28
417	261	15	29
418	261	15	29
417	261	14	28
417	261	15	28
418	261	14	29
418	261	15	29
418	261	14	28
418	260	15	29
418	261	15	29
417	261	15	29
418	261	15	28
418	262	15	28
417	261	15	28
418	261	14	28
418	262	14	28
418	262	15	28
418	262	15	28
417	261	15	28
418	262	15	28
417	261	16	28
417	262	15	28
417	261	16	28
417	262	15	27
417	262	15	28
416	262	15	28
416	262	15	28
417	262	15	27
416	262	15	28
416	262	15	27
415	262	16	27
416	262	15	27
415	263	16	27
416	263	15	27
415	262	16	27
416	263	15	27
416	262	15	27
415	262	15	27
415	262	15	27
415	263	15	27
416	262	15	27
415	262	15	27
416	261	15	28
416	261	15	28
416	262	15	28
416	261	15	28
417	260	15	29
418	262	14	28
417	261	15	28
417	261	15	28
417	261	14	28
417	261	15	28
418	261	15	28
417	260	15	28
418	261	14	28
418	261	14	28
417	261	15	28
418	262	15	28
417	261	15	28
417	261	15	28
417	261	15	28
416	262	15	28
416	262	15	28
416	261	15	28
414	261	16	28
415	262	15	27
415	261	16	28
414	261	16	27
414	261	16	28
415	262	16	28
415	261	16	28
415	261	16	28
415	261	16	28
414	262	16	27
415	261	16	28
415	261	16	28
415	261	15	28
415	261	15	28
415	260	15	28
415	261	15	28
415	261	15	28
415	260	15	29
415	260	15	29
416	261	14	28
416	261	15	29
416	260	15	29
416	261	15	28
416	261	15	28
416	261	15	28
416	260	15	29
417	261	15	28
416	261	15	28
417	261	15	28
417	261	15	28
416	260	15	28
416	261	14	28
416	261	15	28
416	260	15	29
416	260	15	29
416	260	14	29
416	261	15	28
416	261	15	29
417	261	15	29
416	261	14	28
416	261	15	28
417	260	15	28
417	260	14	29
417	260	14	29
417	261	15	28
416	260	15	28
417	261	15	29
417	261	14	29
417	261	15	28
417	261	15	28
417	260	14	29
417	260	15	28
417	261	14	28
417	261	15	28
416	260	15	29
416	260	14	29
417	260	15	28
417	261	14	28
417	260	15	28
417	261	14	28
417	261	15	28
417	261	14	28
417	260	15	28
416	260	14	28
417	261	14	28
417	261	15	28
417	261	14	28
417	261	15	28
417	261	15	29
416	261	15	29
417	260	15	29
417	261	14	28
417	261	14	28
417	260	15	29
417	260	15	29
417	260	14	29
416	261	15	28
416	260	15	28
417	261	15	29
417	260	15	28
417	262	14	28
417	261	15	28
416	261	15	29
417	261	14	29
417	261	15	29
417	261	15	28
417	260	14	29
417	260	15	29
417	260	15	29
417	261	14	29
418	260	14	29
416	261	15	29
417	261	15	28
417	261	15	29
417	261	15	29
403	261	14	29
403	259	13	30
403	259	13	29
403	260	13	29
404	260	13	29
403	260	14	29
403	259	13	29
403	260	15	29
416	259	16	30
418	260	15	30
418	260	15	29
417	260	15	29
418	261	15	29
418	260	15	29
418	261	15	28
417	262	15	28
418	260	14	28
417	261	15	28
417	261	15	28
417	262	15	28
417	262	14	27
417	261	15	28
416	261	15	28
417	261	15	28
417	261	15	27
417	262	15	28
417	261	15	28
416	261	15	28
417	261	14	28
418	261	15	28
417	261	15	28
417	261	15	28
417	261	14	28
417	261	15	28
417	260	15	29
417	261	15	29
417	261	15	28
418	261	15	28
418	261	15	28
418	261	15	29
416	261	15	28
418	261	15	29
417	261	15	28
418	261	15	29
417	261	15	28
417	261	15	28
418	261	15	28
418	261	15	28
418	261	15	28
418	261	15	28
417	261	15	28
418	261	15	29
418	260	14	28
418	262	15	28
418	261	14	28
418	260	15	29
418	260	14	29
418	262	15	28
417	261	15	28
417	261	15	28
418	260	15	29
418	261	15	29
418	261	15	29
417	261	15	29
418	261	15	29
417	261	15	28
418	260	15	29
418	261	15	28
417	261	15	28
418	261	15	29
418	260	15	29
417	260	15	29
418	261	15	29
418	261	15	28
417	261	15	29
418	260	15	29
418	260	15	29
418	261	15	28
418	260	15	28
417	260	15	29
417	261	15	28
418	260	15	29
417	260	15	29
418	260	15	29
418	260	15	29
418	261	15	28
418	260	15	29
418	260	15	29
418	261	15	29
418	261	15	29
418	260	15	29
418	260	15	29
418	261	15	29
417	260	15	28
418	260	15	29
417	260	15	29
418	260	15	29
419	261	15	29
418	261	15	29
417	260	15	29
418	261	15	29
418	261	15	29
418	261	15	29
417	261	15	29
418	260	15	29
417	261	15	29
418	260	15	29
417	260	15	29
418	261	14	29
417	261	15	29
417	260	15	29
417	260	14	30
417	261	15	29
417	261	15	29
417	262	15	28
417	261	15	29
417	262	15	28
417	262	15	27
416	262	15	28
417	261	14	28
416	260	14	29
416	262	14	28
415	260	14	29
415	260	14	29
415	259	13	31
415	259	13	30
413	259	14	31
405	258	15	30
384	256	14	33
373	257	14	32
366	259	14	29
363	259	14	30
363	259	14	30
363	258	14	31
363	258	14	31
363	257	14	32
360	258	14	31
356	258	14	32
348	258	14	31
346	259	14	30
345	259	14	31
345	258	14	31
346	259	14	31
345	258	14	30
345	257	14	32
345	258	14	31
346	258	14	31
345	258	14	32
346	258	14	32
346	259	14	30
347	259	14	30
346	261	14	29
346	260	14	29
347	262	14	29
346	260	15	29
346	262	14	28
346	261	15	29
347	262	15	28
346	261	14	28
347	261	15	29
347	261	15	29
347	262	14	29
347	262	14	28
347	262	14	28
347	261	14	29
347	262	14	28
347	260	14	30
346	262	14	28
346	262	14	28
347	261	14	29
346	262	14	28
347	262	14	28
346	262	14	28
346	262	14	28
346	262	14	28
347	262	14	28
347	263	14	28
346	262	14	28
346	262	14	28
346	263	14	27
346	262	14	28
346	262	14	28
346	262	14	27
346	263	14	27
347	261	14	28
347	262	14	27
347	263	14	27
347	263	14	27
346	263	14	27
347	263	14	28
347	263	14	28
347	262	14	27
347	262	14	27
347	262	14	27
347	262	14	27
347	263	14	27
348	262	13	28
347	262	14	27
347	262	14	27
347	263	14	27
348	262	14	28
347	262	14	27
347	262	14	27
348	263	14	27
347	263	14	27
347	262	14	28
347	262	14	27
348	262	14	27
347	262	14	27
347	262	14	27
347	262	14	27
348	263	13	27
347	262	14	28
347	262	14	28
347	262	14	27
347	263	13	27
347	263	14	27
347	262	14	28
347	263	14	27
347	262	13	28
347	263	14	27
347	262	14	28
347	263	14	28
347	262	13	28
347	263	14	27
347	262	14	28
347	263	13	27
347	262	13	28
348	262	13	28
347	262	14	27
347	262	14	27
347	263	14	27
347	262	14	28
348	263	14	28
347	262	14	28
347	263	13	27
347	262	14	28
347	262	14	28
347	263	14	27
347	263	13	27
347	262	14	29
347	262	14	28
347	263	14	27
347	262	14	28
347	261	14	28
347	262	14	28
347	263	14	28
347	261	14	28
347	261	14	28
347	261	14	29
347	260	14	30
347	260	14	30
346	259	15	31
348	260	14	31
347	260	15	30
348	261	14	29
348	261	14	30
348	259	14	31
348	259	15	32
348	258	14	32
349	258	14	32
348	258	14	32
349	258	14	32
349	258	14	31
349	259	15	31
349	259	15	31
349	258	15	32
349	258	15	32
348	258	15	31
349	259	15	31
348	257	15	32
349	259	15	31
348	259	14	30
349	260	14	30
349	259	14	31
348	260	14	31
347	260	15	30
347	261	15	29
347	261	14	29
347	261	14	29
347	261	14	28
348	261	14	29
348	261	14	29
348	261	14	29
347	261	14	29
347	260	14	30
348	261	13	29
347	261	14	28
347	261	14	28
348	260	14	31
348	260	14	30
348	259	14	31
348	261	14	29
348	260	14	30
348	263	14	28
349	262	14	29
349	260	14	30
349	263	14	28
349	260	14	30
348	261	14	29
349	261	15	29
349	262	14	29
348	262	15	29
348	262	14	29
349	260	15	31
348	262	15	28
349	261	15	30
348	259	15	31
349	262	14	29
348	261	14	29
349	261	14	30
349	262	14	29
348	262	14	29
348	262	14	28
348	262	14	29
347	263	14	28
347	262	14	28
348	261	14	29
348	263	14	28
348	261	14	30
347	263	14	28
348	260	14	30
348	261	14	29
347	262	14	28
348	262	14	29
347	261	15	29
348	261	14	29
347	261	14	29
348	261	14	29
348	261	14	29
347	262	14	29
348	261	14	29
347	262	14	28
348	260	14	30
348	260	14	29
347	261	14	29
348	261	14	29
348	261	14	29
347	262	14	28
347	261	14	29
347	261	14	29
348	261	14	29
348	260	14	29
348	261	14	29
348	261	14	29
347	261	14	29
347	260	14	30
348	261	14	29
348	261	14	29
347	261	15	29
348	260	15	30
347	262	14	29
347	261	14	29
348	260	14	30
348	260	14	30
348	260	14	29
347	261	14	28
348	260	14	30
348	261	14	30
348	260	14	29
347	261	14	29
348	260	14	31
348	261	14	30
347	261	14	30
347	261	14	29
348	260	14	30
348	261	14	29
348	262	14	29
348	261	14	29
347	261	14	29
348	260	14	30
348	261	14	29
347	261	14	29
348	260	14	30
348	260	14	30
348	261	14	30
348	261	14	29
348	261	14	29
348	262	14	29
348	261	14	30
348	262	15	29
349	261	15	30
348	261	15	30
349	261	15	30
349	262	16	29
349	262	15	29
349	261	15	30
349	262	16	29
349	261	16	30
348	262	16	30
349	263	16	29
348	261	16	30
349	262	16	29
349	261	15	30
350	262	15	29
349	261	15	29
349	261	15	29
350	260	15	30
348	262	15	29
348	262	15	30
348	261	15	30
348	262	15	29
349	260	15	30
347	260	15	30
348	260	15	31
348	261	14	30
348	261	14	30
348	261	14	30
347	260	15	30
348	260	14	31
347	260	15	30
348	260	14	30
348	260	14	31
347	259	14	32
348	258	14	32
348	259	14	31
348	259	14	31
348	260	14	31
349	262	15	29
349	261	14	29
349	262	15	30
349	262	15	29
349	261	14	30
350	262	15	30
349	262	14	29
349	260	14	31
349	263	14	29
350	261	15	30
350	263	15	29
350	261	15	30
350	263	14	29
349	261	14	29
350	261	15	30
348	260	15	31
350	262	14	30
350	260	14	31
348	260	15	30
349	261	15	30
349	262	14	29
349	260	15	30
349	262	14	29
349	261	15	30
348	262	15	29
348	261	14	29
348	261	14	29
349	261	15	30
348	262	14	29
349	261	15	30
348	262	14	29
348	261	14	29
349	261	15	30
348	262	15	29
348	261	14	29
349	262	15	29
349	261	15	29
348	262	15	29
348	260	15	30
349	261	15	29
348	260	14	30
349	261	15	30
349	261	15	29
348	261	14	29
349	261	15	30
349	259	15	30
349	261	14	30
348	260	14	30
348	261	14	30
349	260	15	30
349	261	14	30
348	260	14	29
349	260	15	30
349	260	15	30
349	261	14	30
349	261	14	30
349	261	14	30
348	261	14	30
349	261	15	30
348	262	14	29
349	261	15	30
349	261	15	30
348	260	15	30
349	261	15	29
349	261	15	30
348	261	15	30
349	262	15	29
349	261	14	29
348	261	14	30
349	261	15	30
348	261	14	30
348	261	14	30
348	261	15	30
349	261	15	30
348	260	14	30
349	261	15	29
349	261	15	29
349	261	15	30
349	262	14	29
349	261	15	30
348	261	15	29
349	260	15	30
348	261	14	29
348	261	14	29
348	261	15	29
348	260	14	30
349	261	14	30
348	260	14	30
349	261	15	30
348	260	15	30
349	261	14	30
349	261	14	30
349	261	14	30
349	260	14	31
349	259	14	31
349	259	14	30
349	261	14	30
349	259	14	31
349	259	14	31
349	260	14	31
349	259	14	31
349	259	15	31
350	260	15	30
351	260	14	30
352	259	14	31
354	259	15	31
355	259	14	31
356	259	14	32
356	259	15	32
355	260	16	31
355	259	16	31
355	259	16	32
354	260	17	31
354	260	17	31
354	259	17	31
353	260	17	30
354	260	17	30
354	259	17	31
353	260	18	31
352	260	18	31
353	260	18	31
352	260	19	31
352	259	19	32
351	260	20	31
351	258	20	33
350	259	21	32
343	259	22	33
342	259	23	33
343	258	23	32
343	259	23	32
343	259	23	32
343	259	23	33
343	259	23	32
343	259	23	32
342	260	23	31
342	260	22	31
342	260	21	31
342	260	21	32
343	259	21	32
344	259	21	32
346	259	20	32
347	259	19	33
346	259	20	33
348	259	19	33
348	258	18	33
349	259	18	33
349	258	17	33
350	259	18	34
350	259	17	32
351	260	17	32
351	260	17	32
351	260	17	31
351	261	16	31
351	262	17	31
352	260	16	31
352	263	15	29
351	262	16	29
350	261	16	30
351	262	16	30
350	262	16	29
351	263	16	28
351	262	16	29
350	263	17	29
352	262	16	29
351	262	15	30
351	263	17	29
351	262	16	30
351	262	16	29
351	261	16	29
351	263	16	29
350	261	16	30
351	263	17	29
351	261	15	30
350	263	16	29
351	261	16	30
350	261	16	30
351	263	17	29
351	261	16	30
350	263	17	29
351	261	16	30
350	261	16	30
349	262	17	29
350	260	16	30
351	263	17	29
350	261	16	30
350	262	17	29
350	261	16	30
349	263	17	29
350	261	16	30
349	262	17	30
351	261	16	30
349	262	16	30
351	260	16	31
350	263	16	29
350	262	17	30
349	264	17	29
351	261	16	30
349	261	17	30
349	262	18	30
351	262	17	30
350	261	16	30
351	260	16	31
349	262	17	29
351	263	17	29
350	261	16	31
350	262	17	30
350	260	16	31
350	263	17	29
350	261	16	30
349	261	17	30
350	261	17	30
348	262	17	30
350	260	17	31
350	261	17	30
349	261	18	31
350	260	18	31
349	262	18	30
348	260	18	31
347	260	20	31
345	261	20	31
346	259	21	33
344	259	22	32
343	259	23	33
344	259	21	33
343	260	22	32
343	259	22	32
343	260	22	32
343	261	21	31
343	261	22	32
343	260	23	31
344	259	22	33
343	261	21	31
345	260	21	32
346	259	20	32
345	262	20	31
347	261	19	31
347	261	19	31
347	262	18	30
348	262	18	30
348	262	18	30
347	262	18	30
348	262	19	30
348	262	19	30
346	261	18	30
348	262	17	30
347	262	17	30
348	262	17	30
346	262	17	30
346	262	17	30
345	260	19	31
345	261	19	31
345	261	19	31
344	261	20	31
343	260	21	31
346	261	21	31
335	261	21	31
337	260	21	32
337	262	20	30
337	261	20	30
336	261	20	31
336	260	18	31
339	261	17	31
339	262	16	30
340	262	16	31
339	261	16	30
340	263	16	30
339	261	16	30
340	262	16	30
339	261	17	31
340	263	16	30
338	261	17	31
339	262	17	30
337	262	18	30
338	263	18	30
336	261	19	31
336	259	19	32
335	260	20	32
333	259	23	32
332	258	22	34
332	258	22	34
329	258	23	34
326	258	22	34
325	258	24	34
327	258	24	34
325	258	22	34
331	260	22	33
328	259	22	33
327	259	22	33
328	259	21	33
329	258	20	34
328	259	20	33
329	260	18	33
328	261	18	32
329	261	16	31
330	261	15	30
330	261	16	31
330	262	15	30
331	262	15	30
331	262	15	30
331	262	15	30
331	262	15	29
331	262	15	30
331	261	15	30
331	263	15	29
330	262	16	30
331	262	15	29
331	263	16	29
330	262	16	30
331	262	15	29
332	263	15	29
331	263	15	29
331	263	15	29
330	262	16	30
331	262	15	30
331	262	15	30
331	262	15	30
331	263	15	30
331	263	15	30
331	262	15	30
331	262	15	30
331	262	15	30
331	262	15	30
331	263	15	30
330	262	16	29
332	262	15	30
331	262	15	29
332	262	15	30
331	262	15	30
331	262	15	30
330	262	16	29
331	263	16	29
330	262	16	29
331	262	15	30
331	262	16	30
331	262	15	30
331	262	16	31
331	262	16	31
331	262	16	30
331	262	16	31
331	262	16	30
331	262	16	30
331	261	16	31
331	261	16	31
330	261	17	31
330	262	17	31
331	260	16	31
330	260	15	30
329	259	14	32
329	259	14	31
327	261	15	31
327	260	14	32
327	258	14	33
327	258	14	33
327	258	14	34
326	258	14	34
326	259	14	33
326	259	14	32
327	258	14	33
327	259	14	32
327	259	14	33
327	260	14	32
326	258	14	33
326	260	14	32
326	259	14	32
327	259	14	32
326	258	14	33
326	260	15	32
326	259	14	33
326	258	14	33
326	259	15	32
326	258	14	33
326	259	15	32
326	258	14	33
326	259	15	32
325	260	14	32
326	259	14	33
326	259	14	33
325	259	14	33
326	258	14	33
326	259	15	33
326	258	14	33
326	258	14	33
326	258	14	33
326	258	15	34
326	257	15	35
326	256	15	35
326	256	15	36
326	256	15	35
326	256	14	35
327	256	14	35
326	256	14	35
326	257	14	35
326	256	14	35
326	257	14	35
327	257	14	35
326	258	14	34
327	258	14	34
327	258	14	35
327	258	14	34
327	257	15	34
326	257	15	34
326	257	15	34
326	258	15	33
326	257	15	33
326	257	15	33
326	258	15	33
325	259	15	32
325	258	14	33
325	258	15	34
324	258	15	34
325	258	15	34
325	259	14	33
325	259	14	32
325	258	14	33
324	258	14	33
324	258	13	34
324	258	14	34
325	259	14	34
324	259	14	33
324	259	14	33
324	260	14	32
324	260	14	32
323	259	14	32
324	258	14	34
323	260	14	32
323	260	14	33
322	260	14	32
322	260	14	34
322	260	14	33
322	259	14	33
321	259	14	33
321	259	14	33
321	258	14	34
321	258	14	34
320	259	14	33
321	259	13	33
321	259	14	32
320	259	14	33
321	260	13	32
320	260	14	32
321	260	13	32
321	261	13	32
320	260	13	32
320	260	14	33
320	260	13	33
320	260	13	32
320	260	13	32
321	260	13	32
320	260	13	32
321	260	13	33
320	260	13	32
320	260	13	32
320	260	13	33
320	260	13	32
321	260	13	32
320	260	13	32
320	260	13	32
320	260	13	32
320	260	13	32
320	260	13	32
319	260	13	32
320	261	13	32
320	260	13	32
320	261	13	32
320	260	13	32
320	261	13	31
320	261	13	32
320	260	13	32
320	260	13	32
320	261	13	32
321	261	13	32
320	260	13	32
320	261	13	32
320	259	13	33
320	260	13	33
320	260	13	32
321	260	13	32
320	260	13	32
320	260	13	32
320	260	13	33
320	260	13	33
320	260	13	33
320	260	13	33
320	260	13	33
320	260	13	32
320	259	13	32
320	260	13	33
320	260	14	33
320	260	13	33
320	260	13	32
320	260	13	33
320	259	13	32
320	260	13	33
320	259	13	33
320	260	13	33
320	260	13	33
319	260	13	33
320	260	13	32
320	259	13	33
320	260	13	33
320	260	13	33
320	260	13	32
320	260	13	32
320	259	13	32
320	260	13	33
320	260	13	32
320	260	13	32
320	260	13	32
320	260	13	32
320	260	14	33
319	259	13	32
320	260	13	33
320	260	13	33
319	260	14	32
320	260	13	32
319	260	13	32
319	260	13	32
320	260	13	33
320	260	13	32
319	260	13	32
320	260	13	32
319	259	13	32
320	260	13	32
320	260	13	32
320	260	13	32
320	259	13	33
319	260	13	32
320	260	13	32
320	260	13	32
320	260	13	32
320	260	13	33
320	259	13	32
320	259	13	32
320	259	13	33
320	260	13	33
320	260	13	33
320	260	13	33
320	259	13	32
320	260	13	33
320	260	13	33
320	259	13	32
320	259	13	33
320	259	13	32
320	260	13	33
319	259	13	32
320	259	13	33
320	260	13	33
320	260	13	32
320	259	13	32
320	259	13	32
320	259	13	32
320	259	13	32
320	260	13	33
320	260	13	32
320	260	13	32
320	260	13	32
320	260	13	32
320	260	13	32
320	259	13	32
320	260	13	33
320	260	13	32
320	259	13	32
320	260	13	32
320	260	13	33
320	260	13	32
320	259	13	32
320	260	13	33
320	260	13	32
320	260	13	33
319	260	13	32
320	260	13	32
320	259	13	32
320	260	13	33
319	259	13	32
319	260	13	33
320	260	13	32
320	260	13	32
320	260	13	32
320	260	13	32
320	260	13	32
320	260	13	32
319	260	13	32
320	260	13	32
320	260	13	32
319	260	13	32
320	260	13	32
319	260	13	32
320	260	13	31
320	260	13	32
320	260	13	32
320	260	13	32
320	259	13	33
320	259	12	32
320	259	13	32
320	259	13	33
320	259	13	32
320	259	13	33
319	259	13	32
320	260	13	32
320	260	13	32
320	260	13	32
319	260	13	32
319	260	13	33
320	261	13	31
320	260	13	32
320	260	13	32
320	260	13	32
320	260	13	32
320	260	13	32
320	260	13	32
320	259	13	32
320	259	13	33
319	259	13	32
320	260	13	33
319	260	13	32
319	260	13	32
320	260	13	33
320	260	13	32
319	259	13	32
320	261	13	32
320	260	13	32
320	260	13	33
320	260	13	32
320	260	13	32
320	260	13	32
319	260	13	32
319	260	13	32
320	260	13	31
319	260	13	32
319	260	13	32
320	260	13	33
320	260	13	33
320	260	13	32
319	260	13	32
320	260	13	32
320	260	13	32
319	260	13	32
320	259	13	33
320	260	13	33
320	261	13	32
320	262	13	31
320	261	13	31
319	263	13	30
319	262	13	31
319	263	13	30
319	263	13	30
320	263	13	30
320	263	12	29
320	262	12	31
320	264	13	29
320	264	12	29
320	263	13	29
320	262	13	31
320	264	13	29
320	263	13	30
320	264	12	29
320	263	12	30
320	264	12	29
319	263	12	29
320	263	12	30
319	262	13	30
319	263	13	30
319	263	13	30
319	263	13	30
319	262	13	30
318	262	14	30
318	264	15	29
317	262	15	30
317	263	15	30
316	263	15	30
316	262	15	30
316	262	14	30
316	262	14	30
317	262	14	30
316	262	14	29
315	262	14	30
315	262	15	29
314	263	15	29
314	262	15	30
315	264	14	28
315	264	15	28
314	265	15	28
315	265	15	28
314	265	15	27
315	265	15	27
315	265	15	27
314	266	15	26
315	264	15	27
315	266	15	27
314	266	15	27
314	265	15	27
315	265	15	27
314	266	14	26
314	266	15	27
314	265	15	27
315	266	14	27
315	265	14	27
314	265	14	26
314	266	15	27
315	266	14	26
314	265	14	26
314	266	15	27
315	266	14	27
315	266	14	27
315	265	14	27
314	265	15	27
315	266	15	27
314	265	14	27
315	265	15	27
313	266	15	27
315	265	15	27
314	266	14	26
314	265	14	28
314	265	14	27
315	265	14	27
314	266	15	27
314	265	15	27
314	266	14	26
314	266	14	27
314	266	14	27
314	266	14	27
314	266	14	27
314	265	14	27
314	265	14	27
314	265	15	28
314	265	15	27
315	265	14	27
315	265	14	27
313	266	15	27
315	265	15	27
313	265	15	27
314	265	15	27
315	265	15	28
314	265	14	27
315	265	14	27
314	266	14	27
314	264	15	28
314	265	15	28
315	265	14	27
314	264	14	28
314	265	15	27
314	265	15	28
314	265	14	27
314	264	14	28
314	264	15	28
314	264	15	28
313	264	15	28
314	264	15	29
313	262	16	30
314	263	16	30
313	263	15	30
313	262	16	30
313	261	16	31
312	261	17	31
311	261	17	31
311	260	17	32
310	259	19	34
308	260	19	33
306	259	22	33
307	258	21	34
306	258	21	34
305	258	22	34
304	258	22	34
306	258	22	34
305	259	22	34
305	258	22	33
305	259	22	33
305	259	22	33
304	258	23	33
306	258	22	34
306	258	21	34
308	258	20	34
309	258	19	34
311	257	18	34
310	258	18	33
311	259	18	33
311	260	17	32
312	259	17	33
312	259	17	32
313	259	17	33
312	260	16	32
313	260	16	32
314	261	16	31
314	261	16	31
314	262	15	30
314	261	15	31
314	263	16	30
314	262	15	30
314	262	15	30
313	262	15	30
313	261	16	31
313	263	16	30
313	262	15	30
313	262	15	30
313	262	16	29
313	262	15	29
314	262	15	29
314	262	15	29
314	262	15	29
314	262	15	29
314	262	15	30
314	261	15	30
313	261	15	30
314	261	16	31
312	261	16	31
312	260	17	32
312	260	17	32
313	259	17	32
311	258	19	34
310	258	19	33
307	258	21	34
305	259	21	33
304	259	23	33
303	259	23	32
304	261	23	31
302	259	25	33
304	258	23	34
303	260	24	33
302	259	24	32
303	260	24	32
302	260	24	32
302	260	23	32
302	260	24	33
304	259	23	33
303	259	23	34
303	258	23	34
304	259	22	34
306	259	21	33
309	258	19	33
309	259	18	33
310	258	18	34
309	258	18	34
311	259	18	33
310	259	17	33
312	258	17	34
312	259	17	33
312	260	16	32
311	259	16	33
312	259	16	32
313	259	15	32
312	259	16	33
312	260	16	32
312	260	16	32
312	260	16	32
313	259	16	33
312	259	16	33
312	259	16	32
312	260	16	32
312	259	16	33
311	260	17	32
312	260	16	31
312	260	16	32
311	260	16	32
311	259	17	33
311	259	16	32
311	259	17	32
311	258	17	33
311	260	16	31
311	260	16	32
311	261	17	32
311	261	16	31
311	261	17	31
311	260	16	31
311	259	18	33
309	259	18	33
309	259	20	33
308	259	19	33
306	260	20	33
303	259	23	33
304	259	22	33
304	259	22	34
304	259	23	33
303	259	22	33
303	258	23	33
303	259	22	32
304	260	22	32
303	258	22	33
304	259	22	33
302	259	23	33
303	259	22	32
305	258	21	34
304	257	22	34
305	259	22	33
306	258	21	35
308	256	19	36
308	258	20	35
308	258	19	35
309	258	18	34
309	258	19	34
310	259	17	33
311	259	17	33
310	258	17	33
310	259	17	33
311	259	17	32
312	260	16	32
311	260	17	32
311	258	18	33
310	257	18	34
309	257	19	34
307	257	20	34
307	258	20	34
305	258	20	34
305	258	19	33
304	258	20	33
302	258	19	33
302	258	18	32
304	259	17	32
305	259	16	32
303	259	17	32
303	260	17	31
304	261	16	30
305	261	16	30
304	259	17	32
303	258	18	33
302	257	18	34
302	260	17	32
302	259	18	32
301	257	19	34
300	257	19	33
299	258	20	33
299	257	20	34
299	258	20	34
300	258	20	33
298	258	20	34
299	260	20	33
299	258	20	33
298	258	21	34
298	260	20	33
298	259	20	32
297	258	21	33
298	257	21	34
299	259	20	34
298	257	21	33
300	257	20	34
299	258	20	35
299	257	20	35
299	255	21	37
298	257	21	35
299	256	21	36
300	257	21	35
301	258	19	34
302	258	19	35
302	259	19	34
302	259	18	33
302	260	18	32
301	261	18	31
303	262	17	31
303	262	17	29
302	261	17	30
302	259	18	32
302	258	18	34
302	257	18	33
302	257	18	34
302	256	18	34
303	257	19	34
303	255	18	34
303	257	17	33
302	254	18	36
302	255	20	36
299	253	20	37
300	253	21	37
301	252	20	39
299	254	20	37
302	260	18	32
302	259	18	32
301	260	18	31
300	258	16	34
299	256	15	35
299	258	14	33
300	259	14	32
299	259	14	33
299	259	14	33
300	258	14	33
299	257	15	34
285	258	16	32
286	257	16	32
299	255	15	35
299	261	15	31
299	258	14	34
299	258	14	33
299	258	14	33
299	258	13	33
298	258	14	33
298	259	14	32
298	259	14	32
298	260	14	31
298	260	14	31
298	262	15	30
298	262	14	29
299	262	15	30
298	261	16	30
299	261	16	30
298	259	17	31
298	258	17	32
300	257	18	33
300	256	19	36
301	257	20	35
301	258	21	35
300	257	21	35
304	258	20	33
301	259	20	33
306	261	18	32
307	259	17	33
307	259	17	33
307	261	18	32
309	260	16	32
311	261	15	31
308	261	16	32
309	258	16	34
309	259	16	34
307	259	16	34
305	257	18	36
302	256	20	36
303	256	20	35
303	257	19	34
304	258	18	34
302	258	18	34
302	258	17	34
303	259	16	33
303	259	17	33
302	260	16	32
303	261	16	31
302	261	17	32
302	262	17	30
302	262	17	30
303	262	15	30
302	261	16	30
303	262	16	30
302	261	17	31
302	259	17	33
302	259	17	33
302	258	17	35
301	259	18	34
301	258	18	34
301	258	17	33
302	258	17	34
301	259	17	32
302	258	18	34
302	256	18	36
303	257	17	35
304	256	17	36
304	255	16	35
307	260	15	32
308	259	15	33
309	259	14	32
310	260	15	31
310	261	16	31
310	261	17	31
310	259	19	32
310	258	20	33
311	257	20	33
311	258	21	32
311	258	21	32
312	260	19	31
312	261	19	31
312	261	18	31
313	261	17	31
314	260	16	32
315	259	16	33
316	260	15	33
316	261	14	31
316	262	14	30
317	260	14	32
318	261	14	31
320	260	14	33
321	261	14	31
322	262	14	31
321	261	15	30
321	260	16	32
321	259	18	32
322	260	19	32
321	259	21	33
323	258	21	34
324	259	20	33
326	260	19	32
325	260	19	32
325	259	20	33
326	259	19	33
325	260	19	32
324	259	20	33
326	258	20	34
324	260	20	33
325	260	19	32
326	261	19	32
325	261	19	32
323	261	20	32
323	259	20	34
323	259	20	34
322	259	20	33
323	260	20	33
322	259	18	33
322	260	18	33
323	260	17	32
323	261	16	32
323	260	16	32
323	260	16	32
322	261	16	31
323	261	16	31
323	262	16	31
322	261	16	32
323	261	16	32
323	262	16	31
323	260	16	33
322	260	16	33
322	262	16	31
323	260	15	33
322	262	15	32
322	261	15	31
322	261	16	32
322	261	16	32
322	261	16	32
322	261	16	31
322	261	16	32
322	261	16	32
323	260	16	32
322	261	16	32
324	260	16	32
322	262	17	31
323	261	18	31
324	259	18	33
323	260	20	32
323	259	22	33
325	258	21	34
325	259	21	34
329	260	20	32
328	262	20	31
328	263	20	30
330	263	19	30
329	263	20	29
330	263	20	30
329	263	21	30
330	263	19	29
329	263	21	30
327	263	22	30
326	263	23	30
327	263	22	30
326	263	22	31
326	261	21	31
326	260	21	32
325	261	21	32
325	262	20	31
325	262	18	31
325	263	17	30
326	261	16	31
325	262	16	30
325	262	16	31
326	262	16	31
325	262	16	31
325	263	17	30
326	264	17	29
326	264	16	30
326	263	17	29
326	263	16	30
325	262	17	31
324	260	18	32
323	258	18	34
322	258	19	34
323	258	19	33
325	259	22	34
325	260	24	33
328	261	22	31
331	261	20	31
333	262	18	30
333	264	19	28
333	264	18	28
333	263	17	29
332	264	19	29
333	264	18	28
333	264	19	29
333	263	19	29
332	263	19	30
333	262	20	31
332	261	20	31
333	261	20	31
332	263	20	30
331	262	20	31
328	261	22	31
328	259	22	33
327	261	22	32
327	261	21	31
326	260	20	32
326	259	19	32
326	260	18	33
325	260	19	32
325	261	18	32
324	261	19	32
324	261	18	32
324	261	18	31
324	261	18	31
324	262	18	31
323	262	19	31
325	261	18	31
323	262	19	31
324	262	18	31
326	261	19	31
325	259	20	32
326	259	21	34
327	259	21	35
330	261	20	32
332	262	19	31
331	262	19	30
331	262	19	31
332	262	18	31
333	263	18	30
333	263	18	30
331	263	19	29
333	264	18	30
333	263	19	30
328	264	21	29
330	263	19	30
329	262	20	31
328	264	21	30
328	262	21	31
328	263	21	30
327	263	20	30
327	262	18	30
327	262	18	31
327	262	17	31
328	261	16	31
327	261	17	31
327	261	17	31
327	262	16	31
327	262	17	30
328	263	17	30
327	262	17	30
327	263	17	30
328	263	17	30
327	264	17	30
327	263	17	30
328	262	16	30
327	263	17	30
327	263	17	30
327	263	17	30
328	262	16	30
326	263	17	30
327	263	17	30
327	263	16	30
327	263	16	30
327	263	17	30
328	262	16	30
327	263	17	30
327	263	17	30
327	263	17	30
327	263	17	30
328	262	16	31
327	262	17	30
327	263	17	30
327	263	17	30
328	262	16	30
328	263	17	30
327	263	17	29
327	263	16	30
327	263	17	30
328	262	16	30
327	263	17	30
328	262	16	30
327	263	17	30
328	262	16	30
328	263	17	31
327	263	17	30
327	263	16	30
327	263	16	30
328	262	16	30
327	263	17	29
327	263	16	29
328	262	16	30
326	263	17	30
327	263	16	30
327	263	16	30
328	263	16	29
327	263	17	30
327	264	17	29
328	262	16	31
327	263	17	30
327	262	17	30
328	263	17	30
327	263	17	30
327	262	17	30
328	263	18	30
327	263	18	31
327	262	17	31
327	261	19	32
327	261	18	32
326	260	18	32
327	259	18	33
328	260	16	32
330	260	16	32
331	260	14	32
332	260	14	32
332	259	14	33
332	259	14	33
332	260	14	32
332	260	14	32
333	260	14	32
333	260	14	32
333	261	14	31
333	260	14	32
332	260	14	32
333	261	14	32
333	260	14	32
333	261	14	31
333	260	13	32
333	261	14	32
333	261	13	31
333	261	14	32
333	261	14	32
333	261	13	32
333	260	13	32
333	261	14	32
333	261	13	32
333	260	13	33
333	260	13	32
333	260	14	32
334	260	13	32
333	261	14	31
333	260	13	33
333	261	14	32
334	259	13	33
333	261	14	32
333	260	13	33
333	261	13	32
333	259	13	33
333	260	13	32
333	261	13	32
333	260	13	32
333	260	13	32
333	261	13	33
333	260	13	33
333	260	13	33
333	260	13	32
333	260	13	33
332	259	13	33
332	260	13	33
333	259	13	33
332	260	13	32
332	260	13	33
332	260	13	33
331	260	13	33
331	260	13	33
331	259	13	33
331	260	13	33
331	258	13	34
331	258	14	34
330	259	14	34
331	258	14	34
330	259	14	34
330	259	14	32
330	258	14	33
330	259	14	33
330	258	14	33
330	259	14	33
329	258	14	33
330	259	14	33
329	258	14	33
329	257	14	35
329	258	14	33
329	259	14	33
329	258	14	34
329	259	14	34
329	259	14	34
329	259	14	33
329	259	14	33
328	258	14	33
329	259	14	33
329	258	14	34
329	259	14	33
329	260	14	33
330	259	14	33
329	259	14	33
329	260	14	33
329	259	14	33
330	260	14	33
329	260	14	32
330	260	14	33
330	259	14	32
330	260	14	33
330	259	14	32
331	259	14	33
331	260	14	33
330	259	14	33
331	259	14	33
330	258	14	33
331	259	14	34
332	259	14	34
331	258	14	33
332	259	14	34
331	259	13	33
332	258	14	35
331	258	13	33
331	258	14	34
332	259	14	33
332	259	13	33
331	258	13	33
332	259	13	34
331	258	13	34
332	259	13	34
331	258	13	34
332	259	13	34
332	259	13	33
332	258	13	34
332	258	13	35
332	257	13	34
332	258	13	34
332	258	13	34
332	258	13	35
333	257	13	35
332	258	13	34
333	258	13	35
332	258	13	35
333	258	13	35
333	259	13	34
332	258	13	34
332	258	13	35
332	259	13	34
333	259	13	34
332	258	13	34
333	258	13	35
332	258	13	34
333	257	13	35
332	258	13	34
333	257	13	35
333	258	13	35
333	258	13	35
333	257	13	34
333	258	13	35
333	258	13	34
332	258	13	34
333	257	13	35
332	258	13	34
332	257	13	35
333	257	13	35
333	257	13	35
333	258	13	35
333	258	13	34
334	258	13	35
334	258	13	35
333	259	13	34
333	258	13	35
333	257	13	35
333	258	13	35
334	257	13	35
332	258	13	34
333	258	13	35
334	257	13	35
333	258	13	34
334	257	13	35
333	258	13	34
334	258	13	35
333	258	13	34
334	257	13	35
333	258	13	34
333	257	13	35
333	258	13	35
334	258	13	35
333	258	13	34
334	258	13	34
333	258	13	34
334	258	13	35
333	258	13	34
334	258	13	34
334	257	13	34
333	258	13	34
334	258	13	34
333	257	13	34
334	257	13	35
334	258	13	34
333	259	13	34
334	258	13	35
333	258	13	33
333	257	13	35
333	258	13	34
334	258	13	35
333	258	13	34
334	258	13	35
333	259	13	34
333	258	13	34
333	259	13	34
333	258	13	34
333	257	13	35
333	258	13	34
334	258	13	35
333	260	13	33
333	258	13	34
334	257	13	35
333	259	14	33
333	258	13	34
334	258	13	35
333	259	14	34
333	258	13	34
334	259	13	34
333	258	13	33
333	258	13	35
333	258	13	33
333	258	13	35
333	259	14	34
334	258	14	35
333	258	14	34
333	258	14	34
334	258	13	34
333	259	13	34
332	259	13	34
333	258	13	34
333	258	13	34
334	258	13	35
333	259	14	34
333	258	13	34
333	258	13	35
333	258	13	34
333	258	14	34
333	258	13	34
333	257	13	35
334	259	13	34
333	259	13	34
333	257	13	34
334	258	13	35
334	258	13	34
333	258	13	34
333	258	13	34
334	257	13	35
334	258	13	35
333	259	13	34
334	258	13	35
333	258	13	34
334	257	13	35
332	258	14	34
333	258	13	35
333	258	13	34
334	257	13	35
334	258	13	34
332	258	14	34
333	258	14	35
333	258	14	34
333	258	14	35
334	257	14	35
333	259	14	34
333	258	14	34
333	258	14	35
333	259	14	33
333	259	14	33
333	260	14	33
333	260	14	32
333	261	14	32
332	261	14	31
333	259	14	32
333	259	15	32
332	260	15	32
332	260	15	32
333	259	15	33
332	260	15	32
331	259	15	33
332	259	14	33
331	259	14	32
331	259	14	32
331	259	14	33
331	259	14	33
331	260	14	32
331	259	14	33
331	259	14	32
332	259	15	32
332	259	14	32
331	260	14	32
331	259	15	32
332	259	15	32
331	260	15	31
332	260	15	32
331	260	15	32
331	260	15	32
331	259	15	32
330	260	15	31
330	259	16	32
329	261	15	32
330	260	16	32
329	260	16	32
329	260	16	32
328	260	16	32
328	259	16	33
328	259	16	33
327	260	16	32
326	259	16	32
327	259	15	33
329	258	14	32
329	257	16	32
340	258	17	35
351	259	16	33
365	261	15	33
366	260	14	33
365	260	15	33
365	261	15	33
363	261	15	32
363	262	16	32
363	261	15	33
363	262	15	32
362	262	16	32
361	261	16	33
360	262	16	33
359	261	16	34
360	261	16	32
359	260	15	32
360	260	15	32
358	261	15	31
359	260	15	33
357	261	15	32
357	260	15	33
356	261	15	32
355	260	15	33
355	261	15	32
355	260	15	33
354	261	16	32
354	260	16	33
353	260	15	33
353	260	17	33
353	260	17	32
352	259	17	32
352	260	17	32
352	259	16	31
351	259	16	32
350	259	16	32
349	260	15	31
349	260	15	32
349	260	15	32
348	260	15	32
347	260	15	32
345	260	16	31
347	259	16	31
346	260	16	31
344	259	17	31
344	259	17	31
344	259	16	31
341	259	18	32
341	259	17	32
341	258	16	32
341	258	16	32
340	259	16	31
340	258	15	33
340	258	15	32
339	258	15	31
340	259	15	31
338	259	16	30
337	260	15	30
337	259	14	31
336	258	14	32
335	256	16	32
334	256	18	33
333	257	17	31
360	259	16	31
358	259	17	31
390	257	17	31
389	258	18	31
387	258	19	30
385	258	19	32
382	257	18	31
381	256	18	34
380	256	18	34
