601	276	31	78
600	277	31	76
599	278	30	75
599	278	30	77
601	279	30	77
597	280	33	76
597	281	35	76
596	281	35	77
597	282	34	77
597	283	35	76
600	283	33	76
603	285	32	75
602	285	30	76
602	285	30	76
599	284	33	78
599	285	32	78
596	285	34	79
594	286	34	78
595	285	34	78
593	285	33	78
589	287	34	77
587	289	34	77
589	290	33	76
583	290	34	77
583	292	32	77
582	292	32	78
583	292	31	79
581	292	33	79
582	292	32	79
582	293	32	80
578	294	34	79
577	295	35	78
576	296	35	79
576	297	34	78
578	297	33	79
576	300	33	78
575	299	33	80
572	300	33	80
567	298	33	80
561	296	34	81
554	292	36	83
547	289	41	81
543	285	40	81
536	282	41	80
540	280	39	81
540	283	36	80
537	288	37	80
532	294	37	80
527	299	35	80
526	306	33	79
524	312	33	79
523	316	33	81
525	319	35	81
526	318	36	81
535	312	37	85
538	305	45	86
539	296	44	83
542	289	39	84
546	289	41	81
551	295	39	81
551	303	40	81
549	310	38	81
556	316	36	82
556	321	35	82
554	322	34	84
551	319	37	86
551	318	36	84
547	315	42	84
548	314	39	83
548	311	38	84
546	309	40	84
546	306	40	84
546	306	38	83
541	306	38	83
540	303	36	84
540	302	35	84
541	299	36	85
543	298	38	85
545	299	38	84
546	299	38	85
548	303	40	86
548	305	41	86
550	307	40	85
551	309	38	86
551	312	38	85
548	313	39	86
552	314	37	86
555	315	36	85
558	318	35	85
558	319	34	85
513	321	36	88
509	321	38	89
462	323	40	88
460	319	51	92
501	317	41	91
493	318	52	88
542	319	44	87
541	319	43	86
539	320	39	86
538	320	39	86
533	321	36	87
529	321	36	87
528	319	40	89
528	317	37	91
527	314	38	91
525	312	44	91
526	312	46	90
526	312	41	91
528	310	42	90
528	313	39	89
524	314	39	89
526	317	40	89
526	318	38	88
526	319	39	91
526	319	38	90
525	319	38	92
524	318	39	92
523	317	42	92
524	316	41	93
521	314	42	93
524	314	42	93
524	315	42	92
527	314	43	92
523	315	42	91
519	316	43	91
515	315	46	93
508	317	47	92
519	317	38	93
521	318	35	93
520	319	36	94
519	318	37	95
520	319	38	95
520	319	39	95
522	319	41	95
518	318	44	93
520	317	43	95
519	317	43	95
517	317	43	94
517	317	40	96
516	317	39	96
516	318	37	96
514	318	40	97
513	318	40	99
508	319	47	97
506	320	54	97
506	321	54	98
512	321	50	100
466	323	55	98
505	323	59	100
515	325	50	98
511	327	47	98
513	328	50	96
512	330	45	97
512	331	42	96
514	330	42	97
510	330	45	99
516	328	43	98
512	326	42	100
510	325	48	100
510	324	47	99
511	325	46	97
505	325	49	97
503	324	50	98
501	323	49	98
502	324	45	98
500	324	44	98
498	323	42	100
500	322	42	101
499	321	41	101
496	321	42	101
494	320	45	102
496	320	47	101
493	318	44	102
489	319	49	102
486	318	48	101
485	317	48	101
482	316	48	101
480	317	46	100
480	316	45	101
481	315	51	101
482	316	42	100
483	314	41	103
483	315	43	104
483	314	42	103
482	315	44	104
481	316	47	103
481	317	46	102
479	317	45	102
479	318	44	103
477	319	43	102
476	318	45	102
476	319	44	102
478	318	43	104
476	318	40	104
477	317	40	105
475	315	41	106
472	313	44	107
469	310	49	107
476	309	47	107
477	308	48	106
475	306	50	106
475	304	50	106
472	305	51	105
470	306	51	105
467	308	50	105
464	308	46	104
460	310	45	106
458	310	43	105
458	311	41	107
457	311	44	107
454	310	45	108
451	311	47	108
450	309	45	108
450	308	45	107
448	309	45	107
445	308	50	107
444	308	50	106
440	308	47	108
439	308	45	110
437	308	43	111
435	306	42	111
435	305	42	111
433	305	45	110
432	303	48	112
432	303	51	111
426	303	50	109
428	304	51	109
421	306	54	108
418	307	54	107
404	310	60	107
405	310	51	109
401	310	48	109
398	310	47	110
395	310	46	110
395	309	43	111
393	307	44	113
390	307	46	113
395	306	47	112
392	308	53	111
390	306	54	110
391	307	51	109
393	308	51	109
397	309	47	108
392	309	48	109
395	309	49	110
464	303	53	112
461	300	61	112
424	301	57	112
435	302	51	111
431	302	52	109
432	300	52	112
430	299	53	109
429	298	54	112
424	297	60	111
421	295	60	110
418	295	57	112
414	295	57	111
423	293	66	110
427	292	58	112
413	293	55	111
412	293	53	111
410	293	52	112
412	293	53	113
416	294	58	114
415	294	59	113
470	292	56	115
468	292	56	114
464	294	55	114
462	294	57	114
413	295	58	113
414	296	58	114
417	296	57	113
416	295	57	113
464	292	55	115
459	292	55	113
458	291	55	114
525	284	52	117
456	288	57	115
446	289	56	115
445	289	53	115
443	289	60	116
440	289	62	116
434	289	65	116
431	289	66	117
437	289	64	116
435	289	65	116
432	289	64	116
432	288	63	117
438	287	61	117
498	285	56	117
517	283	56	118
568	284	53	116
572	283	53	115
567	283	59	117
564	284	58	116
565	283	60	117
494	285	64	118
490	283	69	118
562	281	59	117
569	279	59	115
570	278	59	115
501	279	64	119
495	279	62	117
515	279	61	115
485	279	81	115
484	278	79	120
566	278	67	119
577	277	61	120
571	280	67	118
576	281	71	118
576	281	67	119
583	282	60	118
579	280	70	119
583	279	63	119
583	278	61	119
582	277	63	119
585	275	61	119
581	272	57	122
583	274	52	119
584	268	56	123
617	268	61	119
574	268	61	120
582	270	59	120
576	270	59	121
574	271	61	121
570	270	62	122
603	265	74	124
606	265	67	122
560	265	61	124
559	265	60	124
557	265	57	123
547	267	65	122
539	265	75	125
551	268	61	126
549	272	63	129
548	275	67	127
546	277	68	126
617	277	60	124
609	278	59	124
608	273	66	126
626	267	71	126
602	266	63	125
588	267	61	122
586	265	60	123
581	265	64	123
575	266	62	120
577	266	58	120
579	265	56	121
572	264	58	121
567	262	61	122
569	261	59	122
585	255	64	127
586	254	65	125
585	251	62	125
580	250	70	126
582	248	66	124
591	246	63	124
595	247	59	124
603	248	68	124
620	247	78	127
663	249	74	128
658	252	69	126
632	255	70	126
624	258	73	125
639	257	67	127
631	256	66	129
621	248	76	133
637	240	72	136
631	229	82	138
619	215	88	135
637	203	80	136
650	196	90	134
648	189	87	134
642	187	77	133
662	185	74	132
660	189	73	130
682	191	62	133
680	201	71	133
676	207	71	135
682	214	61	136
684	220	62	136
688	227	77	135
680	228	77	136
662	230	76	140
667	234	73	139
674	233	74	141
670	233	79	141
674	233	83	143
679	233	83	143
706	231	79	142
704	230	83	141
612	233	101	141
601	234	101	144
620	240	74	144
604	245	78	141
574	250	82	145
572	254	74	144
561	257	78	145
567	258	75	145
615	257	76	145
621	256	69	146
631	255	66	148
623	256	79	147
546	264	68	143
539	264	73	145
529	263	81	146
527	263	84	147
403	267	81	149
385	267	96	149
353	271	74	150
259	277	82	149
264	278	82	154
153	286	86	156
136	288	96	156
148	290	88	157
148	291	92	157
152	294	88	155
108	296	76	154
149	291	87	157
154	290	78	158
174	288	75	158
181	288	75	156
183	290	69	155
188	290	66	157
181	295	66	156
171	302	72	156
161	306	80	156
148	309	93	154
139	311	94	156
130	312	106	157
117	310	112	159
131	303	103	163
121	300	100	163
111	304	78	160
112	303	73	162
96	301	78	163
95	297	79	168
79	294	92	168
94	294	85	166
97	291	88	168
99	290	90	164
94	288	99	163
96	284	105	165
85	284	109	165
83	283	99	168
88	281	88	167
87	281	88	166
98	280	77	167
93	280	76	166
87	277	77	168
88	276	77	169
83	276	84	167
89	275	80	166
82	275	85	164
77	277	90	162
72	273	91	167
67	274	92	163
56	273	94	165
49	274	87	169
46	275	74	169
34	276	78	168
32	274	83	170
23	276	85	169
26	276	83	172
18	280	87	171
26	281	79	173
18	280	86	174
12	278	89	174
9	275	92	173
6	271	94	174
7	269	96	169
10	268	89	173
16	268	93	172
17	267	83	173
43	265	79	172
59	264	79	169
78	264	76	168
105	266	77	166
113	266	86	168
132	264	81	168
123	264	104	164
140	262	95	166
144	263	98	163
143	265	100	160
141	267	103	160
124	264	88	167
134	262	80	169
146	262	72	170
152	261	77	169
159	263	79	168
161	261	80	170
166	261	85	169
167	258	95	167
171	260	92	166
172	260	97	167
173	261	104	165
169	261	107	166
150	263	133	164
147	262	134	168
151	261	123	169
142	261	89	167
152	262	78	164
155	258	81	166
144	256	82	168
149	254	82	171
148	254	83	171
143	255	91	168
131	256	106	168
114	255	119	170
118	255	124	169
108	259	136	165
115	261	125	164
120	261	110	168
120	262	88	167
122	260	78	170
124	262	68	169
128	263	76	169
120	264	87	169
129	265	79	170
125	265	87	172
127	264	93	172
139	262	87	173
127	263	104	171
120	264	110	168
114	263	120	168
96	259	142	173
101	260	126	174
105	259	117	173
108	259	100	175
108	257	87	176
117	259	78	175
123	260	79	174
124	260	90	174
133	260	95	172
142	265	95	165
167	262	85	168
157	261	101	168
149	261	125	167
144	266	136	164
157	265	131	169
163	266	130	168
170	264	115	168
178	265	93	166
195	261	84	170
195	263	83	164
204	262	82	167
202	262	83	169
196	261	90	169
196	260	95	169
193	262	103	164
201	262	108	163
204	263	114	164
210	263	116	163
222	261	107	168
232	261	99	167
239	263	95	166
246	259	88	168
253	258	87	167
249	258	84	163
247	257	82	166
246	258	83	165
252	259	74	162
258	261	77	161
252	261	89	159
251	259	95	161
247	256	102	164
246	257	106	167
237	258	95	166
236	258	88	167
244	259	90	165
237	256	93	166
239	253	88	169
234	252	86	169
229	252	83	170
226	251	91	171
223	254	93	167
221	254	95	167
221	255	101	165
222	256	107	164
221	255	100	166
211	256	105	166
205	256	109	164
200	257	93	164
202	256	86	165
211	253	90	165
209	253	90	163
213	253	83	164
232	252	85	161
206	253	86	164
208	254	82	162
208	255	96	160
224	257	115	159
230	258	104	158
236	258	100	161
228	256	111	163
256	260	101	160
254	259	103	162
301	258	86	161
315	255	80	159
333	254	75	162
333	254	75	163
335	254	79	163
327	253	88	163
327	254	88	160
343	256	89	160
363	255	83	159
372	255	80	161
349	253	96	162
354	254	93	160
351	252	89	160
338	252	93	159
342	251	81	158
343	254	72	156
334	253	78	157
332	254	82	157
332	254	88	160
324	256	90	158
316	255	105	161
316	259	107	158
315	263	107	158
303	266	115	156
307	269	102	156
299	271	94	158
297	270	97	159
297	267	99	159
296	266	99	159
312	262	87	159
319	260	84	157
329	253	84	162
330	252	93	160
345	252	93	158
374	252	85	158
379	251	89	157
391	253	90	155
401	252	86	155
404	254	80	154
407	254	74	154
404	252	83	156
403	251	88	155
404	251	88	153
405	250	79	153
406	251	76	153
393	250	91	155
411	249	91	155
421	251	95	154
436	252	104	152
422	250	110	155
419	250	107	154
431	253	108	152
423	252	105	153
437	252	94	152
411	251	92	151
423	250	78	152
423	250	69	152
425	249	72	153
425	248	72	154
428	248	81	154
414	248	91	152
424	249	93	152
419	250	100	150
420	251	100	150
419	250	96	151
413	251	100	151
413	252	93	150
412	250	98	151
438	249	91	150
428	248	97	148
427	248	98	149
423	246	108	152
451	245	99	152
484	245	96	150
497	246	98	149
479	244	123	150
610	233	92	167
590	235	107	164
605	236	101	164
602	234	91	165
592	236	93	164
595	234	91	166
602	233	87	167
606	234	79	164
607	235	76	163
606	235	82	165
600	234	76	165
594	234	79	163
578	234	98	164
573	235	103	161
585	233	98	163
600	232	96	164
589	233	107	164
597	233	95	164
595	233	94	163
592	233	93	163
592	233	82	163
592	234	85	159
598	233	83	161
599	232	87	162
592	231	92	164
596	234	88	160
600	232	89	160
592	234	95	159
598	235	92	157
588	234	96	158
589	234	88	160
592	234	80	159
596	235	78	157
595	233	82	159
601	231	72	161
603	233	70	159
602	232	74	159
601	230	72	160
596	230	81	160
590	228	76	161
591	230	76	159
589	233	79	157
591	232	80	157
591	231	94	158
598	234	84	156
603	232	85	158
601	232	84	156
595	233	87	154
597	229	87	157
594	229	79	158
586	230	78	156
586	231	85	158
603	229	100	158
603	230	100	158
692	225	92	165
687	223	97	166
673	225	114	166
687	224	103	169
683	226	118	166
677	222	101	171
691	221	81	168
689	221	80	168
689	222	76	169
680	223	93	168
687	219	88	170
690	219	91	168
589	226	124	157
558	222	168	165
649	218	169	171
673	219	138	169
792	211	111	183
780	212	116	181
802	210	92	181
780	213	110	177
803	209	95	183
796	210	97	179
785	210	101	176
802	209	87	180
801	211	87	177
798	213	87	173
789	211	97	177
780	212	109	176
776	213	111	175
777	213	115	176
772	211	115	179
777	210	112	179
765	209	109	181
763	212	111	176
765	211	99	177
764	210	107	179
750	210	93	180
633	231	113	156
545	235	98	150
530	234	105	151
529	235	95	151
521	237	106	150
586	242	106	152
596	242	98	155
581	245	98	155
589	245	104	156
586	246	95	155
587	246	105	155
574	244	96	157
571	247	104	151
575	246	96	153
567	245	92	154
561	244	95	153
568	245	88	151
554	246	98	149
501	246	87	147
498	248	89	145
495	249	82	142
503	250	78	142
506	250	85	142
588	243	75	152
603	245	66	151
598	247	76	150
596	246	83	151
613	242	77	154
627	245	71	152
620	247	88	150
631	245	82	150
633	245	88	151
640	244	91	153
637	244	110	151
646	241	94	155
654	241	104	153
651	239	101	155
761	234	79	160
752	232	91	161
761	233	84	159
754	228	85	164
747	237	97	153
755	233	93	156
749	228	100	161
736	228	107	162
739	225	117	165
755	227	104	164
750	227	107	164
817	224	97	168
824	225	91	166
826	223	87	169
759	222	82	166
750	220	82	166
754	219	74	164
749	217	78	162
649	222	93	151
640	219	102	154
642	219	110	154
639	216	127	158
644	218	109	156
650	221	92	154
651	223	99	150
646	221	119	154
604	225	134	147
606	230	127	143
548	234	117	139
562	235	93	136
574	234	82	135
629	229	86	141
628	227	94	143
628	228	94	143
634	229	89	141
642	229	85	140
645	232	81	138
638	232	91	138
647	234	92	138
632	229	116	143
751	218	100	159
761	216	88	159
801	213	85	162
809	214	82	160
813	213	79	160
812	214	80	160
808	215	75	156
806	213	77	160
801	215	84	158
794	215	88	157
774	215	107	158
758	211	114	161
781	210	98	162
779	211	92	160
774	211	87	159
773	212	80	158
758	214	91	154
752	211	96	159
738	212	105	158
734	212	117	158
714	216	100	153
767	210	105	159
768	208	112	162
836	201	106	172
841	200	96	174
835	203	94	170
849	204	82	168
845	204	81	168
838	206	84	165
834	205	92	165
834	204	95	166
836	203	90	168
829	203	97	166
827	202	105	168
821	201	105	170
822	203	104	168
813	207	108	165
822	206	103	165
819	204	97	166
811	204	105	165
797	207	109	164
805	207	89	164
793	207	96	160
691	216	88	148
685	214	85	149
692	216	73	147
678	218	79	144
680	218	77	145
679	219	82	144
675	218	85	145
663	218	101	143
682	214	98	149
669	221	74	141
679	219	85	143
666	218	80	144
686	216	90	143
674	214	91	145
781	204	76	158
777	201	81	160
764	202	93	159
768	205	90	155
761	205	94	156
754	207	93	155
752	207	95	154
751	211	87	149
746	210	91	151
744	208	86	152
737	208	95	152
736	208	94	152
732	206	93	154
727	209	93	151
726	206	100	153
761	200	98	158
729	209	78	151
713	209	95	149
774	197	99	162
791	196	97	165
782	197	96	163
793	196	98	166
803	202	89	160
791	199	94	164
773	203	98	158
801	211	81	149
779	205	78	156
791	205	72	154
791	203	72	156
794	199	66	161
791	202	67	156
791	198	68	159
794	200	66	156
789	201	74	154
789	199	80	156
779	196	93	157
779	199	90	152
788	196	78	154
777	197	91	152
788	193	80	154
781	195	80	150
763	193	91	150
678	203	83	137
692	199	73	138
620	208	68	128
622	210	60	125
614	212	65	124
614	212	61	123
615	215	61	122
611	217	59	122
604	218	62	122
597	219	71	120
599	216	64	122
557	223	55	116
595	217	61	122
556	222	58	113
596	216	58	121
592	215	60	122
593	215	60	123
596	214	55	122
596	215	53	121
591	218	58	118
590	216	56	120
587	216	59	121
587	218	54	119
582	219	60	118
577	218	64	119
579	217	61	120
579	215	59	120
580	217	60	120
580	217	55	120
577	221	56	118
577	220	54	119
581	220	54	118
584	220	56	116
581	218	70	116
588	216	65	117
587	215	65	119
585	215	62	118
583	214	59	118
582	213	54	119
581	213	52	117
579	213	54	117
576	210	59	120
578	210	62	120
576	210	67	121
581	211	63	120
579	211	61	119
578	212	55	115
579	214	52	114
580	215	54	113
579	216	54	112
581	216	57	114
582	215	55	114
638	208	57	123
640	207	65	124
694	200	63	132
690	196	63	134
693	196	58	135
693	198	58	132
696	200	57	129
698	202	60	128
695	203	61	127
691	202	65	128
691	203	65	126
689	206	66	124
688	206	68	123
688	204	69	126
680	202	64	129
676	207	59	124
672	204	61	126
667	203	59	125
665	203	60	126
657	205	64	124
658	206	60	124
658	206	58	125
657	209	57	123
654	211	62	121
650	212	62	120
652	210	55	122
651	208	55	124
649	209	54	123
646	208	54	123
644	206	54	127
643	207	54	126
643	205	55	126
642	208	57	124
639	207	56	123
638	208	56	122
637	209	59	121
639	212	60	118
638	211	62	119
643	212	57	119
638	211	60	119
635	210	58	120
638	214	61	116
640	212	57	118
644	211	56	120
643	213	54	118
641	212	56	118
642	212	52	117
640	212	53	117
639	211	56	116
640	208	53	119
643	210	55	116
643	210	52	116
644	210	51	116
643	209	51	116
640	209	52	116
637	207	55	117
640	208	52	117
638	210	53	115
635	209	54	117
636	209	54	116
634	209	52	116
634	213	51	112
632	210	51	115
634	209	52	116
636	212	52	112
636	213	56	111
668	217	64	107
625	213	60	112
625	215	55	111
626	213	53	112
625	213	52	113
621	213	53	114
620	214	57	113
616	213	57	114
614	215	58	112
614	216	55	111
614	215	53	111
612	216	53	110
612	215	52	111
614	216	51	109
611	216	51	109
611	214	50	111
613	213	48	113
611	211	49	112
610	211	49	111
607	215	53	106
605	216	54	107
604	214	51	109
606	215	50	109
604	214	50	109
600	217	52	103
607	216	55	105
606	214	51	106
650	215	52	103
607	214	51	105
609	212	47	107
612	211	45	109
610	211	47	109
610	211	45	107
612	211	45	108
611	214	46	105
607	211	46	107
608	210	47	108
607	210	46	108
606	211	47	106
606	210	44	106
604	210	46	107
602	213	46	105
600	210	47	108
600	213	48	105
598	214	49	104
596	214	51	104
589	212	54	106
587	215	55	103
585	213	52	105
584	216	51	103
578	215	52	104
576	218	53	101
540	220	57	98
544	221	59	97
567	217	56	101
574	212	46	105
574	213	43	104
573	215	44	102
571	215	46	102
571	215	46	103
572	216	46	100
570	219	47	97
569	219	47	97
563	219	57	97
566	219	63	97
571	214	49	102
575	213	47	101
574	215	49	98
574	214	49	98
574	214	51	98
578	212	50	99
582	211	46	99
583	212	46	98
584	213	46	96
585	214	47	96
587	215	45	94
587	214	46	94
586	213	45	95
586	214	46	93
586	213	45	93
588	214	43	93
586	214	43	92
583	213	44	94
578	213	47	94
577	213	45	94
576	212	45	94
577	210	44	97
576	211	43	96
576	212	44	95
575	213	44	93
574	214	44	93
574	213	43	94
573	214	44	94
571	214	48	94
573	212	45	94
570	212	48	94
564	211	53	96
572	211	49	95
569	212	48	93
569	213	52	92
568	213	47	92
569	214	47	91
568	213	44	91
569	213	43	91
569	213	42	90
572	214	42	89
574	214	41	89
576	215	41	88
568	215	45	88
593	213	49	88
563	212	49	91
555	212	52	91
555	210	43	95
554	213	44	91
599	215	40	86
597	217	44	85
595	216	44	86
599	216	43	86
598	217	44	85
599	216	45	86
600	216	44	86
593	216	48	85
593	216	43	86
586	217	46	85
552	216	47	87
553	216	44	88
586	217	43	84
582	217	48	84
582	215	50	87
579	215	55	88
618	215	49	88
616	214	49	89
611	215	52	88
608	216	55	87
574	217	52	87
575	216	48	87
575	216	48	86
574	217	43	85
572	217	43	84
571	217	47	85
568	217	47	85
565	216	54	86
562	217	51	87
553	216	59	87
553	217	56	87
518	218	53	87
520	218	51	87
562	219	44	83
562	219	46	83
562	218	46	84
561	218	49	86
602	217	44	85
599	217	47	85
596	218	50	86
559	218	48	86
558	217	52	86
553	218	52	87
557	217	52	87
595	217	47	86
561	220	41	85
556	220	45	83
552	219	51	85
553	218	50	87
596	219	41	85
594	219	42	84
592	220	42	84
589	219	41	84
587	220	41	83
588	220	39	82
587	221	41	83
582	221	43	83
581	221	45	83
547	222	42	84
545	220	49	84
588	219	41	85
591	220	40	84
590	218	41	84
591	218	41	84
587	218	45	84
588	218	42	85
587	218	41	84
586	219	41	84
581	218	46	84
582	218	43	86
580	218	42	84
580	220	41	83
580	219	41	83
581	219	40	83
578	218	44	84
571	217	48	85
574	217	44	86
574	217	43	85
571	217	44	85
573	218	41	84
571	218	43	85
569	218	45	85
570	218	41	85
571	218	40	84
571	218	39	84
569	219	39	84
569	219	38	84
566	218	41	84
568	217	38	84
570	216	36	84
560	214	48	85
564	213	43	86
557	212	46	85
547	211	52	86
514	211	54	88
552	212	46	85
558	211	42	85
547	212	53	86
548	212	48	87
555	212	44	86
514	214	48	85
554	213	42	85
515	214	46	85
554	211	41	86
549	210	44	84
555	210	39	85
548	210	45	84
554	210	40	85
552	209	46	85
547	210	48	86
549	211	46	86
511	212	45	85
509	210	53	87
543	211	47	87
547	210	44	86
539	210	51	85
541	210	46	86
543	211	46	86
545	212	45	86
509	213	46	86
544	213	45	85
509	214	46	85
547	212	41	85
544	213	44	84
548	211	41	85
546	210	46	84
512	209	43	85
510	210	43	85
508	210	46	85
505	209	47	86
456	208	47	90
458	208	45	90
458	208	45	89
455	209	48	89
454	209	47	89
408	215	43	86
411	213	39	87
413	214	37	86
415	213	35	86
415	213	36	85
419	215	37	84
423	213	39	85
427	213	38	86
431	213	34	85
432	213	36	86
433	214	37	85
434	214	40	85
436	215	40	84
439	215	42	83
444	214	42	84
448	213	42	86
456	210	41	88
457	208	40	89
459	209	38	88
461	209	39	88
462	209	40	88
465	209	40	88
470	208	41	88
472	209	43	86
475	209	43	86
478	210	42	86
479	211	42	86
529	212	38	84
531	213	36	83
528	213	39	84
534	213	37	84
491	211	41	87
503	211	44	87
507	211	41	85
513	210	38	87
535	210	39	83
538	202	40	84
538	200	40	84
537	199	41	85
537	197	40	85
539	199	39	85
540	201	39	84
540	201	38	85
539	200	41	86
503	197	39	90
499	198	38	86
502	196	38	86
499	196	38	87
540	197	36	83
534	197	40	83
499	196	43	86
504	196	40	87
500	197	43	86
503	198	45	86
498	195	41	88
497	194	42	86
495	192	42	88
499	193	41	87
498	193	39	87
504	196	46	86
537	198	37	84
535	198	39	84
534	197	38	84
501	195	40	87
499	195	39	86
499	195	38	85
496	195	36	85
497	196	38	85
494	196	37	85
496	196	40	85
495	195	39	85
536	198	34	81
533	197	40	84
529	195	42	85
493	194	45	86
448	199	38	82
450	200	39	80
491	195	37	84
493	195	44	85
493	196	40	84
525	194	42	85
493	194	41	86
491	191	36	88
488	193	41	86
487	191	40	87
521	192	40	85
488	189	38	88
520	191	39	84
485	188	40	88
480	186	40	86
479	187	39	86
481	186	41	86
486	186	41	85
487	183	40	85
488	185	40	85
498	182	44	87
496	178	48	88
494	162	43	89
484	160	44	86
486	154	40	88
479	153	47	87
517	152	44	86
509	152	44	86
498	153	50	87
462	153	45	89
454	157	46	85
450	157	47	88
461	157	44	90
464	162	42	88
462	162	45	89
469	166	41	86
469	168	41	88
460	173	47	88
462	177	43	89
470	180	44	89
469	182	44	89
473	183	41	88
471	183	41	89
481	182	40	89
479	184	37	90
519	192	38	83
517	202	49	81
487	207	51	90
533	214	49	89
502	220	51	93
509	223	45	89
552	227	38	83
517	224	41	87
552	226	43	85
558	228	40	85
525	228	42	87
564	232	39	85
561	232	44	87
609	232	36	85
604	235	45	84
599	235	49	84
564	238	40	84
560	238	41	85
561	240	39	84
563	242	36	84
563	242	37	83
565	244	36	82
569	246	39	83
569	245	37	83
568	245	42	85
538	244	40	85
541	244	39	85
539	241	37	88
542	241	40	87
531	241	43	86
567	241	41	84
567	240	43	83
562	237	49	85
594	236	46	85
591	235	48	84
586	234	52	84
558	236	38	84
558	237	38	85
598	235	38	84
590	233	46	84
557	234	38	84
556	232	44	86
604	231	36	83
601	227	40	84
601	227	44	83
604	226	44	84
601	226	43	85
593	224	52	83
562	227	39	84
561	226	39	84
605	225	38	83
603	222	40	84
602	222	42	84
598	222	50	84
564	223	38	85
567	222	36	85
565	222	37	85
562	221	42	86
606	221	36	83
602	221	40	84
604	220	41	83
603	220	42	84
600	221	43	85
600	221	45	85
601	220	45	84
601	221	43	85
599	222	44	85
600	222	43	85
602	222	40	84
598	223	44	84
597	223	45	84
595	223	46	85
592	223	49	85
561	227	36	85
556	228	39	85
508	226	43	89
509	225	39	88
509	223	37	90
508	224	38	89
510	225	38	89
509	223	39	87
508	222	39	90
508	222	40	90
508	221	38	91
508	223	40	88
510	222	38	88
508	221	39	90
504	221	40	89
506	221	43	88
506	220	39	89
507	221	41	89
506	221	41	88
507	220	40	89
506	221	40	88
557	223	37	86
554	221	41	87
507	219	42	89
506	219	41	89
507	220	39	90
506	219	39	91
507	216	38	91
508	217	40	88
508	217	42	86
508	218	43	85
501	217	47	86
504	217	46	88
508	221	45	86
496	222	53	89
502	226	48	87
500	226	43	87
504	228	42	87
546	229	41	85
543	229	44	84
585	228	40	83
582	226	40	83
582	224	40	83
584	222	40	83
584	220	38	85
586	219	42	84
585	218	42	84
589	216	40	85
585	216	42	84
583	214	43	84
576	213	45	84
574	212	43	85
571	212	45	84
570	213	44	84
571	212	45	84
570	212	43	84
568	211	44	85
566	211	44	84
561	212	46	84
562	212	46	85
565	212	46	85
566	213	43	85
560	215	46	85
560	214	44	85
557	216	45	85
553	215	49	86
548	214	51	86
566	212	55	85
578	211	54	86
576	211	55	87
575	211	56	86
573	210	56	86
587	209	54	87
584	210	50	88
577	212	56	87
544	216	47	86
547	217	45	85
546	219	43	84
548	219	41	84
550	227	39	84
549	226	41	84
551	224	40	84
549	224	42	84
549	223	40	85
548	223	46	85
547	221	45	87
547	223	43	85
506	220	49	89
510	222	52	87
519	223	52	87
553	224	42	84
556	225	40	84
555	223	37	85
555	223	36	85
552	223	45	86
558	223	46	84
560	224	42	84
558	225	41	84
556	224	41	83
507	221	49	89
557	225	42	82
552	224	57	85
590	220	55	88
592	221	57	86
560	226	45	85
592	224	54	84
593	222	53	86
589	222	58	88
585	223	69	87
577	222	74	90
559	223	67	89
562	226	53	87
562	227	46	86
610	221	42	88
560	224	49	88
561	223	56	87
559	224	46	86
607	220	45	85
604	219	47	87
599	217	55	90
561	222	48	88
562	224	38	86
563	223	42	85
607	221	39	83
601	219	54	85
590	218	63	89
559	225	50	86
595	222	48	85
599	221	51	86
636	218	51	88
593	221	64	89
592	224	57	88
590	224	63	88
586	224	67	90
583	220	63	91
551	221	73	91
507	221	65	91
508	221	60	90
512	221	57	89
517	219	54	90
534	220	44	87
570	219	46	86
565	218	57	88
567	219	45	86
571	221	40	85
568	222	40	85
565	223	39	84
567	223	41	85
564	223	45	86
562	223	50	84
604	219	46	86
605	217	57	86
641	213	55	89
633	213	63	89
599	217	63	88
601	219	48	86
602	218	45	86
597	217	55	86
598	217	50	87
590	217	58	89
549	220	58	89
562	221	46	87
560	220	58	87
563	222	44	88
563	223	45	87
559	222	45	87
565	221	45	88
562	222	44	86
561	223	42	86
562	223	44	85
607	219	41	86
561	224	43	86
559	221	44	87
559	220	48	86
556	220	52	87
502	223	56	89
500	225	55	87
512	222	50	89
510	219	46	90
509	221	56	88
509	220	52	88
503	220	58	89
504	221	59	87
501	221	61	89
497	221	61	90
557	222	49	85
564	220	46	86
564	220	47	86
564	221	40	86
565	219	49	87
563	219	48	87
556	216	60	89
558	215	53	89
562	214	57	90
567	216	45	87
570	217	43	88
567	219	42	86
563	219	46	84
562	219	42	85
564	220	44	86
559	224	45	84
590	219	56	85
584	219	61	87
585	220	61	88
592	218	57	89
589	215	56	89
594	216	53	87
595	215	55	89
591	215	59	90
595	216	53	88
592	216	51	88
585	217	62	89
604	215	60	90
642	210	55	91
640	211	57	90
640	211	54	92
631	214	67	90
583	217	60	90
563	220	54	87
562	222	45	87
560	222	47	86
560	223	44	86
608	221	38	83
602	221	43	84
593	220	50	87
581	219	55	88
592	218	52	89
594	218	51	89
587	216	58	90
591	217	53	88
596	215	56	90
601	217	50	89
600	218	53	88
602	216	56	87
600	213	59	90
589	218	64	88
584	217	70	90
553	219	70	90
561	219	56	88
578	215	57	90
594	214	52	90
570	217	54	90
583	216	57	89
576	218	59	92
600	215	62	92
578	220	50	89
576	219	55	88
580	220	46	89
574	220	52	88
583	219	47	88
579	220	50	87
584	219	48	88
580	218	51	89
579	216	54	91
589	215	50	90
589	217	44	87
586	217	46	88
581	215	57	91
584	216	53	91
583	216	49	93
582	218	51	89
616	218	45	87
579	218	51	90
580	219	51	91
578	225	49	90
581	223	50	91
583	222	50	89
583	220	49	89
572	218	56	91
586	215	49	92
584	213	52	93
585	213	43	90
583	214	43	89
588	213	44	90
588	213	46	89
591	211	43	91
583	213	50	89
591	213	50	91
590	216	52	92
594	215	48	92
600	218	47	92
604	218	46	92
605	219	42	92
609	221	40	94
603	222	48	95
600	221	53	96
599	222	53	96
612	222	53	95
613	222	55	95
613	221	49	93
604	221	57	94
545	218	56	97
556	220	53	97
568	224	55	97
553	230	60	96
570	224	52	101
573	218	52	102
576	217	51	101
576	218	56	101
580	221	50	98
581	222	53	98
582	221	51	102
583	223	54	102
582	222	53	103
584	221	51	103
582	221	58	102
581	224	63	102
592	224	49	101
592	224	51	100
594	224	58	101
596	224	49	100
591	224	55	102
589	228	52	98
595	229	48	98
597	232	47	95
602	227	42	100
599	222	46	102
605	216	47	105
602	219	53	100
604	218	50	101
604	219	53	101
593	219	52	101
616	217	60	103
620	213	50	108
582	218	56	104
623	215	51	106
623	216	59	104
628	212	50	108
630	212	54	105
636	210	52	105
637	210	55	104
641	208	53	105
637	206	58	105
641	202	49	109
639	204	52	108
641	202	52	111
641	203	55	110
648	202	50	111
646	205	47	111
643	209	49	108
648	209	45	108
649	213	48	106
650	215	49	107
651	215	52	106
656	214	54	107
655	211	51	111
615	219	55	104
626	217	55	106
622	217	60	107
621	217	53	108
631	216	58	106
673	208	50	114
674	209	56	112
673	208	60	112
685	208	58	111
687	210	61	109
683	208	66	112
677	209	62	112
638	213	60	109
640	214	53	108
638	215	54	107
639	213	49	108
693	205	52	115
689	206	60	114
685	204	56	117
687	205	56	115
689	207	58	113
697	205	58	115
698	206	60	115
696	205	57	116
703	203	58	118
699	205	65	116
708	203	63	118
770	202	59	114
775	200	58	114
777	200	56	114
777	199	59	115
775	199	61	115
831	194	60	114
785	200	55	115
781	199	70	114
782	198	68	115
778	196	75	116
724	198	69	118
680	203	61	114
683	205	57	112
684	206	59	111
689	206	55	113
691	205	55	114
689	205	53	112
691	207	55	110
690	206	56	111
697	205	56	112
705	205	59	112
763	193	56	124
758	192	60	124
762	192	62	123
764	189	61	125
771	188	63	126
772	187	63	127
776	187	65	128
777	189	71	124
779	187	65	128
779	186	69	129
781	186	66	128
786	185	75	129
787	187	66	129
790	187	69	127
792	185	66	130
731	193	75	124
692	200	73	118
740	194	62	123
746	192	63	124
744	192	67	124
745	191	72	126
799	183	66	132
798	184	60	130
794	184	61	129
792	184	70	131
804	182	65	133
806	182	59	132
807	187	56	129
812	188	58	130
808	191	58	127
805	188	66	130
756	197	61	124
758	198	65	124
759	197	65	125
755	196	68	128
755	196	68	128
813	187	66	137
809	186	67	137
809	185	70	138
814	186	68	138
809	185	67	137
808	184	63	137
813	181	64	139
810	182	67	138
809	181	63	141
808	184	62	138
813	180	61	143
804	183	64	140
737	195	61	128
740	195	62	127
809	186	65	135
820	190	64	132
835	188	70	135
843	182	65	139
846	182	68	136
832	182	80	134
790	183	72	131
795	180	65	131
803	177	64	132
812	179	62	131
814	177	61	132
820	176	59	132
825	176	59	132
824	176	60	132
827	176	61	132
829	176	65	130
829	174	64	133
835	174	65	133
839	171	62	134
838	172	60	133
841	170	61	135
843	171	57	134
848	170	56	135
844	168	58	139
784	179	55	126
785	178	57	126
784	177	54	127
789	180	49	125
789	181	49	126
789	182	51	127
787	181	54	128
785	183	56	125
782	181	63	127
787	178	59	129
853	173	65	136
850	171	66	139
849	172	66	139
845	173	64	141
839	175	66	138
840	173	67	140
838	174	68	140
832	173	71	141
831	176	70	138
832	175	71	140
831	175	68	140
834	175	66	141
832	178	62	140
828	178	65	141
825	176	61	144
823	176	63	143
825	177	63	143
821	176	67	144
811	177	73	144
748	185	59	134
742	186	66	133
741	185	69	134
736	186	67	133
730	188	60	131
738	189	65	131
739	186	62	132
756	184	64	134
754	184	71	136
825	175	70	146
824	178	70	145
824	178	69	143
820	180	75	140
814	178	80	143
824	177	77	145
810	179	91	143
754	187	72	136
827	179	72	144
822	177	75	147
829	174	74	151
821	177	76	148
813	176	73	147
825	174	70	150
826	176	68	148
823	176	69	149
754	184	62	140
755	185	64	137
759	184	65	139
759	184	68	139
752	185	68	140
743	189	57	133
745	190	55	136
752	185	79	140
755	186	72	140
755	186	76	141
835	177	76	151
833	179	75	149
831	178	79	153
832	179	80	151
832	179	85	150
828	179	84	151
819	179	94	152
834	172	89	159
773	183	83	147
767	183	101	146
768	181	90	148
770	182	88	147
854	172	79	160
848	174	87	156
868	168	80	165
845	172	90	159
842	173	99	156
787	188	74	143
804	185	77	148
778	187	82	145
710	203	63	125
701	201	67	127
711	200	65	129
705	200	67	128
709	201	63	127
712	199	63	129
719	199	59	129
717	198	63	128
716	196	65	131
714	197	68	131
720	197	67	131
716	199	77	128
725	198	71	129
722	199	78	128
714	198	89	130
710	199	97	131
743	199	78	132
666	209	66	120
612	215	56	113
622	217	49	112
619	219	48	110
624	219	46	110
627	218	46	110
626	215	49	111
625	213	52	111
624	212	52	111
624	211	55	111
623	211	56	111
629	212	60	112
637	210	64	114
634	209	59	116
633	209	58	115
633	209	59	115
640	210	60	115
638	210	57	117
636	211	57	114
634	212	57	114
628	212	61	115
619	212	68	115
616	212	68	116
616	211	69	116
613	212	67	116
620	211	60	117
632	212	53	117
634	213	53	116
636	214	51	115
636	215	51	115
640	214	47	116
646	213	55	116
645	213	49	116
646	214	54	116
647	213	57	116
648	212	59	116
651	211	57	117
653	212	62	117
658	209	57	119
667	210	53	118
658	209	61	120
653	209	64	120
655	209	58	120
656	208	61	121
698	204	71	127
645	208	77	123
649	209	63	121
654	210	62	120
656	209	61	121
655	212	61	119
661	211	59	119
660	211	58	121
657	212	59	121
657	211	59	123
655	211	55	123
657	210	58	123
655	213	55	120
660	213	53	121
662	214	51	120
662	215	56	119
665	215	60	120
665	215	56	120
664	214	61	122
661	211	70	124
661	212	71	125
667	212	63	123
670	210	65	126
667	210	67	126
667	210	64	127
667	211	62	125
665	211	66	126
659	212	68	126
592	212	69	126
647	211	74	126
658	206	106	129
629	204	129	133
631	206	147	134
721	192	141	147
709	196	143	145
714	195	148	146
825	180	110	162
840	181	93	160
842	183	88	156
836	186	85	153
832	187	92	152
837	186	92	153
830	184	101	153
802	190	99	150
797	188	113	150
800	189	108	150
806	189	105	151
802	189	110	152
814	188	104	154
821	182	99	161
834	180	94	162
800	183	110	159
693	196	94	145
703	192	89	148
691	193	96	146
705	194	84	146
709	195	89	144
688	197	97	145
678	195	108	145
582	201	112	137
579	202	99	138
587	202	90	138
593	201	93	137
608	199	74	138
610	203	66	136
610	203	60	136
614	204	62	134
653	202	71	137
619	204	59	135
616	205	65	132
614	204	72	134
621	203	71	136
623	204	74	135
671	200	86	140
698	195	95	144
686	195	97	147
692	195	90	147
681	194	102	147
693	193	92	149
694	192	86	149
691	192	93	150
701	192	89	151
697	193	94	149
680	195	109	148
825	188	89	158
826	190	84	155
823	188	87	159
814	186	91	159
829	182	85	163
824	181	86	164
832	180	78	167
827	184	86	163
710	190	67	154
706	192	72	152
709	191	76	155
710	190	82	156
620	202	75	141
617	204	68	139
625	204	74	139
616	202	75	140
622	202	83	142
632	202	70	142
636	202	74	142
638	201	73	143
635	201	74	143
631	202	78	144
625	201	84	143
620	201	91	144
625	202	88	144
614	202	100	144
615	201	100	145
616	201	102	145
621	201	88	145
625	202	82	145
633	202	78	144
642	202	71	145
642	201	68	145
642	203	68	145
641	202	72	145
648	201	65	147
648	203	65	145
648	204	70	143
649	204	82	144
667	203	91	146
635	203	85	146
667	201	95	147
670	201	84	149
633	201	88	148
642	201	86	148
653	202	83	149
657	200	85	150
648	200	91	150
648	200	99	150
647	200	92	151
640	201	96	150
636	201	96	150
638	201	95	149
636	201	90	150
641	202	77	148
645	203	76	145
652	201	76	148
659	201	72	149
660	201	71	149
652	200	77	149
656	199	71	151
657	199	78	151
654	199	69	151
643	200	75	150
644	201	72	149
644	201	70	149
645	202	68	148
640	203	73	148
635	199	81	151
631	200	79	151
627	201	74	151
603	201	79	149
629	198	78	152
643	199	72	153
638	198	83	153
744	188	85	165
754	189	88	164
759	188	89	165
755	188	86	164
752	188	98	165
751	188	93	166
756	188	96	165
753	189	102	165
760	186	101	169
766	187	101	170
773	189	88	167
761	188	97	167
763	189	92	167
642	198	75	156
635	199	71	154
635	197	74	157
630	199	75	156
621	198	84	156
626	200	83	155
628	202	78	154
630	203	80	152
633	204	78	151
624	202	83	155
625	202	85	155
622	200	85	157
626	199	78	157
636	199	73	156
633	198	82	157
610	197	81	158
615	198	81	155
607	199	89	156
604	198	84	157
604	198	91	156
611	198	89	157
607	200	86	156
607	200	79	155
596	200	86	156
592	200	84	154
571	198	93	156
582	197	71	158
573	197	81	157
587	198	63	155
597	198	64	157
602	199	67	157
601	201	73	155
603	200	76	158
603	200	81	158
533	200	92	154
526	199	89	154
530	198	96	155
636	197	85	158
648	196	89	157
545	197	92	156
551	195	87	159
555	197	87	157
558	195	86	159
571	199	89	158
573	200	89	156
557	199	88	157
550	203	95	156
548	203	99	157
548	204	99	157
557	202	96	159
534	202	99	157
639	201	93	159
631	199	97	158
637	198	96	161
652	197	81	160
657	199	77	158
666	198	69	158
664	199	75	158
661	198	79	160
661	200	81	160
655	201	94	160
656	201	90	161
646	203	89	159
647	204	92	157
643	204	96	158
647	204	91	157
648	203	89	158
656	201	81	161
652	202	81	162
662	204	74	161
657	206	75	160
647	206	85	161
648	207	90	162
637	210	92	159
636	210	96	160
634	211	95	161
632	211	98	161
631	211	95	160
629	210	95	163
635	210	91	163
648	210	85	163
663	210	75	163
664	213	77	161
665	212	77	161
669	211	68	163
660	213	70	161
650	213	72	160
634	214	79	160
621	211	80	163
607	213	82	162
594	214	88	161
591	213	92	162
591	213	100	161
591	210	109	162
592	209	89	163
600	208	89	164
598	209	87	161
593	207	82	163
587	209	86	159
583	207	86	160
577	208	89	157
582	206	89	158
579	205	98	159
582	204	92	159
585	202	86	159
582	199	87	160
581	196	83	160
574	193	83	161
570	190	81	162
556	192	85	161
433	192	82	163
423	195	81	161
415	197	78	161
410	200	76	161
396	206	76	160
387	206	75	163
379	212	70	160
372	215	71	160
364	218	72	160
355	220	72	159
350	221	75	160
348	222	79	159
351	220	83	161
346	222	84	161
348	222	94	162
347	223	93	160
349	223	96	160
356	225	100	158
353	225	95	161
356	225	88	163
365	228	87	161
366	233	86	161
363	236	82	161
372	241	81	159
374	244	71	158
370	247	72	158
374	248	80	155
383	246	84	159
375	247	89	157
381	244	113	156
500	242	85	159
500	235	91	159
498	228	105	161
513	223	98	161
514	221	90	159
512	219	93	157
503	218	95	157
480	216	119	158
374	219	115	156
379	219	109	158
371	223	120	155
364	224	108	158
358	221	116	156
342	218	108	159
341	220	114	157
324	221	102	161
321	230	94	158
325	239	78	159
326	246	71	158
329	249	65	158
325	251	71	158
320	253	76	157
321	251	80	158
321	250	86	160
318	250	99	159
316	251	107	155
313	249	102	158
436	254	80	156
424	264	94	151
412	266	102	156
402	273	105	155
400	275	96	156
395	278	93	155
390	279	92	153
383	279	88	155
377	280	100	154
376	280	94	156
372	280	98	158
252	279	104	158
247	281	108	157
245	282	110	156
245	283	109	156
253	283	93	155
247	286	95	154
241	289	92	153
242	293	76	151
232	286	78	157
224	283	91	155
211	284	82	153
200	277	84	157
191	274	97	155
186	270	96	154
174	262	102	153
180	252	103	155
175	249	108	154
194	250	86	157
207	260	82	156
231	272	68	149
244	279	69	152
250	280	68	155
251	282	77	156
248	281	80	155
235	287	90	154
231	289	88	154
235	294	95	152
217	295	110	152
231	295	101	154
232	293	105	153
239	288	101	156
228	286	106	154
247	284	90	153
247	286	89	148
254	285	82	149
240	287	95	149
244	288	100	152
235	290	98	154
211	293	83	153
216	294	88	150
191	292	87	149
200	288	115	150
207	282	111	154
201	277	128	153
208	275	112	151
220	271	90	152
218	270	78	151
206	269	78	150
205	274	75	149
192	280	79	148
180	284	69	150
149	287	81	150
137	294	83	150
125	298	90	149
114	301	108	148
123	296	107	151
135	295	97	148
150	293	93	147
152	293	84	148
150	295	83	148
147	298	90	149
150	299	90	150
155	301	85	151
129	305	93	147
166	308	86	149
169	313	79	147
170	316	77	147
192	318	82	147
171	318	86	145
158	314	82	145
212	315	88	141
218	305	95	145
228	298	82	147
221	292	94	146
331	287	75	146
322	287	82	140
323	286	75	141
314	290	80	140
208	292	71	145
195	295	82	142
191	296	79	143
181	301	87	138
172	300	94	141
172	299	86	143
156	300	94	144
163	301	80	143
147	304	88	142
148	301	79	145
130	301	83	144
133	303	78	144
142	302	84	145
119	304	71	142
112	302	77	144
115	301	79	144
115	304	82	141
91	303	78	141
88	306	88	138
106	309	99	139
117	302	101	145
128	303	93	141
136	300	87	141
144	299	65	143
143	298	64	144
147	298	70	143
145	298	78	142
148	298	71	142
151	298	73	142
145	300	72	141
142	303	83	141
128	306	95	140
151	308	78	141
131	308	92	140
138	307	86	141
163	308	74	140
128	305	92	140
127	305	82	141
130	304	75	141
130	304	70	140
144	303	82	141
150	304	81	139
155	305	82	136
141	304	78	136
149	306	85	135
147	305	74	136
146	304	95	135
204	302	77	139
205	300	82	137
182	303	77	134
225	302	69	136
224	302	71	136
230	302	75	137
231	304	80	134
230	306	86	134
232	309	80	133
207	307	79	135
221	307	90	134
204	309	82	132
217	306	76	134
248	305	74	134
260	301	68	136
197	299	96	136
207	298	93	136
208	297	83	135
212	297	80	133
219	297	73	134
219	298	89	133
223	300	78	132
249	301	76	132
319	304	73	128
313	304	84	128
308	306	80	129
356	306	70	127
351	307	63	126
355	308	55	124
353	308	57	126
352	308	56	126
352	309	54	125
349	308	58	125
353	307	57	125
355	306	58	126
349	305	66	125
346	305	66	124
347	306	68	125
334	308	78	124
347	308	72	126
335	309	76	126
349	309	63	127
347	308	61	124
340	309	64	123
343	306	66	126
346	305	70	126
264	308	75	126
264	307	70	127
270	306	71	126
273	307	77	125
269	306	75	125
274	304	72	126
279	305	69	125
276	306	66	124
271	304	67	124
264	303	67	123
268	304	56	122
265	304	52	122
258	305	51	122
246	308	55	121
233	312	60	122
218	315	69	119
294	316	56	122
285	321	58	120
283	321	61	120
273	321	74	120
264	319	73	123
207	315	64	124
145	313	84	125
134	310	74	125
132	303	70	129
149	298	74	125
156	291	65	126
163	287	69	123
174	283	71	122
242	283	64	121
246	285	64	118
246	288	63	119
244	287	69	120
265	288	77	120
295	291	73	118
277	292	67	117
287	292	60	117
288	294	68	116
273	299	58	117
259	306	55	117
304	317	57	114
279	327	65	115
278	335	69	112
269	338	66	114
257	340	79	113
266	337	67	114
267	334	68	113
274	333	77	112
314	334	77	111
299	339	82	110
294	342	79	111
371	343	65	111
368	343	52	111
363	347	49	108
351	349	50	107
348	349	47	107
342	352	56	106
338	348	59	109
330	344	66	110
336	340	61	109
334	334	63	109
351	326	60	111
349	322	67	108
358	316	60	111
358	312	62	110
373	309	58	109
387	306	58	109
388	306	48	107
386	307	52	105
387	308	53	105
384	309	55	104
386	313	49	104
383	318	52	105
378	320	57	106
377	322	55	108
377	325	49	106
376	325	59	106
376	326	54	105
382	326	50	106
382	324	54	105
382	326	55	102
394	322	45	105
385	323	57	102
391	323	54	103
398	322	53	101
406	323	46	100
404	321	53	103
404	321	50	102
350	325	62	102
304	325	60	106
250	325	54	108
257	324	58	108
256	323	56	108
259	322	65	107
256	322	66	108
251	320	73	109
208	322	68	108
213	322	62	106
217	323	77	103
265	319	62	106
271	317	61	106
276	316	65	106
280	315	54	106
335	315	51	102
334	315	56	103
343	314	49	104
340	315	50	102
342	315	49	102
342	316	49	101
345	315	50	101
346	316	54	101
349	316	51	102
353	316	50	101
354	315	49	101
290	318	64	102
250	316	62	105
246	316	74	104
313	315	60	102
319	313	60	102
370	311	51	101
323	315	49	100
328	314	47	101
380	313	46	100
379	313	49	99
382	313	51	99
333	317	54	100
334	317	63	100
382	314	56	101
339	318	50	100
337	318	63	99
333	318	61	103
337	319	59	103
341	320	56	102
343	321	59	102
340	321	59	102
342	323	64	101
278	326	61	100
278	328	51	99
277	329	56	97
264	330	70	97
285	329	59	99
283	329	67	99
287	329	67	98
302	328	68	99
303	325	67	100
302	323	59	100
307	325	52	98
381	325	44	97
386	324	48	97
389	322	52	98
384	323	49	97
393	321	52	97
389	319	53	97
389	318	49	96
436	317	44	95
426	319	48	94
390	322	44	95
394	321	45	96
392	321	48	96
390	322	47	96
394	323	47	95
392	325	48	94
394	324	51	94
393	324	53	95
398	322	59	97
356	323	58	96
405	323	51	94
410	322	51	93
411	324	46	93
458	322	45	93
460	323	47	92
462	323	46	91
423	326	45	93
426	325	45	93
424	326	48	92
429	326	46	93
433	328	49	91
435	327	42	92
433	328	50	91
433	329	46	91
438	328	49	92
437	328	47	92
432	329	51	90
441	330	46	91
480	326	44	93
468	324	52	93
468	324	53	92
464	324	57	91
460	321	55	93
423	324	52	93
413	323	63	93
415	323	57	93
447	321	54	93
439	321	56	93
420	324	51	91
448	323	47	90
445	322	47	89
439	322	49	90
414	324	44	90
413	326	50	88
410	327	44	88
408	326	43	89
405	325	46	89
404	326	43	88
404	326	40	87
401	326	41	87
401	325	40	88
401	323	42	89
399	324	43	88
393	323	48	91
396	324	42	89
393	325	45	89
394	326	42	89
422	325	42	89
419	326	41	87
416	327	41	87
410	328	44	86
368	328	57	87
370	326	48	89
369	327	46	88
372	327	46	88
375	326	49	88
403	325	46	88
401	326	48	87
411	325	48	86
408	325	51	86
382	325	43	87
385	326	41	86
420	324	40	87
389	326	46	85
392	327	39	85
394	326	45	86
396	328	41	84
398	328	44	87
401	329	43	85
402	330	46	86
405	330	45	86
401	329	55	86
408	330	45	87
411	331	46	86
439	330	44	85
407	332	43	85
404	331	52	85
409	330	52	86
402	331	57	86
410	331	52	86
412	331	51	86
410	330	59	86
423	331	45	86
425	332	46	84
457	332	43	82
453	331	48	83
439	332	42	83
433	331	40	84
437	332	37	82
470	331	37	83
437	333	40	82
473	331	38	82
469	331	44	81
443	333	40	81
445	333	40	81
445	332	42	81
450	333	40	81
452	331	45	82
450	333	42	80
447	332	49	81
476	332	48	81
466	333	52	80
451	332	48	82
410	332	44	83
412	333	47	82
417	333	44	81
409	333	53	81
383	332	52	83
417	333	47	82
465	334	52	79
496	333	43	80
488	332	51	80
475	332	44	80
474	331	42	79
476	331	41	79
475	329	43	79
503	328	38	78
476	330	35	76
475	330	36	76
475	332	35	75
474	332	36	75
474	334	36	75
473	333	37	76
470	334	40	75
473	333	43	75
471	332	46	77
475	329	48	78
471	330	50	77
475	329	51	79
430	330	48	77
464	328	50	78
423	330	60	78
423	331	55	78
394	330	53	78
429	330	54	78
431	330	61	77
431	332	59	77
443	332	59	77
441	331	58	78
449	332	56	76
449	332	52	77
453	331	50	77
424	333	43	77
426	333	41	77
425	333	43	75
422	333	47	76
458	332	53	76
494	331	44	76
498	332	43	74
496	330	45	75
501	329	39	75
503	329	39	75
501	330	40	74
500	329	43	75
497	329	41	75
493	329	46	75
493	330	40	75
458	330	44	76
492	330	45	75
457	330	45	77
491	331	45	75
491	331	49	74
495	330	48	75
495	330	45	75
524	330	39	74
516	330	45	72
500	329	38	74
498	330	38	72
502	330	35	73
502	331	35	72
499	330	39	72
498	330	38	72
502	332	35	71
496	331	38	72
467	333	37	72
469	333	40	72
465	333	40	71
499	333	36	72
503	332	36	72
497	333	40	72
499	332	39	73
496	333	41	73
494	332	47	72
497	331	47	74
491	332	51	74
487	332	59	74
499	333	58	73
493	332	62	75
494	333	60	73
461	335	67	72
470	335	56	71
457	335	56	72
475	333	58	75
504	333	55	75
511	334	46	72
512	334	43	72
503	335	46	71
520	336	40	70
517	334	48	71
521	333	40	71
517	334	48	71
479	335	50	70
454	334	42	71
456	334	38	70
458	336	34	69
460	336	32	67
458	336	34	68
461	335	34	69
462	335	34	68
461	335	33	68
458	335	38	68
465	335	36	69
465	334	33	68
489	334	39	68
492	333	42	68
495	334	39	68
494	333	41	68
500	332	42	68
496	330	50	70
498	331	51	70
475	332	40	69
480	333	33	68
479	334	33	66
478	334	34	67
478	334	34	66
477	334	36	66
477	334	38	67
481	334	36	67
481	335	34	65
481	334	32	67
481	333	32	66
481	332	35	67
480	331	35	67
480	330	33	68
477	330	33	66
470	330	38	66
468	329	38	66
468	329	40	67
469	328	42	68
493	328	43	67
488	328	48	68
492	329	49	67
467	329	44	68
493	329	41	66
499	327	39	68
503	327	37	68
498	327	42	69
533	327	36	68
529	326	38	68
528	327	43	69
527	326	44	68
536	325	35	68
530	326	37	67
496	326	45	66
474	329	35	66
474	330	33	64
472	330	38	64
475	330	34	65
475	331	36	65
477	330	34	65
476	330	36	65
477	330	37	65
477	330	37	65
479	330	34	65
478	330	35	65
504	329	38	66
506	328	37	67
502	328	42	66
510	328	35	66
509	328	37	66
509	328	42	65
486	328	41	67
546	326	34	68
548	326	34	66
548	327	32	65
552	326	30	66
551	329	31	64
552	328	30	64
550	330	33	63
550	328	33	64
544	328	38	64
549	327	34	65
548	329	33	64
551	328	32	65
547	328	38	65
545	327	43	66
547	328	39	65
546	327	38	65
544	326	37	66
508	328	41	64
485	330	37	62
486	329	34	63
511	329	35	62
488	329	35	63
509	329	39	61
510	329	43	62
503	328	47	64
510	327	42	64
514	327	38	64
503	327	32	63
500	328	33	63
498	327	37	63
500	327	32	63
504	328	31	61
503	327	30	62
506	328	29	61
506	330	31	60
508	329	32	61
509	330	30	60
508	330	30	60
508	330	31	61
507	330	34	61
507	331	34	61
510	329	31	62
508	330	36	62
512	329	32	61
511	329	37	62
508	329	40	63
507	329	46	64
527	329	41	62
534	329	32	61
534	330	35	60
535	330	34	59
532	329	36	61
528	329	43	61
511	329	48	63
522	329	35	61
526	329	31	61
529	329	29	61
530	328	29	60
532	329	28	60
531	330	28	59
531	329	31	60
531	329	32	60
533	329	30	60
531	329	30	60
527	329	35	60
532	332	31	58
534	330	28	59
532	329	31	59
497	330	34	59
495	329	39	60
499	330	39	60
491	329	45	61
527	328	38	61
531	328	41	61
547	325	51	63
552	328	49	61
552	325	50	63
553	328	46	60
558	326	45	62
541	327	57	62
543	327	46	62
540	327	49	62
533	327	52	62
483	330	35	60
487	330	34	60
484	330	34	60
486	330	34	60
485	330	36	60
484	331	35	59
463	329	40	61
484	331	36	59
490	330	33	59
494	329	30	59
491	329	36	60
491	329	36	60
494	329	31	60
488	328	45	61
463	328	46	62
467	329	39	62
467	330	34	61
496	331	32	58
469	330	33	60
471	331	30	60
472	331	30	59
473	332	35	59
472	331	32	60
479	331	37	60
502	331	34	59
506	331	31	59
505	331	32	59
508	330	32	59
500	330	39	59
500	330	44	60
478	330	43	60
483	330	45	61
503	331	37	58
506	331	32	58
510	331	29	57
499	330	45	58
500	330	46	58
506	329	43	59
535	325	40	62
534	329	41	59
532	328	42	59
562	326	40	59
592	323	36	61
591	325	40	58
591	327	35	58
589	324	36	60
594	324	32	60
590	326	34	58
592	325	35	59
593	324	36	59
583	325	33	59
582	326	33	58
580	326	32	58
603	325	30	59
606	326	35	57
581	329	37	56
582	329	30	56
583	330	28	55
583	329	29	56
584	329	29	56
585	328	30	56
584	328	31	56
584	328	31	56
585	326	30	57
581	329	34	55
584	328	38	56
589	325	30	58
584	327	31	56
609	326	29	57
591	326	29	56
585	326	31	56
585	325	29	57
604	326	31	55
602	324	35	56
584	324	41	57
594	325	41	58
576	325	38	57
582	322	32	58
576	323	40	57
578	323	39	57
576	325	40	55
571	326	36	54
574	324	30	56
573	325	31	54
572	327	30	53
573	327	28	53
575	326	28	53
574	326	27	53
571	326	28	53
571	326	28	53
567	326	31	54
565	326	34	54
543	327	37	55
564	327	35	55
569	326	30	55
569	326	31	55
569	326	31	54
571	326	31	54
569	326	28	54
566	325	33	54
572	326	32	52
571	324	34	54
569	323	34	55
567	323	36	55
592	322	39	56
595	322	40	55
619	321	36	57
630	321	40	57
625	321	34	57
626	323	30	55
625	323	31	55
595	325	37	53
617	323	36	55
616	322	39	55
611	321	43	56
614	321	41	56
616	322	37	55
617	323	32	53
619	323	30	53
620	323	29	53
611	325	28	52
606	324	31	52
607	324	33	53
618	322	30	53
618	324	27	52
618	324	24	51
616	325	25	50
614	325	25	50
610	325	27	50
611	325	25	51
608	326	27	51
607	325	32	51
597	326	33	51
591	327	31	52
595	328	30	52
585	331	28	50
585	330	29	51
577	330	29	52
577	330	31	52
578	330	35	51
570	328	33	53
582	329	31	51
582	329	29	52
563	328	29	52
561	329	29	51
560	328	34	51
562	327	35	52
567	326	29	53
557	327	28	51
555	328	28	51
555	327	28	51
563	327	28	51
558	329	31	50
548	327	28	51
548	325	30	52
558	326	30	52
547	325	32	52
540	322	32	54
537	326	30	50
532	324	34	52
530	323	32	52
533	322	29	53
533	323	27	51
532	323	26	51
531	324	27	50
529	323	28	50
528	323	28	51
527	323	28	51
527	323	29	51
529	323	28	51
531	324	27	50
530	324	26	49
531	324	26	49
528	325	27	49
525	325	28	49
524	324	29	49
523	323	29	50
497	322	32	51
498	322	36	50
490	321	37	50
495	322	38	50
493	321	37	51
499	320	35	51
525	321	28	51
528	321	27	51
528	322	26	51
526	321	27	51
529	320	27	52
528	320	26	51
527	320	29	50
527	320	29	50
527	319	29	50
524	319	34	51
528	319	31	51
530	318	33	52
533	320	28	50
532	321	34	49
531	323	30	49
531	320	33	50
532	323	28	48
530	322	32	49
529	320	36	52
531	322	33	50
502	322	35	49
503	323	44	48
484	320	40	53
487	322	33	51
489	323	29	50
489	323	31	50
506	322	35	51
535	322	30	50
536	322	29	50
537	321	28	50
538	321	31	50
537	322	28	49
533	321	33	50
531	321	33	49
529	322	34	49
519	323	34	49
519	323	32	48
523	321	33	51
523	323	34	49
521	324	33	49
519	323	39	50
541	323	35	50
545	323	32	49
544	324	31	48
542	323	32	50
542	324	29	50
539	323	34	49
534	325	39	49
515	324	38	48
517	325	34	49
519	327	34	48
519	326	31	48
520	326	30	48
517	327	32	48
525	326	35	49
523	326	36	50
521	326	38	50
519	326	38	50
518	326	38	49
508	328	37	48
505	328	30	47
509	328	30	48
527	326	31	49
529	327	31	49
527	327	33	48
526	327	35	49
506	328	36	48
506	328	34	49
528	326	31	50
527	328	33	48
551	328	30	48
548	328	32	48
519	329	35	48
527	330	31	47
522	330	29	47
521	331	29	47
523	330	26	47
524	331	26	46
520	331	33	47
519	330	34	48
518	331	33	47
552	329	27	48
552	329	27	48
549	330	29	47
562	331	34	48
564	330	36	49
541	330	37	48
549	331	28	48
530	332	33	47
538	331	32	49
527	331	36	48
525	332	35	48
500	334	37	47
500	333	34	49
502	333	30	49
503	334	30	48
503	335	33	47
503	335	33	47
502	335	33	47
500	335	32	48
503	335	29	47
501	335	32	48
501	335	32	48
503	336	31	47
500	335	32	48
500	335	35	47
506	334	28	48
503	332	35	49
501	333	39	48
499	333	43	48
495	332	41	50
497	332	39	49
503	333	32	49
505	333	32	47
503	335	31	45
506	336	26	44
499	334	30	45
502	334	28	45
498	333	33	46
498	332	33	47
496	331	34	48
495	331	33	48
496	331	31	48
491	331	36	48
515	330	32	47
517	331	32	46
513	330	32	47
519	328	31	46
512	327	34	47
543	325	27	47
544	323	23	47
542	325	25	45
512	324	32	45
514	326	29	44
534	324	27	45
532	324	28	44
528	326	26	45
530	329	24	43
523	330	22	43
519	330	24	43
516	331	23	44
489	330	28	44
495	328	27	45
498	327	28	44
470	326	31	43
436	322	26	45
439	319	27	45
440	316	24	45
444	314	22	44
444	314	22	44
442	313	25	44
445	313	24	44
442	313	25	44
425	313	23	45
427	314	23	44
428	315	22	44
430	315	22	43
453	315	23	43
457	318	23	42
438	319	25	44
438	320	25	46
434	323	30	45
424	324	26	47
428	326	25	46
426	329	25	45
442	332	24	44
462	332	22	43
439	333	29	44
458	332	30	45
456	331	35	46
456	330	37	45
449	327	38	47
442	327	30	45
458	327	30	45
431	327	26	45
433	327	27	46
464	326	24	44
465	326	22	43
466	327	22	43
465	328	22	42
467	327	23	43
466	328	23	43
467	329	24	43
435	329	23	44
435	330	23	45
436	330	25	45
435	331	24	44
438	330	27	45
438	330	24	44
439	332	22	44
441	332	22	44
441	331	24	45
443	331	26	45
439	332	23	45
474	333	22	42
474	332	22	42
475	332	21	42
475	332	21	41
476	332	21	41
475	332	21	41
477	331	20	42
476	332	22	42
