550	348	19	36
548	348	18	34
547	348	18	34
546	346	18	35
544	344	18	35
544	342	17	35
542	340	18	35
541	341	18	35
540	342	18	35
539	344	18	35
541	346	17	35
541	349	19	35
542	351	20	34
542	351	20	35
543	354	19	36
543	354	18	37
543	355	18	36
542	354	18	37
544	355	18	36
543	356	18	36
543	356	19	36
542	357	19	35
542	357	19	35
541	356	19	35
542	356	19	35
543	355	19	35
544	355	19	35
544	355	20	34
543	355	18	35
544	355	19	36
543	355	18	36
541	357	17	35
541	357	18	36
540	357	18	35
539	358	18	33
539	358	18	33
538	358	18	33
537	359	19	33
535	359	19	33
534	358	20	33
533	358	19	33
532	358	18	33
531	357	18	34
531	357	18	35
529	357	18	35
529	359	18	35
526	361	18	34
527	363	17	34
525	364	18	33
525	364	18	34
524	365	18	34
523	365	19	33
522	366	19	33
520	366	19	33
519	365	17	33
519	365	16	34
516	365	16	36
517	365	16	36
516	365	16	36
515	366	17	36
513	367	17	35
514	368	17	34
512	369	17	33
511	369	18	33
509	369	19	33
508	367	19	34
508	369	19	34
506	367	19	35
505	365	18	35
504	364	18	35
502	364	17	35
502	363	17	35
501	363	17	35
500	363	17	34
500	362	17	34
499	362	18	34
498	360	18	34
496	359	19	34
497	357	18	34
499	356	18	34
501	354	17	35
501	354	17	35
501	355	17	34
501	355	16	34
502	356	16	34
501	355	17	34
503	356	17	34
504	356	18	33
504	356	18	34
502	358	19	34
502	360	19	34
501	363	18	33
499	365	18	34
500	365	18	34
499	366	18	35
497	366	18	35
497	365	17	35
495	364	16	35
494	363	17	35
492	363	18	35
491	364	18	34
490	363	19	35
489	363	19	35
488	364	19	34
488	364	19	35
487	364	19	36
487	367	18	34
486	367	17	35
485	366	17	35
484	367	16	34
483	366	16	35
481	366	17	35
481	366	17	35
479	365	18	34
478	365	18	34
477	364	19	34
476	363	18	34
476	363	18	33
476	363	18	34
474	362	18	35
473	363	18	34
473	363	18	34
470	363	18	35
468	362	19	36
468	365	18	34
468	364	18	35
466	364	19	36
466	364	19	34
464	365	20	34
465	364	20	35
464	364	19	35
463	363	19	35
463	363	19	35
461	363	19	35
461	363	18	35
460	362	18	35
459	362	17	36
458	363	18	36
459	363	18	35
457	363	19	36
456	364	19	36
457	363	20	35
456	363	21	36
457	362	21	36
455	360	21	36
455	360	21	36
454	357	20	37
452	357	19	36
451	356	19	36
450	356	20	36
449	355	19	36
447	356	19	36
425	359	22	34
426	359	21	36
427	359	20	36
444	359	21	36
444	360	21	35
444	361	21	35
443	361	21	35
443	361	21	35
444	362	20	35
443	363	20	36
441	362	19	36
440	363	20	36
440	364	19	36
438	364	19	36
437	364	20	36
435	364	21	37
434	364	21	36
433	363	21	37
432	364	22	36
431	364	22	36
431	363	22	36
430	364	21	35
428	364	20	35
428	364	19	36
427	364	19	36
427	366	19	36
424	366	20	36
424	366	19	36
423	367	20	36
422	367	20	35
422	367	21	35
422	367	21	35
422	367	21	34
422	368	21	35
423	367	20	35
422	369	20	35
421	370	20	35
421	371	19	35
422	371	19	35
421	371	18	35
421	370	19	35
419	370	19	35
419	369	20	36
418	369	20	36
416	370	21	35
416	369	20	35
413	369	22	35
413	369	21	35
413	368	21	36
412	368	19	36
410	366	19	35
410	366	19	36
408	366	18	36
407	365	18	35
406	365	18	35
406	365	19	35
404	365	19	36
403	366	20	35
402	366	21	35
400	366	21	35
400	366	20	36
399	367	20	36
367	370	22	35
367	370	20	36
367	370	20	35
373	370	18	35
373	370	17	35
374	369	17	35
373	368	17	35
371	368	17	35
371	368	18	35
389	365	20	35
388	367	21	33
387	365	20	34
386	363	20	35
387	363	18	35
384	363	20	35
384	363	19	35
351	365	19	35
353	366	19	36
355	365	19	37
358	366	19	36
365	366	18	37
384	365	20	36
384	367	20	35
383	366	21	35
383	366	21	35
383	366	20	35
382	366	20	35
382	365	20	36
381	364	20	35
381	364	19	35
381	364	19	35
381	364	19	36
380	363	19	36
379	364	19	34
377	363	20	33
378	361	21	34
375	360	21	34
375	359	21	35
374	358	22	34
375	355	20	35
376	355	19	35
378	354	19	36
380	354	19	35
384	353	19	34
385	353	18	35
385	353	19	35
384	353	19	35
382	352	20	34
381	352	21	34
380	351	22	35
379	351	22	34
379	350	22	35
379	350	22	35
378	350	22	35
378	350	22	36
380	349	20	37
380	348	20	36
379	348	20	36
378	347	20	37
378	347	20	36
376	348	20	35
376	348	21	36
375	348	22	36
376	349	22	36
375	349	23	36
376	350	23	36
378	349	22	35
379	349	22	36
380	349	21	36
380	348	20	37
381	348	20	37
382	347	20	37
383	347	20	37
385	347	20	36
384	346	21	37
384	344	21	36
383	344	22	37
383	343	22	36
383	341	22	37
381	342	22	34
381	341	21	34
379	340	21	34
379	339	19	34
379	338	18	34
377	337	18	34
375	336	19	35
373	337	19	35
372	337	21	36
371	338	21	36
370	339	21	35
369	339	23	35
367	339	23	36
368	339	23	36
366	337	22	35
365	335	21	36
364	335	21	37
364	334	20	37
363	333	19	36
361	332	20	37
360	331	19	35
358	331	21	36
357	332	21	35
355	332	22	35
353	332	23	35
353	332	23	35
352	332	23	35
350	332	23	35
350	332	23	35
350	332	20	35
349	332	19	35
348	331	18	36
346	331	20	36
344	331	20	36
343	331	20	34
342	329	21	34
340	330	22	34
338	328	22	35
338	328	22	35
337	328	21	35
337	331	20	36
337	332	20	35
343	335	19	35
332	341	18	34
341	341	19	36
351	340	21	37
355	340	21	37
356	336	21	39
380	333	22	35
380	330	23	35
379	321	22	38
379	315	22	38
377	308	22	38
378	304	18	36
357	305	17	35
358	304	16	35
360	304	15	34
358	305	15	35
359	306	15	35
359	308	16	36
378	306	19	34
378	307	20	34
379	306	20	34
383	306	23	35
398	305	22	34
386	301	19	37
401	302	20	36
411	305	19	35
421	307	18	35
427	307	17	36
446	309	18	33
446	307	18	34
448	306	19	34
449	302	20	34
452	298	22	35
461	292	21	36
465	288	19	36
468	288	20	37
471	289	19	37
475	290	19	35
476	296	18	35
480	295	18	35
481	294	20	36
483	293	21	35
486	292	20	35
487	291	20	36
487	289	20	36
490	286	20	37
490	286	20	36
490	285	19	36
489	284	18	35
490	284	17	37
490	283	17	37
490	285	17	37
490	286	17	36
488	290	18	35
489	288	19	36
488	291	19	35
488	290	20	35
488	290	20	35
487	289	20	36
486	289	21	36
486	289	20	35
484	289	19	36
484	288	19	36
483	288	18	36
480	290	18	36
479	291	18	36
479	291	19	36
477	291	20	36
476	291	20	36
475	291	20	35
474	289	20	35
473	288	19	34
472	287	19	34
471	286	17	34
469	285	17	35
467	288	17	34
466	288	17	36
465	288	17	36
464	288	17	36
464	289	18	36
463	289	19	36
462	289	20	35
460	291	20	35
458	294	19	33
457	294	19	34
457	295	18	34
456	296	17	34
455	296	18	36
453	296	18	36
452	296	18	36
450	296	18	35
449	297	18	36
448	298	18	36
446	298	19	35
444	295	20	36
444	292	20	36
442	288	20	37
441	285	20	37
438	279	20	37
438	277	19	36
438	275	19	37
438	276	18	36
437	278	18	35
438	280	17	34
436	279	18	35
436	279	19	35
435	277	19	35
433	276	20	35
432	274	20	35
429	272	20	35
429	271	19	35
427	271	19	35
427	271	18	35
426	269	18	35
424	269	18	35
424	269	18	37
423	272	18	36
422	275	19	36
421	277	19	36
421	278	20	36
419	281	20	34
420	281	19	35
419	281	19	35
417	281	20	36
411	283	18	36
411	285	18	35
410	287	19	35
408	287	17	36
407	289	17	35
406	290	17	36
406	292	18	34
403	290	19	35
400	290	19	34
397	290	19	34
389	287	19	36
380	285	19	36
376	282	19	37
371	280	19	37
372	277	18	37
366	274	18	37
364	273	17	36
365	273	17	36
365	272	17	36
362	274	18	35
362	273	17	37
359	275	18	34
358	275	18	35
357	275	19	35
355	274	20	36
350	273	19	37
346	272	20	37
346	272	18	37
343	269	19	37
340	267	19	37
335	264	18	37
333	261	18	37
329	260	18	36
325	259	17	37
320	259	17	37
316	258	18	38
311	258	18	39
309	260	18	38
303	262	19	37
299	267	18	37
290	273	19	40
274	284	24	43
263	293	26	43
250	303	25	45
238	314	26	44
233	323	24	45
233	326	22	43
234	328	22	42
233	328	21	41
231	325	21	40
227	319	20	42
222	310	21	46
218	304	22	45
216	297	21	46
215	294	20	41
210	291	20	41
206	290	20	41
204	287	21	40
204	287	19	38
203	286	19	38
200	282	19	39
198	281	20	38
196	281	20	38
193	287	19	38
192	288	18	35
188	288	17	38
188	287	17	38
186	290	18	36
186	288	17	38
185	287	18	37
183	286	18	37
182	286	19	37
179	286	19	36
178	287	20	37
176	288	20	36
174	288	20	36
172	288	21	37
167	287	20	38
162	288	20	37
159	286	20	39
152	283	20	37
153	279	19	39
153	277	18	39
151	276	19	40
151	276	18	39
150	277	19	37
149	279	18	36
149	282	19	36
147	284	20	36
147	287	20	36
145	289	20	36
144	290	19	38
143	289	18	38
141	289	19	39
140	289	18	39
139	290	18	38
138	292	18	38
138	294	19	38
138	296	19	37
137	298	19	36
136	299	20	38
135	300	20	37
133	300	20	38
132	300	21	38
130	299	21	38
128	299	20	39
128	297	19	39
126	297	19	39
125	297	19	40
126	300	18	36
124	301	19	36
123	301	19	37
123	302	19	35
121	302	20	36
119	301	21	37
116	300	22	37
114	299	21	38
114	299	20	38
113	297	19	38
112	297	19	37
110	298	17	37
108	297	18	38
105	298	20	38
101	299	20	37
106	299	19	38
105	299	20	37
105	300	20	37
103	300	20	36
103	301	20	35
102	300	20	36
101	299	18	36
96	300	18	36
95	300	17	36
95	303	17	36
96	304	17	36
93	308	18	34
94	310	18	34
92	310	18	36
91	310	19	35
92	310	18	35
88	309	21	35
87	307	20	36
86	307	19	35
84	305	19	35
78	305	22	36
82	303	18	36
79	303	18	35
80	301	17	36
79	300	17	36
79	299	18	35
77	298	19	35
75	296	19	35
74	294	20	36
71	293	20	35
64	293	21	36
63	292	22	36
61	292	23	37
59	292	23	37
59	291	23	37
58	291	23	36
59	291	21	36
55	294	20	35
63	295	17	35
63	297	17	34
61	297	18	34
58	297	19	33
56	292	19	36
55	291	18	35
53	288	18	35
54	287	17	34
54	286	19	34
58	282	18	35
43	290	19	34
17	281	18	34
10	282	21	39
27	284	24	39
40	285	23	39
48	290	24	37
53	293	22	37
62	292	22	37
64	291	20	36
71	287	20	36
74	284	19	37
77	284	18	35
77	282	17	36
77	283	17	36
98	282	18	36
105	286	16	34
106	288	15	32
108	290	16	32
109	291	16	33
109	292	16	33
108	292	16	34
106	293	15	34
105	291	16	35
104	292	15	35
99	291	16	34
99	289	17	36
98	289	17	36
100	287	16	35
101	287	16	34
98	287	16	34
99	288	17	36
100	289	17	35
99	290	15	34
98	290	15	34
98	291	15	34
98	291	15	34
96	290	15	35
95	291	15	34
92	290	17	35
91	288	17	35
90	288	18	35
88	287	20	36
89	286	20	36
89	287	19	35
91	291	18	35
90	293	18	36
90	296	17	35
90	298	18	35
89	301	17	34
87	304	18	33
89	304	17	34
87	304	16	34
87	304	16	34
85	305	16	34
83	304	17	34
79	305	21	34
54	305	20	32
50	305	17	34
52	306	18	37
52	308	19	38
46	310	18	38
47	313	17	38
47	316	17	37
45	321	17	36
45	323	18	37
44	325	19	38
46	325	20	36
42	325	19	36
45	325	19	35
43	325	20	34
43	323	20	35
40	321	18	36
42	320	18	35
42	319	18	36
39	318	19	37
42	316	22	35
38	317	21	37
44	318	21	35
40	319	21	36
37	318	20	36
40	320	22	36
51	320	18	34
34	323	21	35
51	320	20	36
45	323	21	37
50	323	19	36
44	322	21	37
47	322	21	36
46	319	18	36
28	318	19	37
45	317	20	37
44	316	20	37
44	315	21	36
45	314	21	37
61	320	22	38
59	319	23	39
58	317	22	40
56	316	23	41
57	316	23	41
56	315	23	41
60	316	18	39
62	317	17	39
62	316	18	35
69	318	18	37
71	318	20	38
78	324	19	33
82	317	18	36
84	317	19	34
89	315	17	41
90	315	19	40
90	314	21	41
90	312	20	40
93	311	18	42
95	313	20	37
100	310	18	37
103	309	17	37
104	301	17	39
106	307	17	33
107	299	16	36
107	305	18	39
105	306	19	39
95	301	18	39
94	302	19	43
101	311	21	39
99	309	21	43
100	308	20	45
98	310	20	43
99	316	21	38
99	322	18	35
99	323	18	34
99	322	18	36
99	318	18	39
100	315	19	38
94	313	20	40
103	312	18	38
102	310	17	37
106	308	17	39
93	305	20	41
99	304	19	39
98	301	19	39
95	298	18	38
92	297	19	40
90	296	19	38
81	293	20	43
64	292	22	45
50	294	24	44
39	294	23	45
27	296	24	44
20	297	24	44
20	296	20	45
17	297	21	44
14	297	23	42
21	300	21	44
20	301	20	44
22	307	19	43
25	314	21	37
29	314	21	38
7	305	21	39
18	314	21	38
16	313	23	42
16	312	21	42
19	317	21	37
21	311	22	42
47	312	20	43
46	315	19	41
52	320	24	39
58	317	21	39
42	310	26	46
46	312	26	45
76	314	21	41
76	312	24	40
68	304	25	43
60	296	23	41
79	298	21	42
81	303	19	36
84	308	17	34
82	305	19	39
83	305	20	41
83	303	23	40
87	306	23	40
93	304	22	42
96	302	22	44
98	302	22	44
101	306	23	43
102	306	23	45
103	313	23	43
103	295	24	47
106	315	23	42
110	315	24	42
111	299	24	43
119	311	21	48
126	314	21	45
132	316	21	43
134	314	25	40
135	298	24	45
137	304	23	47
137	301	24	42
137	301	23	43
137	298	26	48
139	299	26	46
142	307	27	47
