447	29	112	113
436	15	108	121
425	13	127	113
418	11	131	112
406	10	127	107
390	13	126	89
392	26	108	113
351	23	128	108
336	29	135	106
323	41	139	103
342	63	128	107
342	86	102	90
327	90	102	99
322	93	101	98
329	93	99	96
340	91	94	98
372	93	87	108
378	85	85	94
384	68	84	84
396	34	90	96
409	30	100	98
435	42	92	99
443	59	100	102
453	79	104	95
438	103	118	98
429	125	127	98
418	141	119	104
436	150	122	109
447	157	119	109
437	159	124	110
441	157	125	117
383	149	133	113
387	137	138	121
423	118	133	115
427	108	137	129
447	68	117	125
432	54	127	115
413	37	128	107
397	43	120	117
390	54	108	110
378	56	110	108
385	110	118	144
404	129	121	142
354	100	128	118
352	110	114	119
371	133	143	134
332	139	114	121
326	166	107	105
328	181	103	101
339	181	99	97
352	187	95	92
353	178	93	98
358	170	100	97
359	165	107	97
371	162	122	96
368	160	133	103
393	165	120	110
403	182	118	119
434	201	102	114
437	223	98	103
431	233	102	96
403	235	117	102
391	237	113	103
371	244	117	99
366	238	114	103
350	245	113	93
338	248	119	91
313	252	107	88
298	261	108	76
285	265	118	76
273	266	125	73
269	266	111	71
268	264	98	67
272	260	98	71
283	255	99	80
298	241	105	96
319	231	118	114
322	223	121	117
326	208	114	137
334	240	111	110
340	262	113	88
352	258	129	84
363	262	133	77
432	189	97	127
450	182	104	145
451	216	125	123
461	220	139	119
498	234	134	113
511	242	135	100
516	236	139	105
526	242	135	104
526	237	117	111
527	240	113	108
521	232	103	112
519	237	101	115
511	230	99	113
505	239	93	114
507	232	90	121
505	214	88	121
508	220	98	113
507	213	111	117
476	205	129	116
464	204	124	123
408	217	148	115
409	197	140	143
322	245	155	95
287	268	153	77
276	278	128	82
264	283	98	83
260	278	90	85
259	277	90	88
258	277	87	89
256	276	84	94
255	277	87	93
251	278	99	96
248	280	111	104
272	229	135	139
289	235	133	112
278	240	101	94
290	235	93	97
298	236	101	97
313	269	106	104
314	257	114	121
357	285	109	106
380	286	136	97
405	272	129	100
424	263	125	94
470	243	134	97
511	232	134	111
529	229	133	105
540	224	133	107
541	221	138	100
539	219	139	95
525	215	143	98
523	226	137	105
510	216	139	126
538	222	116	135
527	237	118	130
526	247	119	126
512	253	134	124
487	257	144	120
530	254	106	122
494	247	125	130
332	267	123	115
305	255	136	119
291	246	139	123
282	240	134	122
278	238	120	114
285	240	114	98
284	247	119	90
292	251	127	90
306	245	132	91
327	247	123	94
326	252	119	98
323	253	119	108
317	257	117	113
312	261	116	121
311	271	112	118
313	266	90	123
320	265	81	123
313	280	96	103
318	267	120	101
319	256	134	87
345	227	135	98
372	196	147	115
410	185	146	123
416	191	146	127
470	178	168	155
469	171	173	160
475	170	170	154
477	162	168	143
484	194	156	141
482	232	143	109
478	239	135	107
480	245	124	107
479	249	125	104
481	250	126	106
486	254	132	103
492	255	129	102
494	256	132	101
497	257	133	103
500	254	136	111
506	251	140	116
512	247	139	123
514	240	135	129
515	240	133	131
518	238	129	128
515	234	126	120
509	216	125	131
490	216	141	126
463	236	157	97
467	214	150	117
444	217	145	109
410	225	133	108
391	232	131	105
381	232	127	112
372	237	122	112
372	226	124	122
374	212	127	126
379	212	135	120
378	197	148	130
376	183	153	127
418	142	139	135
421	145	142	132
423	142	145	138
435	145	144	138
458	158	128	137
491	188	150	153
496	179	158	166
482	190	181	160
469	190	177	165
449	212	165	141
413	229	180	120
375	222	163	114
374	219	151	118
373	217	144	117
376	211	133	121
371	204	131	125
350	206	153	128
352	203	156	125
324	200	170	111
297	190	162	120
284	176	143	129
262	171	169	98
234	172	173	104
214	177	173	114
197	186	174	117
194	196	163	123
191	199	158	127
216	239	144	111
223	251	132	110
232	259	119	114
239	260	109	125
252	256	114	129
261	246	119	131
264	236	129	135
270	228	136	138
273	223	151	148
273	219	172	149
271	216	193	153
286	210	192	154
298	209	203	144
321	205	202	144
367	195	194	140
408	174	166	159
393	163	175	169
472	161	152	166
496	161	164	162
501	166	179	155
506	172	188	151
499	175	199	152
492	181	194	149
478	181	182	164
463	174	176	177
464	199	158	163
450	211	147	147
427	233	139	126
374	236	146	136
337	237	148	152
334	223	164	166
324	227	186	167
287	227	212	165
268	222	232	158
234	225	201	151
208	224	195	141
171	233	182	129
144	236	160	122
127	238	146	123
113	238	156	133
107	230	172	141
106	223	186	154
113	203	199	172
130	179	207	187
193	156	185	194
271	141	149	180
335	121	132	179
366	99	145	182
383	82	163	193
398	66	174	205
406	58	229	208
409	63	232	205
407	73	234	197
394	89	208	192
380	114	194	177
362	127	181	173
340	145	182	170
315	171	198	158
279	197	201	161
250	202	195	163
169	222	242	151
134	224	231	147
116	231	196	144
76	224	218	137
80	200	200	135
99	175	191	121
118	168	175	126
158	164	171	128
190	159	165	128
283	121	195	180
369	252	182	202
396	250	164	198
413	251	162	193
398	236	175	190
443	175	159	225
442	181	197	192
483	176	169	204
490	162	173	203
491	165	189	176
483	167	178	183
483	169	172	163
461	174	173	157
460	169	169	165
466	176	156	154
447	183	148	160
464	185	146	169
467	214	147	141
456	228	162	133
437	232	177	139
423	202	175	158
449	216	174	164
438	193	171	172
457	225	168	150
443	227	177	140
430	221	177	133
431	223	173	128
436	186	166	162
466	169	150	178
408	119	166	182
406	134	172	195
394	81	187	194
395	78	187	209
396	88	192	220
397	58	200	215
393	69	199	205
395	72	194	201
393	68	193	198
390	63	199	203
388	50	203	203
387	62	200	219
387	59	195	212
389	40	197	218
388	40	200	220
384	35	206	213
389	31	206	201
391	37	201	196
391	38	196	195
392	39	197	199
396	38	190	200
394	31	190	201
389	33	207	183
401	46	198	181
407	29	192	195
420	29	171	196
421	21	179	190
413	31	190	199
417	17	203	206
408	43	191	205
412	26	226	174
407	48	177	190
402	45	180	199
409	51	169	195
400	50	177	189
417	34	184	199
408	41	208	200
425	31	219	197
434	42	198	184
471	39	181	169
480	41	169	172
431	65	188	183
400	74	188	201
407	61	189	214
403	67	190	198
398	56	192	204
397	44	200	212
402	66	194	280
404	52	195	330
414	78	173	404
411	49	180	430
404	47	186	386
394	28	188	425
379	27	203	388
361	31	219	291
355	52	209	241
349	75	202	207
351	71	198	203
331	38	186	232
326	11	170	200
324	2	161	208
323	10	159	192
328	15	149	178
330	19	133	163
326	20	127	138
339	23	115	144
334	15	114	150
322	14	120	149
316	21	129	141
310	22	137	148
255	13	139	106
263	12	118	102
259	13	109	98
261	15	122	96
255	16	124	102
235	15	133	100
245	15	133	107
253	19	128	122
252	22	136	152
257	21	113	160
257	26	117	165
277	34	115	159
286	49	120	154
280	42	133	136
335	112	155	174
330	109	169	193
334	83	172	210
334	70	180	226
335	59	183	226
339	66	176	243
335	64	191	237
343	72	195	241
356	132	211	202
418	130	163	199
462	125	173	166
458	103	157	138
447	74	159	131
444	67	152	132
447	70	145	130
446	66	137	129
449	67	135	128
445	78	129	133
462	80	121	132
447	86	134	159
454	97	141	163
444	98	152	156
466	108	155	156
434	126	161	145
441	141	156	125
509	155	127	130
479	161	145	129
438	156	177	147
449	154	177	161
404	154	153	164
414	149	152	170
451	152	143	170
447	143	145	168
411	145	154	186
410	96	165	183
402	86	162	195
403	71	167	201
414	71	153	163
431	132	139	153
426	107	135	156
408	99	136	163
393	83	144	186
397	60	139	155
369	99	151	161
409	65	133	142
406	81	132	138
370	76	142	141
363	92	110	126
373	108	142	122
385	104	144	151
380	105	154	153
385	91	149	176
398	73	130	141
386	123	128	148
384	203	121	138
383	194	116	133
383	201	116	128
380	200	110	119
384	205	103	92
381	182	92	106
378	163	93	109
376	138	85	112
387	130	94	105
368	116	94	112
357	104	88	104
353	92	88	112
347	82	82	106
344	75	81	101
336	72	88	100
328	76	95	110
330	77	100	125
328	83	100	129
332	88	116	128
339	100	129	130
338	116	124	120
342	129	124	110
340	126	119	117
364	171	117	104
371	177	123	111
405	201	112	102
433	202	98	108
445	211	98	99
454	213	90	90
459	209	93	89
460	202	99	92
469	184	103	106
478	170	113	123
468	165	123	121
480	87	100	122
485	83	82	122
480	78	83	117
479	73	82	121
478	76	85	129
482	76	86	113
476	85	88	124
477	94	89	138
465	90	101	112
468	104	96	122
471	112	97	139
465	141	109	132
468	155	104	125
461	167	104	122
459	188	116	118
441	178	122	139
426	171	125	151
401	162	154	152
384	174	139	140
374	186	149	144
360	181	156	162
346	179	160	146
324	160	134	152
308	140	108	138
314	124	105	132
316	102	104	126
311	91	102	117
302	81	111	127
292	74	105	126
284	56	92	121
272	62	85	114
247	35	99	112
240	25	101	118
234	25	100	112
244	31	98	123
239	30	108	129
243	36	114	147
241	40	113	145
239	42	131	158
245	82	132	139
256	110	130	144
272	160	123	111
289	185	114	101
304	202	117	99
323	211	117	101
340	216	118	106
367	218	109	111
394	211	95	109
412	205	88	109
426	192	82	104
442	159	104	125
444	165	121	112
451	157	123	120
449	136	122	134
454	122	133	140
450	106	119	155
470	22	82	148
473	18	78	149
478	22	72	138
482	22	71	125
482	25	72	142
479	19	77	122
478	24	73	123
465	43	99	127
465	67	112	142
449	131	124	149
445	132	135	151
436	129	130	154
427	122	124	157
405	107	128	159
401	129	130	149
402	130	124	142
390	154	141	129
383	208	124	151
376	158	115	131
397	207	115	135
386	197	117	140
368	176	137	134
352	139	130	148
320	118	141	144
303	100	152	159
296	80	155	188
267	19	159	158
288	21	119	160
289	17	103	131
286	21	103	129
307	17	98	137
301	11	107	126
312	16	101	126
309	13	106	120
310	14	102	112
308	14	100	111
277	19	125	115
252	26	135	126
275	31	153	128
229	23	166	139
288	48	206	138
302	53	208	153
321	55	213	166
348	109	212	183
387	111	193	174
425	120	168	174
403	193	134	135
440	211	111	117
459	206	97	110
470	179	96	130
472	182	102	123
483	147	90	140
484	140	109	139
482	120	126	162
491	48	116	170
510	20	102	122
519	11	90	114
515	10	83	112
516	0	77	90
518	2	80	79
483	37	77	90
482	38	77	88
481	42	75	88
480	43	78	93
456	53	84	115
471	12	86	133
457	24	82	138
458	111	126	123
447	114	132	133
438	94	141	147
489	18	107	159
497	21	99	164
501	21	97	150
502	27	96	151
498	44	103	141
500	121	98	165
468	170	114	152
468	186	128	148
461	184	136	158
449	172	147	166
363	103	178	143
361	116	154	145
372	194	121	169
368	183	115	158
363	171	134	160
345	150	126	169
350	146	151	147
334	115	144	157
316	94	137	163
308	88	146	158
287	68	142	155
266	63	136	142
263	67	124	143
252	55	121	162
249	44	121	162
246	38	130	183
269	96	124	144
270	116	111	127
276	151	107	106
284	160	96	104
280	165	99	118
285	175	100	115
293	177	95	123
296	176	100	126
298	173	105	128
296	161	118	129
304	135	118	126
317	118	116	122
316	112	107	104
320	102	102	107
325	82	95	126
316	66	106	133
308	38	108	150
303	35	110	136
303	42	108	128
309	49	119	123
321	62	118	111
332	71	116	110
344	76	107	121
346	79	104	122
356	91	103	120
366	100	116	122
353	112	97	130
366	127	113	127
364	137	100	131
374	130	145	132
377	121	134	134
400	134	146	142
445	177	165	132
385	166	139	145
380	145	152	137
368	101	136	156
363	87	144	156
351	74	165	154
341	67	165	157
345	59	132	150
348	53	133	129
345	56	138	142
341	57	139	150
355	66	138	143
373	96	117	115
386	96	127	153
368	74	119	139
382	88	122	147
411	105	140	150
405	115	155	132
402	129	149	120
414	139	120	111
414	144	123	97
420	151	114	107
423	157	112	128
463	188	108	128
449	140	116	128
445	141	122	137
425	145	126	137
406	153	145	134
419	97	128	140
421	101	124	136
420	101	110	97
442	104	92	96
408	82	97	104
393	62	103	123
387	62	107	124
384	61	105	131
385	58	98	128
384	62	93	120
385	69	96	106
382	66	100	113
386	73	103	106
404	97	108	114
412	113	126	105
397	109	118	108
386	119	124	103
374	126	108	99
370	128	107	88
372	133	105	96
377	135	105	103
381	156	111	97
387	181	111	89
404	195	109	87
414	195	127	95
426	208	119	93
441	215	110	89
478	206	96	106
494	211	90	101
505	203	82	110
514	194	86	111
520	179	91	118
520	176	105	120
512	176	104	121
506	155	116	147
506	133	130	173
522	88	104	127
532	73	85	108
535	56	78	117
536	42	70	128
532	30	71	131
524	21	74	119
519	23	77	120
515	24	80	111
517	30	95	117
523	44	98	132
524	59	105	118
528	74	102	114
529	82	96	118
530	109	98	125
525	102	98	138
526	109	85	104
526	153	94	103
531	157	87	115
502	156	106	110
515	161	94	95
524	167	86	98
528	162	80	93
526	160	79	95
525	156	75	94
527	153	79	115
527	154	87	118
522	158	86	115
514	148	96	129
510	100	86	125
500	88	83	115
485	78	86	105
476	71	89	101
467	61	87	103
455	53	84	114
446	52	85	118
440	53	89	118
430	56	95	109
422	59	108	111
412	61	115	120
398	61	124	125
414	92	136	115
406	106	155	123
400	118	163	129
389	120	176	137
406	145	163	112
419	161	155	123
434	167	143	140
444	190	144	137
451	218	141	118
462	228	132	117
473	230	121	113
470	222	123	116
457	211	128	117
448	200	138	137
438	181	150	148
417	170	164	160
405	143	162	178
397	122	151	183
396	82	131	174
393	68	126	127
393	74	120	121
392	63	119	110
393	48	119	120
392	46	125	116
391	49	126	116
398	54	122	126
409	52	115	126
406	59	120	119
398	67	121	117
387	68	116	114
391	73	107	111
385	101	119	112
395	121	140	102
386	118	134	114
391	130	129	98
401	139	155	103
411	147	184	138
377	172	146	87
379	192	129	65
386	192	115	75
401	198	113	77
414	200	105	81
422	205	105	88
427	211	107	83
430	214	109	85
430	216	98	86
432	218	101	81
433	219	100	80
429	215	95	80
427	209	112	80
425	207	105	78
421	205	102	76
421	205	104	74
415	205	106	72
409	198	103	83
406	189	121	82
401	174	122	94
403	138	122	97
414	115	110	102
406	84	104	110
414	61	104	118
407	50	109	121
405	47	113	123
406	45	110	121
392	61	126	106
387	71	136	100
388	71	135	106
394	92	123	100
419	106	117	94
433	114	113	90
424	112	102	97
419	113	97	102
421	106	90	103
404	106	94	103
406	123	94	96
412	135	93	98
438	141	112	102
418	159	104	114
426	170	105	116
430	190	106	109
418	185	113	112
417	183	126	117
407	175	127	119
397	164	128	113
393	145	122	121
394	132	109	104
402	120	108	101
390	106	113	104
392	102	120	97
392	100	118	88
392	99	117	87
389	100	128	89
389	103	138	90
402	104	128	101
415	111	115	104
412	116	104	107
418	135	98	98
414	151	101	95
414	164	110	97
413	184	115	101
418	196	117	104
431	214	112	102
437	228	107	93
441	228	105	97
432	213	111	100
416	198	119	109
406	176	125	114
395	153	123	118
396	138	108	104
391	119	107	111
389	112	106	95
387	101	107	101
393	100	109	99
390	96	105	99
390	92	103	102
388	93	102	100
383	87	108	117
369	112	137	122
364	94	123	121
355	113	138	105
353	123	133	103
354	133	122	101
355	143	123	102
354	155	115	103
361	182	120	90
362	197	108	91
364	207	103	94
366	207	111	105
366	218	107	101
369	217	105	104
371	224	110	101
369	223	116	104
366	214	117	107
350	205	115	107
342	187	118	109
336	172	111	103
327	154	110	101
320	134	113	100
316	122	123	104
323	113	120	113
323	106	110	95
325	100	105	93
319	95	111	96
318	94	119	104
314	96	120	107
316	103	123	114
333	112	125	119
321	110	124	121
319	126	132	108
336	126	156	117
326	118	135	127
325	130	141	122
323	140	141	120
325	167	153	112
324	179	131	120
340	179	126	122
382	147	135	165
375	123	151	193
381	134	154	197
397	126	138	234
397	136	153	289
403	112	151	273
394	111	180	290
399	105	177	349
402	104	172	354
379	125	185	325
356	140	191	261
327	163	162	169
328	157	141	122
339	148	135	110
348	138	125	98
351	125	124	104
354	119	133	111
355	112	125	104
365	111	120	109
375	114	124	101
383	119	128	100
388	122	114	102
400	132	110	101
405	136	111	100
416	147	108	97
425	157	104	98
438	166	98	102
449	176	98	104
464	192	97	104
470	214	104	96
480	221	93	96
474	227	95	92
484	228	86	96
487	223	88	94
489	220	86	96
485	184	87	115
467	177	102	115
468	172	104	117
462	177	101	108
495	102	71	120
502	96	66	102
495	93	77	98
492	91	85	110
478	89	99	92
474	95	102	103
470	94	101	110
468	89	105	108
473	92	100	120
473	104	101	110
475	104	103	117
460	169	116	100
476	174	115	80
485	182	106	82
474	190	107	88
467	181	109	108
452	193	113	110
450	197	116	121
445	202	114	137
436	213	111	124
437	212	112	111
453	195	105	120
454	178	114	131
457	162	111	130
463	139	113	122
475	116	105	110
473	107	107	101
476	104	108	107
475	115	102	118
473	104	113	106
471	87	117	109
466	82	119	113
463	83	117	112
460	90	109	109
458	98	110	106
457	103	111	109
459	114	115	109
464	124	112	110
465	138	111	106
468	148	107	102
470	167	105	94
464	175	105	97
462	175	103	107
448	185	107	103
443	190	108	111
434	225	83	96
432	234	71	82
432	232	66	87
428	231	66	89
422	214	70	102
413	198	74	104
382	178	96	107
373	174	115	114
376	164	110	128
374	142	110	147
376	137	106	144
381	119	103	115
372	148	103	137
366	120	112	127
382	40	94	115
374	49	103	118
379	40	93	131
383	59	99	117
372	71	98	124
371	65	94	129
366	80	85	119
351	97	85	123
342	135	117	136
352	124	110	127
357	190	109	119
359	204	108	107
366	210	103	98
365	206	99	97
361	198	101	101
357	196	102	105
351	184	102	114
354	180	100	115
355	178	101	119
357	189	115	124
365	253	105	93
370	249	86	85
377	270	75	70
382	261	69	77
378	183	85	84
381	254	71	94
377	177	92	108
375	173	105	110
377	174	119	109
384	171	124	116
391	177	120	107
398	180	119	104
407	181	106	106
400	182	121	138
402	182	137	131
400	176	127	140
407	178	121	142
402	177	142	168
414	185	130	281
402	144	153	193
405	147	149	157
410	159	136	158
412	155	133	146
411	159	137	140
407	148	139	160
402	152	136	288
403	124	162	320
402	119	141	333
405	123	168	334
403	127	155	340
412	131	168	337
406	126	159	345
405	126	162	341
402	124	152	346
400	130	138	324
392	121	145	329
386	139	166	278
394	159	150	313
394	147	160	327
393	142	147	328
393	122	132	365
392	123	129	351
390	126	143	279
391	118	131	338
386	124	139	341
378	121	158	339
386	111	138	357
387	128	134	328
385	125	132	335
383	118	129	354
383	120	132	351
384	131	127	346
389	122	128	356
385	121	142	345
383	119	155	344
378	115	167	352
381	106	157	370
384	109	153	371
384	112	155	374
387	115	152	383
387	120	152	375
389	123	155	366
393	128	146	363
395	124	150	356
396	126	146	337
404	122	135	341
399	119	136	355
400	121	138	358
399	126	137	354
401	131	134	344
403	143	136	324
409	153	124	305
412	166	126	250
415	155	121	300
414	143	124	326
407	134	147	323
401	126	142	332
404	128	139	324
401	133	146	298
409	129	157	339
407	130	144	337
410	129	156	335
408	125	146	341
410	122	141	343
410	118	140	346
412	112	137	353
410	113	143	350
410	115	146	352
405	118	145	343
409	119	153	353
409	122	152	342
410	123	157	342
403	117	150	349
401	114	151	350
402	112	148	351
405	112	146	348
408	112	139	347
406	120	154	343
412	122	145	346
412	130	141	335
415	138	130	330
420	147	125	325
419	156	127	321
413	143	131	278
414	147	133	311
408	157	147	222
410	160	148	310
408	153	137	328
410	149	131	330
416	143	123	339
419	139	119	332
418	129	135	338
413	117	136	341
410	120	135	337
406	115	142	344
409	117	145	348
412	124	152	351
404	124	164	357
402	128	174	343
405	125	173	348
401	118	162	369
403	116	158	372
403	109	155	367
405	102	144	380
392	100	160	381
393	101	172	381
399	104	163	378
409	119	151	352
410	124	158	350
412	126	153	349
410	125	139	350
418	123	136	345
420	118	131	351
416	111	142	324
419	120	134	347
421	124	134	335
426	143	140	310
419	147	164	231
456	203	160	158
491	256	120	114
503	249	106	113
505	245	102	112
504	222	109	117
515	216	106	112
514	206	106	106
515	185	108	109
517	180	100	105
530	174	105	106
527	175	112	104
517	176	118	107
522	176	118	105
522	176	115	100
522	173	107	99
519	169	100	102
511	174	91	103
510	193	82	103
498	196	83	121
449	170	122	117
496	183	100	112
475	178	103	109
502	275	104	109
494	284	104	101
481	291	105	93
477	284	108	87
473	276	107	90
471	275	108	90
471	272	108	92
473	268	116	98
484	260	115	104
495	248	120	115
504	240	117	118
499	222	116	123
491	198	128	142
479	191	149	142
474	174	142	156
494	155	134	140
488	160	136	142
495	151	142	148
511	154	134	152
514	155	133	136
517	162	133	134
513	166	134	127
516	178	124	118
520	186	111	123
511	190	118	132
515	215	114	125
510	220	124	140
512	239	119	148
503	223	126	172
506	286	121	123
499	288	119	119
499	295	117	106
487	259	116	128
498	271	108	104
496	271	108	103
496	267	107	106
497	259	106	113
497	258	118	111
505	247	115	115
509	250	119	110
517	235	120	113
513	215	127	126
516	182	125	149
520	160	123	157
500	152	133	130
459	158	154	125
509	141	128	163
526	135	120	145
538	138	115	135
549	148	111	122
558	160	106	118
551	169	115	122
551	175	122	123
554	184	125	128
551	192	125	125
554	214	125	112
540	202	123	133
532	223	126	147
532	255	120	119
525	256	126	137
526	273	123	124
517	275	128	124
505	271	125	114
494	257	123	124
487	248	127	131
481	253	133	125
482	253	131	124
480	255	132	125
479	251	132	134
478	252	128	133
475	255	127	130
468	250	125	132
453	244	119	125
441	247	114	117
426	253	108	106
407	255	103	105
394	263	99	98
367	260	117	98
351	256	119	104
340	253	122	104
332	250	127	107
328	253	118	106
334	257	105	101
343	265	97	101
350	270	98	99
355	274	97	96
357	274	99	97
365	273	124	102
356	265	124	112
352	262	116	112
350	259	118	108
354	256	113	108
342	250	122	111
345	217	115	106
345	204	112	103
346	191	124	106
333	183	113	103
338	170	117	106
328	170	109	103
324	169	113	102
324	166	113	108
324	167	117	111
329	193	160	104
324	203	134	103
330	211	123	100
331	219	122	110
330	224	121	112
329	231	125	119
343	246	131	114
348	251	133	117
360	255	136	112
374	255	132	116
393	256	121	117
405	259	126	114
415	262	125	113
422	259	132	115
425	260	122	116
428	258	122	118
437	259	107	115
439	256	96	111
437	245	91	116
435	230	78	123
433	215	70	127
421	187	71	136
406	174	81	118
394	165	96	101
384	161	111	89
383	158	120	83
398	157	170	78
380	150	150	78
385	153	150	92
376	150	149	100
371	150	135	113
368	153	127	105
365	169	123	98
363	169	119	99
367	171	116	100
374	176	121	98
382	180	127	104
382	180	121	107
392	175	114	113
396	176	104	109
393	177	112	107
386	181	121	106
381	189	127	100
379	191	126	97
383	193	125	97
387	204	128	94
387	213	131	93
397	217	121	86
402	217	120	86
400	204	107	85
396	188	104	92
390	145	136	130
366	108	118	113
359	107	107	97
360	92	105	100
366	86	100	106
373	73	106	124
377	89	99	129
375	96	99	129
380	98	107	130
380	111	106	125
349	122	137	115
333	129	142	107
365	129	166	126
342	134	194	108
312	148	171	94
413	185	142	105
383	168	171	129
379	172	169	122
377	172	179	128
357	169	192	132
315	147	162	106
364	156	131	109
372	143	102	116
330	174	134	93
311	202	135	77
308	210	109	91
316	221	112	92
315	234	104	98
320	237	107	99
321	237	103	106
326	234	138	106
314	231	127	111
317	218	132	116
311	211	111	115
306	203	118	113
298	181	115	115
290	172	125	114
298	156	125	104
308	136	127	99
305	119	127	108
297	111	95	96
301	100	83	97
303	100	81	108
311	99	105	117
307	97	112	118
311	96	123	115
304	107	118	112
308	119	122	107
315	116	120	133
305	133	135	140
306	166	134	123
303	196	134	113
310	199	130	113
315	204	123	108
316	208	123	108
321	211	125	108
325	213	127	102
326	207	126	105
326	206	124	102
335	206	131	100
333	202	134	100
328	207	141	92
324	210	121	90
323	213	114	90
324	208	115	95
329	200	113	97
334	182	112	94
329	175	120	93
319	161	122	87
313	155	124	83
324	142	107	93
297	126	116	95
296	114	117	110
292	101	126	105
281	90	132	109
284	92	118	122
296	96	136	128
284	109	119	115
288	140	107	104
290	135	125	114
294	137	123	114
283	171	104	108
286	173	101	114
294	190	94	105
300	197	86	115
306	211	83	114
311	224	88	110
311	216	90	115
311	220	98	118
312	223	101	114
308	227	116	113
303	221	133	120
299	221	136	118
301	220	136	118
307	221	132	116
322	225	119	109
337	227	107	111
342	226	105	116
345	232	116	116
346	229	131	121
353	238	138	118
349	242	145	125
344	235	154	132
345	237	151	131
342	238	162	127
338	227	160	128
331	221	150	120
327	216	149	118
329	217	134	118
327	218	129	114
330	227	133	105
328	237	142	98
340	238	135	100
339	238	139	100
333	237	151	107
333	233	156	114
330	235	169	120
339	236	158	118
349	240	154	120
361	239	151	130
371	242	136	131
381	252	136	129
379	257	128	128
385	249	137	131
380	240	146	138
381	228	152	154
381	216	148	155
375	230	150	133
361	244	139	119
362	260	143	104
351	267	153	103
342	268	150	106
327	268	130	108
319	269	109	108
321	270	91	107
308	265	98	110
291	266	110	116
279	262	109	134
280	255	99	140
277	260	99	131
273	252	102	132
267	251	131	122
258	240	138	126
255	242	145	121
252	240	149	120
254	247	150	111
269	247	155	112
285	243	155	119
341	246	162	114
385	255	159	104
387	256	163	105
416	255	164	114
480	263	126	115
487	263	142	117
492	255	153	139
496	230	156	164
494	202	163	190
510	202	148	180
537	209	117	167
550	229	100	137
546	228	112	125
534	237	139	106
531	235	147	103
525	217	147	126
514	219	167	143
507	246	182	126
490	243	167	136
479	222	164	158
444	250	177	130
421	256	161	126
405	263	132	112
354	272	129	107
327	269	137	114
300	260	138	122
289	250	145	126
283	238	147	126
276	208	148	135
267	197	148	130
260	203	154	112
262	214	155	104
257	213	158	100
275	210	159	108
282	220	156	115
289	252	166	112
326	254	178	110
352	261	164	113
362	258	166	141
389	251	147	156
414	251	120	148
420	239	110	137
426	232	119	139
441	225	116	135
458	202	134	160
454	204	112	150
447	194	128	144
432	189	147	130
424	189	159	116
421	185	168	117
424	200	175	130
421	216	176	135
413	224	180	142
383	232	190	150
340	238	176	157
332	243	156	153
321	251	159	142
294	250	150	134
263	240	160	126
246	235	159	128
238	212	165	145
241	201	171	142
210	193	194	111
259	194	157	120
268	189	158	118
265	190	172	128
274	198	185	135
309	229	188	134
358	264	187	143
354	255	203	161
362	249	210	178
380	247	197	182
394	237	185	181
450	234	131	179
479	205	107	187
482	186	125	198
484	199	116	182
492	176	114	183
488	144	127	203
463	124	149	207
451	118	162	198
437	119	193	197
414	124	222	190
411	150	226	166
396	167	207	145
371	184	186	167
307	203	211	147
283	207	224	154
231	208	248	170
189	200	220	185
169	185	202	196
150	176	200	185
142	115	214	206
93	112	228	208
108	133	217	175
173	188	170	140
180	189	149	151
88	119	186	137
68	109	211	129
57	117	232	124
39	129	247	109
174	35	148	198
118	168	186	133
161	188	185	154
166	184	222	184
205	190	246	212
211	192	270	207
259	175	222	202
289	156	252	203
324	128	222	219
361	92	193	218
351	98	207	209
359	84	216	206
344	84	216	179
334	66	202	192
315	27	185	215
277	27	214	181
321	144	202	183
314	159	223	194
306	177	202	205
256	221	184	212
232	226	195	213
238	221	194	199
214	218	187	188
206	231	168	183
210	220	187	184
209	216	198	185
209	215	214	186
204	212	225	185
211	217	252	181
204	226	257	184
252	211	210	198
303	203	168	209
308	200	248	219
327	197	285	247
326	199	294	245
357	208	266	238
379	227	227	229
385	225	211	231
372	217	229	228
345	215	253	231
330	210	253	226
282	194	272	219
262	183	268	216
248	171	263	231
219	160	288	232
218	159	282	230
215	157	284	232
240	171	224	219
232	176	203	203
170	208	244	189
142	216	270	190
133	206	247	175
153	200	209	184
134	201	184	198
93	188	219	206
98	224	241	210
109	202	252	228
151	205	258	225
174	199	222	211
231	197	201	207
242	182	190	213
258	168	194	214
292	173	189	198
311	165	209	198
328	162	238	198
337	174	259	200
321	177	265	212
367	174	228	207
413	182	164	213
423	176	208	205
426	182	225	189
406	194	240	191
388	203	258	204
380	232	203	202
380	225	201	206
364	238	217	196
339	238	213	197
309	245	209	190
299	245	189	178
291	240	182	178
285	231	185	177
283	224	199	170
281	220	202	178
298	209	185	185
298	231	188	154
277	243	206	144
255	243	196	131
264	242	188	130
252	243	175	139
233	238	173	160
215	237	175	169
194	236	209	184
200	234	216	184
221	240	217	177
249	224	199	175
265	222	189	154
276	211	187	154
298	180	179	180
303	179	179	164
323	149	166	176
309	165	186	165
341	180	178	148
330	179	195	149
301	166	217	177
395	210	193	172
468	218	173	178
463	249	193	179
458	254	201	183
475	240	170	192
480	242	155	180
485	234	118	165
482	241	101	142
464	227	116	148
453	231	135	147
453	227	153	154
457	218	168	162
461	212	169	172
449	205	182	182
423	197	208	185
407	186	199	182
375	195	195	166
363	198	169	155
335	213	139	141
305	233	143	121
295	217	155	136
260	220	160	127
222	224	163	128
203	226	166	126
188	243	154	117
179	258	124	122
173	265	111	132
172	276	104	137
171	284	103	131
171	281	104	130
175	275	109	125
177	273	110	119
183	271	104	114
196	266	91	111
207	257	88	116
212	255	85	117
219	260	98	119
235	268	144	115
246	264	172	128
254	265	166	133
267	269	160	133
302	264	138	141
329	250	155	133
351	233	154	139
392	207	152	131
436	190	151	143
433	194	164	132
442	207	160	135
453	204	153	143
458	209	159	143
465	216	154	148
460	219	150	145
451	217	154	153
474	235	134	139
479	249	102	144
493	266	88	155
494	261	94	164
483	266	122	167
510	255	110	174
518	259	125	166
532	264	128	155
544	259	129	151
559	256	126	143
567	254	126	136
577	256	127	129
582	262	127	121
590	271	139	113
586	275	145	107
588	275	150	101
575	263	150	96
562	258	145	99
531	239	160	108
516	241	153	101
502	221	147	126
483	203	148	154
468	240	156	143
469	255	146	133
428	265	158	131
405	267	160	133
371	259	146	126
309	265	155	106
305	268	164	105
287	268	165	104
279	263	152	105
273	248	156	118
267	245	157	115
263	240	156	113
266	239	129	104
260	248	120	90
289	238	155	107
292	260	137	102
305	268	121	108
317	274	118	111
324	274	125	112
349	261	131	130
384	268	141	127
399	255	152	136
421	258	159	121
458	257	141	131
494	247	130	143
536	275	145	123
575	280	137	116
578	277	141	110
593	272	130	100
592	262	133	97
585	255	136	90
580	252	127	89
571	250	121	91
565	256	117	90
540	233	118	128
526	235	116	137
524	257	114	121
509	233	111	150
470	237	133	158
439	223	143	164
437	265	120	127
407	266	136	118
374	274	162	108
351	279	168	111
339	277	152	103
333	281	135	95
324	277	128	97
317	275	127	93
312	268	127	94
298	264	133	100
289	267	142	104
291	264	138	112
285	266	133	109
283	270	130	107
291	273	119	105
315	279	128	104
313	283	124	114
323	270	124	118
323	274	128	111
340	267	123	111
345	278	113	103
343	285	109	100
344	287	114	103
345	285	118	107
352	283	118	109
358	274	124	110
374	265	122	106
400	264	109	107
442	250	111	106
457	259	121	96
460	246	111	101
460	238	117	110
467	230	117	121
476	238	117	127
478	252	107	110
470	256	113	107
469	256	115	106
454	255	119	109
445	260	125	108
444	266	131	107
448	278	122	105
445	293	113	95
448	298	103	103
442	298	104	107
428	298	116	94
404	287	130	97
398	275	129	106
378	277	130	104
364	278	136	101
350	284	131	93
335	288	122	92
329	289	115	101
322	288	107	101
316	286	98	103
319	279	102	99
314	260	103	116
316	252	100	113
320	249	96	104
325	246	92	97
333	245	93	98
355	238	121	109
352	253	107	107
361	256	112	108
362	260	112	106
368	267	113	101
376	272	119	100
394	275	112	100
408	272	110	101
423	270	114	101
454	269	116	99
471	275	140	94
472	265	146	106
499	255	124	113
505	255	124	110
503	247	126	102
484	235	106	95
508	235	95	93
511	236	101	94
508	239	106	94
500	249	111	97
484	268	123	91
480	279	113	89
450	282	113	87
420	285	131	84
404	283	141	86
387	281	128	96
360	286	135	94
343	283	132	97
332	281	115	98
317	279	114	100
312	272	110	104
306	267	107	108
310	264	103	110
310	263	104	108
313	264	101	100
318	267	97	92
330	269	93	86
343	271	104	89
351	278	104	86
364	282	103	93
380	290	113	94
396	295	102	93
413	289	113	96
419	284	120	99
442	277	106	95
455	269	122	86
470	267	113	88
476	267	110	88
484	264	103	92
489	268	98	91
490	268	103	93
483	263	102	100
488	271	107	93
487	262	111	95
483	246	97	108
486	238	88	105
478	242	87	99
479	250	87	90
482	247	81	96
477	253	88	95
465	264	99	91
458	267	104	89
454	265	109	91
449	264	114	91
446	267	114	89
442	274	108	82
442	284	114	81
448	294	111	82
474	298	94	89
468	304	108	86
493	303	108	92
497	299	109	104
500	289	116	112
505	284	119	103
505	278	113	102
517	272	116	101
527	275	108	91
528	280	111	94
525	280	106	94
517	280	114	95
501	248	119	126
485	270	129	109
473	264	131	113
455	271	123	99
435	273	126	92
425	268	118	97
386	280	127	92
375	280	124	96
366	285	120	94
356	283	121	95
344	279	128	87
341	267	122	94
341	260	116	97
342	258	115	95
347	255	110	90
362	251	108	95
375	254	109	92
383	259	106	95
400	271	101	97
420	273	111	111
419	280	134	108
430	270	138	114
437	267	137	111
451	259	128	111
448	243	123	115
464	243	127	100
462	240	125	101
459	244	130	100
460	239	124	111
454	266	127	98
441	275	132	92
422	269	133	105
402	259	132	121
387	273	138	116
360	268	140	104
333	269	134	96
318	287	132	98
306	285	132	101
295	286	133	100
287	287	151	99
275	282	134	98
271	266	137	113
265	260	130	116
266	259	129	111
266	259	128	110
271	259	130	110
290	262	129	107
306	264	127	105
319	270	134	109
335	273	126	113
350	268	143	119
357	261	141	114
398	260	136	111
411	257	133	109
425	250	124	112
432	247	119	104
429	239	126	111
438	241	126	108
435	245	123	108
439	259	131	99
436	268	135	96
441	270	132	98
439	267	139	108
441	274	140	105
427	268	146	116
416	263	154	120
397	257	157	119
386	273	162	113
395	275	133	103
405	286	129	94
400	287	132	96
392	287	123	102
359	282	140	107
352	280	129	108
329	269	140	115
317	268	132	114
308	258	135	121
305	260	126	114
301	255	125	119
299	253	127	120
295	252	128	119
295	252	129	119
299	260	126	113
309	267	126	107
313	271	128	106
320	271	124	109
318	271	135	113
326	270	138	117
339	268	128	123
353	264	127	123
360	264	114	125
371	245	116	133
368	249	119	120
376	249	115	111
376	242	119	112
379	238	124	108
390	224	133	116
403	223	128	117
408	226	130	115
418	228	135	110
429	234	132	110
421	234	138	107
430	239	125	111
418	239	127	111
403	240	137	108
394	238	135	113
390	244	137	120
379	255	134	122
373	257	136	123
363	276	130	111
370	282	121	114
355	279	124	122
350	278	135	126
336	276	151	128
330	273	155	128
324	272	155	128
316	267	147	126
314	271	146	116
315	272	151	122
319	268	148	127
320	269	151	123
325	267	154	126
338	255	155	135
365	255	146	131
359	263	168	118
393	257	147	125
423	253	142	128
482	257	101	132
491	259	89	134
498	257	93	134
515	277	106	130
524	272	132	134
533	274	133	114
543	269	131	114
547	271	133	100
543	267	131	98
534	265	130	102
515	258	145	112
504	248	146	124
502	244	140	129
492	245	136	132
465	242	141	150
432	253	145	146
413	265	128	138
372	254	144	119
371	247	138	140
360	213	140	143
297	233	141	156
281	227	147	154
262	222	160	151
237	221	170	144
214	216	182	147
204	218	178	145
204	221	186	143
200	228	182	142
209	229	186	149
218	238	179	145
233	241	173	145
244	247	173	138
257	250	176	137
292	235	170	143
304	233	167	146
339	217	150	159
371	233	137	145
358	228	148	137
363	224	162	138
376	221	148	132
378	213	156	136
368	215	159	134
362	217	144	134
347	213	139	144
333	211	140	148
321	222	147	161
305	235	164	152
307	245	155	157
305	246	157	159
301	252	170	162
301	253	170	162
302	251	179	165
302	256	183	160
306	252	183	164
320	251	174	164
328	255	193	159
330	256	215	157
348	261	219	158
384	255	207	167
417	247	203	177
441	257	200	171
478	253	177	182
499	257	162	177
509	257	161	168
523	248	168	156
549	235	150	151
546	237	153	136
533	219	165	146
511	201	173	159
486	217	161	140
469	205	162	154
452	197	171	166
429	203	173	169
418	220	162	162
359	226	163	156
335	241	165	157
280	248	186	153
245	241	185	177
201	224	186	177
162	208	198	185
108	176	239	213
86	161	231	205
77	150	214	200
68	145	215	200
65	143	215	199
72	155	213	179
78	165	208	170
98	187	202	162
114	210	207	162
181	215	203	170
150	230	203	176
162	236	229	175
176	227	234	182
208	223	243	179
244	210	221	176
281	195	216	182
302	196	203	172
317	190	195	179
310	192	225	173
305	187	234	185
316	185	204	187
326	195	195	188
326	203	195	184
321	208	188	184
325	230	198	173
333	236	199	175
345	234	167	178
328	228	166	186
292	219	181	183
282	218	175	172
288	202	171	158
299	207	160	174
299	210	155	181
294	199	156	198
299	192	146	202
274	179	157	194
270	181	150	164
281	179	151	154
284	183	143	149
285	182	145	152
297	181	150	154
314	170	169	178
332	165	173	185
342	165	185	191
341	173	206	198
349	190	218	211
355	197	223	207
359	214	216	193
360	233	221	196
342	229	243	208
328	246	213	192
311	250	202	197
283	256	203	192
261	259	216	192
240	267	214	190
197	260	239	194
178	258	261	198
172	254	274	202
171	247	257	209
172	249	220	198
172	239	188	203
170	242	163	190
155	234	148	186
137	236	154	177
126	233	163	174
130	226	184	175
113	208	188	176
115	204	189	171
119	200	191	156
116	199	203	158
130	209	217	152
154	207	197	163
151	215	220	154
162	205	225	163
186	215	233	152
210	238	238	145
229	226	233	140
263	225	214	151
265	229	218	151
279	226	232	146
320	228	198	156
334	223	210	160
349	220	212	150
343	224	199	150
354	206	206	177
338	213	211	171
325	224	201	169
295	237	213	154
298	227	202	169
288	232	203	170
257	245	219	163
240	261	178	161
233	267	134	156
225	266	138	157
211	270	133	150
205	263	130	157
205	256	121	150
207	251	146	146
198	256	131	130
198	256	134	119
211	256	163	112
307	244	171	129
333	235	151	142
357	258	144	126
380	256	141	107
406	253	131	108
398	248	137	112
408	248	134	112
406	245	122	115
407	239	116	124
396	238	128	127
379	238	140	131
404	244	134	133
422	245	137	131
436	244	139	134
444	241	146	140
445	241	165	153
447	235	172	160
441	232	177	168
444	227	179	174
439	231	185	166
408	227	209	162
391	226	220	143
415	225	188	128
401	223	178	134
387	232	155	129
360	221	151	120
346	220	150	123
332	217	156	128
322	219	162	128
339	230	145	122
338	229	147	121
329	234	152	119
329	242	155	114
320	242	162	116
325	249	149	110
317	256	159	106
309	257	168	111
308	248	159	125
295	259	145	118
286	263	147	108
276	267	117	120
245	274	106	120
225	280	103	117
217	279	109	126
203	278	126	117
197	273	140	107
208	271	139	101
218	272	126	91
246	267	125	101
263	263	150	111
312	153	147	154
321	151	142	159
325	156	152	149
368	244	130	126
395	242	123	109
408	223	134	130
433	200	130	159
452	209	117	151
464	215	121	150
469	220	118	137
473	224	112	140
475	220	109	141
477	223	106	139
480	227	100	134
483	238	115	129
485	234	119	133
485	236	124	132
486	240	127	130
489	236	129	140
490	231	130	140
491	224	128	137
493	215	131	143
489	208	136	151
489	219	138	136
491	198	143	158
489	217	148	126
486	220	153	126
486	220	152	130
483	221	153	126
482	222	154	127
484	218	135	126
480	208	131	138
479	202	124	143
480	202	112	144
479	205	110	142
469	201	116	154
459	206	121	144
429	224	99	134
426	250	90	112
418	250	92	112
404	248	101	119
390	249	110	119
383	254	113	117
375	254	114	118
388	262	100	112
382	264	98	118
384	271	102	111
378	261	98	118
359	271	115	108
351	265	110	112
327	265	124	108
318	268	133	103
308	268	128	106
302	271	128	108
295	272	131	111
286	271	136	116
281	271	129	115
278	271	123	114
273	270	116	116
276	275	111	109
277	272	125	115
279	272	132	113
285	271	135	115
284	273	129	115
293	279	137	105
312	280	137	105
309	278	138	110
312	273	150	116
328	269	138	117
346	265	136	119
382	253	128	118
396	243	128	121
420	233	122	115
443	227	120	106
450	212	122	113
439	198	128	124
441	196	137	125
442	185	132	132
445	187	137	124
426	203	147	108
414	180	157	127
411	178	150	130
391	173	173	134
390	172	154	147
382	190	164	142
371	194	149	158
345	245	153	131
319	265	142	107
310	267	138	107
302	263	129	105
296	262	124	109
290	260	129	105
290	258	121	99
292	259	121	91
294	263	116	77
307	263	140	81
316	266	118	82
336	266	122	82
323	269	118	86
334	266	112	87
353	260	106	92
376	258	89	97
390	262	96	88
399	250	89	94
391	246	97	94
391	226	116	104
400	246	116	99
401	219	132	109
429	178	119	130
415	172	130	139
398	172	147	153
423	176	130	146
426	187	126	149
443	227	123	124
439	233	107	122
443	251	96	99
442	263	88	91
444	262	82	96
446	264	81	94
446	269	80	88
450	271	78	82
451	283	83	90
449	283	91	96
450	280	94	97
452	280	97	97
451	275	101	95
444	276	109	91
444	275	109	91
436	271	113	93
430	271	115	92
428	255	102	104
413	261	93	94
404	257	77	88
402	268	78	91
394	272	81	88
380	270	86	90
372	271	84	89
363	271	86	93
357	269	93	94
350	268	98	94
345	264	101	96
342	265	106	96
341	262	105	97
342	263	108	95
346	265	115	90
355	263	124	92
363	267	122	92
371	265	122	88
382	263	107	91
405	257	96	91
424	259	103	98
434	264	109	92
433	259	113	91
445	263	105	89
450	257	106	94
445	254	109	95
464	263	98	87
472	267	92	86
469	267	95	86
476	270	88	87
476	277	91	89
479	284	104	87
485	288	100	91
479	286	105	96
480	285	110	98
483	290	104	92
483	289	106	92
487	288	104	90
482	288	105	87
480	286	105	85
467	278	105	95
464	272	108	99
459	272	111	99
442	274	120	94
421	270	128	98
408	264	131	100
400	268	122	98
392	265	117	97
387	265	121	94
379	265	114	94
372	267	118	88
369	265	116	89
370	262	113	93
370	260	112	93
373	264	111	94
368	265	118	99
375	267	119	99
384	259	122	106
389	256	126	102
400	253	125	102
409	250	119	102
423	245	114	104
427	243	112	100
433	244	112	97
438	243	106	93
439	244	114	93
438	248	117	93
440	253	125	94
454	258	115	94
458	263	117	94
461	262	117	99
459	263	114	100
464	266	111	102
463	265	112	104
471	263	102	107
467	257	103	112
458	250	111	115
453	252	113	112
444	249	117	115
445	233	126	127
406	245	145	118
379	256	136	108
369	261	130	104
365	262	128	108
357	261	119	111
347	263	120	107
339	263	126	106
329	265	129	104
329	263	128	103
322	265	127	103
324	266	133	102
324	263	129	108
329	261	123	110
331	260	137	110
342	262	151	112
359	258	150	113
370	248	153	114
385	245	140	116
404	232	135	123
414	234	137	114
434	239	123	109
431	237	127	111
439	238	121	113
439	240	127	111
433	245	127	110
430	245	130	111
423	248	134	112
413	253	136	111
420	258	140	108
412	258	130	119
408	256	134	123
397	257	145	123
390	258	139	122
375	256	142	116
367	254	145	113
364	258	135	112
356	256	138	115
351	256	135	115
351	255	137	114
351	257	133	114
354	261	125	108
346	253	134	109
346	251	130	110
348	249	128	108
348	247	126	110
355	244	118	113
355	238	112	110
359	238	111	104
362	233	107	107
364	237	104	103
369	234	102	106
373	229	102	119
374	225	100	129
370	238	92	149
362	247	95	128
357	254	106	126
352	246	111	130
340	275	98	120
341	288	95	105
330	288	92	112
317	287	89	113
311	287	98	111
300	280	106	110
305	273	112	108
308	269	114	103
312	270	106	93
323	263	100	84
326	267	92	78
333	261	95	79
332	261	93	81
335	262	95	78
331	266	98	79
330	264	103	86
324	267	110	90
319	270	114	84
316	273	118	92
310	278	132	124
301	281	131	129
292	281	152	127
285	279	144	129
282	285	146	109
292	274	130	92
296	273	145	74
299	267	156	69
328	259	139	74
331	258	145	65
360	250	118	76
417	248	116	85
411	251	142	82
454	242	123	100
442	243	134	100
441	240	144	109
436	245	155	108
436	249	153	108
433	246	150	116
434	248	143	118
439	249	140	117
441	249	139	114
439	249	142	114
434	251	146	110
431	250	148	111
423	249	146	116
414	250	153	118
405	248	149	122
394	251	150	121
385	250	161	127
390	239	153	128
378	244	164	130
373	242	165	137
367	241	167	137
355	238	174	141
338	231	172	138
330	232	167	129
333	224	140	124
333	228	145	120
324	222	142	119
329	221	135	125
332	222	114	125
332	220	105	128
335	220	104	122
339	220	106	124
338	211	133	136
323	214	152	142
321	210	179	145
321	213	193	145
334	216	174	152
348	221	170	151
360	227	171	142
380	226	177	139
379	228	182	136
387	227	180	134
386	228	182	128
394	232	176	122
394	233	167	130
390	235	157	134
392	232	146	147
353	229	169	144
350	230	167	143
347	228	171	144
340	223	167	145
337	226	170	143
331	214	160	150
323	207	160	157
319	205	155	154
317	196	147	159
323	188	129	157
312	186	144	154
294	197	171	152
301	188	169	167
312	183	152	172
319	199	136	158
316	205	136	145
326	210	140	139
335	216	141	136
339	215	129	140
340	215	122	141
345	217	124	140
354	214	124	143
348	210	120	151
358	205	166	159
358	198	186	168
357	194	187	175
363	186	176	182
364	192	155	173
368	185	141	181
367	177	143	185
352	187	143	175
342	182	120	178
333	194	118	167
324	188	118	175
313	182	118	188
284	197	139	179
262	224	143	169
218	228	183	168
199	226	201	176
162	241	230	172
139	248	221	169
126	249	231	175
106	251	217	179
101	257	224	181
100	251	220	189
104	248	215	187
106	246	212	178
112	248	211	162
168	233	173	154
176	234	174	141
173	233	174	138
174	225	178	148
172	231	197	148
164	218	210	166
105	210	270	175
101	202	272	198
113	192	256	205
120	185	259	202
161	188	239	203
254	185	162	226
307	173	145	244
323	165	169	236
347	177	182	231
354	189	186	221
365	200	206	205
374	193	262	215
380	192	278	226
381	195	283	223
382	196	286	225
383	191	285	227
382	183	284	230
385	185	278	232
383	183	278	233
375	181	279	236
386	180	257	234
419	184	200	226
422	174	163	229
424	163	181	186
439	167	169	206
429	170	178	222
436	167	185	216
440	165	198	234
429	169	232	228
396	172	279	231
367	179	320	230
337	184	348	233
309	191	378	238
290	195	387	248
277	196	387	257
269	200	391	258
255	204	398	259
258	192	385	276
288	190	342	276
314	185	212	271
279	199	187	270
149	217	336	256
122	202	388	291
142	196	349	302
197	186	218	310
149	190	214	289
83	199	312	288
64	205	374	286
59	205	392	273
63	207	389	269
74	211	364	265
71	216	366	260
71	219	368	259
75	221	363	254
77	224	359	255
77	220	342	257
72	218	331	252
61	219	333	232
58	212	292	233
70	203	254	221
76	203	263	231
43	202	241	230
28	199	289	227
45	194	309	220
84	178	277	227
144	176	228	230
244	204	191	202
282	217	174	195
336	208	187	187
352	205	192	197
377	197	218	211
393	173	223	219
407	134	231	234
393	105	244	249
390	107	246	246
380	94	254	258
377	100	254	251
353	109	259	237
342	149	256	211
317	162	244	204
276	178	243	203
245	210	230	191
192	231	220	180
145	242	201	182
111	248	173	193
66	247	175	192
33	243	188	181
14	236	203	165
13	232	214	151
19	229	220	141
63	224	206	141
74	221	208	143
98	227	192	138
153	222	224	149
239	209	231	170
302	195	197	191
324	193	187	168
433	181	131	176
433	180	144	174
436	170	170	179
442	160	178	179
442	142	176	195
445	133	180	195
443	128	171	185
444	126	161	191
444	121	151	189
446	127	146	182
461	155	171	163
457	156	182	160
452	158	177	160
450	167	174	155
438	154	172	158
362	132	199	191
288	134	222	188
200	191	182	175
135	197	192	160
93	186	176	168
42	163	190	188
23	151	198	194
27	149	196	187
40	163	199	157
41	173	212	137
111	155	185	145
175	139	185	158
253	84	189	200
289	74	232	203
358	22	230	219
394	25	229	194
411	23	216	169
416	22	207	122
407	21	194	115
393	22	197	110
383	23	192	120
374	21	197	135
369	19	199	152
362	19	204	161
357	32	210	169
335	51	224	164
315	72	232	158
300	92	229	157
283	145	217	153
262	192	195	118
232	212	204	118
197	222	221	127
189	229	209	141
183	236	198	145
184	241	182	141
180	235	179	145
210	201	189	168
279	94	196	205
283	43	211	255
267	211	228	192
287	211	226	180
333	179	217	157
322	181	201	155
467	170	163	145
485	149	165	166
489	130	182	175
488	111	197	189
486	99	198	198
476	89	183	203
472	88	172	202
445	87	192	185
356	87	186	176
351	99	179	143
349	121	186	119
354	120	178	119
387	124	185	119
398	122	202	119
416	128	201	125
430	137	205	120
449	142	205	121
442	153	234	105
465	158	228	117
483	167	222	115
521	166	184	129
532	176	131	129
500	192	137	121
481	184	133	132
410	129	157	141
355	151	196	147
351	144	142	161
331	144	136	153
303	137	146	160
258	130	182	181
265	121	179	197
257	115	185	202
220	111	223	206
158	108	259	202
166	97	291	205
255	86	208	222
226	88	198	184
249	81	163	164
267	76	176	159
286	77	208	161
298	69	221	162
327	72	234	183
342	58	237	191
322	76	231	177
328	107	195	156
317	108	161	153
307	143	140	143
296	155	149	141
274	152	149	143
237	174	181	151
170	201	189	154
143	206	181	146
141	219	171	134
130	228	178	130
126	225	187	122
131	214	195	127
172	215	173	130
246	228	137	120
267	218	119	120
283	195	162	148
283	170	127	164
312	140	175	175
331	68	179	204
325	47	193	229
334	40	187	232
332	40	191	226
332	54	195	229
333	54	184	223
327	54	185	224
327	61	188	224
326	66	188	235
310	85	206	234
303	96	218	237
269	117	255	208
328	105	207	218
177	214	185	136
189	223	164	115
203	225	158	109
213	221	162	105
258	199	143	126
227	195	178	111
238	189	181	110
229	169	171	124
227	151	195	153
281	130	188	180
256	129	163	181
236	125	183	188
161	164	160	149
176	171	177	130
203	156	184	140
244	130	177	151
311	95	213	166
340	81	224	199
357	76	207	192
364	82	199	200
370	87	192	193
381	89	178	194
386	103	173	173
385	109	169	191
383	109	169	204
384	118	183	194
484	167	165	158
493	177	161	147
485	173	168	139
487	170	164	133
500	161	162	119
502	148	155	124
489	139	150	139
480	136	140	143
463	137	150	145
443	143	168	145
395	147	130	144
399	165	124	129
391	190	131	127
398	209	140	118
412	223	141	116
439	229	138	118
466	224	133	128
459	225	154	127
460	206	171	145
480	181	175	167
498	163	162	144
509	174	154	124
499	166	149	125
479	165	163	127
452	166	163	123
440	168	172	125
417	177	139	118
403	188	136	115
376	207	129	116
345	226	130	114
353	220	118	113
354	226	101	107
330	214	105	112
312	202	120	122
310	186	136	142
317	156	122	148
326	188	124	129
353	170	123	131
385	185	118	112
408	200	129	125
424	221	147	132
422	212	153	148
459	245	119	129
459	236	112	136
498	253	106	121
500	233	123	124
501	233	140	116
504	219	153	128
498	180	158	140
534	173	148	112
542	182	140	98
532	184	127	107
518	189	125	113
505	197	126	114
485	203	133	129
458	202	156	140
435	202	124	157
414	238	122	131
403	248	120	112
409	241	124	108
333	223	118	98
312	213	128	110
305	201	137	124
309	201	138	122
323	205	130	114
340	204	125	116
383	203	113	128
400	233	115	117
413	240	117	112
429	248	137	107
468	236	125	120
494	239	115	111
477	222	119	114
481	213	117	128
493	192	121	127
487	186	126	101
469	193	136	95
465	178	145	120
495	174	126	124
415	188	143	141
398	187	162	139
378	209	139	111
375	207	132	99
370	202	108	98
382	188	92	101
387	170	94	115
409	145	113	131
375	119	117	154
405	92	119	126
432	91	100	112
450	95	91	114
453	101	90	114
457	102	88	111
481	156	81	108
486	169	92	111
489	179	104	107
500	172	129	115
512	166	133	122
513	153	131	126
513	144	127	141
515	124	133	121
519	93	125	115
496	88	133	101
473	66	127	112
439	45	136	110
406	43	141	118
384	54	133	121
343	71	136	104
326	87	142	118
302	100	137	119
304	113	148	121
299	117	144	131
293	155	129	111
307	153	116	108
323	148	101	109
321	141	105	105
321	134	109	102
315	128	128	108
323	109	132	123
334	102	128	112
338	100	131	109
344	107	129	110
363	97	146	98
437	106	117	96
455	129	116	87
456	126	116	102
510	171	114	117
487	173	143	119
493	172	140	127
530	176	104	129
516	175	110	122
507	166	117	138
512	154	117	153
512	137	129	153
540	66	117	119
525	53	114	111
513	46	116	98
498	44	115	99
477	57	114	111
439	72	117	110
434	96	113	129
425	117	113	154
424	143	119	141
422	165	122	146
410	155	132	166
403	143	142	196
401	158	142	182
393	165	148	187
395	157	143	141
392	154	131	125
395	152	125	117
398	165	123	115
391	156	119	115
378	156	132	109
436	165	123	83
449	167	130	77
485	184	118	84
495	185	122	93
494	186	125	107
484	183	131	118
475	198	128	110
463	189	128	119
457	189	123	120
449	176	128	123
451	166	137	134
448	146	139	153
447	121	121	149
456	103	115	107
459	92	114	99
460	59	117	107
442	37	120	96
416	28	130	101
394	31	130	112
348	71	111	102
336	82	89	89
339	86	81	96
339	86	82	98
343	101	81	111
366	180	110	103
363	181	122	111
374	192	128	113
413	191	123	117
421	192	122	114
446	177	108	125
465	169	110	128
467	169	109	123
475	164	111	120
484	164	124	117
490	164	149	122
502	165	149	128
509	176	149	123
513	179	147	127
503	171	148	135
479	175	153	122
467	174	161	123
458	183	168	125
454	185	158	142
377	229	147	122
380	229	117	113
362	232	110	99
359	226	98	97
345	210	89	109
316	205	103	105
300	189	108	118
303	180	107	131
296	171	113	130
291	174	126	134
293	164	136	126
285	145	134	115
281	136	157	89
277	133	146	94
279	132	144	95
287	136	134	94
294	142	132	88
302	146	129	88
324	152	114	94
326	181	119	88
334	194	113	84
366	198	115	103
384	192	115	111
397	181	137	119
406	180	140	116
429	176	128	110
429	160	127	110
437	145	122	105
425	137	130	95
425	136	119	82
422	135	126	80
411	138	125	75
397	146	133	74
386	149	129	81
385	157	119	90
369	170	114	105
355	187	116	112
338	211	121	110
290	222	137	111
250	227	139	121
223	217	152	127
209	198	157	131
200	187	165	136
195	180	177	146
169	154	143	121
180	148	152	112
169	132	134	99
176	132	122	95
190	131	140	108
189	130	148	123
197	140	149	129
209	169	157	115
235	184	141	109
249	212	141	114
