515	183	71	70
505	184	83	61
504	185	83	61
502	183	84	62
498	182	85	63
497	180	85	64
494	181	89	64
496	178	87	64
494	180	89	64
495	180	86	63
496	180	84	66
494	180	85	65
494	181	86	65
495	182	85	63
496	177	80	66
493	172	88	69
490	172	82	104
490	156	91	113
485	183	111	88
474	187	119	97
473	174	127	96
519	180	108	92
510	180	108	91
489	169	135	81
478	168	138	81
492	173	117	73
475	172	106	77
482	175	102	76
488	176	87	78
502	177	87	72
517	173	84	70
543	180	79	68
550	191	76	72
543	198	85	75
538	198	86	81
539	205	98	96
519	198	110	113
512	189	122	120
524	231	112	103
540	243	95	74
544	209	70	90
537	209	59	83
531	212	59	77
530	222	59	69
537	243	60	54
545	261	64	56
551	266	61	59
553	271	60	59
551	263	62	58
542	251	66	67
516	208	78	85
482	174	100	85
462	151	104	101
438	102	92	111
410	79	101	118
400	109	107	131
476	177	120	76
489	179	101	70
494	180	102	66
498	181	102	67
499	180	101	67
498	180	103	68
497	179	103	68
496	173	103	73
429	65	77	97
383	123	102	123
479	180	107	71
495	194	78	84
501	181	78	88
504	204	77	108
496	207	78	107
493	244	75	69
488	232	75	71
482	224	70	75
470	208	71	75
463	197	69	71
463	198	62	67
474	204	57	59
478	212	59	56
496	230	55	51
513	254	58	51
523	266	56	48
527	269	59	46
531	268	57	49
532	257	54	55
505	221	68	75
491	185	74	79
481	167	87	80
462	172	107	85
467	174	112	75
459	171	107	80
481	174	104	72
478	164	103	83
483	163	108	88
500	161	102	87
498	165	109	86
507	163	104	85
503	155	102	92
501	159	106	91
485	154	103	97
484	169	109	85
479	175	110	74
470	173	106	80
488	174	104	77
492	171	96	82
529	176	103	74
520	173	116	84
523	175	123	93
519	177	126	95
514	179	138	103
529	172	131	104
547	175	110	102
546	176	93	97
542	186	88	80
538	193	82	77
537	195	80	77
540	196	69	78
529	198	82	78
517	213	96	86
534	236	100	84
517	189	104	89
530	178	114	104
521	180	142	107
510	179	149	108
503	173	140	111
530	163	113	108
526	160	102	103
524	169	101	92
510	172	106	83
475	152	106	108
478	151	105	112
490	144	97	118
485	159	101	104
500	172	102	80
508	175	94	73
501	170	90	81
485	167	97	87
464	169	112	86
508	176	101	71
469	153	99	92
440	112	116	96
519	169	103	86
524	169	98	86
538	161	95	94
590	147	95	85
624	174	80	84
616	182	85	77
611	191	85	74
555	179	118	88
543	172	114	90
529	180	105	77
514	183	95	75
516	195	84	67
521	194	80	70
520	201	78	72
496	202	103	73
516	199	97	66
508	199	100	69
532	220	101	71
544	218	94	69
544	198	83	74
540	180	88	74
526	178	92	75
521	174	94	70
496	161	99	86
492	170	105	76
489	170	107	74
490	170	104	76
495	176	103	73
504	177	97	68
497	179	100	67
503	179	96	68
501	179	99	68
498	178	101	69
499	177	96	68
496	177	96	69
496	179	100	67
497	176	96	71
496	177	98	70
492	179	101	70
486	180	103	72
491	179	93	73
491	177	92	73
482	179	99	67
446	169	138	95
468	168	134	96
436	166	156	98
449	169	150	96
413	156	174	112
400	158	196	108
404	148	171	116
410	155	169	114
410	156	170	108
407	160	150	94
412	159	143	90
415	159	139	91
420	155	137	95
421	141	132	108
415	138	138	113
411	152	149	103
417	152	139	100
418	152	141	102
418	148	139	100
417	148	141	105
418	145	137	106
414	136	138	113
433	76	103	104
448	77	92	103
459	70	76	109
452	65	65	110
465	48	65	106
451	67	78	84
435	50	91	79
425	34	103	82
415	30	110	82
406	29	128	86
395	26	107	78
380	26	69	75
376	32	66	82
365	38	73	94
346	58	72	104
324	104	65	101
308	137	75	103
296	174	68	101
290	218	66	75
284	243	65	61
287	259	72	48
293	258	78	50
298	251	76	53
307	244	70	52
316	234	66	53
321	226	64	47
321	223	61	43
318	223	63	45
310	228	64	47
311	237	73	49
297	248	80	48
287	255	93	49
276	258	97	51
271	252	92	57
271	242	90	68
281	223	78	79
290	187	73	99
297	171	74	100
314	137	75	108
322	133	79	97
353	114	88	93
375	63	78	104
357	53	84	103
343	50	89	99
341	58	88	88
345	69	98	89
352	78	97	98
357	87	110	104
346	113	141	107
346	113	152	114
380	114	172	114
498	138	124	114
529	122	121	75
552	146	125	62
575	145	135	62
606	148	107	63
637	144	84	65
647	142	76	63
652	140	68	63
651	139	68	63
653	137	65	61
653	139	63	56
647	132	69	54
642	133	72	61
632	132	79	62
625	135	82	61
613	138	89	57
587	136	95	58
519	115	129	72
503	118	138	74
476	102	122	78
462	95	134	86
440	76	120	93
412	80	109	90
381	80	100	90
395	52	71	113
343	104	76	86
357	94	77	89
358	92	82	88
363	83	81	95
377	72	77	106
380	78	79	107
373	88	83	91
366	89	70	89
373	84	63	96
375	84	63	92
381	91	59	93
383	95	57	86
390	89	53	90
391	86	53	90
394	89	50	88
395	70	51	97
395	59	48	103
392	61	54	103
395	64	52	100
395	61	50	98
398	65	49	94
395	59	52	99
395	56	53	97
393	62	53	93
384	67	60	88
374	67	71	83
359	64	74	83
343	43	63	89
349	66	60	89
346	51	58	95
347	18	54	75
351	13	61	60
365	11	56	69
388	30	71	78
397	82	65	78
391	82	63	85
387	79	62	92
386	81	62	95
384	86	67	86
386	69	56	97
386	69	63	88
389	68	63	92
393	55	59	101
392	57	61	97
395	66	60	90
395	20	64	67
394	20	58	71
392	6	54	91
375	17	64	61
362	9	60	64
358	12	62	57
357	22	59	62
356	24	51	75
353	27	52	85
354	38	71	95
348	45	74	102
354	55	77	102
355	57	68	107
359	64	65	111
363	77	63	100
364	84	64	94
366	76	58	101
368	79	56	103
365	81	62	97
365	77	66	99
366	72	72	104
368	75	71	112
373	89	72	103
380	97	64	97
388	110	64	91
391	113	62	84
397	112	59	89
400	105	60	87
401	106	58	86
403	107	56	86
401	97	57	94
398	100	60	94
395	94	58	97
394	89	58	95
394	86	54	96
391	79	54	99
389	82	53	94
388	79	52	93
387	77	52	100
386	75	52	98
385	74	53	100
383	76	52	97
379	82	56	90
377	86	56	95
373	89	59	96
365	106	57	91
356	111	63	93
346	123	73	99
339	134	82	102
334	142	85	100
319	155	112	94
303	165	96	92
297	160	90	93
294	160	81	97
296	154	75	98
297	139	71	109
298	121	76	105
317	113	74	99
332	96	67	106
343	86	66	108
359	54	59	108
371	47	58	104
386	44	57	101
390	50	66	91
400	46	65	94
419	50	60	97
426	56	59	93
429	60	59	93
428	59	61	98
411	62	65	106
394	62	77	105
364	55	77	103
348	51	80	102
309	52	94	103
284	59	95	97
258	82	91	87
241	93	89	95
218	107	85	95
200	121	81	99
197	139	81	97
193	154	78	92
197	170	77	92
200	177	82	95
205	188	92	85
231	191	84	88
253	202	85	81
282	207	87	79
307	205	110	82
339	204	121	93
396	142	119	117
419	161	138	94
390	163	153	104
404	151	142	105
367	180	129	100
433	182	112	99
442	179	103	97
453	177	93	96
452	177	86	96
436	179	96	96
422	183	100	98
397	179	114	105
385	153	115	120
378	164	124	103
359	118	144	142
386	126	167	125
488	121	110	115
498	146	121	91
503	169	127	73
550	171	96	82
567	170	92	89
574	187	96	84
582	192	90	88
568	200	95	86
555	208	99	81
535	216	104	80
516	224	106	75
510	224	98	75
500	228	97	72
498	222	95	78
496	217	93	85
497	208	88	90
498	201	82	90
486	166	75	116
468	181	93	104
445	162	104	115
419	139	95	122
404	116	84	126
357	57	95	158
370	59	86	137
371	53	98	139
397	67	89	132
421	84	74	125
425	89	74	123
428	94	73	123
425	98	75	122
421	101	77	122
408	101	78	126
385	45	89	178
374	39	95	190
363	35	116	136
410	31	90	114
423	41	87	103
436	56	93	92
469	34	91	119
495	33	94	127
518	41	92	133
528	61	109	131
556	75	103	126
580	89	95	123
602	96	89	125
622	101	86	129
634	109	87	127
642	117	87	122
645	119	89	123
646	118	90	125
645	113	92	131
641	107	92	137
631	98	94	138
613	80	97	148
590	65	106	152
551	48	102	152
511	47	112	144
468	44	118	140
448	49	98	132
396	47	109	134
366	50	117	133
332	49	113	148
300	46	113	161
272	39	103	158
234	43	107	154
206	52	109	154
189	57	107	154
183	61	97	154
178	66	95	152
178	67	101	153
191	68	111	158
213	69	114	158
252	75	116	168
287	74	128	188
313	75	146	160
397	64	140	169
451	77	142	154
503	86	135	144
537	88	133	141
587	89	122	137
619	85	127	144
626	92	126	142
627	103	127	138
624	112	128	137
618	128	130	132
604	144	135	126
590	153	139	127
579	160	143	123
565	166	153	122
556	170	154	120
552	174	160	119
551	174	161	120
545	174	166	123
538	171	170	127
519	168	172	128
496	164	171	130
470	157	169	134
430	149	171	135
399	140	155	133
362	125	139	135
340	122	138	128
307	104	124	134
259	109	123	117
220	111	127	113
200	111	127	109
190	114	126	113
186	122	137	120
192	129	142	120
217	140	139	132
254	154	133	119
306	168	126	155
357	182	157	137
411	197	158	134
469	209	157	132
516	215	168	137
556	223	181	133
598	234	193	124
630	244	199	117
644	249	203	113
655	255	198	105
658	260	202	104
659	263	204	102
655	266	206	101
647	270	211	101
636	274	217	103
624	277	220	106
608	275	219	108
596	267	210	114
569	255	207	121
542	244	193	127
508	236	179	125
476	235	154	117
429	229	146	113
374	230	146	105
311	223	150	104
267	222	138	100
205	197	140	109
160	182	170	118
129	166	182	128
112	157	182	135
107	157	181	135
107	162	193	141
120	175	201	141
151	196	193	134
184	223	184	118
139	234	249	116
333	220	191	142
387	260	176	125
458	274	171	123
521	287	189	109
565	280	211	109
606	265	222	114
644	246	211	126
667	233	223	130
684	221	226	130
693	214	222	134
694	208	224	137
686	205	232	139
675	209	239	142
654	212	249	150
635	217	254	155
605	228	272	153
578	245	276	147
550	254	278	148
514	250	271	159
464	234	271	176
402	193	257	210
333	146	244	246
252	102	237	265
200	93	231	273
111	78	239	222
78	78	205	196
51	76	195	180
39	73	184	168
40	72	176	157
51	70	166	153
76	69	166	156
118	71	168	161
167	72	186	172
256	213	221	193
224	197	219	205
139	240	206	182
61	242	184	175
4	245	191	175
0	246	169	164
0	257	142	148
0	266	118	132
0	265	115	128
0	266	116	123
0	262	121	120
0	267	135	111
0	267	150	104
0	267	169	95
0	271	189	86
8	278	209	83
44	276	198	89
74	269	184	96
101	261	160	98
104	257	160	98
93	253	171	91
81	245	175	87
69	235	173	86
61	227	172	87
61	217	163	97
61	208	155	108
68	200	147	119
84	191	136	127
105	185	126	132
128	176	118	138
152	167	116	145
175	163	121	151
209	154	114	153
226	150	114	154
244	148	103	154
252	150	97	148
256	156	96	142
244	168	104	126
223	180	111	118
204	190	114	117
185	203	115	109
167	216	120	103
146	228	125	99
136	237	123	95
132	247	120	90
133	250	118	89
135	253	116	87
140	254	113	88
147	247	110	96
160	235	105	109
171	226	104	118
180	216	106	125
191	199	109	138
202	183	114	146
213	169	116	152
225	158	117	152
240	153	113	147
264	148	115	150
274	143	112	148
284	139	108	153
302	132	101	155
315	98	99	184
333	48	102	227
333	50	110	230
335	46	120	231
350	52	128	173
373	61	124	140
405	65	118	124
418	60	113	132
432	54	120	139
441	46	130	146
448	38	138	153
452	37	144	154
454	38	148	151
451	39	153	150
450	38	154	154
445	41	153	179
433	43	158	186
412	47	177	179
439	53	147	186
413	72	152	175
409	63	140	199
384	47	120	181
409	118	121	177
408	142	116	161
365	43	133	129
379	47	118	114
381	50	109	102
375	51	107	99
366	55	109	101
347	57	111	118
342	59	107	139
339	69	123	189
313	62	157	241
305	54	173	264
307	72	181	241
312	85	183	225
316	96	188	227
316	97	182	234
315	87	174	258
318	81	182	272
310	120	185	250
298	108	187	273
288	165	177	219
283	174	171	208
272	182	174	202
260	178	182	205
252	177	180	202
237	175	178	204
225	161	178	207
218	153	177	215
210	141	179	221
206	127	183	224
214	100	170	237
215	79	167	235
220	67	150	222
220	70	146	197
235	76	134	169
251	77	122	153
255	80	114	143
253	79	114	143
237	78	116	138
243	78	122	139
229	75	119	133
223	76	118	120
212	76	123	114
208	74	121	102
191	74	125	83
179	80	121	61
171	78	117	63
150	81	131	78
154	85	123	99
150	93	139	130
180	106	146	171
184	93	169	229
189	86	185	283
209	102	186	312
233	138	191	307
395	108	197	272
417	124	181	271
419	139	182	277
427	153	176	277
431	166	176	283
436	174	185	289
440	176	191	302
445	178	211	313
446	185	230	324
459	199	236	337
476	225	234	333
498	257	230	312
511	290	234	279
526	314	224	250
533	330	223	219
543	352	213	200
547	375	206	189
548	394	201	167
539	397	199	173
531	403	195	168
514	410	195	163
499	400	200	173
479	391	197	179
466	367	192	176
448	346	202	206
430	317	199	234
414	292	206	247
418	269	206	240
420	234	220	289
414	216	245	303
423	186	254	312
429	153	270	336
433	130	284	347
434	117	289	348
435	107	293	345
439	103	291	339
443	96	288	338
445	97	285	338
446	94	289	342
444	98	297	342
445	93	302	341
458	100	293	343
464	98	296	342
467	100	304	340
465	103	309	338
456	118	315	322
468	140	300	303
472	173	283	276
467	191	265	256
459	206	244	240
446	218	224	225
432	224	205	215
416	226	198	205
398	225	191	197
370	199	190	201
266	89	174	181
261	93	154	214
249	100	153	245
250	104	168	278
251	125	207	269
252	165	220	247
256	219	200	209
266	188	178	237
277	186	169	246
289	152	181	281
322	68	174	281
342	62	170	213
341	62	165	194
356	58	159	182
363	59	146	177
373	56	143	173
380	59	138	172
385	55	144	179
386	55	143	190
396	52	141	200
393	60	155	207
383	69	165	213
390	91	168	212
366	112	188	201
364	118	187	203
335	89	136	214
334	75	131	193
327	73	138	183
325	79	134	168
308	83	143	171
310	84	135	183
322	93	122	183
325	102	115	178
328	112	110	175
331	123	107	178
335	159	110	162
336	168	109	153
334	185	112	138
336	208	114	120
339	220	114	115
351	224	113	109
365	236	106	95
366	242	110	89
370	244	108	88
373	243	106	87
375	242	101	85
364	238	114	88
346	237	123	95
348	232	123	102
341	236	115	102
342	236	106	110
341	233	92	111
340	232	88	108
337	230	86	113
333	229	90	117
329	225	92	119
324	216	95	127
303	204	100	131
278	192	107	137
230	183	124	136
158	171	152	136
96	164	160	135
46	157	164	134
4	147	150	137
1	145	114	131
0	138	88	133
0	139	70	128
0	141	63	124
0	140	64	125
0	140	70	126
0	140	80	127
0	140	94	128
0	140	111	129
8	143	125	128
32	143	127	131
65	146	127	129
110	147	121	128
147	149	122	130
190	155	130	126
238	169	124	112
285	162	110	123
327	167	99	123
357	165	96	122
380	166	99	123
399	165	114	119
407	163	112	121
430	170	113	109
443	168	108	107
450	169	107	100
456	164	106	103
464	161	107	103
467	164	139	101
448	167	158	105
466	165	158	113
414	161	172	116
408	166	197	107
407	164	205	112
405	168	185	106
405	166	176	103
404	161	184	109
398	161	207	107
403	148	198	128
393	142	208	134
386	140	206	133
387	135	205	132
384	135	198	133
377	123	201	146
368	129	211	128
366	131	202	131
363	140	208	121
355	142	197	118
343	140	193	125
329	139	193	121
346	154	231	112
299	145	232	121
279	139	225	127
240	131	216	138
196	108	162	111
173	112	138	115
163	116	130	90
151	127	141	90
116	158	129	92
90	165	126	94
80	186	123	84
66	191	117	81
52	198	115	76
44	202	114	73
42	205	110	71
43	206	108	69
47	209	106	67
43	213	112	69
42	215	122	74
66	226	121	69
76	225	125	81
84	230	132	80
104	239	139	76
138	240	138	77
186	236	160	92
229	239	159	88
343	238	105	81
405	232	91	73
401	195	139	115
529	188	133	107
568	194	130	94
592	194	118	89
601	190	106	92
607	191	101	89
603	193	105	89
606	193	104	91
606	191	105	90
599	189	110	93
576	192	134	85
563	191	141	70
579	189	119	73
599	181	104	77
596	175	99	79
557	174	114	86
504	179	115	96
478	152	144	101
472	151	137	101
431	158	136	96
428	165	140	100
487	176	120	88
485	178	116	95
488	174	111	91
489	182	113	90
493	182	110	87
497	181	108	84
493	179	118	86
494	180	119	85
493	179	119	86
490	180	119	86
497	183	114	85
497	182	110	86
496	182	113	83
492	183	119	85
483	183	119	84
465	174	118	84
460	148	123	87
492	157	100	86
506	161	101	75
522	162	105	73
542	156	95	82
540	151	100	87
543	162	98	79
541	164	100	81
531	172	103	78
524	176	103	77
521	178	103	77
521	181	98	72
519	182	96	74
512	174	95	69
500	158	98	76
495	143	95	90
485	135	100	99
466	118	107	107
468	161	118	96
469	170	120	89
460	160	118	98
475	166	122	87
459	160	113	93
457	133	105	117
447	132	112	116
438	127	122	125
428	130	136	124
411	133	153	127
402	135	175	124
393	135	189	123
388	130	193	130
382	128	190	133
379	135	194	121
381	141	195	112
384	147	191	108
386	146	188	111
384	142	184	114
385	145	186	108
387	144	181	112
386	142	177	116
388	142	181	114
384	146	173	111
390	137	174	124
381	141	182	117
378	139	181	116
387	140	190	117
368	133	181	126
370	136	187	124
374	135	189	123
360	123	174	133
356	118	172	141
359	116	171	144
351	113	173	145
355	125	184	137
343	122	189	138
343	122	171	139
331	115	168	142
345	127	176	140
317	115	168	148
334	89	145	167
354	33	145	125
376	43	133	109
367	39	125	106
356	51	125	91
357	53	121	96
360	56	124	96
365	60	120	87
363	64	115	88
348	42	90	101
351	64	99	112
337	114	112	131
327	57	117	125
336	87	119	120
389	95	92	148
353	94	123	149
345	85	144	167
339	82	158	179
339	65	168	202
346	78	165	187
342	68	182	205
349	87	199	179
350	78	188	196
360	100	189	192
370	112	202	155
402	129	178	121
429	137	151	113
415	130	150	125
423	131	143	123
426	134	141	124
424	129	145	130
368	63	131	148
355	87	114	132
359	103	113	122
372	103	115	125
381	9	142	155
371	7	141	187
360	1	144	186
362	0	138	190
346	0	136	143
322	0	150	96
351	0	124	93
337	3	123	103
352	6	107	139
356	19	108	162
362	112	109	136
365	94	120	147
370	109	126	148
376	102	120	161
379	120	131	150
389	132	125	127
397	145	127	122
402	132	127	132
405	130	147	135
413	109	168	149
400	29	134	173
401	41	154	186
388	29	188	217
377	14	199	223
376	22	210	218
374	17	213	220
370	30	229	213
379	16	225	223
378	16	233	215
374	21	233	215
382	23	229	216
374	17	227	219
367	45	237	201
361	29	229	213
337	36	227	214
478	125	177	172
511	61	142	150
532	90	145	126
519	149	123	122
575	129	139	106
500	172	146	99
500	171	135	96
537	166	109	95
536	181	104	93
525	173	136	85
520	168	118	87
514	163	109	90
497	162	116	90
486	174	115	83
462	161	124	93
493	184	112	81
493	181	108	83
490	183	114	83
499	182	103	81
496	183	107	80
497	182	108	81
495	183	110	83
495	181	109	84
498	181	103	82
496	183	103	80
498	182	99	77
494	184	101	75
497	186	94	77
501	185	92	73
499	182	92	73
499	188	90	73
403	185	94	84
432	187	119	87
453	187	128	90
483	177	127	104
516	174	123	91
543	155	90	98
538	153	90	91
525	145	103	100
488	104	129	97
491	92	113	101
422	66	113	107
361	30	146	126
322	5	161	115
262	0	163	128
207	1	158	139
221	3	144	141
241	1	144	136
251	0	139	109
250	0	132	107
258	0	114	109
271	6	109	115
286	10	117	120
295	16	132	130
300	45	145	132
346	51	176	165
315	51	229	194
336	68	229	183
348	61	213	179
317	67	221	187
442	135	172	147
512	177	140	121
529	186	117	101
534	186	110	101
535	184	108	101
525	191	106	94
523	195	104	106
522	193	111	106
517	188	111	111
524	184	107	102
529	181	94	100
517	174	91	93
513	152	83	102
510	155	84	99
505	153	90	96
492	148	100	103
464	131	121	100
490	129	103	109
493	119	90	104
470	144	105	105
391	100	134	103
365	117	173	129
310	85	180	126
279	87	188	143
197	84	180	144
121	148	160	104
103	157	126	101
97	168	119	94
95	178	112	92
111	183	104	92
98	190	127	95
128	198	112	83
134	201	112	86
149	199	116	82
148	208	127	76
183	190	121	84
210	177	113	93
225	167	111	99
245	158	111	98
236	148	124	101
281	141	143	92
277	127	155	101
279	122	156	111
287	129	161	104
286	123	154	107
284	127	157	102
291	126	155	103
289	127	156	101
295	125	154	103
308	124	139	104
317	119	137	109
307	114	166	112
294	120	164	104
292	119	174	105
317	118	201	109
223	94	171	93
198	96	134	86
188	97	137	83
189	98	130	86
191	100	127	85
200	105	125	86
207	109	128	84
208	112	130	84
215	112	126	89
218	112	130	88
222	112	130	90
232	112	127	91
231	108	130	92
231	108	128	92
231	107	130	90
230	105	130	92
227	107	130	91
225	104	130	88
190	81	222	188
205	45	372	233
205	38	449	217
232	56	415	291
196	31	461	244
213	33	460	226
255	71	378	265
219	77	404	334
218	39	420	294
250	32	388	237
272	61	331	265
259	37	376	226
260	70	395	315
180	205	419	309
336	424	460	151
267	141	565	434
279	67	493	508
228	0	596	576
125	0	834	576
150	35	809	540
72	58	867	517
74	0	885	576
211	36	748	539
100	17	854	558
60	82	899	493
391	59	568	516
317	0	599	576
239	25	385	537
269	25	338	525
274	31	323	541
302	16	304	515
332	34	284	517
278	13	349	210
285	33	318	185
301	40	204	168
301	48	183	130
351	84	148	122
342	83	150	121
363	108	131	104
358	115	127	102
359	123	111	87
355	127	115	80
371	120	114	79
400	106	135	87
429	90	115	101
465	99	106	107
452	124	139	92
455	135	147	76
470	140	143	85
473	138	140	93
475	139	139	95
474	140	140	95
472	140	142	94
472	138	141	92
470	132	142	94
470	125	148	97
478	118	141	101
483	99	134	85
470	78	141	90
476	80	120	87
490	73	104	97
486	69	104	90
487	64	112	91
485	79	143	71
489	91	138	66
500	103	100	72
513	108	101	85
526	113	116	79
534	132	98	81
541	132	102	80
543	135	106	76
545	138	110	73
543	141	104	70
543	136	122	71
546	127	127	72
554	123	116	84
570	126	110	91
580	113	112	111
564	149	142	81
569	158	138	71
573	165	131	67
565	169	140	67
556	175	146	62
551	178	145	58
552	172	136	64
549	163	132	68
546	151	129	77
544	138	123	83
535	119	123	89
534	104	118	77
520	87	124	79
508	79	117	85
515	52	109	91
486	38	118	100
464	32	96	90
436	27	89	75
419	30	95	69
408	39	97	66
398	42	96	62
394	40	91	61
396	38	85	56
397	38	80	55
396	39	76	52
391	40	76	54
396	43	72	59
394	47	79	61
392	49	78	63
398	51	72	67
405	60	67	73
406	60	66	83
403	62	70	81
407	65	69	81
400	64	73	82
407	64	70	81
413	65	68	83
407	62	71	79
416	63	68	88
413	63	72	87
419	60	69	101
421	56	68	95
412	57	71	93
417	51	70	97
408	49	85	98
388	62	125	87
386	71	133	79
386	69	133	88
318	100	95	80
322	107	85	74
327	114	78	74
328	117	74	74
330	121	70	73
330	126	69	71
330	127	68	72
331	129	68	70
332	133	72	65
331	135	75	59
325	134	80	57
311	128	92	61
300	118	102	80
290	111	99	97
275	108	93	103
254	116	106	96
220	130	111	86
236	165	107	63
230	167	106	74
229	169	105	83
228	167	114	87
237	165	117	86
248	160	114	87
260	149	109	92
267	136	103	104
273	131	99	101
280	128	93	92
292	125	85	74
295	112	78	70
293	103	95	67
294	95	117	72
349	88	91	74
364	94	93	68
379	122	102	106
426	125	131	130
413	120	155	135
443	129	152	125
400	130	198	135
394	121	214	151
392	117	218	156
393	81	195	166
387	80	207	175
389	65	213	186
388	78	218	182
383	87	233	170
421	118	219	158
546	135	168	127
549	145	137	112
535	152	111	102
550	114	90	98
545	143	85	100
524	124	86	96
510	120	97	71
468	149	104	108
489	168	116	93
504	172	106	86
491	176	102	82
474	171	104	87
491	183	110	79
487	183	102	78
481	187	104	79
480	182	111	82
483	184	106	82
483	184	113	79
488	181	107	81
464	108	98	76
484	117	90	72
494	116	77	76
499	149	87	76
513	174	92	78
471	177	118	75
485	170	106	84
488	168	109	77
505	169	98	72
515	172	98	69
531	177	98	67
522	178	98	67
535	179	95	72
535	185	102	75
533	191	102	76
540	194	97	78
557	183	79	98
545	187	82	94
536	196	79	87
530	194	79	90
520	198	82	93
519	200	83	92
513	200	79	98
495	242	84	73
499	250	82	64
503	253	79	56
516	251	70	58
526	255	72	57
531	251	72	58
537	248	66	58
539	210	62	82
522	207	74	83
508	195	79	68
510	185	72	73
496	179	81	65
487	171	86	74
478	181	94	79
414	145	97	105
380	121	118	121
377	110	133	136
383	110	133	132
382	124	149	128
383	110	135	126
383	118	152	131
377	108	147	118
383	111	156	123
384	121	154	122
394	132	163	107
395	137	167	100
483	170	108	80
473	171	99	74
399	127	116	96
400	133	140	110
458	161	118	90
450	136	112	108
468	158	110	88
522	160	94	94
543	136	89	100
547	150	93	91
538	169	103	86
532	174	114	81
517	181	129	86
518	179	131	96
538	180	117	99
548	183	105	110
540	181	103	116
525	192	105	103
516	190	106	106
496	195	115	104
486	232	101	88
493	240	94	72
493	240	93	68
502	232	89	73
506	222	90	79
510	216	86	86
516	204	83	92
511	197	88	78
487	179	88	86
487	172	96	83
483	163	95	90
443	86	96	105
442	73	92	108
402	62	95	107
348	38	106	116
321	32	130	103
310	26	142	109
294	27	154	112
292	24	160	102
295	25	151	106
293	23	155	106
305	23	144	108
307	25	146	106
387	32	104	99
402	38	100	94
408	40	91	94
419	39	89	107
413	55	94	112
444	76	123	91
459	85	124	79
445	94	134	90
471	90	140	84
498	94	123	84
509	99	120	95
530	100	106	96
535	107	106	102
530	110	112	107
531	112	112	106
524	114	122	102
522	113	126	103
521	140	97	96
515	134	98	102
522	117	126	86
517	113	103	94
515	98	116	91
519	92	112	100
522	134	95	114
529	82	96	79
535	85	86	84
497	95	114	77
491	98	119	80
488	103	109	93
476	97	118	76
470	103	127	91
462	100	116	97
462	102	117	107
447	117	119	132
448	126	123	125
458	101	111	146
484	143	116	109
491	165	112	91
487	181	108	86
486	184	96	78
502	189	93	75
492	190	101	71
488	188	103	72
493	188	96	74
499	190	96	69
496	195	91	72
496	192	103	67
496	190	94	66
499	186	97	70
495	186	102	69
488	185	101	70
493	184	99	69
493	182	95	70
497	181	95	69
488	182	104	74
472	181	110	74
415	145	97	92
349	111	112	104
332	108	120	106
304	105	145	105
257	101	175	109
243	97	191	118
235	94	184	127
244	98	175	121
236	96	165	126
206	62	153	127
199	31	152	120
203	17	164	118
258	12	122	134
268	29	118	166
220	124	130	110
186	143	133	89
143	142	157	81
105	143	185	82
98	142	162	85
90	146	146	82
93	144	136	83
90	136	135	87
97	126	136	88
110	112	127	94
124	97	125	94
136	91	113	90
135	81	115	92
135	69	114	100
135	61	111	100
139	50	111	97
133	35	114	99
138	25	123	93
156	13	172	90
163	10	172	94
165	10	144	87
297	10	105	115
315	5	94	132
324	11	90	133
330	23	104	127
351	58	106	109
362	65	106	110
374	45	98	124
372	43	107	128
367	42	111	129
352	45	123	115
334	53	131	92
326	72	144	102
324	91	130	115
315	102	132	113
302	85	140	115
307	93	137	122
280	102	135	120
275	107	127	115
272	104	123	110
268	108	118	115
259	113	125	114
252	117	134	108
244	115	137	103
232	111	144	93
221	95	162	104
174	91	190	112
180	77	147	115
164	100	113	84
158	99	110	88
146	104	125	86
148	101	131	92
153	110	139	85
154	110	139	88
160	112	138	88
171	110	139	87
173	104	136	94
182	93	125	88
186	91	131	86
184	82	125	93
199	70	106	99
207	37	127	121
197	35	147	110
195	28	158	100
188	34	164	94
180	33	163	85
165	36	167	78
147	39	163	75
124	44	140	79
100	52	135	81
76	61	129	77
60	76	158	70
50	79	130	67
42	84	140	64
32	88	136	62
21	91	146	59
16	93	145	66
11	92	128	81
8	90	103	97
6	100	83	99
5	107	94	104
7	128	108	101
10	149	122	96
21	159	135	97
37	176	144	92
66	203	142	79
90	216	148	72
113	231	143	59
126	235	141	58
121	235	144	60
116	230	134	64
101	224	132	65
94	218	135	73
91	209	117	80
90	198	108	86
102	200	92	76
106	194	116	67
104	189	137	73
108	176	149	80
117	164	159	85
147	154	177	93
207	147	144	108
245	148	116	109
257	138	112	117
259	145	118	113
251	145	130	108
233	155	145	92
223	164	151	77
213	168	152	69
210	169	118	75
189	169	93	77
156	189	122	76
144	205	129	71
141	214	131	67
142	220	125	63
146	224	121	62
155	228	122	61
175	228	111	62
177	231	113	60
189	229	104	62
192	231	99	61
190	231	95	62
179	232	101	62
168	229	104	64
151	224	104	63
138	220	117	68
118	202	123	80
114	184	126	91
117	176	123	93
124	169	114	96
143	173	98	78
166	166	96	80
167	171	100	69
174	169	120	63
197	168	166	70
240	164	154	79
269	173	163	75
301	175	125	78
318	176	133	74
339	176	123	70
342	177	120	66
337	173	123	68
275	111	126	97
287	111	127	97
272	96	130	93
287	89	118	120
301	75	118	120
308	99	126	128
315	119	140	132
298	113	136	135
300	123	131	117
297	133	134	122
304	131	140	126
298	118	139	114
298	128	143	126
304	117	128	108
315	116	116	107
326	120	106	100
325	123	106	100
349	119	88	96
345	115	84	82
370	123	75	79
375	121	75	80
380	120	82	77
389	128	90	70
398	125	93	75
401	117	96	83
414	111	87	87
423	110	77	85
427	109	76	85
434	106	70	82
440	107	71	80
443	102	69	83
442	99	73	84
441	92	75	88
440	88	73	89
442	84	74	92
440	81	75	94
439	78	75	95
441	72	71	98
441	75	69	97
442	88	69	87
440	91	65	83
437	89	65	87
430	87	73	92
422	72	81	96
416	87	89	86
417	90	88	83
413	96	91	84
423	93	93	94
427	95	87	95
407	80	106	106
403	71	104	108
409	71	109	104
394	58	141	108
413	52	133	122
477	68	103	99
469	68	94	100
450	76	108	100
452	85	109	100
467	94	93	117
429	100	112	118
391	112	144	115
380	108	124	124
376	117	126	119
421	103	130	106
372	113	120	117
364	120	128	120
360	125	127	123
