858	276	70	173
860	274	73	175
861	274	73	174
863	273	73	175
862	272	73	174
860	273	73	174
858	273	73	173
859	274	74	173
861	274	74	172
861	276	73	174
860	277	73	173
857	277	75	173
857	278	74	173
856	278	73	172
854	278	74	172
853	277	73	172
852	277	74	172
850	276	73	172
849	275	71	172
848	274	72	171
846	275	71	171
845	274	72	171
844	275	72	169
843	275	72	169
842	277	76	169
841	277	76	167
839	277	83	166
837	276	78	165
834	277	80	165
834	277	79	164
833	278	80	168
834	278	80	164
831	279	74	165
832	279	75	166
832	280	70	168
830	279	73	169
828	280	78	170
827	280	80	169
825	279	75	169
824	279	84	167
819	278	71	169
818	279	72	168
816	277	70	165
816	277	79	168
810	277	71	164
806	276	70	163
804	277	70	159
801	276	71	160
800	277	74	161
799	278	74	161
797	276	71	159
801	275	73	163
799	276	82	163
796	275	74	165
800	273	84	168
797	274	78	167
801	273	78	169
801	271	82	168
803	272	82	167
806	271	84	169
809	271	84	171
811	271	84	171
813	271	85	170
815	271	81	168
817	270	82	169
818	270	81	169
820	268	81	172
823	267	80	172
825	266	79	173
827	264	80	175
827	264	82	173
831	263	84	171
836	261	85	173
840	265	83	170
845	264	79	170
849	262	78	175
852	262	75	176
854	261	71	177
854	261	70	176
849	261	76	169
846	261	81	171
844	261	85	170
850	261	80	172
853	258	81	172
861	257	76	179
869	255	72	179
870	254	73	182
870	253	74	180
875	252	75	184
880	251	74	182
882	250	75	185
887	249	70	184
889	249	68	183
893	249	65	186
896	249	63	184
896	249	63	183
899	247	59	185
899	247	59	183
903	247	54	184
905	246	53	184
908	246	49	187
904	246	50	186
900	244	54	184
900	247	54	184
904	250	52	183
905	257	49	172
897	269	59	160
899	270	58	162
900	271	58	162
898	270	58	162
904	268	54	162
902	265	54	165
903	262	53	164
901	262	53	168
817	261	69	139
820	261	71	148
821	259	73	148
825	259	70	141
827	261	71	139
831	261	72	144
835	261	74	145
838	262	70	149
840	262	71	151
844	261	72	147
848	260	70	152
854	259	73	145
861	256	76	150
867	254	73	142
871	252	72	142
874	253	75	144
878	252	73	137
881	251	69	141
886	251	66	142
883	249	66	140
887	250	65	134
884	249	64	138
881	248	60	136
884	248	59	138
887	247	57	140
891	247	56	142
893	244	58	156
895	242	58	173
900	247	59	179
900	246	59	176
900	245	59	177
900	244	59	176
904	243	55	174
901	242	58	170
903	241	54	168
908	241	49	171
909	240	47	168
902	228	52	179
904	217	52	194
901	213	53	200
897	210	56	210
894	208	59	214
892	208	62	211
897	210	60	212
890	208	65	215
887	210	70	214
881	211	75	214
872	210	83	217
875	208	81	212
871	209	84	216
872	210	83	213
860	210	94	214
849	211	107	215
845	213	109	213
837	214	115	213
839	214	112	212
837	214	113	210
834	214	116	206
831	214	119	203
826	214	119	201
821	212	111	192
820	213	97	182
811	212	97	176
811	214	94	172
809	212	91	170
804	213	91	169
795	213	97	170
799	214	92	173
790	212	98	173
792	214	91	164
789	217	87	162
786	217	87	164
781	219	85	160
775	221	83	164
773	221	80	159
768	221	80	162
761	219	81	166
751	219	88	167
747	220	92	175
740	218	91	182
736	218	87	176
734	218	89	174
726	218	95	172
724	218	89	172
720	219	92	176
715	219	92	177
711	222	89	180
703	223	90	167
700	223	90	171
690	226	99	166
689	227	97	167
682	226	102	164
679	226	98	160
677	224	96	161
676	225	92	163
675	223	84	155
671	225	84	158
668	224	96	159
658	223	100	160
658	224	98	159
650	226	103	161
645	225	104	151
641	229	91	156
637	227	91	141
633	228	83	150
627	227	88	145
620	229	83	143
623	228	92	142
608	218	81	129
618	217	75	139
654	248	74	125
725	252	61	125
727	254	60	128
729	253	59	127
730	252	60	129
732	254	61	130
731	255	61	127
729	255	67	127
724	255	71	126
726	253	73	126
721	250	76	132
715	209	81	172
702	202	104	184
708	199	112	186
711	196	114	184
724	198	114	184
734	195	111	179
746	196	106	173
762	195	105	174
801	204	98	174
810	189	84	162
812	219	107	152
820	201	101	173
827	205	113	184
829	188	115	179
781	226	94	152
796	229	74	139
796	223	77	148
814	224	88	142
826	223	90	138
823	227	90	146
809	230	82	140
810	229	87	145
804	228	99	141
803	226	92	146
800	229	89	149
790	229	91	140
792	229	89	145
790	234	100	141
822	229	100	145
830	234	106	140
823	230	106	147
836	217	98	154
845	211	84	158
844	222	82	153
841	213	80	152
835	214	81	143
831	203	78	158
830	205	80	155
832	209	92	156
826	219	95	154
854	240	82	133
858	243	76	128
858	243	81	133
791	212	75	155
781	219	77	147
774	222	82	145
668	242	68	112
679	244	56	114
669	243	59	117
743	216	75	135
743	217	70	144
725	229	71	133
732	213	71	130
715	236	73	119
719	215	75	132
711	218	70	136
712	218	66	137
707	218	71	132
696	218	69	127
684	222	72	121
672	232	81	125
672	234	78	118
685	235	82	121
679	231	84	120
703	230	79	122
731	227	72	129
739	224	73	132
745	224	73	125
752	224	81	128
766	220	85	132
777	220	85	132
788	218	87	134
796	218	86	132
808	214	90	137
820	215	88	135
825	212	98	140
836	211	97	140
854	210	92	144
863	208	91	152
882	209	75	154
892	210	64	148
900	211	55	154
907	211	49	154
911	218	45	144
911	242	45	138
915	226	43	146
912	244	45	128
918	231	40	138
922	229	37	125
918	227	38	115
926	232	31	131
929	233	30	92
932	226	26	88
933	231	24	80
936	235	21	82
936	237	21	74
936	238	21	95
930	240	27	99
927	239	30	103
925	239	32	106
921	239	37	105
915	238	42	109
910	238	47	113
907	237	50	119
905	237	52	120
900	237	56	117
901	236	55	120
898	237	58	113
894	237	60	112
891	239	61	111
885	240	65	112
886	239	63	116
883	239	64	110
881	240	60	110
876	241	59	114
875	242	63	109
871	240	61	109
872	240	60	108
867	241	64	110
872	241	63	113
868	241	63	112
869	243	62	110
866	243	62	109
860	241	65	112
848	242	71	119
827	244	90	115
848	247	85	120
833	246	93	118
813	242	100	121
835	245	84	117
848	248	80	112
848	246	78	113
830	245	86	118
847	244	82	116
862	247	82	119
871	243	77	128
869	242	80	122
847	240	92	122
862	237	83	145
866	240	91	121
880	235	74	137
874	237	76	133
881	237	75	125
880	233	71	127
880	236	73	120
867	235	79	127
875	236	70	125
869	237	72	118
871	234	75	126
874	237	71	119
884	233	65	119
881	230	69	125
897	226	56	129
889	223	61	135
885	222	71	133
882	224	69	132
893	221	60	137
861	256	90	134
710	246	95	106
713	247	86	113
713	248	83	109
717	248	75	111
725	247	73	108
724	246	67	110
725	246	74	106
730	244	79	108
736	241	77	115
733	240	72	109
731	240	76	110
731	239	76	116
733	237	79	118
736	238	76	117
737	239	72	114
737	239	69	114
740	240	69	115
742	239	68	113
740	237	71	110
743	237	68	110
742	238	66	108
745	238	67	108
745	237	66	107
748	238	65	110
751	239	66	110
754	237	66	110
757	236	68	116
761	236	72	117
765	236	74	121
768	236	72	117
772	233	80	122
780	234	71	114
786	232	74	116
788	233	71	117
789	233	71	114
792	232	74	117
794	233	70	120
798	231	82	122
803	227	79	120
804	226	80	118
812	225	75	119
814	225	78	120
811	225	76	119
820	223	83	122
817	222	88	122
830	220	86	120
836	216	94	124
880	211	72	125
884	211	69	119
882	211	73	122
881	208	73	124
883	208	71	122
884	207	71	125
884	206	71	127
885	206	70	127
892	206	65	128
898	206	58	129
903	206	52	130
906	207	51	122
908	207	48	122
912	207	45	127
914	206	42	129
913	208	42	129
910	208	45	124
907	209	48	118
904	209	50	125
896	209	59	117
895	209	58	117
897	204	57	126
897	209	57	121
894	205	61	125
894	205	59	130
895	205	59	130
900	205	56	130
901	205	54	129
901	208	54	126
905	208	51	124
902	207	52	137
901	210	54	121
906	210	50	122
906	209	48	130
899	214	55	114
903	214	52	113
902	213	52	114
900	216	52	111
904	216	52	113
900	215	55	111
904	213	51	115
908	215	47	119
904	213	50	118
905	212	50	118
900	212	56	116
900	208	55	116
894	214	60	114
899	207	59	122
897	205	59	126
895	208	61	120
894	210	61	121
893	210	61	126
895	210	63	131
892	216	66	129
885	221	70	118
890	212	68	124
880	213	75	119
890	211	69	124
884	210	72	122
890	219	68	120
888	215	69	126
890	209	67	125
887	221	70	119
891	203	66	125
891	215	65	128
888	211	68	118
898	211	61	117
896	209	61	126
893	224	64	116
901	211	56	121
902	211	56	121
900	212	58	119
898	207	58	128
894	222	63	128
886	236	73	130
884	229	73	124
881	246	78	122
883	229	73	120
