594	243	36	71
595	241	35	72
593	240	36	71
593	239	36	71
592	240	37	69
590	239	38	71
590	238	38	71
590	237	37	70
589	237	37	70
590	237	37	68
588	237	38	69
587	237	38	69
585	235	39	70
583	234	39	70
582	234	39	71
582	235	38	70
580	234	39	68
580	234	39	67
579	234	39	68
579	234	38	66
578	233	39	70
577	232	38	70
576	230	38	68
576	231	38	69
574	232	37	69
573	230	38	69
572	228	37	68
571	230	35	67
571	229	35	66
572	230	35	66
570	229	35	67
569	229	36	65
569	228	35	66
569	228	36	66
568	227	36	67
566	227	36	65
567	227	34	64
566	227	33	65
564	227	33	65
563	227	34	67
563	226	33	66
561	226	33	65
559	226	33	64
556	227	34	65
553	226	34	64
551	226	34	63
549	226	35	61
547	227	34	62
548	227	33	63
546	225	34	64
545	226	34	61
544	225	32	62
542	226	33	64
541	224	33	63
540	224	34	62
540	223	34	63
541	223	33	64
541	224	32	63
542	223	33	63
542	221	32	63
542	223	32	62
542	223	32	63
541	222	32	63
541	222	32	62
541	222	32	61
541	224	32	59
542	223	31	61
543	222	32	62
543	222	32	59
543	222	33	60
544	222	32	63
544	222	31	62
542	219	32	60
542	219	31	59
542	220	32	63
543	220	31	61
542	219	32	59
542	218	31	59
543	218	31	61
542	218	31	58
541	218	31	61
541	217	31	58
542	217	31	58
541	219	31	56
541	218	31	59
541	217	31	56
541	217	31	56
540	217	31	56
541	218	30	56
539	218	31	57
538	217	31	56
538	215	31	57
538	217	31	54
538	217	30	55
539	215	30	57
538	216	30	55
538	215	30	56
538	216	30	55
537	217	30	54
536	214	30	56
536	211	30	58
537	214	30	55
536	214	29	54
537	213	30	55
537	212	27	56
536	214	28	54
535	211	30	56
535	212	30	56
536	214	28	54
534	209	30	57
534	210	29	54
535	211	29	53
535	213	29	52
535	212	29	54
535	208	29	56
536	208	29	54
536	210	29	52
536	210	29	52
536	207	30	54
537	208	29	52
537	208	29	52
537	208	29	53
539	208	28	53
539	207	28	53
539	208	30	52
538	205	30	54
538	208	30	52
539	208	29	52
540	207	28	53
540	205	29	53
541	207	28	52
542	208	28	51
543	205	28	52
544	206	28	51
544	205	28	50
545	206	28	51
544	206	28	50
545	205	28	51
545	204	28	50
546	206	28	50
546	205	28	51
549	205	28	50
548	203	29	51
549	203	29	51
549	203	29	51
549	204	29	51
548	203	29	51
548	202	28	51
548	202	28	50
548	202	29	50
549	203	28	50
549	203	28	49
549	201	28	50
548	202	28	49
549	202	27	49
548	201	27	50
548	200	27	49
547	200	26	50
547	199	27	51
547	199	26	51
548	199	27	51
549	200	26	50
548	199	27	50
548	199	27	49
547	199	28	49
548	199	28	50
548	200	28	50
547	200	28	48
549	200	26	49
548	200	28	50
550	201	26	49
545	200	31	51
543	201	31	50
542	198	32	53
548	203	26	49
548	200	27	51
547	203	27	49
546	201	28	50
549	207	25	45
544	201	29	50
541	202	33	50
540	203	33	49
540	204	34	48
538	205	35	48
538	205	37	47
539	206	37	47
542	209	35	46
541	208	35	46
540	208	36	47
539	207	38	48
537	208	39	48
538	207	38	47
541	209	35	48
542	208	35	46
545	210	31	46
544	211	31	44
544	211	32	45
543	210	33	47
540	209	36	45
539	207	37	48
539	211	37	44
540	211	35	44
542	211	33	43
544	211	30	44
543	211	31	45
543	209	31	46
542	209	32	45
538	210	34	43
542	209	31	44
536	204	35	49
535	204	35	48
537	200	32	50
537	199	30	51
538	200	30	51
538	199	29	51
537	199	28	49
538	198	27	50
537	198	29	50
536	199	29	50
535	198	30	51
535	197	30	51
536	196	29	50
537	197	28	50
537	198	28	50
537	198	29	49
538	197	27	50
538	195	27	51
539	195	28	51
540	196	28	50
541	195	27	51
542	193	27	52
544	195	28	50
545	195	27	51
545	194	27	51
546	193	27	52
547	195	27	49
547	194	27	48
547	195	26	51
548	193	27	52
548	193	27	51
549	191	26	51
549	193	26	49
550	194	26	49
550	194	26	48
551	193	26	48
551	192	26	48
551	193	27	49
551	193	26	48
552	191	26	50
552	190	25	49
553	192	24	48
554	192	25	49
553	193	25	48
552	193	24	48
552	195	25	46
552	194	25	45
561	189	26	47
561	189	26	48
563	187	26	49
563	187	26	49
565	188	26	47
565	188	26	48
566	187	28	49
568	187	27	49
569	188	26	47
569	189	26	46
569	189	27	48
570	188	26	47
570	188	26	47
570	189	25	47
570	189	25	47
569	190	25	47
570	189	26	47
571	188	25	47
571	190	26	46
570	190	26	47
571	189	26	47
572	190	25	45
573	191	24	45
574	191	23	46
