392	202	110	316
389	211	125	303
392	204	112	327
391	206	114	315
392	205	114	314
392	209	115	311
392	208	118	311
393	207	116	313
393	207	119	310
393	205	117	319
392	208	116	308
394	209	113	310
393	209	116	311
393	207	116	314
394	208	116	311
394	208	120	311
394	205	112	323
393	205	117	316
396	208	118	307
396	208	115	316
396	206	114	313
398	211	121	306
401	209	116	309
406	207	117	316
405	210	112	305
411	209	118	317
410	211	118	309
411	210	127	311
414	205	125	314
413	206	128	305
415	205	127	303
416	207	126	301
416	207	129	304
416	203	128	301
416	199	129	311
417	195	125	326
419	193	130	323
416	195	145	302
415	195	158	299
417	196	167	292
416	196	171	294
423	188	176	297
425	189	181	300
432	187	183	296
437	187	183	298
445	188	188	292
450	193	188	291
453	199	192	290
459	205	192	287
462	208	196	290
465	211	180	293
467	217	192	292
466	220	194	287
471	220	191	289
471	221	190	290
473	222	189	289
472	226	191	286
472	227	188	282
472	224	187	286
471	225	186	283
470	220	184	291
468	218	188	289
467	216	191	290
466	214	193	289
466	216	191	286
463	212	197	291
462	210	203	292
460	205	206	297
458	206	207	294
455	204	209	295
450	201	214	295
440	193	222	302
437	182	228	315
432	171	234	327
430	178	234	322
426	170	238	329
427	170	238	328
427	170	232	324
428	177	229	316
430	180	225	312
427	183	222	306
423	188	218	303
422	191	218	304
424	193	215	306
424	189	199	313
421	189	205	314
419	195	196	311
421	197	187	307
420	200	180	305
422	206	179	298
421	209	171	297
433	213	176	291
435	212	159	288
442	217	153	290
445	220	155	284
450	221	158	281
456	219	164	286
454	218	166	294
456	216	167	300
459	214	169	304
461	214	171	309
465	213	170	310
466	212	169	308
469	214	171	307
469	213	170	307
472	210	174	311
470	209	174	306
466	201	177	316
469	202	177	315
469	197	177	317
468	195	180	319
469	185	178	329
474	184	181	323
476	189	192	318
475	184	199	324
477	183	199	321
485	186	197	323
486	182	203	325
493	184	193	327
495	191	191	323
497	195	190	324
503	199	189	321
501	195	209	326
494	207	224	316
487	210	241	314
481	210	248	314
467	208	264	316
460	211	266	316
458	212	264	310
452	218	273	308
452	215	268	308
447	216	282	309
447	221	283	299
441	231	298	285
434	235	314	285
424	246	311	275
397	255	328	260
371	262	374	265
370	268	373	257
353	272	393	254
339	279	404	249
345	289	412	238
344	295	413	226
334	293	428	228
309	289	461	232
330	283	440	244
333	282	437	237
346	287	437	239
354	284	424	237
352	276	428	242
350	271	431	249
338	264	431	252
331	266	440	246
332	266	446	241
323	268	463	233
333	268	480	222
336	263	473	231
342	273	486	219
373	273	485	223
342	279	519	214
362	279	508	227
340	289	545	229
353	292	537	229
383	297	514	244
378	302	502	234
408	294	490	253
428	308	460	242
424	307	444	245
423	311	441	240
415	323	451	227
424	316	454	230
411	320	472	226
424	314	469	231
411	312	482	235
412	309	480	246
410	301	469	250
405	296	476	250
400	285	476	253
391	285	480	248
386	289	479	229
387	288	474	222
384	287	476	215
371	291	488	202
374	291	498	196
384	294	476	195
374	292	494	195
391	290	478	196
369	289	499	193
389	287	485	194
390	287	476	192
396	287	476	197
399	288	468	193
400	287	473	195
410	290	458	190
403	284	469	200
408	286	460	194
404	286	474	182
395	286	489	179
386	282	497	172
378	278	508	166
361	277	508	157
362	268	521	167
350	259	539	165
344	250	534	175
324	255	572	169
352	230	540	182
388	219	436	190
323	226	504	155
309	224	519	149
543	200	247	236
313	233	470	184
455	220	359	228
568	201	175	286
566	218	190	261
537	213	234	272
572	220	246	260
399	233	488	159
422	206	477	140
377	227	523	134
368	224	539	143
272	213	623	125
391	215	506	153
362	190	519	151
330	211	541	141
330	208	536	153
488	205	365	209
327	206	519	143
312	214	529	143
553	176	281	200
606	180	182	261
316	223	441	108
618	158	158	274
630	160	159	264
618	156	143	260
618	162	130	252
616	154	126	271
613	151	143	252
608	148	143	261
610	144	156	268
603	135	158	274
608	131	177	274
583	137	233	260
592	130	199	269
594	128	214	273
590	139	217	259
590	139	212	255
592	131	200	263
591	122	187	269
594	120	209	266
588	136	193	248
580	138	224	246
587	130	225	259
592	150	222	237
593	123	227	266
592	123	227	266
598	127	229	263
600	132	216	254
600	130	195	257
605	130	188	259
606	130	146	263
606	130	133	274
603	138	138	268
605	141	132	267
607	149	129	263
611	148	122	268
610	150	122	270
612	157	120	264
613	155	123	267
606	161	131	264
611	159	122	272
606	181	142	250
614	177	136	259
610	149	126	291
587	209	190	216
604	190	201	237
583	174	189	260
587	207	279	210
608	170	142	272
609	169	133	270
612	179	139	263
612	178	136	265
614	179	144	264
612	172	145	271
613	177	140	269
616	174	151	272
612	190	152	258
612	185	158	259
610	185	157	265
613	185	152	266
613	182	147	276
612	193	149	266
607	194	179	267
573	200	225	258
612	196	191	270
455	210	423	163
612	201	175	282
581	207	235	272
572	208	261	269
421	230	454	173
399	211	516	124
398	245	514	128
425	221	449	130
417	247	477	130
590	252	222	257
567	257	284	239
355	277	553	138
382	266	521	161
434	269	422	218
279	281	566	174
262	268	457	199
322	267	482	238
532	242	247	297
490	277	289	254
539	293	292	227
563	266	193	262
436	357	398	170
291	290	459	217
325	297	530	224
361	288	470	237
391	249	361	276
353	264	430	257
329	265	452	255
457	233	308	307
531	244	253	291
525	277	234	249
383	347	395	186
335	251	410	267
367	366	413	181
406	317	372	215
415	272	364	254
388	261	368	274
412	353	367	199
402	350	369	187
415	246	350	288
382	364	426	176
425	239	347	303
381	273	397	268
383	280	389	271
411	252	357	287
352	372	448	171
403	276	346	256
416	382	455	167
443	351	374	186
407	316	339	218
398	300	368	230
411	354	381	188
546	251	226	278
542	257	284	274
357	380	438	153
396	356	368	177
390	402	371	140
385	409	415	126
366	411	428	128
390	401	415	133
432	422	453	121
407	391	416	144
583	238	209	289
592	231	169	294
606	237	175	295
589	235	199	293
599	231	251	296
448	323	452	202
602	236	263	303
323	372	546	170
526	239	312	289
292	366	546	171
439	248	397	295
349	255	453	306
360	249	447	297
372	238	434	320
542	237	264	313
552	241	246	294
271	370	533	161
597	233	202	301
593	233	195	303
599	227	182	310
615	225	175	308
619	230	165	309
614	234	170	302
621	234	165	303
610	235	181	302
602	231	212	304
571	242	239	297
279	395	536	134
280	362	546	169
314	419	498	130
610	231	196	299
612	233	222	287
601	236	227	279
610	225	220	301
618	221	207	315
627	225	178	317
628	225	187	319
635	221	186	320
632	223	187	317
637	223	181	314
643	228	192	314
639	224	169	314
630	235	187	304
357	432	475	103
640	231	157	300
626	238	169	300
362	433	461	91
365	422	470	111
362	410	475	121
363	420	485	116
360	406	463	124
345	409	502	121
335	396	504	136
632	232	197	304
631	233	203	294
640	233	198	296
641	224	180	304
638	224	181	298
636	227	178	293
636	230	173	287
639	227	167	288
630	226	172	291
636	225	159	293
631	238	169	275
637	232	166	289
623	240	176	289
262	418	544	103
343	352	465	162
315	355	507	161
329	364	499	159
324	380	518	156
330	401	486	152
318	407	500	143
306	372	494	164
308	364	507	168
331	423	464	122
641	221	170	322
640	224	168	322
642	233	167	309
631	237	182	304
326	406	492	131
283	388	466	138
292	376	495	158
258	354	482	179
631	221	193	310
644	219	176	310
640	219	171	307
645	220	161	301
644	221	164	295
642	220	165	296
642	218	164	294
643	217	162	294
642	216	170	295
644	213	164	296
643	214	171	293
642	212	175	294
645	212	169	294
648	213	164	299
650	215	160	300
652	217	162	305
647	217	167	304
650	217	157	313
642	220	162	317
615	233	192	306
633	215	186	326
640	219	180	324
630	227	188	315
338	424	492	117
290	405	475	120
303	412	475	127
286	405	491	119
294	406	501	129
290	400	479	123
318	400	513	136
279	388	483	136
317	374	508	162
241	357	527	169
305	336	460	189
260	345	481	186
280	336	491	199
254	365	549	167
264	326	544	185
282	340	524	180
261	351	473	180
248	339	527	157
275	332	516	175
308	321	483	198
271	317	476	207
645	218	193	309
658	217	166	302
656	219	169	305
659	219	165	300
652	221	170	303
661	215	155	307
657	222	145	308
658	224	146	316
656	221	155	319
656	222	153	320
655	220	157	320
657	219	154	319
656	222	155	317
655	222	157	314
653	220	159	315
654	220	154	315
656	222	156	313
655	222	161	314
655	223	160	312
655	227	160	305
655	226	162	306
652	226	164	306
650	222	164	309
650	219	161	310
642	218	173	309
643	215	164	310
640	215	160	308
637	217	161	304
639	217	155	302
639	218	150	305
636	219	150	306
636	216	144	310
633	219	142	311
634	221	132	322
629	226	147	322
633	222	142	327
623	228	152	320
628	224	144	327
625	226	147	319
620	228	156	315
615	228	163	314
623	224	156	316
616	228	165	311
275	408	415	115
275	393	437	112
266	385	422	136
274	379	440	137
304	373	478	152
279	356	494	167
281	340	496	184
279	327	491	206
279	315	480	211
285	301	471	232
291	286	450	242
305	277	441	247
311	272	437	240
301	255	460	259
268	235	487	274
345	227	418	289
351	218	402	292
402	224	379	298
436	238	358	295
434	237	346	297
449	240	316	292
461	233	282	295
466	234	303	305
473	228	307	301
475	240	295	288
483	226	304	307
485	228	292	301
490	225	294	306
497	235	289	295
494	233	277	291
495	230	269	301
482	222	257	298
493	219	294	324
489	234	284	303
485	234	299	291
475	234	303	288
470	229	301	290
459	228	305	286
458	226	324	295
451	239	335	287
451	246	340	290
451	248	346	295
457	258	336	285
457	254	345	291
452	259	352	291
451	249	352	304
449	246	350	303
446	242	348	308
446	238	352	308
442	227	351	319
447	225	348	315
459	212	325	322
450	228	332	298
437	212	355	314
451	221	344	305
439	216	352	309
435	212	361	313
431	203	368	318
427	196	369	321
421	197	375	315
416	202	374	314
410	207	367	298
416	219	371	295
412	209	364	303
412	220	358	298
409	222	334	297
412	230	347	292
420	238	336	291
421	244	326	298
430	252	319	304
441	247	310	296
437	258	310	302
454	249	303	301
446	254	305	303
453	246	304	305
447	252	305	306
453	245	308	311
449	243	303	310
452	238	293	311
452	237	299	311
448	234	296	304
449	232	295	313
453	228	295	313
446	226	297	317
452	225	293	315
453	224	297	312
451	222	297	314
453	219	292	319
452	219	291	321
449	217	291	319
449	212	287	314
448	210	294	321
445	207	286	321
453	212	281	326
459	219	278	319
445	212	287	317
453	211	275	318
455	219	277	318
459	222	266	305
466	226	259	308
462	225	272	318
465	231	270	319
469	236	265	325
465	235	272	321
474	238	267	326
469	237	269	320
472	240	267	324
467	234	266	316
475	241	262	322
468	235	263	314
471	238	266	323
465	233	271	316
465	234	276	325
467	237	278	317
466	236	283	320
464	230	282	321
457	229	290	323
455	230	290	316
455	230	289	319
459	227	286	321
465	232	289	314
471	231	285	315
477	232	279	315
480	231	276	312
477	229	275	308
471	233	285	302
471	233	288	297
465	235	291	295
460	231	288	304
453	227	289	311
447	224	288	306
443	220	286	307
438	219	282	300
434	221	286	306
430	217	275	305
427	219	283	310
417	218	273	309
416	214	250	312
416	216	268	316
403	217	281	317
405	222	276	318
401	220	287	320
411	230	266	320
419	233	273	316
415	224	250	316
424	230	267	320
424	232	241	309
433	229	254	321
427	229	247	316
430	226	242	320
431	230	242	315
432	233	251	307
431	236	256	310
430	236	256	305
431	237	254	304
430	237	253	302
431	237	252	302
429	235	253	306
427	238	256	302
420	237	260	303
416	238	261	297
406	235	273	304
391	233	286	304
387	228	295	306
383	229	277	304
383	231	294	302
379	228	287	302
378	232	284	298
377	230	292	298
378	233	285	292
376	234	293	290
381	236	286	288
384	241	292	284
376	245	293	286
389	245	270	291
403	249	262	291
404	253	261	291
414	254	269	290
411	246	265	283
419	259	267	279
416	252	269	279
415	256	272	268
420	256	287	271
407	248	301	277
411	246	305	280
409	238	314	297
412	236	317	300
415	229	320	301
420	226	327	302
414	214	320	308
425	217	327	301
432	211	339	302
451	208	331	303
468	210	334	299
493	219	333	288
475	197	364	307
482	195	378	306
515	208	368	297
507	216	384	289
504	205	407	308
515	206	379	302
526	216	367	299
510	216	285	300
546	243	326	272
537	242	340	273
527	237	344	281
516	238	349	283
531	227	325	295
538	233	296	286
538	220	270	294
569	221	236	287
543	232	258	275
577	217	219	290
554	208	231	292
537	197	241	308
550	194	207	300
549	202	178	301
578	195	200	298
571	210	225	284
561	202	209	277
567	204	275	283
540	200	323	281
570	188	315	307
568	174	326	329
553	154	321	348
572	182	307	322
549	184	309	321
523	190	299	318
520	172	273	335
530	175	234	331
522	186	226	316
532	192	207	311
531	192	216	310
557	207	182	295
581	213	138	295
600	226	135	282
591	227	119	277
600	217	134	291
592	218	139	283
600	210	144	291
605	220	146	279
602	219	153	284
616	221	157	276
644	227	150	268
667	241	162	245
557	234	179	269
671	229	197	258
645	236	225	254
615	232	261	264
587	220	274	276
567	224	174	280
572	233	160	267
575	217	164	285
577	228	175	275
571	228	205	268
561	237	195	264
580	237	172	264
571	232	167	264
579	237	157	262
577	234	155	265
583	233	153	266
578	231	150	269
579	231	156	270
573	226	159	269
578	227	160	268
569	230	176	264
555	223	192	271
555	221	189	267
572	221	180	268
576	226	192	252
597	225	180	250
587	231	203	245
601	238	211	240
619	230	214	250
620	241	205	238
619	251	202	235
594	248	217	238
553	249	250	240
542	235	263	257
537	240	253	254
538	238	243	256
532	243	229	248
528	237	219	252
540	247	190	245
547	238	179	249
554	244	156	251
556	240	154	250
560	242	143	254
560	236	142	256
565	233	132	259
571	231	130	261
570	225	116	267
574	227	124	261
572	227	120	260
571	231	128	254
576	229	132	257
566	236	146	245
582	230	144	240
589	229	149	245
604	230	149	234
602	238	166	226
610	240	174	226
623	240	174	224
641	248	173	220
647	252	174	219
628	255	187	220
608	253	206	226
588	251	215	230
576	243	204	235
578	253	208	231
570	243	203	234
577	238	188	239
578	239	170	233
585	235	155	245
585	235	152	247
585	234	150	249
589	237	147	248
594	231	138	250
458	215	138	301
586	224	136	256
430	212	128	314
435	198	126	304
596	211	121	265
600	217	127	259
603	221	132	255
612	216	130	257
605	221	137	246
619	216	136	250
632	229	139	233
644	238	145	220
647	239	160	224
649	246	164	218
647	246	169	223
618	245	194	226
586	246	222	232
572	242	218	235
559	249	220	229
553	242	211	234
549	243	206	235
544	236	204	241
548	241	188	238
547	242	169	232
551	244	157	234
550	232	151	245
550	230	144	248
556	233	140	245
551	230	147	247
557	226	141	250
553	226	147	252
548	223	147	251
552	221	153	253
537	221	163	251
547	214	163	258
545	216	185	251
546	227	196	242
569	234	207	223
584	228	208	227
574	234	225	223
585	240	221	216
574	239	205	223
554	237	240	228
540	241	228	231
540	241	212	234
545	248	175	224
549	245	185	226
551	242	173	224
552	238	183	232
555	239	161	231
560	235	154	234
576	238	152	233
579	228	140	238
573	227	142	243
605	213	124	252
604	219	127	240
604	216	135	238
614	213	139	240
614	209	159	243
611	201	184	244
613	209	211	245
638	215	220	233
656	228	209	228
667	226	202	230
665	238	197	223
657	240	195	223
658	251	178	211
644	237	197	222
645	221	148	234
641	234	155	232
639	226	162	236
637	231	147	230
624	217	162	247
652	239	128	223
649	240	132	222
652	237	125	224
648	229	130	233
654	233	122	225
657	235	125	224
662	227	130	228
660	215	154	241
649	199	170	247
642	213	195	239
630	213	232	230
612	204	260	234
622	196	275	248
625	200	292	250
627	217	262	245
596	213	316	249
583	191	296	273
583	204	239	253
590	208	238	250
589	208	234	252
594	217	224	239
604	223	247	244
623	230	228	237
622	231	220	233
636	232	208	232
644	229	191	228
649	219	193	238
630	220	189	234
648	213	178	239
652	212	160	231
661	211	152	228
664	211	165	224
666	206	172	227
612	204	230	189
602	199	252	210
658	207	246	218
618	176	289	205
672	199	245	238
587	189	344	241
617	181	312	258
628	190	275	253
584	201	331	216
592	205	282	243
492	198	356	171
585	200	280	252
510	207	336	177
602	223	262	228
625	221	222	227
646	221	214	232
638	226	200	225
659	225	187	223
658	229	178	219
664	226	182	219
690	215	171	229
669	211	229	228
666	216	253	225
667	206	255	233
670	211	252	225
669	209	275	228
678	210	271	231
677	212	252	233
692	224	258	230
695	223	232	232
694	216	236	248
663	236	267	233
681	246	248	221
673	249	272	220
665	244	269	223
669	258	262	206
671	260	272	206
660	254	285	218
661	256	278	212
664	261	279	207
663	259	285	212
664	260	283	210
663	260	287	211
665	262	281	208
665	258	283	212
667	261	283	210
662	255	279	214
669	260	280	208
659	253	283	217
668	260	283	211
660	252	276	214
672	262	278	208
661	247	281	222
672	261	279	210
664	251	275	216
681	260	270	206
670	250	278	220
672	257	270	209
672	254	261	211
674	256	265	207
673	251	242	212
682	256	268	215
672	246	265	224
682	254	245	214
666	240	263	227
669	248	256	222
682	242	242	230
692	242	227	224
681	235	242	230
683	237	244	225
683	236	241	225
665	232	252	227
642	223	290	237
624	215	306	243
583	206	341	249
570	196	344	254
550	191	359	258
537	184	365	264
551	192	344	257
558	199	328	257
587	211	281	243
597	241	267	215
618	248	243	211
621	262	237	205
624	257	231	211
622	256	234	213
622	259	232	210
620	253	235	215
616	256	234	213
616	253	238	212
614	257	241	210
610	253	247	210
608	253	253	212
605	249	257	213
603	249	261	209
596	247	265	210
593	242	267	216
591	240	260	215
584	236	254	211
579	236	259	211
564	229	215	208
560	244	203	192
557	242	201	190
558	250	183	181
557	251	179	185
555	258	163	182
563	254	149	193
567	257	143	204
567	260	138	209
566	263	140	212
572	270	138	202
580	272	135	201
581	269	140	203
588	274	138	196
587	272	161	195
588	265	157	201
590	264	162	200
591	261	171	201
594	261	178	201
591	263	183	199
595	255	182	206
587	251	189	206
583	245	183	210
586	246	176	205
586	243	179	205
578	233	184	212
585	237	174	208
582	235	171	206
583	237	160	203
585	237	141	204
583	241	126	198
582	247	102	190
582	253	85	182
578	251	78	192
570	251	68	195
567	262	62	190
564	265	64	199
565	266	66	196
571	266	65	197
580	266	66	197
590	258	79	204
597	258	76	202
603	259	79	195
604	254	81	199
605	253	80	198
603	247	94	204
602	252	98	198
598	249	95	200
598	243	91	204
600	240	87	207
569	243	81	204
550	243	80	201
539	246	93	197
518	246	98	196
499	245	110	195
489	249	109	187
460	258	124	167
444	263	136	164
439	263	133	169
442	266	134	171
444	268	138	172
453	270	143	179
463	266	153	183
498	260	117	183
514	257	115	186
509	250	120	198
520	223	112	227
523	244	109	205
537	250	94	197
547	242	87	207
560	242	78	203
569	197	69	246
573	231	65	209
568	235	64	207
553	241	81	203
540	241	93	198
511	235	101	204
496	240	119	200
446	245	152	194
440	238	156	188
423	237	169	194
406	242	171	182
387	257	173	171
366	267	188	168
360	261	200	181
360	269	188	177
363	256	208	194
363	260	205	199
408	235	185	219
406	249	186	203
414	236	188	212
422	245	173	203
432	237	163	213
443	230	153	224
498	227	117	219
502	244	101	199
497	249	110	197
498	246	109	201
498	247	107	199
496	243	105	202
497	249	100	194
500	247	92	197
503	247	87	201
505	244	81	204
505	245	77	201
504	241	80	201
456	241	106	200
436	233	125	201
421	237	139	201
414	238	144	181
402	242	148	187
381	246	160	181
363	255	166	182
355	268	164	182
342	264	181	194
338	274	174	188
344	266	181	200
346	274	177	190
361	266	181	197
375	247	178	213
375	252	173	211
396	239	173	217
411	240	150	216
426	241	132	210
447	228	113	219
446	232	113	206
468	242	90	187
479	238	78	199
486	230	63	208
487	231	55	215
486	234	50	210
471	235	58	203
451	235	71	206
441	232	81	208
417	233	87	197
414	237	99	202
384	250	113	195
370	257	127	192
349	262	139	193
330	261	146	200
310	265	161	202
302	271	168	200
293	275	178	200
290	288	180	193
291	288	182	189
294	289	188	190
307	279	186	194
342	252	172	218
367	261	140	223
362	269	163	199
380	262	150	205
394	266	130	199
403	260	117	203
408	256	111	207
409	245	105	219
411	246	100	222
410	240	92	235
409	238	90	233
404	236	91	231
402	232	87	233
397	242	90	215
373	260	99	193
360	254	107	199
335	253	125	199
310	253	145	202
298	264	144	192
282	271	162	186
278	275	171	190
274	269	178	199
276	257	187	218
275	265	195	209
290	236	194	238
