776	125	165	153
766	124	164	151
755	125	165	152
747	125	162	153
740	126	161	153
732	128	160	151
725	127	158	153
719	126	157	153
712	127	156	152
704	128	158	155
697	129	160	157
692	128	157	158
687	130	160	158
684	131	156	157
679	131	157	158
670	132	158	160
665	132	158	161
658	134	160	160
653	136	160	159
647	137	160	159
639	138	161	160
634	138	160	160
629	136	159	162
622	135	164	162
618	136	165	160
611	137	173	160
607	137	171	161
603	138	170	161
601	138	170	162
599	139	167	162
590	132	175	171
588	126	178	177
587	120	184	187
583	132	183	176
585	113	187	193
584	109	182	199
583	111	192	200
588	110	257	214
584	102	272	241
585	102	269	244
585	109	262	241
589	119	261	228
587	122	264	233
590	121	262	232
589	123	264	234
590	137	263	227
591	134	265	229
593	139	264	229
596	144	262	225
599	147	263	223
604	162	259	216
607	165	258	215
605	165	260	214
610	161	260	221
613	158	262	226
624	149	255	235
623	160	260	225
632	158	256	223
635	161	262	221
645	160	256	222
653	162	253	220
658	160	251	225
661	158	252	223
660	159	256	218
662	159	258	217
669	160	254	220
675	163	250	218
679	160	250	220
684	158	250	225
689	159	249	223
697	158	246	228
705	157	243	229
713	158	240	228
719	157	233	229
719	156	233	231
720	157	233	229
722	159	229	228
725	162	226	224
727	164	224	219
732	167	221	215
742	168	213	219
752	166	204	215
758	164	201	215
768	166	186	206
770	165	189	214
782	169	174	199
780	165	175	206
781	163	174	206
778	161	178	211
780	167	176	204
777	172	179	202
775	168	181	215
776	171	181	210
774	167	183	220
775	164	183	221
770	168	188	224
765	162	190	226
761	171	194	213
756	171	198	215
750	171	209	221
747	174	209	223
743	171	216	224
740	175	216	218
736	176	220	217
728	180	228	215
725	181	230	214
719	180	238	218
722	180	233	221
733	179	223	224
745	185	212	218
757	190	202	217
773	190	182	217
792	194	162	219
811	194	146	217
827	192	129	216
830	191	123	210
792	223	159	181
783	221	167	187
792	221	159	188
804	218	152	196
818	214	134	205
827	208	121	212
846	223	104	197
857	216	95	203
864	151	86	263
869	224	88	188
870	278	86	135
872	272	84	139
870	277	85	131
862	272	92	137
853	265	101	141
834	249	116	155
810	231	142	165
790	216	163	178
765	201	189	194
743	188	211	205
720	183	231	210
706	192	246	206
695	194	252	205
686	200	245	202
679	198	242	204
663	199	237	199
651	191	237	206
638	198	240	199
626	190	233	206
611	201	232	198
586	198	228	199
569	195	228	200
554	195	229	199
541	193	225	200
527	192	221	202
505	190	219	203
497	193	217	200
490	192	217	199
483	192	214	198
477	191	215	199
465	191	212	197
454	189	215	198
444	188	215	199
434	191	213	195
426	194	213	191
417	190	213	195
412	193	213	193
410	194	211	193
407	194	211	195
403	192	212	197
400	197	212	194
398	200	210	192
396	197	211	196
393	201	213	192
390	201	214	192
386	204	215	189
383	206	213	186
379	208	215	183
374	212	215	177
368	210	215	176
356	215	208	169
349	209	208	173
342	202	212	179
334	203	214	178
328	207	217	176
322	209	216	175
314	206	222	179
310	207	220	176
303	207	223	176
297	212	222	170
285	213	214	169
276	205	210	175
270	207	212	172
261	217	207	163
251	204	210	174
245	203	208	172
230	205	218	172
222	205	215	172
215	202	221	174
210	205	220	172
205	205	208	174
201	201	221	177
197	212	217	166
197	202	217	175
193	207	218	169
192	205	222	171
190	204	223	171
185	208	215	166
183	205	234	167
177	203	219	168
169	200	235	169
160	206	229	164
154	200	233	166
146	207	232	157
140	204	238	156
134	204	239	156
135	204	233	157
134	206	229	155
193	199	177	160
179	199	194	158
128	202	192	156
140	199	225	156
201	202	170	152
138	201	155	152
142	205	152	147
153	198	208	150
221	195	159	149
202	195	181	151
186	193	204	151
177	193	216	151
180	196	218	149
183	194	215	151
186	193	217	152
193	192	217	151
198	191	209	150
213	193	193	143
243	191	185	141
234	192	201	138
241	190	194	138
228	190	143	136
235	184	191	135
237	181	133	142
236	177	194	144
250	175	183	142
288	173	159	140
262	168	195	140
278	167	180	143
271	166	186	138
270	164	186	140
271	162	183	141
279	162	178	141
340	162	127	143
325	157	151	141
297	168	137	139
303	163	125	146
329	174	158	139
356	167	159	140
336	170	121	144
393	170	142	138
395	171	144	139
392	175	153	135
390	177	161	132
398	180	154	131
407	180	146	132
411	174	145	136
413	172	141	135
405	170	146	134
406	168	144	136
347	160	192	145
349	159	193	144
354	160	189	144
360	165	179	137
353	164	192	137
361	168	179	134
362	166	188	137
375	165	182	138
388	161	181	144
386	170	182	137
392	170	181	137
394	168	176	139
398	166	176	141
398	168	172	134
393	167	175	133
383	169	186	131
382	171	181	128
364	176	119	122
369	166	111	130
366	168	110	125
367	167	102	126
364	169	101	126
362	169	97	125
359	167	89	127
355	167	89	129
365	168	83	127
357	167	81	129
362	168	77	128
367	171	76	125
364	171	75	125
435	175	87	116
435	175	89	117
434	169	87	123
429	172	85	121
422	175	90	117
408	173	101	120
356	170	98	125
353	169	105	125
367	170	131	120
399	173	101	115
352	171	102	121
377	169	117	125
373	174	124	117
373	175	117	119
366	173	122	120
374	175	113	114
373	173	115	120
381	176	107	114
399	175	88	112
410	174	79	111
413	174	80	115
420	174	77	111
426	173	76	108
428	170	87	109
356	175	99	108
359	169	93	111
361	170	94	110
363	173	91	106
363	172	93	110
364	173	92	109
365	171	93	111
366	167	92	113
367	169	92	110
366	167	93	113
365	168	93	111
365	167	93	112
364	171	93	108
364	169	93	109
361	168	92	109
362	167	89	108
361	166	93	108
363	165	95	108
370	168	93	106
381	168	86	105
391	168	78	106
395	170	75	106
402	172	69	103
402	174	68	102
411	178	64	98
409	176	71	99
413	175	80	100
542	162	72	99
561	156	71	98
576	155	67	91
580	150	61	97
576	153	60	97
567	156	66	95
567	155	65	99
587	159	71	99
594	163	76	97
602	163	73	98
605	162	72	98
606	158	71	99
604	150	74	95
601	144	73	95
601	140	70	96
604	138	69	97
605	137	70	97
601	131	72	96
596	127	76	95
596	122	73	97
588	120	83	96
594	118	86	94
630	128	83	93
639	134	75	95
635	140	75	91
606	146	93	93
601	151	88	92
573	149	92	88
577	145	84	89
579	146	82	87
589	137	75	95
596	141	68	94
600	140	61	98
591	142	68	96
592	133	66	94
515	133	51	105
520	133	62	102
562	134	61	93
577	133	58	93
589	132	55	99
594	131	59	105
601	124	61	117
601	115	66	146
607	108	68	152
615	115	69	145
626	119	70	134
637	118	78	130
651	127	84	131
647	122	82	134
663	126	80	131
669	119	80	135
682	136	94	122
665	144	93	116
688	115	67	141
692	125	81	129
702	118	96	137
757	140	89	100
749	142	88	96
730	145	95	96
701	144	94	90
719	153	67	80
715	159	63	80
711	155	56	77
714	150	50	76
706	147	57	81
704	143	55	80
703	142	54	80
700	142	54	81
695	143	57	75
692	141	55	78
694	141	52	75
691	140	53	78
681	136	51	84
663	137	59	83
628	128	81	107
588	132	102	112
583	105	87	121
561	122	70	107
550	131	71	98
540	129	70	90
532	133	67	87
530	127	63	89
518	126	57	90
507	126	59	91
496	126	58	97
486	127	58	95
474	130	59	97
459	133	56	86
457	136	55	81
457	139	54	78
458	141	53	77
457	142	53	76
457	142	53	75
454	142	53	75
454	144	53	74
455	143	52	74
455	146	50	70
455	143	49	72
460	137	51	81
458	139	51	81
456	142	53	82
452	144	54	81
449	147	53	78
441	153	61	75
446	149	58	77
441	147	56	77
442	148	52	76
441	150	51	74
438	154	53	68
438	152	53	70
437	158	52	66
437	161	52	62
439	157	51	64
442	143	50	74
441	148	52	70
441	151	52	66
441	155	51	63
441	152	50	64
443	144	51	74
446	144	52	78
452	145	50	75
458	143	49	77
462	147	51	75
479	153	52	71
491	153	54	73
505	153	60	73
511	152	62	74
527	151	55	75
543	158	52	74
547	160	51	76
548	166	49	75
549	168	48	78
548	172	49	76
540	178	52	75
539	180	53	79
531	184	56	75
524	185	59	74
518	188	56	71
522	186	52	72
527	183	55	72
533	181	58	73
541	179	56	72
544	177	57	70
537	173	52	77
534	172	55	75
533	169	56	80
528	169	59	77
529	174	51	81
530	186	49	73
529	183	46	79
526	184	50	73
520	183	48	70
520	181	45	73
522	181	47	73
526	185	49	78
528	191	50	79
529	194	54	82
534	199	52	80
540	214	49	72
539	216	47	72
533	216	48	70
525	216	47	70
518	216	46	69
510	214	44	71
509	213	45	71
510	210	45	75
512	208	45	83
512	207	49	69
517	206	44	73
513	209	47	70
506	208	49	70
498	208	51	69
492	209	51	69
487	204	47	77
492	200	45	77
493	194	50	71
499	192	52	68
509	189	50	68
528	188	39	70
528	192	39	72
527	193	39	72
530	193	37	73
532	195	45	74
562	195	47	67
578	197	52	70
594	196	51	73
603	202	48	74
610	205	44	80
609	213	48	83
613	215	46	85
615	212	50	83
618	212	49	85
619	212	46	83
618	212	44	78
617	212	45	75
620	212	44	72
625	215	49	84
632	215	53	85
655	209	50	72
662	200	47	75
669	206	42	76
671	206	42	70
675	211	39	72
671	211	39	64
673	215	37	64
673	216	41	57
675	213	42	68
677	209	47	72
689	212	49	78
694	208	47	75
699	202	44	67
700	211	44	74
702	210	42	74
705	210	43	69
707	208	43	67
707	210	42	68
702	211	45	68
695	211	47	74
674	212	57	82
667	212	59	88
661	211	59	83
658	213	52	83
657	212	51	85
658	213	54	77
664	214	52	84
661	209	64	81
657	198	74	74
666	198	72	80
677	201	61	72
679	213	59	84
668	210	71	86
650	213	83	72
638	206	90	72
650	215	68	69
652	216	55	65
656	213	48	68
653	210	48	71
647	209	51	71
631	205	58	82
626	201	58	81
621	198	56	83
613	194	63	90
598	197	70	79
591	207	61	81
575	198	74	100
569	190	67	78
554	187	78	94
550	184	67	77
532	177	68	94
520	163	73	71
528	160	54	80
524	157	55	87
514	166	61	92
487	152	75	87
498	153	67	90
499	162	57	84
501	156	53	84
494	150	55	84
469	149	62	89
464	140	64	101
460	144	65	89
471	128	53	88
476	128	47	99
478	130	50	93
474	116	50	105
464	82	65	135
423	44	87	161
398	43	96	159
314	82	76	165
297	88	76	168
288	104	75	149
294	110	66	148
294	115	62	132
285	115	62	135
223	170	56	83
223	186	48	75
228	189	41	70
231	189	38	69
224	189	43	69
179	188	34	58
180	187	30	61
181	187	30	59
183	188	30	58
184	189	30	59
185	190	30	61
185	191	30	60
185	192	30	60
183	192	30	62
182	194	32	60
176	197	33	61
174	197	33	59
175	198	34	61
174	197	34	62
176	198	35	61
177	199	38	62
177	198	36	63
177	200	37	63
181	205	38	66
174	206	42	67
174	211	50	66
175	211	51	66
186	214	46	64
190	217	48	64
195	216	45	68
197	216	49	67
202	214	50	70
200	218	57	72
202	215	51	70
212	215	52	72
204	217	46	67
203	216	46	68
203	217	47	69
204	216	44	68
203	215	38	66
204	217	35	64
205	216	35	65
204	213	35	67
208	220	35	62
207	219	35	61
209	219	39	65
210	219	41	66
212	220	41	67
212	219	42	65
215	221	44	72
221	225	56	65
229	227	50	71
232	225	57	68
235	229	57	74
235	228	61	67
246	226	56	69
256	224	53	73
261	222	53	71
270	223	51	72
275	223	54	66
291	219	51	68
301	216	43	77
305	232	47	63
298	225	55	66
310	213	40	71
309	211	40	70
316	210	36	66
315	211	40	66
318	216	45	65
313	219	52	62
338	218	49	73
351	228	43	61
351	217	39	72
341	227	49	69
361	233	42	59
366	228	42	67
366	222	41	71
373	219	44	75
374	233	59	68
382	224	46	69
386	210	45	82
389	211	45	82
391	219	44	73
392	221	50	78
384	222	70	79
391	162	70	118
391	136	68	146
387	133	69	145
383	128	72	148
376	134	73	142
376	130	69	139
380	118	74	136
389	123	78	121
396	112	74	128
406	116	66	125
401	107	67	149
393	103	69	148
386	103	67	154
376	113	67	126
357	117	74	126
354	122	63	127
347	116	63	136
342	115	70	138
348	123	76	125
363	124	71	128
388	135	70	124
404	131	64	129
408	132	63	132
411	126	59	146
414	126	58	149
418	119	60	130
430	115	62	141
437	115	69	118
455	112	67	120
477	111	52	128
474	104	55	142
475	112	53	140
461	122	68	130
478	126	55	137
470	134	70	120
496	130	66	120
476	135	68	115
487	146	68	114
499	135	79	126
520	130	73	125
552	129	54	136
508	153	62	102
513	121	54	132
516	122	67	130
564	151	53	117
569	192	53	82
579	186	44	80
582	181	42	86
583	182	42	84
583	182	44	85
589	183	46	87
592	178	48	89
595	186	49	82
598	182	56	79
610	185	50	81
627	190	48	82
631	187	51	88
634	188	52	91
637	192	52	88
640	197	49	89
639	201	51	89
639	201	51	92
639	201	49	89
643	196	47	88
647	199	52	83
653	206	55	86
654	205	49	87
656	201	50	98
654	202	50	93
660	196	54	104
658	191	53	94
658	190	56	102
651	190	64	100
657	174	68	118
645	174	104	138
560	106	107	148
550	88	118	157
521	136	99	159
510	149	99	133
608	185	95	104
616	184	91	111
603	185	105	125
628	173	86	128
595	182	119	122
625	176	96	130
648	171	78	123
656	171	77	129
636	170	109	120
659	167	87	132
561	98	88	122
556	99	80	130
562	131	84	128
571	125	78	143
558	134	87	135
583	121	83	132
575	123	96	127
576	128	91	137
603	109	86	124
604	115	82	133
609	127	73	120
623	108	77	127
619	138	85	134
597	146	112	130
631	106	99	130
648	88	81	146
644	109	76	133
640	107	70	132
641	110	67	140
640	99	69	129
639	103	64	142
642	96	69	130
637	99	64	140
640	96	66	151
640	89	63	140
640	100	60	147
642	96	65	133
640	100	61	128
643	91	63	123
639	95	60	123
638	91	65	129
635	84	67	148
635	84	64	144
