246	90	18	40
247	89	17	38
248	89	16	37
247	88	17	37
247	88	15	36
246	87	16	37
246	87	17	38
247	87	16	37
247	86	16	37
249	87	16	38
250	87	15	36
249	88	16	39
253	88	17	40
253	88	17	39
253	88	17	40
256	90	19	43
255	88	20	36
263	91	19	36
263	90	18	38
261	88	18	41
261	88	19	40
263	92	18	41
265	86	20	38
273	83	21	42
272	83	21	38
274	88	20	35
279	95	20	34
274	87	19	35
277	90	19	34
282	99	20	40
283	95	21	46
286	102	26	43
286	96	26	51
286	96	28	47
289	103	26	45
289	105	24	44
289	105	22	42
289	106	24	38
290	107	25	47
290	102	30	35
308	94	22	38
312	97	22	36
315	98	21	37
323	103	22	36
329	103	20	34
329	101	22	34
331	98	21	37
335	104	21	33
337	102	21	31
336	100	22	37
338	100	22	41
339	100	23	42
340	102	23	42
340	101	24	45
342	102	25	49
345	102	24	52
347	103	25	50
349	103	26	51
350	103	25	51
353	104	25	50
355	105	25	46
355	105	25	47
357	110	25	43
360	109	23	44
360	110	24	44
360	109	23	44
360	108	24	45
360	109	24	46
360	109	25	46
361	110	24	47
361	111	23	46
361	112	23	47
358	112	24	48
358	113	23	48
356	114	23	48
352	116	24	48
352	115	23	49
347	117	24	49
343	118	24	49
341	117	24	48
339	117	24	50
335	118	24	51
334	119	23	50
329	120	24	48
329	121	23	48
325	121	25	49
322	121	27	52
317	123	27	52
312	125	25	54
311	127	25	52
304	128	26	56
303	129	24	53
300	131	26	55
297	131	26	55
297	134	26	59
295	136	26	59
293	144	27	58
289	138	28	63
286	140	28	58
282	137	31	62
282	137	32	62
282	137	31	64
282	139	32	64
282	140	33	64
284	142	31	60
281	141	34	62
284	145	31	57
285	145	32	58
284	147	33	58
285	150	33	59
284	149	32	69
285	152	31	63
283	161	30	60
282	155	29	61
282	158	29	63
279	157	30	66
275	157	31	70
274	159	30	68
274	163	29	66
271	162	29	68
269	165	28	64
266	164	28	66
264	169	28	66
263	166	29	68
260	167	32	69
257	171	30	68
255	172	30	70
253	173	30	70
251	174	30	73
250	176	30	73
247	178	29	74
243	179	30	74
240	181	31	74
238	184	30	76
234	185	31	77
231	189	31	78
226	188	33	83
222	190	33	82
218	191	34	83
215	194	35	82
210	196	35	87
206	196	36	84
203	199	36	83
200	200	37	81
196	203	36	79
191	205	38	80
187	208	38	80
181	211	40	78
177	213	38	83
173	216	39	81
166	217	42	82
160	220	42	85
154	223	44	86
148	226	44	90
143	229	43	88
135	232	44	94
130	234	43	93
123	236	44	95
116	239	45	100
107	243	47	99
99	244	49	95
95	248	52	96
86	251	51	97
78	253	50	100
69	256	51	100
63	260	50	103
54	263	51	102
44	266	51	102
34	269	51	104
25	272	53	106
16	275	50	105
7	279	52	107
