409	157	60	121
415	158	59	108
422	156	59	107
428	154	58	105
434	153	58	102
438	152	56	100
442	149	56	99
446	147	52	98
448	143	51	99
450	139	50	102
453	140	49	100
456	139	50	97
458	138	47	95
460	136	48	95
455	133	51	97
460	133	43	94
462	130	45	95
448	133	45	89
422	129	46	91
387	129	39	88
354	129	44	86
330	127	43	85
334	126	48	83
338	125	43	84
337	119	44	88
339	114	44	89
340	115	43	87
340	111	45	89
342	109	46	90
343	109	44	89
347	109	44	88
349	107	41	90
350	106	41	87
350	106	42	84
350	105	41	81
352	105	40	77
351	104	39	75
349	103	35	74
349	103	37	76
345	103	32	74
347	99	36	78
344	100	32	77
346	97	39	77
344	96	34	78
345	94	36	74
342	95	35	71
340	94	31	70
340	93	34	67
338	92	31	67
337	91	35	68
336	90	35	68
334	90	32	67
332	88	34	68
329	87	32	68
325	85	32	65
322	84	35	64
321	84	30	64
320	81	32	65
319	82	34	64
319	81	32	64
318	79	35	66
318	80	33	63
317	80	30	63
318	79	27	61
319	78	26	56
318	78	26	53
321	80	25	52
322	76	24	55
323	76	25	53
324	77	25	53
325	74	26	56
324	74	26	56
326	74	25	57
327	73	23	55
328	71	24	55
329	70	23	53
329	71	24	53
330	69	24	53
331	69	24	51
332	69	23	50
333	67	23	51
335	66	21	51
336	66	22	49
339	65	22	50
339	63	22	52
340	63	24	55
340	61	25	53
344	62	23	50
346	61	23	49
347	60	23	51
351	57	23	52
353	60	22	50
354	59	22	45
357	56	23	50
359	58	22	44
360	56	23	49
363	55	23	45
366	55	23	48
367	55	22	44
368	55	22	41
370	52	22	42
372	53	21	43
373	52	22	43
376	52	21	41
379	53	21	41
380	51	23	40
383	52	20	40
384	51	20	38
385	51	20	39
388	51	20	37
388	50	20	37
390	50	19	37
391	48	20	41
392	49	21	38
393	48	20	39
395	48	20	38
398	47	19	40
399	46	20	40
401	46	21	40
402	44	21	43
404	43	21	43
407	44	22	41
409	43	23	41
412	43	22	42
415	42	22	41
416	42	21	40
419	41	22	43
420	40	25	44
422	39	25	43
423	39	25	42
428	39	25	43
431	39	23	43
434	38	24	43
434	37	23	43
436	36	23	43
439	35	21	43
440	36	21	45
441	35	20	45
442	35	20	45
446	35	19	46
