187	81	22	45
187	80	20	48
187	78	22	50
188	79	22	50
189	79	25	49
191	81	24	47
193	81	26	47
194	82	28	48
197	82	26	48
198	83	27	49
202	84	25	49
204	85	24	49
181	74	22	54
182	76	22	52
183	77	21	52
183	76	21	53
183	75	20	52
184	75	20	51
183	76	20	52
182	76	21	51
183	75	21	51
186	77	20	50
182	76	20	50
183	75	21	52
183	74	21	53
184	75	21	52
183	74	21	52
183	73	21	52
185	74	21	53
184	75	21	51
185	74	20	53
185	76	20	51
185	75	20	52
184	75	20	52
185	75	21	52
184	74	20	52
186	75	20	52
182	75	21	51
185	74	21	52
185	74	20	53
186	75	21	50
183	75	21	50
184	74	21	52
184	74	20	53
185	75	21	52
183	75	20	51
185	74	21	51
185	74	20	52
186	75	20	52
184	75	21	51
184	74	21	52
183	75	21	52
184	75	21	51
183	74	22	52
186	74	21	51
182	73	23	53
182	75	23	53
186	74	21	52
186	74	22	51
180	73	22	53
182	73	23	53
183	74	21	51
184	74	21	51
183	73	21	51
182	73	21	52
182	73	21	52
184	74	21	51
185	74	21	50
183	73	21	51
183	74	22	52
183	73	22	52
182	74	22	52
184	74	22	52
184	74	22	52
187	73	21	52
187	74	22	53
191	74	21	53
194	75	20	52
193	74	21	54
194	73	22	54
194	73	22	54
194	72	22	56
