342	131	130	201
340	129	134	196
340	129	137	195
343	129	141	194
340	128	148	193
343	128	152	193
336	129	161	192
341	128	157	190
336	128	163	192
344	128	156	190
341	127	157	195
345	127	154	194
345	128	154	195
344	127	153	195
345	127	154	192
345	129	152	193
345	127	155	194
342	129	154	191
341	129	156	189
341	129	156	191
340	129	157	190
338	131	159	188
342	130	156	186
344	130	151	190
345	129	151	192
341	128	155	192
339	128	157	190
343	130	154	191
343	126	155	196
342	128	157	191
341	128	158	192
342	127	158	192
343	127	157	196
338	127	160	194
337	127	164	193
340	127	160	192
342	128	158	191
338	129	161	194
338	129	160	189
339	130	162	189
339	132	158	188
339	132	158	187
338	131	159	187
338	131	159	190
338	128	158	193
338	130	157	189
339	127	157	194
338	126	153	194
340	126	152	195
339	126	153	196
335	125	152	195
345	126	144	194
342	127	143	197
341	127	141	194
348	129	133	189
345	129	134	191
349	130	128	191
344	131	132	192
347	130	128	189
336	131	139	193
339	129	136	191
337	132	140	186
338	131	137	185
337	133	138	188
331	132	141	187
332	135	136	185
332	136	133	187
331	136	131	187
329	138	127	184
322	141	125	187
323	141	119	188
319	142	117	186
316	145	111	182
308	144	115	184
303	145	112	178
299	145	127	178
295	145	111	178
293	147	130	179
293	148	126	173
292	150	126	173
290	152	131	174
288	148	136	178
289	148	125	177
292	148	135	178
295	145	126	178
296	147	122	176
300	147	130	177
304	146	116	174
308	147	122	174
315	146	118	176
318	144	116	183
321	143	115	184
324	144	113	183
328	145	111	184
329	145	112	182
329	145	112	180
331	144	112	183
332	146	110	181
334	144	110	184
335	145	109	182
336	144	109	184
336	145	109	182
337	144	109	183
338	144	108	182
339	145	110	181
338	145	109	179
340	145	109	179
340	146	107	179
339	147	108	179
340	146	107	180
340	147	107	178
340	146	105	179
340	148	105	179
337	148	105	178
336	151	106	174
335	151	106	174
333	153	107	174
329	157	111	171
325	159	114	168
325	158	111	170
325	157	111	173
322	156	114	173
318	156	117	170
316	153	122	174
312	152	123	173
310	153	125	167
310	153	124	169
308	153	126	167
309	153	126	168
311	153	124	171
312	153	124	170
316	153	120	172
320	155	115	172
322	156	115	175
323	158	113	169
325	160	109	170
330	157	107	171
329	158	110	167
333	159	109	166
336	158	107	169
338	157	105	171
338	158	105	168
341	157	106	167
340	155	108	169
345	158	113	163
344	160	115	162
345	160	114	160
345	159	114	161
348	160	114	159
338	162	124	155
346	162	116	159
341	162	120	156
349	162	114	157
344	163	120	154
347	164	122	152
349	162	122	154
352	162	115	160
355	159	118	161
362	162	113	157
377	160	109	155
384	162	111	156
389	159	107	151
398	161	101	153
401	161	103	155
402	162	105	157
405	163	111	151
414	163	107	148
426	160	98	155
434	159	93	152
440	160	90	154
444	159	91	153
449	157	89	155
452	159	88	161
455	162	86	153
459	160	87	150
464	160	92	146
463	159	91	149
466	159	92	148
466	159	92	148
467	159	98	152
466	159	96	150
466	160	99	151
467	160	103	154
468	160	107	153
467	161	112	150
466	161	114	154
461	162	121	155
449	162	136	154
444	162	141	155
437	162	149	152
432	162	153	152
429	162	155	154
429	163	154	152
432	164	152	154
450	164	129	154
447	163	133	153
463	163	113	156
469	162	106	154
468	163	102	153
466	163	100	151
464	165	97	143
463	166	95	149
460	166	89	142
457	167	92	142
454	169	87	143
451	171	86	144
447	170	87	144
442	171	87	145
438	170	88	144
436	170	85	139
431	171	86	143
428	172	87	143
420	172	90	140
418	172	91	142
398	173	104	144
404	174	99	141
400	173	101	144
398	175	102	142
396	174	103	143
395	174	104	140
396	175	102	143
395	174	102	141
396	176	101	140
395	177	102	141
398	178	99	139
400	179	98	135
404	181	97	133
408	181	93	135
406	182	98	133
414	187	92	129
415	186	94	130
416	186	95	134
422	186	93	131
427	186	89	129
428	186	89	122
430	185	91	127
430	185	93	127
431	185	93	130
431	185	92	124
430	185	93	121
430	185	93	123
430	185	93	125
430	185	95	126
429	185	94	122
429	185	94	123
429	184	95	125
428	184	95	122
427	182	95	125
425	183	96	125
425	183	98	125
424	180	96	126
423	181	96	129
419	181	100	125
418	178	98	133
420	178	95	135
413	176	101	136
411	179	104	137
408	177	101	140
409	177	101	134
397	175	114	143
405	177	103	131
393	175	112	136
402	178	99	132
397	176	102	133
397	180	102	135
388	180	109	131
377	183	114	129
358	189	126	130
366	191	122	127
345	195	129	124
290	192	118	129
305	187	103	135
277	201	118	125
331	192	125	130
277	195	117	128
286	193	119	131
281	193	116	131
285	195	114	131
288	194	109	134
292	199	107	133
290	198	111	128
289	200	110	123
298	200	105	126
321	204	112	120
300	198	106	125
308	200	105	117
318	197	93	118
281	204	112	117
329	198	95	122
310	198	94	123
314	198	97	127
318	198	90	116
295	200	104	119
297	199	101	123
299	200	98	126
306	196	100	126
313	199	99	124
318	197	94	117
290	205	104	117
300	197	103	127
281	199	110	121
289	196	107	121
282	200	108	121
291	197	104	121
295	196	100	132
299	199	95	125
306	199	91	125
311	198	91	124
319	196	86	128
322	198	84	117
318	196	87	122
321	198	86	119
297	203	98	121
326	195	92	127
297	199	99	126
303	198	98	127
279	200	114	124
330	196	91	123
299	205	102	118
324	194	100	130
293	205	104	123
302	196	106	123
314	201	102	126
329	195	91	123
302	201	96	128
329	191	99	128
298	199	105	125
313	195	103	128
288	195	110	124
286	198	115	128
263	202	127	129
317	193	103	125
275	194	119	132
296	189	113	132
299	195	104	121
303	199	101	125
316	192	104	127
277	194	117	129
290	192	111	132
283	194	123	132
259	196	136	125
276	192	128	126
283	189	130	135
279	191	124	130
270	193	129	133
298	192	117	129
301	198	107	124
314	193	106	128
288	195	107	127
291	198	105	120
297	196	100	126
296	202	102	118
303	197	99	131
315	194	100	124
293	197	105	125
292	205	103	126
304	196	101	129
311	195	96	128
313	194	94	122
290	197	108	126
284	199	108	125
294	193	104	130
295	195	104	125
294	197	105	122
291	199	107	118
291	202	106	127
299	193	108	127
298	199	98	123
304	195	100	126
306	196	97	129
316	193	92	134
296	191	104	125
288	198	110	126
299	193	97	129
299	196	98	125
304	195	94	129
310	195	96	127
317	193	97	130
292	195	112	124
296	194	108	127
302	195	108	128
308	196	96	131
312	194	97	126
310	196	95	125
315	193	93	129
315	193	94	124
297	203	104	119
313	194	94	126
318	193	93	128
298	197	107	122
307	200	98	122
314	196	93	124
318	194	92	127
297	199	106	120
307	200	96	121
313	198	94	119
321	196	87	126
319	199	85	116
318	200	87	119
319	200	87	121
320	199	87	121
318	199	88	120
322	198	84	123
321	200	82	121
325	198	82	122
303	197	97	123
313	197	91	130
318	193	93	124
297	195	104	128
303	197	96	132
324	193	110	128
306	192	103	130
288	192	110	130
293	191	102	132
299	194	99	134
283	195	110	127
292	194	106	133
297	191	104	132
308	190	105	130
288	188	105	134
292	194	107	133
304	190	109	131
289	187	104	138
293	190	105	137
302	187	108	135
324	188	130	133
345	191	139	128
361	191	127	125
351	192	135	127
360	192	125	125
365	191	128	126
370	190	127	125
361	188	132	130
365	188	130	128
355	187	135	130
387	187	111	128
386	187	106	123
376	183	119	129
356	185	132	129
395	185	102	128
383	185	108	124
379	183	111	128
375	184	114	130
370	184	118	130
369	183	120	128
376	183	114	133
382	181	110	131
396	181	101	127
391	183	104	127
397	182	104	131
400	182	101	132
409	182	95	131
411	182	96	132
411	182	99	131
412	182	100	133
415	182	98	132
415	182	99	130
420	182	97	130
420	183	99	127
420	183	107	126
426	183	89	124
426	182	91	129
425	182	93	132
430	182	92	126
428	181	94	135
436	181	90	129
428	181	96	133
435	182	92	129
434	180	91	133
440	180	88	137
439	180	90	135
440	180	92	132
440	180	93	130
439	180	94	131
438	179	95	129
437	178	96	132
437	178	96	129
437	179	96	132
435	179	98	133
435	180	97	132
434	181	98	130
432	180	99	132
431	181	99	132
430	180	100	130
430	180	99	129
430	180	99	128
429	180	99	128
429	180	100	129
429	179	100	127
429	179	99	128
429	178	99	128
429	179	99	127
430	179	98	125
431	179	97	131
432	180	94	125
434	180	91	126
434	180	90	126
434	180	91	129
433	181	92	128
432	181	94	129
431	181	96	129
431	183	96	131
431	184	96	129
432	183	96	129
430	184	97	129
430	184	97	130
430	184	96	129
431	182	96	130
432	182	95	129
434	182	94	130
435	181	94	133
435	178	92	139
432	180	95	139
424	180	99	135
417	181	106	132
424	182	101	125
426	181	95	129
427	180	91	129
426	181	90	129
423	180	90	129
420	181	88	127
419	182	89	129
414	181	93	127
419	181	92	126
413	182	99	126
416	180	97	126
409	181	105	130
409	182	96	122
414	183	80	124
419	184	111	124
418	183	108	127
420	184	107	119
417	184	104	117
410	183	112	129
406	180	117	128
395	180	120	128
396	177	112	134
394	177	120	138
395	176	122	138
393	176	124	139
431	180	97	133
426	180	103	136
436	178	99	132
432	180	106	131
437	177	105	132
440	178	109	132
442	178	112	135
442	179	117	132
450	177	116	135
454	177	114	135
458	176	116	141
457	177	119	141
470	177	111	133
473	175	108	141
476	175	105	134
483	177	98	129
487	176	96	124
490	177	94	122
493	178	90	121
503	178	83	118
510	179	78	117
516	179	76	118
522	178	73	120
526	176	75	123
529	176	75	125
533	174	76	125
536	173	76	122
540	174	77	121
540	175	80	123
543	175	80	124
546	174	83	126
546	175	87	124
549	174	87	125
553	175	86	127
555	174	86	123
556	177	86	126
559	175	85	122
560	178	89	125
561	176	87	121
563	177	89	119
564	176	89	125
565	175	94	124
566	174	93	127
571	174	101	126
571	173	115	126
573	173	123	126
575	173	121	126
575	175	120	126
578	175	116	126
577	174	116	126
579	174	116	127
579	173	116	128
580	173	113	127
581	173	110	130
582	171	109	130
581	173	99	127
579	174	89	128
575	174	82	122
574	175	76	114
571	177	73	110
566	177	73	108
556	176	76	114
554	178	74	119
546	177	76	121
541	178	77	123
520	176	90	126
520	172	83	126
516	171	86	131
515	170	83	134
514	173	81	133
512	173	79	132
510	175	79	126
503	175	82	124
504	175	80	127
488	176	89	124
490	176	88	129
488	177	88	124
486	177	88	125
484	178	85	124
483	179	83	121
480	179	80	122
473	179	84	123
462	179	91	131
459	177	90	130
463	177	85	122
460	178	86	127
458	178	83	124
455	178	85	124
451	178	88	125
449	178	89	124
447	178	90	125
441	180	92	127
441	180	95	126
432	181	93	123
426	183	90	118
420	181	96	124
410	181	100	124
406	181	100	129
395	180	105	128
392	183	104	128
387	180	107	130
376	180	115	130
369	178	116	130
366	180	116	135
357	178	123	137
364	184	117	134
354	183	121	132
345	184	126	137
348	185	120	134
348	185	119	134
339	184	123	136
328	181	131	139
340	179	120	144
328	183	126	138
335	183	119	143
332	184	117	144
328	182	118	149
328	183	118	153
326	184	118	145
314	184	124	150
318	183	114	147
309	182	121	147
308	185	122	144
307	185	118	145
323	187	105	142
312	186	106	140
308	189	113	139
285	189	115	139
315	185	104	141
279	191	122	142
321	185	98	137
293	189	109	144
318	186	102	142
291	187	107	138
294	188	105	132
299	188	103	128
304	193	100	133
312	191	102	132
316	190	102	134
319	192	99	128
291	192	108	126
295	191	107	127
296	193	107	128
299	193	104	125
306	195	106	135
329	191	98	135
307	194	103	128
331	193	92	130
325	193	91	135
326	196	102	128
321	193	95	136
325	195	91	129
300	197	101	128
326	194	92	129
322	195	97	129
324	194	99	128
324	194	92	128
333	193	87	131
326	194	94	131
334	194	99	124
329	195	88	128
332	193	96	127
331	192	93	137
327	192	93	132
329	191	98	126
306	196	103	133
337	189	94	131
312	197	109	125
325	190	103	129
296	194	112	127
313	191	105	134
473	163	101	141
465	160	101	141
462	162	101	147
455	159	101	156
449	159	103	151
444	160	103	145
444	158	100	134
441	157	97	144
436	157	98	141
433	156	98	144
428	156	102	146
425	157	104	147
424	157	101	146
416	157	104	147
411	157	106	146
409	157	104	150
405	156	105	152
401	156	105	149
396	155	106	150
398	153	100	152
397	150	97	156
391	151	100	159
393	150	98	150
383	151	106	160
379	149	108	156
373	148	111	157
363	149	117	161
364	150	113	165
347	147	127	168
347	152	124	157
343	150	124	161
349	154	116	156
340	147	121	161
343	150	113	161
339	147	114	167
341	149	108	167
341	148	107	164
336	148	110	165
337	149	107	162
338	148	105	169
337	148	105	167
332	148	109	167
331	147	108	165
329	146	113	171
328	147	105	170
328	145	115	170
326	145	111	174
329	144	114	175
326	144	107	174
327	141	115	170
326	140	112	178
326	142	111	179
325	140	105	174
324	137	116	175
324	137	113	178
325	138	109	178
325	137	113	174
323	138	118	178
324	137	110	180
322	138	117	178
320	137	110	178
317	135	112	173
317	133	123	172
314	132	121	184
309	132	120	182
307	132	109	179
303	135	112	172
303	135	116	175
302	133	114	177
300	133	117	176
300	131	127	179
297	130	116	185
298	131	125	178
296	128	119	180
293	129	120	179
296	127	128	181
296	126	122	188
293	127	113	181
296	126	134	181
298	125	141	183
302	126	121	189
301	124	119	181
302	124	127	181
305	124	133	187
307	122	133	189
308	120	133	191
310	119	133	190
311	119	133	189
315	119	125	192
318	119	122	188
318	118	125	189
320	117	121	195
322	117	114	197
323	117	113	192
322	116	110	198
321	116	115	190
321	116	105	201
319	117	126	189
318	115	121	197
315	114	121	195
315	115	123	193
316	115	120	191
314	115	122	197
314	114	123	192
313	114	125	193
313	114	126	193
312	113	128	198
311	113	123	193
312	112	119	195
313	111	119	196
312	111	119	195
313	111	118	195
315	111	119	200
314	112	122	196
315	112	126	201
313	113	131	196
314	112	131	207
314	112	128	201
316	112	128	197
318	113	128	209
316	113	125	207
317	113	124	206
316	113	126	208
318	114	126	204
319	113	124	204
320	113	126	202
321	113	126	202
321	114	128	200
321	114	127	197
321	114	129	199
322	114	128	200
322	114	130	202
321	114	131	202
321	114	130	201
320	114	129	201
321	115	128	199
321	114	128	200
320	115	127	199
320	115	127	200
321	115	128	198
321	115	127	199
322	115	127	198
322	115	126	198
322	115	128	197
323	116	127	197
322	116	128	197
323	116	127	198
322	116	127	197
322	117	128	196
321	117	127	198
323	116	124	200
324	117	121	196
323	117	124	196
324	117	123	196
321	117	125	197
322	117	123	198
322	117	122	197
320	117	122	197
317	115	125	200
315	115	125	200
310	115	129	201
309	115	127	199
305	115	128	196
301	114	136	199
297	115	136	194
295	116	133	195
292	116	140	193
288	118	138	192
296	117	135	191
289	120	134	188
284	122	137	190
282	126	129	192
274	127	125	188
271	129	125	187
260	132	127	185
253	137	135	179
249	141	138	175
253	144	132	174
242	145	134	168
240	148	134	169
231	152	132	168
233	156	128	166
230	154	119	161
226	159	118	152
225	161	121	156
219	163	123	153
219	166	120	154
219	166	131	151
214	171	128	151
212	176	147	144
207	178	132	150
211	184	155	137
207	187	135	140
220	185	173	134
208	188	153	140
216	192	139	133
216	193	143	130
220	195	136	128
226	195	136	127
229	194	125	127
231	195	130	128
230	194	127	126
228	193	132	127
231	190	133	129
233	189	129	132
235	188	126	132
250	188	123	129
259	192	131	131
259	190	125	129
268	192	119	128
246	191	125	128
281	191	110	129
287	189	98	131
294	189	95	128
294	188	98	133
295	189	96	132
297	189	96	134
297	191	97	133
299	190	98	132
299	188	103	131
296	190	103	130
295	189	107	131
294	188	104	128
287	186	108	135
287	190	106	135
293	188	100	134
290	187	103	134
287	187	105	133
281	190	113	130
278	189	107	128
277	190	106	127
273	192	104	127
282	191	103	131
278	188	104	128
268	191	115	124
274	190	122	133
264	192	112	125
275	193	113	127
282	186	110	131
266	196	106	122
277	193	110	128
291	188	104	131
286	191	102	127
287	190	106	129
289	189	101	132
287	189	100	130
287	188	106	130
288	190	101	126
283	190	102	129
285	187	105	124
288	193	104	125
293	188	100	126
296	190	101	129
459	153	91	149
455	152	94	140
446	149	93	150
423	147	100	157
428	146	92	151
406	145	100	161
402	143	102	160
394	144	102	164
393	141	97	159
386	142	94	163
377	144	98	163
371	143	96	163
362	143	99	167
346	144	105	164
338	147	110	157
342	143	102	164
341	141	98	166
332	142	104	170
331	141	103	175
329	140	103	175
321	140	109	175
314	139	116	178
309	136	121	174
301	134	129	178
277	140	124	170
296	135	130	181
273	134	125	177
281	140	107	174
273	140	104	172
269	140	105	172
254	139	112	173
247	136	116	180
232	133	120	179
219	135	131	177
210	132	137	178
196	132	148	179
191	130	148	185
186	131	149	181
181	131	142	181
175	132	146	185
170	131	147	185
166	134	152	183
160	134	157	192
157	132	165	181
155	131	156	179
155	131	147	176
153	131	148	176
151	130	147	170
149	131	147	173
145	129	149	169
141	132	160	174
139	132	144	173
134	131	155	169
134	134	155	168
135	135	148	167
134	139	148	162
130	136	149	164
131	140	148	160
129	138	151	165
130	139	148	165
125	134	154	168
134	135	144	165
138	136	140	165
142	140	135	162
147	141	128	161
152	137	126	169
157	138	123	169
165	139	118	165
171	142	113	168
173	143	114	159
180	144	111	162
185	145	108	161
189	145	104	165
194	145	105	174
199	145	107	174
203	145	122	170
206	145	111	173
212	146	120	170
210	144	113	176
215	145	130	175
216	143	122	176
218	143	121	177
219	143	120	176
220	144	117	175
220	144	115	174
221	145	119	174
220	142	115	173
222	144	124	176
222	143	113	173
224	144	121	175
224	143	112	174
223	143	112	176
222	144	112	172
220	143	115	175
219	142	113	177
217	141	112	178
214	140	116	176
209	137	121	179
204	136	130	179
198	130	135	179
190	131	142	190
186	127	135	196
182	128	128	201
180	131	150	197
176	128	131	190
170	130	126	182
165	131	126	179
160	129	130	180
156	128	128	177
154	129	132	180
151	125	130	179
149	125	129	177
147	126	126	180
146	125	128	177
144	126	128	176
144	126	128	177
143	124	126	179
141	126	124	180
139	126	123	176
138	125	123	179
136	126	125	179
135	125	127	177
134	128	128	176
133	127	131	176
131	126	132	178
131	130	131	174
131	126	132	179
132	129	129	174
132	126	129	178
132	128	128	172
134	127	130	175
133	124	127	176
133	128	127	173
132	125	129	176
129	125	129	181
129	124	128	180
127	125	131	179
125	128	133	176
123	128	133	179
122	128	133	178
120	130	136	178
120	130	135	175
121	135	134	177
120	134	134	174
122	138	131	170
125	141	130	162
123	149	129	163
124	150	127	161
125	156	125	156
125	157	126	152
126	160	125	146
127	163	121	140
126	166	119	135
135	167	121	132
124	168	130	139
122	173	122	124
128	176	125	128
127	181	120	125
137	185	115	116
137	189	116	116
133	195	120	110
128	199	132	105
136	204	130	107
142	205	135	107
156	205	128	111
147	208	133	105
169	208	124	114
170	203	144	113
179	203	147	124
190	202	142	117
195	201	139	118
199	201	128	123
210	199	135	122
210	196	159	127
213	196	137	128
220	197	141	128
225	197	121	126
227	196	122	124
228	196	130	123
225	194	123	127
227	196	133	120
224	194	123	122
228	193	134	120
226	194	122	119
225	197	135	114
224	196	119	115
238	195	142	115
280	186	126	123
281	190	116	122
280	192	106	120
250	192	128	120
250	192	135	118
228	195	130	117
225	194	120	121
226	197	123	117
228	196	125	118
227	196	119	122
229	196	125	121
227	197	117	126
226	196	126	130
224	197	121	129
221	198	131	131
221	199	123	132
215	198	142	136
217	198	131	131
213	198	146	134
212	199	137	132
209	197	156	134
211	199	137	128
218	199	153	132
215	199	135	125
219	198	144	135
219	198	130	126
217	197	143	131
216	198	138	125
219	197	143	130
219	198	128	126
216	196	145	133
212	197	135	128
216	197	147	134
216	197	132	127
216	196	151	133
212	197	137	127
213	196	161	135
217	197	133	133
217	195	146	134
216	197	132	131
218	197	153	133
220	195	132	133
214	199	138	128
215	198	150	133
216	199	134	132
217	198	148	132
215	197	134	130
222	197	149	132
217	197	135	127
216	199	144	127
215	199	134	127
219	198	147	129
216	197	138	127
215	198	146	128
211	200	135	125
217	197	151	133
216	197	133	128
212	199	148	126
208	199	139	127
213	198	154	132
212	199	136	130
221	198	148	130
215	198	143	126
207	201	147	124
207	199	164	131
209	198	140	134
210	197	167	130
214	198	140	131
210	198	157	132
208	200	140	128
233	195	155	130
229	195	159	130
243	194	144	129
210	197	163	128
210	198	142	127
208	199	161	127
210	199	138	131
227	194	156	131
280	189	134	129
247	191	147	128
208	200	150	128
207	199	142	127
206	197	166	130
210	197	138	127
205	197	167	132
225	194	134	130
227	196	125	126
202	199	138	122
229	192	150	130
290	183	115	133
204	197	148	127
200	200	135	126
203	200	151	125
202	200	129	122
203	198	160	126
205	196	139	132
201	197	166	130
209	195	134	127
202	197	156	127
204	197	137	126
201	195	164	131
207	194	137	129
201	197	153	129
199	198	138	129
202	197	162	128
210	195	133	127
199	197	161	129
205	200	134	125
318	182	107	134
203	198	157	125
199	200	129	126
198	199	151	123
196	197	153	129
194	198	149	126
189	194	169	130
194	199	141	127
194	197	164	122
194	194	155	126
193	196	165	128
194	199	142	130
192	198	163	122
190	197	157	124
194	195	164	125
190	199	146	128
193	196	172	126
198	195	142	132
188	196	168	129
190	200	144	129
272	190	111	128
206	197	144	124
198	198	144	125
191	195	167	129
198	199	140	126
197	199	147	124
196	196	157	130
200	199	140	128
207	195	165	127
206	193	148	129
201	196	151	123
201	196	153	127
204	195	150	125
204	196	145	124
201	196	151	125
203	197	146	127
203	196	145	128
203	196	150	127
203	197	142	126
206	195	154	127
208	195	137	127
204	195	149	129
202	198	139	127
205	195	153	131
203	197	141	134
210	197	148	131
205	198	150	128
202	198	153	129
208	197	156	128
208	198	136	127
208	198	157	126
207	199	141	136
244	192	139	129
206	195	167	125
207	195	144	134
206	198	161	135
220	195	132	135
213	195	150	126
208	195	141	128
209	196	169	124
211	191	149	131
208	198	148	124
251	189	148	129
210	197	142	131
248	191	154	126
211	196	139	128
228	193	170	125
224	191	159	132
215	192	164	130
208	195	154	124
203	196	158	129
204	203	140	132
211	198	161	129
208	195	144	132
206	198	172	129
205	195	149	136
203	198	158	133
212	199	145	128
218	194	160	128
210	196	154	124
205	197	141	127
204	199	168	128
207	195	150	131
201	201	149	127
232	191	164	130
207	196	164	134
205	194	149	138
207	201	149	130
211	196	166	132
207	191	158	137
206	198	143	129
234	193	163	132
206	195	161	136
207	198	141	134
208	197	168	131
206	191	155	136
204	199	148	133
208	199	160	131
206	196	145	139
205	201	152	133
204	200	145	131
240	193	155	133
205	200	140	131
235	195	152	131
206	196	160	132
207	200	142	132
233	193	154	132
208	195	160	136
207	196	150	137
208	202	142	129
207	199	165	129
207	196	145	138
207	201	148	133
207	200	150	128
208	199	153	127
211	197	158	132
211	195	143	134
208	198	157	127
209	199	140	130
211	197	161	133
209	197	146	136
208	200	151	127
206	200	144	128
211	199	161	128
210	195	142	134
208	199	158	126
209	199	139	132
215	197	155	132
212	194	144	137
208	198	147	130
210	198	150	128
207	200	143	128
215	195	163	133
212	194	144	137
211	196	150	133
208	199	143	135
212	197	162	129
210	194	142	135
209	198	154	128
208	199	140	133
212	198	154	134
210	198	144	137
211	198	152	131
210	200	137	131
210	198	151	131
211	198	139	129
211	196	167	130
209	192	147	134
209	198	143	128
210	197	167	126
214	189	147	132
209	196	137	127
211	196	149	126
207	196	148	126
210	196	161	126
210	193	144	133
206	200	146	123
210	196	158	127
209	193	142	133
205	195	165	130
211	194	140	130
204	195	161	127
205	198	146	126
206	196	158	128
199	199	145	131
195	197	159	131
202	197	155	128
202	197	151	134
204	198	152	130
205	197	156	129
199	199	150	127
199	196	165	130
204	199	144	128
199	197	166	127
206	198	146	128
203	198	167	131
207	200	143	130
