349	91	21	46
349	90	20	45
350	91	21	45
350	90	21	46
350	90	21	46
351	91	21	46
352	92	20	45
352	92	21	45
352	93	21	45
353	91	20	47
352	91	20	46
352	91	21	46
352	91	21	47
353	91	21	47
353	92	21	47
353	92	21	47
354	92	21	46
355	92	21	47
355	94	21	47
355	92	21	47
355	93	21	47
355	93	21	48
356	94	22	47
357	94	21	48
358	93	21	49
358	94	21	47
359	94	21	47
359	95	21	48
359	94	21	48
359	94	21	48
361	95	21	48
361	95	21	48
362	96	21	49
362	95	21	49
362	95	21	48
363	96	21	48
363	95	20	49
363	96	21	49
363	96	21	49
363	97	21	49
365	96	21	51
365	97	21	50
365	97	21	49
365	96	21	50
366	96	21	50
366	96	21	50
366	96	21	51
365	99	22	50
366	98	21	50
367	98	21	51
367	98	21	51
367	99	21	50
367	100	21	50
366	99	21	50
366	98	21	51
366	100	22	50
366	100	22	51
367	100	21	51
367	100	22	51
367	101	21	50
367	101	21	51
367	101	21	51
367	101	22	52
366	101	22	52
367	103	21	51
367	102	22	52
368	102	22	52
368	102	21	52
367	103	21	52
366	103	21	53
366	102	21	53
366	104	22	53
365	104	22	53
366	105	22	52
366	104	22	53
366	104	21	52
365	106	22	52
365	104	21	54
363	104	22	52
363	106	22	53
362	105	22	53
362	107	22	52
362	106	23	54
362	106	22	53
362	106	21	53
361	106	21	54
360	106	22	54
359	107	23	54
359	108	22	53
359	108	22	53
358	108	23	55
357	109	23	54
358	109	22	55
358	109	22	54
357	109	23	54
357	110	23	55
355	110	24	55
356	110	24	55
356	110	24	56
357	110	24	56
357	111	24	56
356	111	24	56
356	110	24	58
355	111	25	57
354	112	25	56
355	114	25	56
356	113	25	57
355	113	25	58
355	114	24	57
355	115	24	57
353	115	24	57
354	115	23	57
353	115	24	57
351	117	24	56
351	117	24	57
350	115	23	59
350	115	24	61
348	114	24	66
348	117	24	59
344	115	25	59
343	118	25	58
342	122	25	55
341	120	24	58
340	120	24	60
340	120	24	60
338	120	26	60
336	120	26	60
335	119	26	62
334	120	27	62
335	120	25	60
335	121	25	61
334	121	26	61
333	122	27	62
332	122	26	62
331	123	26	61
330	123	26	62
328	122	27	63
328	122	27	63
327	126	28	61
326	123	29	64
327	121	28	65
327	121	28	65
324	127	28	61
322	125	29	63
323	126	29	62
322	127	28	62
320	128	28	60
319	129	30	61
318	129	30	61
319	129	29	62
317	130	29	63
316	130	29	63
316	130	29	64
315	131	29	63
313	130	30	64
315	132	28	63
313	132	29	64
311	131	30	65
312	132	28	63
313	133	29	63
312	133	29	65
312	133	29	65
311	133	30	66
311	135	29	65
310	133	30	67
307	133	30	66
304	136	31	65
310	136	28	64
305	135	31	66
307	135	30	67
307	135	29	68
307	135	29	67
307	137	29	66
307	137	28	65
306	137	30	68
307	136	29	69
305	139	29	67
304	139	29	68
303	139	29	68
302	140	30	68
301	141	29	67
301	140	29	68
301	142	30	67
300	141	29	68
300	143	29	68
298	144	29	68
298	142	29	70
296	143	29	70
296	144	29	69
296	145	29	69
296	145	28	70
295	144	29	71
295	144	29	72
294	146	31	71
293	147	30	72
292	146	30	74
292	147	30	74
292	146	30	75
292	148	30	73
291	148	31	74
291	147	31	75
291	150	31	73
289	149	33	77
288	149	33	78
288	149	33	79
287	150	33	78
287	151	32	79
286	150	32	79
285	151	33	79
285	152	34	80
284	153	35	79
282	152	35	80
280	153	35	81
278	154	34	80
278	156	34	80
277	157	33	80
277	157	33	81
275	159	33	80
274	158	34	82
271	158	34	82
269	157	35	85
267	158	35	83
268	161	34	82
266	159	35	84
266	159	35	84
265	163	35	81
264	164	34	81
261	164	35	80
261	165	33	82
259	165	35	81
260	167	35	81
260	165	34	84
260	167	34	81
259	168	35	82
258	170	34	81
256	171	34	82
255	170	35	82
254	170	35	82
252	173	35	81
253	173	34	81
252	173	34	81
252	173	34	83
250	174	34	81
249	175	33	82
246	176	36	84
244	176	36	84
242	178	36	81
242	180	35	80
241	180	34	82
240	180	34	81
238	180	35	84
236	180	35	87
235	181	34	87
233	180	34	87
232	180	35	89
231	183	36	86
231	183	34	85
232	184	34	87
230	184	37	88
227	184	39	86
226	187	39	85
225	186	38	86
222	186	38	88
220	187	38	86
217	189	37	87
216	188	38	88
213	189	39	90
210	191	39	88
208	194	38	89
205	193	37	89
202	193	38	92
199	194	39	91
197	196	38	90
197	196	38	94
194	196	37	91
193	197	37	93
189	200	41	92
185	200	40	91
183	199	37	94
180	201	39	94
178	203	38	93
178	204	37	94
177	204	37	92
175	205	38	93
173	207	39	94
171	208	40	95
168	208	39	95
165	209	40	97
163	211	39	96
163	212	38	96
160	212	38	97
158	214	40	96
155	217	41	96
150	215	43	98
149	215	42	99
146	218	42	99
143	219	41	99
144	220	40	100
142	220	40	100
138	221	40	101
135	225	42	101
131	223	43	102
128	224	44	102
125	225	45	104
122	229	44	102
123	229	43	104
121	228	42	104
120	230	43	106
116	233	45	105
110	232	46	106
106	234	46	107
103	236	48	106
102	237	45	106
101	238	42	108
98	238	42	107
94	242	45	109
92	243	46	109
86	242	46	107
82	243	46	111
78	246	45	110
75	248	44	111
73	249	43	111
68	249	44	110
65	250	43	115
61	254	46	114
56	254	46	110
51	253	45	114
47	256	46	114
42	259	47	115
40	259	47	118
37	259	45	116
33	260	45	118
28	265	47	115
23	265	49	114
18	266	48	116
10	268	48	114
9	270	45	117
5	271	46	122
3	272	45	119
0	271	45	124
