385	107	13	13
380	105	14	13
377	105	14	14
371	105	14	14
366	106	15	14
361	106	15	14
355	108	15	15
351	110	14	16
338	113	15	14
328	116	15	15
320	117	14	14
316	117	14	13
314	117	14	12
313	116	14	12
312	116	13	12
312	117	14	13
311	116	14	13
310	117	15	15
310	117	15	14
310	118	15	14
310	117	15	14
311	117	15	14
310	115	14	14
311	115	15	14
311	114	14	14
311	113	15	14
311	113	14	13
311	113	15	13
311	113	15	14
311	113	15	14
311	115	15	14
312	117	15	14
312	117	14	15
312	120	14	15
312	120	15	14
313	121	15	14
313	120	14	14
313	120	15	14
313	118	15	14
313	119	15	13
315	117	15	14
318	117	14	13
322	118	14	12
327	118	15	13
331	120	15	13
331	122	15	14
333	124	15	14
333	125	14	14
333	128	14	15
334	130	15	15
335	129	15	15
335	130	15	14
335	130	15	14
335	128	14	14
335	126	14	13
335	124	15	14
335	123	15	13
335	122	15	13
336	121	15	13
336	121	15	14
336	123	15	15
337	124	15	15
336	126	15	16
337	129	14	15
337	130	15	15
337	131	15	14
337	132	15	14
336	130	15	15
336	128	15	15
336	126	15	15
336	125	15	15
337	125	15	14
337	125	15	14
336	125	15	14
336	126	15	14
336	127	15	15
336	128	16	15
336	129	16	16
337	130	15	15
337	131	15	15
338	131	15	15
337	132	15	15
338	133	15	15
337	133	15	15
337	132	15	16
338	132	16	15
337	130	16	16
337	130	16	16
337	130	16	16
338	131	15	17
337	133	15	16
338	135	15	16
338	137	15	16
337	139	15	16
338	139	16	17
338	138	16	16
338	139	16	16
338	141	16	16
338	142	16	15
338	142	16	16
338	141	16	16
338	141	17	17
338	141	16	16
338	140	17	17
337	139	17	17
337	137	16	17
338	137	17	15
337	137	16	16
337	136	17	16
337	137	17	17
337	138	17	17
338	140	17	17
338	141	17	17
339	143	17	16
339	144	18	16
338	144	17	16
338	144	17	16
338	143	17	15
339	144	18	16
338	144	17	16
339	144	18	17
338	144	18	16
338	145	18	16
338	145	17	16
339	144	17	16
338	143	18	16
338	144	18	17
338	145	18	17
339	144	17	17
339	146	18	17
338	147	18	18
338	148	18	17
338	149	18	17
339	150	18	17
339	150	18	17
339	151	18	18
339	150	18	17
340	151	18	18
340	151	19	17
339	151	19	17
340	151	19	17
340	152	19	16
343	150	18	18
343	151	20	17
344	153	19	18
345	155	19	18
345	157	19	18
345	158	19	18
344	159	19	18
344	158	19	19
344	157	19	19
344	156	19	19
344	153	19	17
344	151	19	17
344	149	19	17
344	147	19	17
344	146	18	18
343	145	20	18
343	145	20	19
344	144	19	19
343	144	20	19
343	144	20	19
343	145	20	19
344	146	20	20
343	151	19	19
343	152	19	19
344	155	19	19
343	155	19	21
344	156	20	20
343	156	20	20
343	156	20	19
342	155	20	18
343	156	19	17
342	155	20	18
343	151	20	19
342	152	20	17
341	152	21	16
343	151	20	17
342	151	21	17
342	151	21	17
343	152	20	17
343	152	21	17
344	153	20	17
343	153	20	17
344	153	20	17
343	154	21	17
344	154	20	17
343	155	21	17
343	155	21	17
345	157	20	17
344	158	21	18
344	159	21	18
344	161	21	18
344	163	21	18
345	163	21	18
344	165	21	18
346	165	21	17
345	165	21	18
345	166	21	17
346	166	21	17
346	166	21	17
345	165	21	17
346	165	20	17
346	165	20	17
346	164	20	17
345	164	21	17
344	162	21	19
341	163	22	20
337	165	21	21
332	166	22	19
330	167	22	20
329	168	22	19
331	165	22	19
329	160	21	18
330	153	21	19
330	150	21	18
328	146	21	18
325	145	21	19
323	147	22	20
323	148	22	20
323	151	21	20
323	154	21	20
323	157	21	19
322	159	21	20
323	160	21	20
321	163	22	19
322	164	21	18
321	164	21	19
322	165	22	20
322	167	22	20
321	170	22	20
322	173	21	20
322	176	22	21
321	183	22	19
323	185	21	19
322	186	22	20
322	186	22	20
322	186	23	19
321	186	22	18
321	183	23	18
321	181	22	18
322	179	22	18
321	178	23	18
321	175	23	19
322	173	22	19
321	173	23	19
322	176	23	20
321	179	23	20
321	183	22	20
322	188	22	19
321	191	23	20
321	193	23	20
321	193	23	19
320	192	23	19
321	190	23	20
321	189	23	20
320	187	23	20
320	187	23	20
321	186	23	19
321	184	23	19
320	183	24	19
320	183	24	19
321	183	23	19
320	184	24	20
320	183	23	20
320	184	23	20
320	186	24	21
320	187	23	22
321	188	23	22
320	190	23	22
320	192	23	23
320	195	23	23
321	197	23	24
320	199	24	22
320	198	23	23
321	196	22	23
320	193	22	22
320	192	23	22
319	189	23	22
319	188	23	21
319	189	23	21
320	189	23	22
319	190	24	23
320	192	23	23
320	194	23	23
319	194	24	24
319	197	24	21
319	196	23	23
320	197	24	22
319	196	24	22
320	194	23	23
319	194	24	22
319	193	23	22
319	192	24	22
320	192	23	22
318	192	24	22
319	193	24	22
320	193	24	22
319	195	24	22
318	196	24	22
320	197	24	22
319	198	24	22
319	198	24	22
320	199	24	22
319	199	25	22
320	200	24	22
320	199	24	22
319	199	24	22
320	198	23	22
320	198	24	22
320	199	24	22
319	199	24	22
319	200	25	22
319	200	26	23
318	202	25	23
319	204	25	23
319	205	26	23
319	205	26	22
319	206	26	22
319	206	25	22
319	207	25	22
318	206	25	22
319	207	25	23
319	207	25	22
319	207	25	23
319	206	25	24
319	206	25	23
318	207	26	23
319	207	25	23
319	207	25	23
318	207	26	23
318	207	26	23
319	208	26	25
318	209	27	25
319	210	26	25
319	212	27	25
318	213	27	25
318	213	27	27
319	212	28	27
318	210	28	26
318	211	27	30
317	209	28	36
318	208	28	37
317	208	29	33
318	209	28	32
317	209	29	31
317	211	29	30
317	211	28	36
317	211	29	39
317	210	29	40
317	210	29	41
317	210	28	39
318	210	28	39
317	209	29	40
318	210	29	37
317	212	29	39
318	213	30	40
317	215	30	37
318	217	29	39
318	218	29	38
319	219	29	40
318	219	30	38
320	220	31	33
322	219	30	39
322	218	31	29
323	219	30	29
323	220	30	32
327	220	30	36
328	220	30	39
328	220	30	37
329	218	30	39
328	218	31	38
329	217	31	35
330	217	31	38
329	215	31	37
330	215	32	34
330	215	30	39
330	214	32	30
331	215	30	38
330	217	31	38
330	220	31	38
332	223	32	38
333	224	32	39
336	225	32	33
338	225	32	39
338	227	32	36
340	228	32	37
342	229	32	38
343	235	32	35
343	240	32	30
344	245	32	35
344	249	32	32
343	250	31	34
344	248	32	40
338	244	33	34
326	230	32	39
319	225	34	37
315	222	33	29
313	218	33	30
314	217	32	29
315	215	32	38
317	212	33	37
317	211	33	34
317	209	33	33
317	209	33	31
317	208	32	36
318	207	33	28
318	207	32	34
318	206	33	29
319	206	33	33
322	206	33	31
324	206	33	29
325	204	33	30
327	203	33	31
327	202	33	30
327	201	34	31
328	201	34	30
328	200	34	29
328	200	35	29
330	200	35	32
330	199	34	31
331	198	35	31
334	199	35	30
336	200	35	30
339	204	35	29
340	205	35	29
340	208	35	29
341	209	35	30
341	210	35	30
340	210	35	30
341	209	35	30
340	207	35	29
341	205	35	29
341	203	35	29
340	202	36	30
340	202	36	30
340	201	36	30
341	202	36	30
341	202	37	30
342	202	37	30
343	203	36	30
343	203	36	30
344	204	36	31
344	204	34	30
344	204	35	30
343	205	35	30
344	204	35	30
344	205	35	31
345	207	35	31
345	208	35	32
345	210	35	32
345	211	35	32
346	213	35	32
346	214	35	31
346	214	35	31
347	214	35	31
346	215	34	31
346	215	35	31
347	216	35	31
347	215	35	31
347	217	35	31
347	216	35	31
347	215	35	31
347	216	35	31
347	215	35	31
348	214	35	31
348	215	35	31
348	214	35	31
348	213	35	31
349	213	35	32
348	213	35	32
348	212	35	32
349	212	35	32
349	211	35	32
349	210	35	32
349	210	35	32
349	209	35	32
349	209	35	31
349	207	35	31
349	207	35	31
350	206	36	31
350	206	36	32
350	206	36	31
349	206	36	32
350	206	36	33
349	208	36	32
350	207	36	33
350	209	36	32
350	208	35	32
351	208	36	32
351	208	36	32
351	207	36	32
351	207	36	32
351	208	36	33
351	209	36	32
351	211	36	32
351	213	36	32
351	214	36	33
351	216	37	34
352	216	37	34
352	218	37	33
352	218	37	33
352	218	37	33
353	218	37	33
353	219	37	32
352	219	36	33
353	218	37	33
353	219	37	33
353	219	37	34
354	222	38	33
354	226	37	33
353	227	39	33
353	228	39	34
354	229	39	35
354	228	38	35
354	227	38	34
355	225	38	35
354	224	38	34
354	222	38	34
354	222	38	34
354	222	39	34
354	224	39	34
354	224	40	34
354	226	39	34
354	225	39	35
354	229	39	34
354	234	39	34
355	238	39	34
355	242	39	34
355	246	39	34
356	249	39	34
356	252	40	35
356	253	41	36
357	255	40	34
357	256	41	34
358	255	39	35
358	255	40	35
358	253	40	35
358	253	40	36
358	252	40	35
358	252	40	35
358	252	40	35
358	252	41	35
358	254	41	35
358	255	41	35
360	256	40	35
359	258	41	35
360	257	42	35
360	259	41	35
361	258	41	36
361	257	41	35
361	257	41	36
362	257	41	36
364	255	39	36
363	254	40	36
364	254	40	36
363	254	41	36
364	254	41	36
363	254	42	36
364	254	42	36
364	256	43	36
365	255	42	37
364	256	44	36
364	257	45	37
366	257	43	37
369	258	41	37
369	260	40	38
371	261	40	37
371	261	39	37
373	262	38	38
373	262	37	37
374	262	37	36
374	260	37	37
373	260	39	36
374	259	38	35
375	258	37	35
374	256	37	36
375	255	37	35
377	254	37	34
376	254	37	34
376	256	38	32
377	258	38	32
377	260	38	32
377	260	39	30
378	261	39	32
378	262	38	32
377	262	39	32
378	264	40	32
379	264	40	32
378	265	38	32
379	266	40	32
379	267	39	31
378	268	40	31
378	268	42	31
377	269	43	31
378	267	43	32
380	267	42	33
381	266	41	32
381	265	41	33
381	265	41	32
382	264	40	31
383	263	41	33
383	263	40	31
384	263	41	34
384	264	41	33
384	266	42	33
386	269	40	32
385	271	40	32
386	269	41	34
385	270	42	33
385	268	41	36
386	265	41	34
387	263	41	33
386	261	41	33
385	258	42	34
386	257	43	39
386	257	44	34
386	258	43	39
388	257	43	35
390	259	42	36
391	261	43	36
390	263	43	31
393	265	39	31
393	267	38	30
393	269	38	28
394	270	39	29
392	271	43	32
390	271	47	34
391	271	51	36
392	270	53	42
391	269	53	42
391	269	54	42
393	269	55	43
397	270	54	43
402	270	51	44
416	270	39	46
422	281	32	38
429	284	26	35
426	282	30	37
426	284	30	36
429	284	30	36
427	279	32	37
429	283	30	36
427	280	33	41
426	285	36	37
428	286	35	37
427	279	36	43
426	279	39	46
426	275	40	49
427	271	42	52
442	253	41	42
429	272	41	50
427	269	43	52
428	270	45	50
428	270	44	50
428	271	47	49
428	274	47	48
429	274	49	47
429	276	49	47
429	278	49	46
430	280	51	46
429	279	52	47
430	281	54	47
430	281	55	45
431	282	56	48
430	282	57	47
431	283	58	49
432	284	60	48
433	284	59	50
432	286	61	50
435	288	60	50
431	288	64	53
434	291	63	50
434	294	65	50
434	295	64	49
434	296	63	48
434	296	63	50
433	298	66	48
433	297	61	52
432	295	59	59
435	297	54	59
437	299	61	50
435	298	71	50
439	299	71	52
440	300	75	49
441	299	76	51
444	301	76	51
445	301	75	52
443	302	77	53
445	303	76	53
445	304	77	53
449	305	79	54
449	306	81	56
451	307	82	57
452	308	83	57
454	310	84	58
456	310	84	58
458	311	83	57
458	313	85	57
459	313	85	58
461	314	86	58
463	316	86	59
465	316	85	57
467	317	86	58
469	317	85	60
471	318	83	58
472	318	86	61
476	319	79	64
478	322	79	59
480	326	82	62
479	322	87	58
481	326	87	58
483	327	85	59
485	329	87	55
488	331	87	57
492	331	85	59
492	330	88	59
498	331	81	61
494	331	84	63
499	331	83	62
501	331	85	62
502	332	88	62
505	335	87	64
507	335	87	66
506	338	92	65
511	340	86	68
511	343	85	68
513	343	90	63
512	344	94	65
515	345	93	63
515	345	94	63
516	344	96	64
518	344	96	64
520	344	95	65
520	345	96	65
523	346	98	66
524	349	99	68
527	350	97	67
529	352	97	68
532	355	94	68
535	358	93	68
538	359	90	68
538	361	89	66
540	363	88	68
541	361	85	67
543	363	85	69
544	362	83	64
547	364	79	57
550	368	77	61
552	369	76	64
554	370	74	68
556	371	73	73
559	374	70	73
561	374	67	70
562	374	66	71
562	374	66	72
562	375	66	70
562	376	66	75
563	374	65	71
565	376	63	74
566	376	61	71
569	376	59	70
570	375	57	66
571	377	55	64
