51	264	64	129
55	263	66	129
62	262	65	129
72	260	63	130
81	260	59	130
89	257	56	129
96	257	54	129
97	257	59	125
100	257	62	127
108	256	57	129
110	254	58	130
112	253	57	127
114	254	54	122
115	254	54	123
113	255	53	125
110	253	57	126
105	247	60	123
110	246	51	119
109	243	52	120
106	242	53	121
106	240	54	123
106	238	53	124
107	237	51	122
108	239	52	115
108	236	52	118
109	238	48	112
107	240	49	113
101	236	53	117
97	231	54	118
94	232	55	117
94	233	53	113
92	230	54	116
90	226	55	117
89	227	55	115
86	222	56	116
90	229	52	108
84	222	57	114
80	225	58	108
84	223	53	107
80	220	61	110
154	225	47	118
148	219	47	114
88	222	53	105
91	219	52	106
92	218	55	109
90	214	51	109
98	214	56	98
98	213	52	106
155	205	44	108
153	202	50	104
160	202	47	102
160	199	48	103
165	198	48	107
164	199	53	106
167	197	50	107
172	195	47	108
174	195	46	108
176	194	46	105
177	195	47	108
179	194	47	105
182	193	46	103
182	192	46	104
185	190	46	107
188	190	45	107
194	193	43	101
192	189	43	105
195	191	43	100
192	184	47	108
193	189	47	105
190	188	49	106
193	191	47	99
191	190	45	98
186	191	47	100
183	189	48	104
187	185	48	105
182	188	46	100
157	190	48	98
137	189	46	95
155	190	54	95
179	183	50	103
174	185	53	103
183	178	45	109
181	180	47	108
179	178	47	109
180	175	46	114
179	176	45	111
178	178	45	108
181	179	46	106
180	175	47	111
180	176	47	115
179	176	50	115
178	177	50	117
180	178	51	116
182	174	51	116
182	173	51	107
185	171	48	101
187	171	43	100
188	172	40	97
185	173	42	94
188	173	42	92
190	174	39	93
189	175	40	88
190	174	39	89
187	174	41	92
187	172	40	98
184	171	41	97
180	170	44	98
179	171	42	100
174	170	44	106
178	168	42	106
178	167	41	104
176	166	40	102
176	169	39	99
176	165	39	101
173	166	41	98
176	170	38	85
174	170	38	90
170	165	42	96
164	166	46	96
163	167	47	95
163	168	47	95
161	164	49	101
161	166	50	95
164	168	47	92
159	167	50	94
159	164	53	99
159	160	54	102
160	163	52	100
167	164	47	98
162	164	48	97
158	164	52	96
157	165	49	96
157	159	51	97
157	161	48	90
160	160	46	91
173	160	39	84
168	163	41	78
173	160	38	83
180	158	35	84
181	158	38	78
181	157	36	82
184	157	36	81
183	153	36	81
183	153	35	81
188	152	34	82
188	155	35	79
186	155	36	79
186	154	35	79
174	154	33	77
174	152	33	80
189	151	33	81
191	142	32	89
191	147	32	82
188	148	34	80
189	145	34	81
192	146	32	81
188	147	35	79
191	144	34	80
194	147	32	76
192	147	34	77
195	144	36	78
196	146	34	78
197	146	36	75
198	145	36	77
196	144	37	79
198	142	37	79
198	141	37	76
202	141	37	77
200	140	39	77
205	140	36	78
203	140	37	77
204	139	38	78
206	139	37	75
210	139	37	78
212	140	35	76
214	138	36	76
217	139	36	74
212	138	42	73
223	138	38	76
229	137	36	75
234	136	36	74
241	138	34	71
241	139	38	70
242	138	40	74
246	135	37	73
250	136	36	72
255	136	36	71
257	136	36	69
260	135	35	71
263	134	35	71
263	134	37	70
266	134	39	71
267	132	37	71
270	131	35	71
272	132	37	69
276	132	37	70
281	131	36	70
285	131	35	69
288	131	34	67
288	132	33	67
290	132	34	67
293	130	33	68
296	129	31	66
297	131	32	65
298	130	31	66
300	128	32	69
300	128	34	66
301	128	34	65
301	129	35	65
305	128	33	67
307	126	31	66
307	126	31	64
308	127	31	64
311	127	30	66
313	125	30	66
313	124	31	66
309	125	34	64
310	126	35	63
311	126	35	65
314	123	33	64
313	124	32	63
315	123	31	63
316	124	31	62
319	123	29	63
320	122	29	63
319	121	31	62
318	122	33	61
320	121	32	63
319	119	31	64
319	119	31	63
319	120	32	61
321	120	31	63
321	118	31	65
321	118	31	61
321	117	31	62
320	117	32	62
321	119	33	64
320	117	32	60
320	116	32	61
320	118	31	58
320	117	30	58
321	116	30	59
321	116	31	61
321	115	31	61
321	115	31	60
321	115	32	58
322	115	32	58
323	113	31	59
323	113	31	58
324	113	31	58
326	114	31	59
327	113	31	60
332	111	29	60
330	111	30	60
331	111	32	59
332	112	30	59
335	111	29	60
337	110	29	60
337	111	28	59
340	112	26	58
342	110	25	59
345	109	25	61
341	109	29	61
339	108	33	67
340	108	33	69
343	108	33	66
344	108	33	69
348	107	34	67
352	107	31	65
351	107	35	62
355	107	35	62
359	106	33	63
367	107	31	67
368	107	34	63
370	106	33	62
354	106	28	56
357	104	27	55
358	105	27	55
358	104	28	57
358	103	28	57
358	102	29	56
359	102	28	55
361	103	28	53
361	102	26	54
363	102	27	54
363	102	27	53
362	102	29	53
362	102	30	55
364	103	30	61
366	101	30	64
366	100	33	68
369	102	35	67
371	101	36	67
373	99	37	70
377	98	35	66
377	97	32	61
380	97	31	61
381	96	28	58
383	97	27	55
383	96	27	54
384	98	28	52
384	97	30	53
386	96	28	53
388	96	27	52
390	96	26	54
393	96	26	53
394	96	26	52
395	95	27	53
397	96	27	53
396	95	28	52
396	96	29	51
400	95	26	53
401	96	25	52
402	95	25	51
403	94	26	52
404	94	26	52
405	95	26	52
405	95	27	51
406	95	28	51
407	94	28	51
408	94	27	53
409	94	26	53
411	96	26	50
412	95	26	51
412	94	26	51
413	95	26	50
414	94	27	52
413	95	27	54
414	94	26	50
393	94	28	56
358	94	27	53
332	94	28	51
334	95	25	51
335	94	26	49
335	95	27	51
336	94	27	51
337	94	27	50
337	94	26	49
339	94	26	46
339	95	25	49
341	94	26	48
341	94	27	50
342	92	27	52
344	116	28	49
344	156	28	58
347	188	25	52
347	187	26	51
349	187	25	50
351	189	25	46
352	188	26	46
352	187	27	47
354	187	26	48
355	186	26	47
357	187	25	46
357	188	26	47
359	187	26	47
361	186	24	48
363	187	24	46
365	187	24	47
367	186	24	47
369	186	23	47
371	186	22	46
373	187	22	45
373	187	23	45
374	186	23	47
374	185	24	46
376	184	25	49
377	184	25	50
378	185	26	49
379	185	26	46
381	186	26	44
383	187	25	44
384	185	26	45
385	186	26	46
386	185	26	47
390	187	24	46
393	187	22	45
393	185	23	46
395	184	23	46
396	185	24	46
398	185	24	48
400	184	24	49
401	185	23	47
402	186	23	46
402	186	23	47
404	185	22	47
404	185	23	46
406	185	22	44
408	186	23	44
408	186	24	46
408	184	25	48
408	185	25	48
409	185	24	47
409	184	23	48
410	184	23	47
410	183	23	47
410	183	23	48
411	184	23	48
410	184	23	47
410	183	22	45
410	185	22	46
410	186	22	43
410	185	23	47
410	184	24	49
412	182	23	50
411	184	25	51
411	183	23	49
412	184	24	47
413	182	24	47
408	185	27	45
412	184	23	48
415	182	24	51
416	184	24	50
415	183	24	51
417	183	25	50
417	182	25	50
418	180	26	50
417	179	26	51
420	180	26	51
419	181	26	53
421	179	29	53
