576	114	21	26
567	113	23	24
562	113	24	24
553	114	23	24
544	114	23	25
534	115	23	24
526	118	24	25
511	121	23	24
493	124	24	25
479	126	25	26
469	126	24	25
465	128	23	23
464	127	23	24
463	124	23	25
462	125	23	24
462	126	23	23
461	126	23	25
460	127	23	24
462	127	22	25
461	129	22	23
461	129	23	23
460	127	22	23
460	125	23	24
460	124	23	23
460	121	22	25
460	120	23	24
459	120	23	24
460	120	23	26
460	120	24	26
460	121	24	25
459	123	24	26
460	125	23	26
461	126	22	26
461	127	24	27
461	130	23	24
461	129	23	24
462	129	24	25
461	129	24	24
462	128	24	23
461	127	24	24
464	125	23	25
470	126	23	23
476	126	23	23
483	126	23	24
488	127	23	24
489	131	24	24
490	133	24	24
490	136	24	25
491	139	24	25
492	141	24	25
493	140	24	25
493	141	25	25
493	140	24	25
493	136	25	25
493	134	24	26
493	133	24	25
492	131	25	24
493	129	25	25
493	129	25	24
493	129	24	25
494	131	24	25
494	133	24	25
494	135	24	26
494	139	24	25
494	140	24	25
495	141	24	24
495	141	25	24
495	138	24	25
494	137	24	25
494	135	24	24
494	132	24	25
494	133	25	25
493	132	25	25
494	132	25	25
494	133	25	26
493	135	25	27
494	136	25	26
495	137	25	26
495	138	25	26
494	138	25	26
495	140	25	26
495	141	25	26
495	141	25	25
495	139	25	26
495	139	25	25
495	138	25	25
495	136	25	26
496	138	25	25
495	138	24	25
495	139	25	26
495	141	25	26
495	143	25	26
496	144	25	27
495	145	25	26
496	146	25	26
496	147	26	26
496	148	26	26
496	148	26	26
496	147	26	27
496	148	26	26
496	149	26	26
497	149	25	26
496	149	26	26
496	147	26	28
496	145	25	27
496	143	25	27
497	143	25	26
497	142	25	26
496	142	25	25
496	143	25	27
497	144	26	27
497	146	26	27
497	148	25	26
497	149	26	27
498	150	26	26
498	150	26	26
498	150	25	26
498	149	26	27
497	150	26	26
497	151	26	26
498	150	27	27
497	150	26	27
498	150	27	27
498	150	27	28
498	149	27	27
497	148	26	27
498	148	27	28
498	149	27	28
497	151	27	28
498	152	27	29
498	153	27	28
498	155	27	28
499	155	27	27
499	154	26	28
499	156	27	28
500	156	26	27
499	156	26	28
500	156	26	28
499	157	26	27
500	157	27	28
500	156	27	28
502	156	28	28
505	156	27	28
507	156	28	28
508	158	28	29
508	159	27	29
508	162	27	28
508	162	27	30
509	164	27	28
509	163	27	29
509	161	27	29
509	158	26	29
508	155	26	28
508	152	26	28
508	150	26	27
508	148	26	28
508	146	27	29
508	146	26	28
508	145	27	28
508	146	27	28
508	146	27	28
509	146	27	28
508	145	27	29
508	147	27	29
509	152	27	28
509	156	27	29
509	158	27	29
509	159	27	29
510	160	27	28
510	160	27	29
510	159	27	29
509	156	28	30
509	154	28	30
509	152	28	31
510	150	28	30
509	151	27	29
510	148	28	30
510	149	28	29
509	147	28	30
510	147	29	29
509	147	28	30
510	147	28	30
510	148	28	30
509	148	28	30
509	150	28	30
510	149	28	30
510	148	28	30
510	150	28	30
509	150	28	30
510	151	29	31
510	152	28	30
510	155	28	31
511	156	28	30
510	158	28	30
511	159	28	30
511	160	29	30
511	161	28	30
512	161	28	29
512	161	28	29
511	161	28	29
511	161	28	29
511	161	28	29
512	160	29	29
511	160	28	29
512	159	28	29
511	157	28	30
509	158	29	30
502	159	29	29
496	161	29	29
493	162	28	29
493	163	29	29
492	163	29	29
492	159	28	30
492	150	28	30
491	144	28	30
490	138	28	30
486	134	29	29
483	134	29	30
480	134	29	30
480	137	29	30
480	140	28	30
481	143	28	30
480	146	29	30
481	148	28	30
480	150	29	30
481	151	29	30
481	152	29	30
482	153	29	30
481	153	29	31
481	157	29	31
482	160	29	31
482	164	29	31
482	167	29	32
483	173	28	31
483	177	29	30
483	177	29	31
483	178	29	31
484	177	29	30
484	175	29	29
484	173	29	30
483	171	29	29
483	168	29	29
483	165	29	29
483	162	29	29
482	159	29	30
482	159	30	30
482	161	30	30
483	165	29	30
483	169	30	32
483	175	29	30
484	178	29	31
484	179	30	30
484	180	30	29
484	177	29	30
483	175	30	30
483	174	29	31
483	171	29	32
483	169	29	32
483	167	30	32
483	165	30	32
483	163	30	32
483	164	30	31
482	162	31	31
483	163	31	31
483	163	31	32
482	164	31	31
482	165	31	32
483	167	31	32
483	168	31	32
483	170	31	32
483	173	30	33
483	177	31	32
483	179	30	31
483	180	31	31
483	177	30	33
484	175	30	32
484	171	30	32
484	167	31	32
483	164	31	32
482	162	32	33
482	161	32	33
482	162	32	34
483	164	31	33
483	166	31	33
483	168	31	32
483	168	32	33
483	169	31	32
483	169	32	33
483	167	32	34
483	165	32	35
483	164	32	34
483	162	32	35
483	161	32	34
483	161	32	34
483	160	33	34
482	160	32	34
482	160	32	34
482	160	33	34
482	161	32	33
483	162	33	35
483	163	33	33
483	163	33	34
483	164	33	35
483	165	33	34
483	164	33	34
483	164	33	34
483	162	33	34
483	162	33	34
483	161	33	34
482	162	33	33
483	161	33	34
482	161	33	34
483	161	33	34
482	163	33	34
482	164	33	34
483	164	33	36
483	165	33	35
483	166	33	35
483	166	33	35
483	167	33	34
482	165	34	35
483	166	34	34
483	165	34	35
483	165	34	35
483	166	34	35
483	164	34	35
483	165	34	35
482	163	34	36
482	163	34	36
482	163	35	36
482	163	35	36
482	163	34	36
482	164	35	37
483	166	34	37
483	168	34	36
483	169	34	36
482	170	34	35
482	168	34	36
483	166	34	38
483	164	34	38
483	164	34	36
482	162	35	37
482	163	35	36
482	163	35	36
482	162	35	37
482	163	35	36
482	163	35	38
482	164	36	37
482	164	36	38
482	164	36	38
482	164	35	37
482	163	36	37
482	163	36	37
482	162	35	38
482	163	36	38
481	165	36	38
482	166	36	38
481	168	36	39
482	169	36	39
482	170	36	39
482	171	36	39
483	171	37	39
486	169	37	40
488	169	37	40
488	169	36	39
488	170	37	38
489	171	37	38
492	169	38	40
494	171	38	39
495	169	38	41
495	168	37	40
496	168	37	39
496	167	37	40
496	164	37	41
496	164	37	41
496	164	37	40
496	162	37	40
495	164	37	39
496	164	37	40
495	166	37	42
495	169	37	42
498	173	37	41
499	174	38	42
503	177	38	41
504	178	38	39
504	179	38	40
505	180	39	41
509	182	39	40
509	186	38	41
510	194	38	41
511	202	39	41
510	206	39	43
509	210	39	42
510	208	39	42
504	203	40	43
479	188	39	43
468	182	40	43
459	176	39	42
458	170	40	43
458	167	40	43
459	165	40	42
461	164	40	42
461	161	41	42
462	160	41	42
461	158	41	43
462	158	40	42
461	157	41	43
461	156	41	43
461	155	41	43
463	155	41	43
465	155	41	43
468	155	42	43
470	152	42	44
471	152	42	44
472	152	42	44
473	151	42	44
473	150	42	44
473	149	43	45
474	148	43	45
475	148	42	45
476	147	43	45
477	147	43	45
479	147	43	46
484	150	43	46
489	153	43	46
490	157	43	45
490	159	43	46
491	160	43	47
491	163	43	46
492	163	42	46
492	161	42	46
492	158	43	46
491	157	42	46
491	154	43	47
491	153	43	47
491	152	44	47
491	152	44	47
491	152	44	47
491	152	44	47
491	153	44	48
491	155	44	48
492	154	44	48
492	155	44	48
491	156	45	48
491	156	45	48
492	155	44	49
492	155	45	49
493	156	44	50
493	158	45	50
493	159	45	51
493	163	45	49
493	165	45	50
493	165	44	50
494	167	45	50
493	168	46	50
493	168	46	50
493	168	46	50
494	169	46	51
494	169	47	50
494	169	46	50
494	170	46	51
494	169	47	51
494	169	47	51
495	169	46	51
494	167	47	51
495	167	47	51
495	167	47	51
495	166	47	51
495	164	47	52
495	165	48	51
495	164	48	51
496	162	47	53
495	162	48	52
495	162	48	52
495	160	48	53
495	159	48	53
495	158	48	53
496	157	48	53
495	156	49	53
495	155	49	53
495	154	49	53
495	154	49	53
495	153	49	53
495	153	50	54
495	154	50	55
496	156	49	54
495	157	50	55
495	157	51	55
496	157	51	55
496	156	51	55
496	155	51	55
496	155	51	55
496	155	51	55
496	155	52	56
496	156	52	57
497	157	52	57
497	159	52	57
498	162	51	57
498	164	51	57
498	164	52	58
499	166	52	57
499	167	52	57
498	168	52	57
499	167	53	57
498	167	53	57
499	166	53	58
499	167	53	58
499	166	54	59
500	167	53	59
500	173	53	57
500	174	54	58
501	179	53	56
501	180	53	57
502	180	54	57
501	180	55	58
501	180	55	57
503	177	54	59
501	175	55	60
501	177	56	58
501	176	56	58
501	177	57	59
503	178	56	59
502	178	57	60
503	179	57	61
503	181	57	61
504	186	57	59
504	191	56	58
505	196	56	59
505	200	56	60
506	204	57	60
506	207	57	61
506	210	58	61
506	211	58	61
507	214	58	59
506	213	58	60
507	213	58	60
506	209	59	62
507	208	59	62
507	208	59	61
506	205	61	62
507	206	60	62
507	207	61	61
507	208	61	61
508	210	61	62
508	212	61	62
509	213	61	63
508	216	62	62
509	215	63	63
509	216	64	63
509	213	64	64
509	214	64	63
509	211	64	64
509	210	64	65
509	209	65	65
510	209	65	64
510	208	66	64
509	208	66	64
510	208	66	64
510	208	67	64
511	208	67	65
511	209	68	65
511	210	68	65
512	210	68	66
512	210	69	66
512	211	69	65
512	212	69	66
514	213	68	66
514	213	69	67
514	213	69	67
514	214	70	66
514	214	70	67
514	214	71	67
514	213	70	68
515	212	70	67
515	210	71	68
515	208	71	68
516	206	70	68
516	204	71	68
515	204	72	68
516	205	72	68
516	207	73	67
518	209	73	68
517	211	73	68
518	213	73	68
518	213	74	69
518	213	75	69
518	215	74	69
519	216	75	69
519	216	76	70
519	217	76	70
519	218	76	70
520	219	77	70
520	221	77	70
520	222	78	70
520	222	78	70
522	221	78	70
523	220	77	71
522	218	78	72
523	216	78	74
523	216	78	72
524	215	79	73
523	215	79	73
524	214	80	73
524	214	80	73
526	216	80	73
526	218	80	73
527	221	79	72
528	222	80	73
528	222	82	74
528	223	82	73
528	221	82	74
529	215	82	76
531	214	81	74
531	212	81	74
531	209	81	75
531	208	82	74
530	207	84	74
530	206	85	75
530	207	86	75
531	207	86	75
532	209	86	76
533	212	85	76
534	215	86	76
535	218	86	76
535	220	86	76
534	221	87	76
535	221	88	77
535	221	89	77
536	220	89	77
536	221	90	77
537	219	91	78
537	221	90	77
537	219	91	78
538	219	91	78
538	219	91	78
539	219	91	79
539	220	92	79
539	220	92	79
540	219	93	79
540	219	93	80
541	218	94	80
541	219	94	81
541	219	94	81
542	219	94	81
543	221	94	82
544	221	96	82
545	222	96	81
545	222	97	82
545	223	97	82
545	222	97	81
546	222	98	82
547	219	98	82
547	218	98	82
548	218	99	82
548	218	99	82
548	218	100	83
548	219	101	83
550	219	101	84
550	221	101	83
551	222	102	84
551	224	103	84
553	225	102	84
553	225	103	84
553	226	104	84
554	226	104	84
555	226	104	85
556	228	106	85
556	228	106	85
557	230	106	86
557	231	106	86
558	232	107	87
558	233	107	88
559	235	108	88
560	236	108	89
561	238	109	89
561	239	109	90
562	239	110	88
562	240	111	89
563	240	111	88
563	240	111	89
564	240	112	88
564	240	113	88
565	239	114	88
566	239	114	89
567	239	115	88
567	239	116	88
567	239	116	91
569	240	116	89
569	240	116	87
570	241	115	90
571	242	117	89
571	243	117	89
573	244	118	91
574	246	118	94
577	247	118	94
578	249	119	95
577	251	120	95
578	251	120	95
581	251	121	95
581	252	121	94
582	253	122	95
583	253	125	95
585	254	129	95
584	254	126	95
586	255	133	94
585	256	128	94
587	255	130	94
589	256	132	93
590	258	130	91
592	258	129	92
593	259	128	92
593	261	131	92
593	262	131	94
594	264	132	94
596	265	131	94
597	265	131	95
598	266	133	93
598	265	133	95
599	264	134	96
600	264	134	96
600	265	134	95
602	266	134	95
601	267	135	97
605	269	136	96
605	270	136	99
606	271	137	99
607	275	138	98
608	275	137	99
610	276	137	98
611	277	136	97
612	276	137	98
612	275	138	100
614	275	138	100
614	274	141	102
616	273	142	104
616	272	144	105
617	273	146	107
619	274	147	108
620	276	148	108
621	279	149	107
622	280	150	108
621	280	150	109
626	284	150	106
627	283	150	108
628	283	151	108
626	283	153	110
628	283	152	110
631	285	152	108
634	287	151	108
633	288	153	108
634	289	154	110
636	290	154	110
636	291	155	110
639	293	154	110
635	291	156	112
632	290	157	114
629	290	159	113
624	289	160	112
624	288	160	113
626	287	160	113
625	288	161	113
627	287	162	115
626	286	163	115
623	285	165	117
621	284	166	118
621	285	167	119
621	288	171	122
621	293	173	123
622	298	174	124
621	304	176	124
624	307	174	125
626	311	174	125
629	314	174	126
631	317	176	126
632	319	175	126
635	319	174	126
635	319	176	127
636	318	176	127
639	317	175	126
642	317	175	125
643	313	174	126
645	311	173	127
647	310	176	125
648	307	177	129
648	306	177	130
649	307	180	129
651	308	180	130
652	311	184	127
654	313	186	127
656	315	185	129
659	318	187	127
661	319	188	129
664	319	188	128
665	316	188	133
667	315	191	133
668	312	191	134
669	309	194	131
671	306	196	134
672	304	195	132
674	300	197	132
675	298	198	132
676	298	199	130
677	299	198	129
678	299	201	132
680	303	202	132
681	305	204	133
683	308	204	133
685	310	206	133
686	312	208	134
688	314	209	134
690	315	209	134
691	317	207	134
693	319	209	133
693	320	214	134
695	321	214	137
697	321	214	138
699	323	217	138
699	324	219	139
702	326	219	139
705	327	219	140
707	328	219	140
710	330	223	140
710	331	224	142
713	333	227	144
714	334	229	145
717	336	229	145
718	337	229	146
721	338	228	146
725	339	228	147
726	342	228	148
729	344	228	151
731	346	228	154
731	351	228	155
732	353	227	155
734	354	225	155
734	355	224	155
737	353	220	154
739	351	219	155
741	348	216	155
742	346	216	158
745	347	212	156
748	350	210	162
749	354	210	164
748	360	211	165
744	364	215	164
740	367	219	165
737	368	222	169
730	370	229	167
716	372	241	160
694	367	257	160
678	365	256	160
661	364	257	159
650	365	255	161
641	367	253	160
637	368	252	158
632	368	252	159
627	365	252	160
621	362	250	159
610	358	253	159
604	357	249	160
602	356	249	162
605	356	249	163
606	358	251	165
608	360	252	165
607	362	255	166
608	365	256	168
609	365	256	168
608	366	257	167
605	368	259	167
601	369	257	166
603	369	254	166
603	370	253	166
605	370	254	166
606	370	254	168
604	371	254	170
603	372	254	170
603	372	252	170
603	373	251	171
606	374	253	170
608	373	251	172
608	374	252	171
609	375	251	170
611	375	251	173
614	375	250	172
615	374	249	174
617	372	248	175
620	372	248	176
622	371	249	177
622	372	250	178
623	372	248	179
626	371	247	181
626	372	249	181
629	370	248	182
631	369	247	183
632	368	246	180
633	367	247	181
635	366	244	182
638	366	244	182
638	367	244	186
640	370	244	186
642	374	242	184
644	376	241	182
646	378	243	181
648	380	242	180
650	380	241	179
652	381	242	179
655	381	240	180
655	383	240	179
656	382	240	180
658	383	239	179
658	383	238	178
661	384	235	178
662	384	236	177
664	385	233	175
665	387	233	173
669	389	230	170
670	390	229	170
673	391	226	167
673	391	228	165
674	391	231	162
675	390	228	159
675	387	228	167
678	387	224	160
685	385	218	167
692	382	220	165
686	381	214	169
689	371	219	176
693	378	208	176
699	371	214	179
712	366	206	180
725	366	208	177
740	377	204	168
753	380	196	176
766	387	190	173
760	373	190	170
764	372	195	185
764	370	190	183
767	375	187	181
763	377	187	176
755	366	189	180
741	360	196	190
720	358	195	195
692	345	192	212
669	343	187	212
657	336	182	216
654	342	175	204
650	345	175	189
644	342	174	174
657	394	150	148
648	371	157	174
630	351	169	196
618	351	167	199
621	417	150	144
603	403	153	169
588	418	158	155
582	432	150	141
566	375	154	192
558	396	155	174
551	405	156	170
549	429	152	146
547	414	149	157
542	415	154	157
540	399	149	175
533	351	153	215
526	357	154	206
520	356	159	207
513	354	161	208
504	345	159	222
492	360	162	204
481	348	163	219
476	408	161	161
476	356	159	213
468	358	169	211
460	361	174	208
456	365	173	208
448	369	177	205
448	350	176	221
443	352	181	220
438	355	187	218
439	352	186	220
437	362	191	212
436	373	199	202
439	354	197	218
435	347	203	227
432	343	206	231
429	335	214	240
437	328	215	246
443	321	221	249
254	283	165	120
290	299	129	84
297	296	127	83
306	291	127	82
321	286	126	82
331	277	128	83
342	271	128	82
350	265	128	83
357	258	126	82
364	251	127	81
376	241	129	84
388	236	128	83
402	234	126	84
418	233	126	85
432	232	129	85
446	236	130	83
456	236	128	85
463	235	124	84
465	232	125	85
467	232	124	85
470	230	125	84
475	225	126	87
478	221	126	86
482	218	126	85
487	217	126	85
491	216	126	85
496	215	124	85
500	217	125	86
503	217	125	86
507	218	125	85
508	219	127	85
513	218	124	85
517	214	125	87
525	213	125	84
534	209	126	84
544	208	128	82
554	209	133	84
567	208	131	85
579	210	132	85
592	212	132	85
604	213	131	85
620	217	132	86
631	219	131	85
641	219	128	86
647	220	127	85
655	219	128	85
662	216	130	86
671	212	127	88
677	208	126	87
681	203	127	87
683	200	128	86
691	192	127	89
697	190	128	88
702	184	128	87
709	178	128	85
714	172	130	85
724	166	127	85
729	161	128	86
737	156	128	85
744	150	131	85
753	146	133	85
767	139	133	85
777	137	135	86
785	136	136	86
791	134	135	86
795	133	134	85
799	131	132	86
802	129	133	86
805	129	133	85
807	126	133	84
809	124	135	84
814	120	133	86
820	118	134	86
829	119	127	87
836	120	121	85
844	123	114	88
858	127	100	84
865	132	92	83
874	133	82	80
877	133	78	82
879	133	74	80
885	132	70	83
889	133	67	81
894	129	63	82
903	124	55	81
911	123	46	78
920	126	37	73
923	128	34	70
916	132	40	71
883	142	61	63
848	179	67	59
854	202	69	81
855	216	69	74
868	210	67	79
875	210	62	77
878	216	66	78
844	238	86	60
816	276	69	95
753	302	114	76
684	259	102	111
611	254	134	109
608	246	159	119
583	246	341	169
580	245	379	192
586	249	373	197
595	256	364	194
605	261	354	193
613	263	346	194
615	267	344	191
624	269	335	189
631	271	327	191
631	271	328	186
630	270	329	191
633	271	326	191
627	270	332	192
626	270	333	192
619	269	340	195
622	272	335	194
601	270	357	197
613	273	345	194
595	270	364	203
597	269	362	207
583	271	376	203
573	271	386	208
554	270	404	205
550	274	409	204
534	271	423	206
528	276	431	203
518	274	438	207
507	274	452	206
510	273	445	208
497	273	456	208
491	274	452	204
489	272	444	203
482	271	443	204
480	271	437	202
469	272	441	200
477	273	425	198
472	272	427	200
477	273	419	199
474	272	420	199
481	273	414	197
482	272	414	197
488	272	411	196
492	270	409	196
495	271	408	194
498	271	406	195
501	269	405	198
500	266	404	198
498	264	402	199
499	263	399	198
497	261	400	199
497	262	397	196
497	262	394	196
501	264	389	195
500	264	389	195
500	263	386	195
501	263	381	193
502	262	378	192
502	261	377	193
501	261	375	193
500	261	374	192
498	260	374	192
498	262	371	190
502	263	368	189
504	265	366	189
506	266	365	189
503	266	366	190
505	268	363	188
503	268	362	188
504	269	356	187
504	270	352	186
503	268	350	187
502	268	349	186
501	267	347	185
499	266	346	184
497	263	343	184
492	261	341	182
490	260	340	180
486	260	340	180
489	259	336	179
490	257	334	178
494	256	329	178
494	255	330	176
494	254	327	176
495	253	324	177
499	251	320	177
501	248	319	178
505	243	316	179
507	240	315	177
510	236	311	177
509	235	309	176
507	233	310	176
512	231	306	177
510	230	305	177
505	227	304	177
497	224	306	180
495	224	301	176
489	222	300	175
486	222	298	173
485	221	295	173
476	222	298	171
483	221	292	172
475	221	297	171
477	221	293	171
462	221	305	170
470	221	295	168
455	222	307	165
467	222	295	165
465	223	295	164
465	223	297	166
467	225	294	163
469	225	292	163
472	226	289	164
475	226	286	162
474	226	285	160
476	224	282	164
481	223	276	165
484	224	276	162
488	224	273	161
492	223	272	161
496	221	270	160
498	215	267	158
498	211	267	158
500	208	267	159
502	206	264	161
503	206	268	159
504	207	271	159
508	209	270	160
510	211	267	158
510	213	267	157
511	214	265	156
513	216	265	157
515	217	265	154
518	218	261	151
520	219	255	149
524	219	256	152
530	219	254	149
531	218	251	146
536	216	248	148
541	211	245	148
540	208	244	146
535	205	245	146
525	206	243	145
519	208	239	143
517	206	242	145
526	210	246	148
534	216	243	150
538	220	240	146
540	223	237	147
541	224	238	148
544	226	238	146
535	229	236	144
529	229	236	144
526	228	233	144
524	226	234	143
517	224	236	143
512	219	235	142
506	214	235	140
505	208	234	141
501	206	236	140
501	204	239	141
505	202	237	141
505	202	226	140
501	199	245	139
497	198	220	138
493	195	218	137
491	194	219	136
484	195	221	132
481	195	220	133
484	194	216	132
483	194	215	133
479	194	213	131
471	192	212	130
469	192	209	129
469	191	208	128
462	190	207	127
461	189	204	128
457	188	203	127
453	187	202	126
449	185	203	125
448	186	202	124
450	186	200	123
456	187	200	123
461	189	200	122
463	190	199	121
463	190	199	121
461	187	195	119
456	186	195	119
454	183	193	119
449	183	192	117
446	181	192	117
441	180	191	117
435	179	190	116
429	176	189	116
423	175	190	114
422	172	188	115
422	171	187	115
421	171	185	113
421	171	185	113
422	170	184	113
419	170	184	111
419	168	182	111
416	167	181	110
414	166	180	110
414	166	178	110
415	166	178	110
414	166	177	109
414	166	177	109
417	165	176	109
418	163	174	108
417	162	173	108
414	158	172	107
412	155	170	107
410	152	170	107
409	152	169	108
404	152	167	107
401	153	167	106
399	153	167	106
393	156	166	103
388	158	166	104
386	159	164	104
380	162	162	103
375	163	164	102
373	163	162	102
371	164	160	101
368	165	160	100
369	165	158	100
367	165	158	99
366	164	159	99
363	164	159	98
361	163	158	97
357	162	158	96
355	162	155	95
354	162	153	96
350	162	153	96
351	163	152	95
349	164	151	96
348	165	153	95
346	166	151	95
343	166	151	95
340	167	149	94
338	166	150	94
337	165	148	94
334	161	148	93
331	159	149	92
330	155	149	92
328	152	148	91
326	149	147	91
330	149	145	90
331	148	144	90
332	147	143	89
331	145	142	90
330	142	141	89
325	142	141	88
324	142	139	87
325	142	138	86
325	146	137	85
326	147	137	86
323	149	138	86
318	150	138	85
315	150	136	86
311	148	136	87
307	146	135	86
306	146	134	86
307	144	135	86
310	145	132	86
310	142	132	87
308	142	131	86
305	142	131	85
302	141	132	85
301	141	130	85
298	142	129	84
296	145	129	83
294	148	129	82
291	151	128	83
291	154	127	83
289	156	126	81
282	158	126	79
277	160	125	80
273	164	125	79
268	167	126	78
262	169	125	79
259	172	123	79
254	176	123	79
251	180	121	78
245	184	123	77
242	186	122	76
240	186	123	78
241	187	123	77
238	188	123	77
235	188	123	76
229	187	123	75
223	187	123	74
218	187	122	74
215	188	120	73
212	190	118	74
206	191	120	73
207	192	117	74
200	192	119	74
195	192	119	73
189	193	119	73
181	191	118	73
175	192	118	72
171	189	117	72
168	187	117	72
166	185	117	72
163	185	117	71
159	184	117	71
155	183	115	72
149	183	115	71
142	183	115	71
137	181	114	71
137	182	110	70
134	182	112	71
130	180	112	71
128	177	113	71
127	176	113	70
129	177	110	69
128	177	110	69
127	177	109	68
125	179	109	67
126	179	110	69
125	181	110	69
126	181	109	69
127	180	110	69
128	180	109	69
126	177	110	69
122	176	110	69
118	175	108	69
115	175	106	68
112	176	105	68
105	177	107	69
100	177	107	68
91	177	109	70
83	175	107	69
75	173	108	71
68	169	106	69
59	168	107	70
50	168	106	70
42	169	107	69
30	171	106	71
21	172	106	69
14	172	107	69
14	173	106	67
12	174	105	67
10	175	106	68
9	175	105	69
8	180	106	69
