319	136	16	45
317	133	17	45
317	131	18	45
318	133	17	45
317	130	17	45
317	131	18	45
317	130	18	45
319	130	18	46
317	126	19	47
317	127	18	45
316	127	18	46
314	126	19	46
312	125	19	48
311	122	19	44
309	121	20	42
308	121	18	40
308	122	18	39
306	122	19	37
306	122	18	38
305	121	19	43
305	120	18	43
304	120	18	47
303	119	19	50
301	118	18	49
299	119	19	45
300	120	21	42
299	121	20	42
300	118	20	44
301	117	19	43
300	116	19	44
299	117	18	44
300	119	19	44
299	119	19	45
298	116	19	46
296	116	20	50
297	117	19	49
297	120	19	47
297	116	19	44
297	116	19	48
297	117	18	47
296	115	18	47
295	117	18	47
295	117	18	48
295	118	18	47
295	119	17	48
294	121	18	46
294	119	18	50
293	114	19	53
294	117	19	47
311	139	18	44
310	139	19	46
308	139	20	44
309	137	18	45
307	137	20	42
309	137	19	43
308	135	20	47
307	135	19	46
306	135	19	50
303	135	21	48
302	133	22	48
301	131	21	48
299	130	21	48
297	128	21	46
297	125	23	48
296	124	24	50
296	122	23	52
295	122	22	51
295	122	22	48
294	123	22	46
295	119	21	51
294	118	21	51
295	118	20	51
295	117	20	51
294	118	20	50
294	118	19	48
295	117	20	54
295	118	20	49
294	119	20	51
293	118	21	51
293	118	21	52
293	117	21	53
294	119	20	50
294	117	21	50
295	118	20	50
294	119	21	50
294	115	22	54
294	119	22	49
294	118	21	49
294	117	21	50
295	119	20	51
294	116	21	51
295	118	20	48
295	119	20	46
296	117	20	48
294	115	21	50
294	118	21	49
291	117	22	49
290	117	23	48
297	116	20	47
282	117	21	47
282	117	20	46
279	117	21	43
300	118	20	42
276	113	19	50
274	116	19	45
274	115	19	45
272	114	20	47
272	115	20	48
271	113	20	48
272	116	18	45
272	118	17	41
272	116	18	48
273	115	18	46
274	114	19	47
273	114	21	48
275	115	19	46
276	115	19	46
278	114	19	47
278	116	18	47
279	115	19	48
280	115	20	46
280	115	20	46
281	114	20	46
282	113	19	48
281	112	19	48
282	112	19	48
282	111	20	48
284	110	20	50
284	111	20	49
284	112	20	48
284	110	19	49
285	113	21	46
284	114	19	46
283	113	18	46
283	113	20	46
282	110	19	47
298	115	19	44
281	112	19	47
282	114	19	46
281	115	17	45
295	121	17	40
295	122	16	38
295	120	16	38
294	114	18	44
293	113	18	45
292	112	19	45
290	111	19	47
289	115	20	43
289	114	19	44
290	113	19	42
290	111	19	45
288	111	20	47
289	109	19	48
289	110	20	46
288	111	19	45
287	112	19	45
287	112	19	46
290	112	17	44
288	111	18	46
272	105	20	50
286	118	21	45
273	120	19	42
291	112	18	46
269	104	20	54
255	101	24	47
250	102	24	43
250	102	20	39
244	98	21	40
244	99	19	41
263	109	19	44
264	108	17	44
266	108	17	49
264	112	16	44
264	104	19	48
264	105	19	47
264	104	18	46
264	104	18	47
265	105	18	47
266	103	17	51
265	103	18	52
267	105	19	51
270	101	19	52
270	101	22	52
273	123	18	38
275	125	16	34
278	122	15	35
279	106	15	44
280	114	19	44
282	112	20	48
282	116	28	49
280	103	29	50
285	102	23	53
289	125	22	38
293	122	18	35
296	125	17	36
300	124	19	46
302	122	20	45
279	104	19	40
281	102	18	36
283	104	18	35
284	102	17	41
285	103	18	42
287	103	17	42
288	102	19	39
288	98	20	41
289	101	20	40
