554	162	77	203
545	159	79	203
537	158	73	206
526	158	74	203
522	157	72	205
516	157	74	204
506	155	76	206
503	152	67	202
498	152	61	200
488	152	64	203
472	152	78	200
468	149	78	195
458	146	70	202
445	145	69	205
437	146	68	201
430	147	72	199
423	144	78	199
416	139	70	192
408	136	67	190
405	137	73	194
401	142	70	192
393	144	76	187
383	140	72	188
372	138	59	153
363	136	60	159
354	137	60	161
346	140	61	154
337	136	61	153
327	135	62	151
322	136	61	152
317	130	59	139
311	135	58	138
302	131	59	140
290	132	58	135
281	128	60	143
273	130	59	147
265	127	61	151
258	127	62	152
251	127	61	151
247	123	62	153
242	119	61	156
237	116	62	159
230	119	63	155
222	118	63	157
218	116	57	157
214	118	50	130
207	116	49	131
201	114	49	132
194	118	51	136
188	116	53	137
180	116	54	144
170	112	55	150
165	115	55	120
159	114	54	136
153	117	51	148
148	111	48	159
141	111	49	157
133	107	54	156
128	107	53	157
122	107	53	157
118	106	51	158
110	101	59	164
105	99	60	156
101	102	57	160
95	101	63	155
88	102	59	156
88	104	61	149
97	104	56	151
108	102	53	147
118	100	54	150
129	100	57	149
139	100	57	148
149	98	57	151
159	96	57	152
172	92	59	160
180	91	59	164
189	92	68	164
202	90	61	164
213	90	54	162
225	87	49	168
234	87	55	164
246	87	56	161
255	87	60	163
266	84	59	162
278	83	51	158
290	79	50	161
298	78	52	162
304	80	62	159
315	78	64	160
323	76	64	162
331	73	62	162
345	71	65	161
360	74	58	159
371	72	58	159
384	70	58	157
403	66	56	149
411	64	55	160
423	65	57	162
432	66	63	156
444	66	65	158
456	66	65	152
469	65	60	156
481	65	57	155
478	62	57	151
472	61	59	152
467	60	63	152
464	58	65	151
461	56	58	149
455	56	63	147
450	56	72	148
441	55	77	149
436	55	75	148
431	52	72	151
427	51	69	151
423	50	65	155
419	51	66	153
412	50	68	150
408	48	69	151
412	46	61	143
409	45	61	146
405	45	61	148
403	44	58	149
401	43	56	147
396	43	54	145
391	41	55	146
390	40	53	148
387	41	54	147
387	40	54	145
386	38	53	138
381	40	57	140
371	54	66	138
378	58	60	146
380	75	53	136
377	81	59	139
373	91	64	139
369	103	68	139
365	113	68	139
362	124	64	137
361	133	58	136
359	142	53	134
356	150	57	135
352	162	56	135
353	168	51	139
348	182	50	136
345	193	50	134
340	208	50	130
337	218	47	129
333	226	47	135
329	235	48	135
327	250	48	130
324	259	46	129
320	265	47	130
319	266	46	130
315	264	46	134
310	264	49	133
305	265	51	132
302	264	52	133
295	262	49	133
291	262	49	132
288	261	47	133
284	261	46	132
282	260	44	131
279	260	45	130
276	259	42	123
273	259	44	128
268	259	45	128
262	261	49	125
258	261	47	124
254	258	42	126
251	258	43	127
248	259	42	126
242	257	45	128
242	258	44	126
238	258	47	125
238	256	44	128
232	255	46	128
231	254	45	130
230	254	43	128
229	254	43	128
228	255	44	126
228	257	44	125
226	253	44	129
227	254	44	127
227	256	43	127
228	254	43	128
227	256	44	126
229	254	43	128
227	256	44	126
228	253	44	129
229	255	43	128
229	255	43	128
230	256	43	127
231	254	42	129
231	255	42	128
231	255	42	128
233	255	40	127
235	255	40	129
237	253	39	130
238	254	39	129
239	256	38	128
239	254	39	129
239	256	39	126
238	256	40	128
239	256	39	128
238	255	39	129
236	255	41	129
234	254	42	128
232	251	44	131
230	253	46	131
231	253	44	126
228	249	45	130
223	252	47	129
218	243	52	137
215	252	53	129
211	256	51	125
209	257	45	121
205	255	44	124
204	255	45	123
203	256	45	121
202	255	45	119
203	254	45	117
203	252	43	122
201	251	44	121
200	250	44	121
198	249	44	120
196	249	44	119
192	249	44	118
190	246	43	119
187	246	44	120
184	247	45	117
183	245	44	119
180	245	43	119
177	243	43	114
176	243	42	119
174	241	43	119
169	243	44	116
167	241	44	119
163	242	44	115
160	240	45	116
157	239	46	116
154	240	47	115
152	240	47	115
150	239	48	117
148	239	46	114
145	236	46	115
143	236	44	115
138	236	46	116
133	237	48	114
131	235	46	116
126	234	47	115
123	231	45	116
119	233	46	114
116	233	46	115
115	233	47	115
112	231	46	113
110	230	45	111
108	230	43	113
105	229	43	113
101	230	45	112
98	231	46	112
94	229	46	112
90	228	43	110
88	227	43	112
86	226	43	111
83	227	41	112
82	227	42	109
81	225	40	107
79	224	41	110
76	224	46	109
73	223	44	111
70	225	42	109
69	221	41	110
66	220	46	109
63	208	58	119
60	207	61	123
57	206	61	123
53	204	61	124
52	201	58	124
52	202	55	124
51	204	56	119
52	201	54	122
47	200	59	124
46	197	58	125
43	199	60	121
42	197	59	120
39	198	60	121
39	197	58	122
39	198	58	120
37	198	58	117
36	196	56	119
35	193	56	121
33	194	53	120
32	197	51	117
30	194	51	118
28	197	49	113
24	189	50	120
21	180	51	133
20	178	51	133
17	182	52	128
17	182	53	127
16	189	51	117
15	188	47	118
16	182	46	125
14	204	47	102
11	199	42	106
8	206	43	99
6	215	37	88
4	209	35	93
3	201	37	101
4	195	34	107
3	201	35	102
3	198	30	101
3	197	31	101
2	193	31	106
2	207	31	91
1	198	31	100
1	193	29	103
2	197	26	99
2	189	27	104
2	188	23	106
2	186	23	107
2	184	24	109
2	194	23	98
2	197	22	94
2	192	23	96
2	191	25	99
2	189	26	99
4	185	32	101
20	189	36	94
36	201	40	83
60	203	35	77
79	200	35	81
83	194	36	85
86	194	36	85
88	199	36	80
90	196	36	80
94	196	35	80
97	192	34	84
100	185	35	90
103	184	35	92
104	184	37	91
105	182	40	92
108	180	40	90
111	179	39	91
113	178	41	95
116	179	43	93
117	177	46	93
119	176	46	93
124	175	43	93
133	175	35	92
139	174	33	94
141	174	40	94
141	174	45	94
142	167	46	99
147	176	42	91
152	174	38	91
158	169	33	97
162	172	37	94
164	173	40	93
166	173	39	91
170	173	38	91
171	173	38	92
175	172	37	93
179	173	34	92
179	171	35	94
179	177	37	89
182	179	36	85
184	186	36	79
179	194	44	72
176	199	46	68
176	203	45	65
177	206	47	64
174	208	50	66
172	208	55	71
171	209	57	71
172	206	57	76
173	202	55	74
173	196	54	75
172	189	55	85
172	180	54	87
175	175	49	90
179	173	44	93
184	173	41	93
182	172	43	94
191	172	37	93
197	171	34	93
198	173	39	94
199	173	40	94
200	173	42	95
208	172	37	93
216	172	33	94
218	172	37	93
219	172	41	93
222	171	39	94
226	170	40	96
232	170	37	94
239	170	32	94
242	170	33	94
244	172	37	92
245	172	39	93
250	170	36	95
257	170	32	94
262	170	30	93
265	170	33	94
267	171	39	95
267	171	39	95
272	171	38	96
277	170	37	95
283	170	35	92
288	171	35	96
292	172	36	94
296	173	40	95
302	169	32	98
307	168	31	98
313	178	30	103
314	175	38	95
318	168	39	101
323	169	37	98
326	166	33	98
328	167	32	101
332	171	32	90
334	175	39	90
336	181	41	82
339	181	39	81
346	179	35	79
350	182	39	73
360	180	42	76
363	180	40	76
364	177	46	78
367	177	47	78
375	180	40	74
382	182	32	67
388	184	27	69
390	181	40	74
390	178	43	75
392	170	41	85
399	170	37	86
407	157	35	95
409	156	41	93
410	153	44	98
416	163	47	85
419	167	48	80
424	166	43	79
434	187	35	58
442	181	32	63
448	177	29	69
449	172	34	74
449	169	45	75
450	176	46	69
455	170	43	76
460	175	41	71
475	161	37	90
479	161	42	84
482	156	42	89
475	155	46	89
467	162	43	107
459	160	37	80
448	164	34	84
436	152	35	87
420	155	45	86
404	158	47	82
389	163	41	74
384	162	33	76
371	163	35	78
359	164	37	79
346	164	34	78
332	165	36	84
316	162	36	84
295	161	41	82
285	166	41	79
267	165	41	85
256	158	41	89
259	155	36	91
259	152	37	97
262	154	38	91
265	153	36	92
268	158	36	86
271	158	33	94
272	160	35	89
274	160	34	87
273	159	36	87
274	160	35	87
276	168	35	85
274	170	37	78
278	174	35	77
281	169	33	81
284	164	35	89
285	162	35	93
287	162	36	90
289	162	36	92
290	162	36	90
292	161	35	91
295	159	35	95
298	160	35	94
300	161	34	96
303	161	32	95
304	162	33	93
305	164	34	92
312	173	34	86
315	174	41	86
316	182	44	75
321	184	40	76
323	183	41	77
323	181	42	75
332	180	45	76
338	172	42	84
344	174	41	82
351	184	37	74
357	174	34	80
366	170	35	84
367	166	39	89
367	162	46	92
379	161	40	92
381	161	39	92
388	155	34	93
388	168	36	82
393	159	42	94
392	162	46	87
402	162	52	82
436	157	56	88
420	153	62	88
428	158	45	85
439	158	40	92
439	160	43	91
445	153	37	96
446	152	37	93
451	151	39	90
455	150	37	90
460	150	37	92
461	153	40	89
465	154	38	86
468	155	42	79
475	149	39	90
481	158	41	79
490	162	36	78
494	149	45	98
501	149	40	102
503	149	40	101
512	152	35	96
508	150	37	102
497	152	47	96
481	152	56	98
470	148	52	102
458	165	51	84
452	155	41	93
444	150	46	99
433	155	49	93
414	157	53	93
403	156	50	93
391	161	46	88
385	165	36	85
372	160	37	92
362	154	42	99
346	154	49	97
334	154	49	97
325	153	47	98
322	147	40	104
312	155	39	96
299	151	46	102
280	154	52	100
265	149	52	104
257	152	44	101
248	149	37	103
236	158	35	97
224	151	46	104
209	151	53	105
204	153	44	104
198	154	40	102
185	150	41	103
174	152	39	103
162	153	40	103
166	154	44	101
169	151	44	101
176	147	42	100
184	148	40	94
188	146	39	90
193	147	40	88
203	143	42	98
220	151	43	94
220	152	43	93
223	157	48	87
222	157	42	89
234	160	51	86
238	162	51	87
239	165	51	81
240	165	50	82
250	145	43	95
256	143	42	101
257	144	42	98
270	143	40	97
274	141	42	95
281	141	38	91
287	138	36	94
293	139	35	89
301	138	36	89
307	139	34	89
312	139	36	90
317	141	34	87
322	139	38	90
327	140	37	88
330	137	38	91
336	137	49	90
356	133	60	93
372	123	66	116
352	125	75	109
337	126	71	114
316	124	72	113
303	128	78	117
286	131	62	118
277	129	66	116
253	128	62	112
247	129	61	106
244	127	65	107
205	128	68	112
205	128	79	101
167	130	78	105
160	124	84	110
136	128	96	117
117	129	83	116
101	129	83	116
191	93	69	126
177	95	79	132
184	106	69	121
181	110	67	118
191	87	61	133
192	100	59	126
196	105	53	119
199	90	55	127
194	112	60	119
197	113	59	130
192	97	62	135
181	122	80	117
183	99	71	123
191	100	63	120
189	101	68	124
183	108	73	110
185	99	70	121
191	100	66	119
183	105	73	119
185	109	67	115
188	99	71	122
182	110	80	113
187	114	74	111
182	117	79	117
190	101	76	119
189	106	76	116
108	132	80	109
187	107	65	112
185	113	71	116
188	92	72	133
187	86	74	132
180	92	68	137
159	97	69	124
136	96	74	125
128	92	74	133
97	94	79	130
82	98	71	123
73	87	73	134
53	86	74	140
34	84	85	140
21	86	74	156
72	100	86	130
4	67	61	157
8	72	66	164
27	119	88	125
22	124	89	118
11	121	78	126
14	125	89	120
5	127	70	114
13	115	86	129
97	137	126	122
142	135	80	132
137	136	82	132
157	136	73	133
159	137	67	128
159	141	65	122
160	140	62	115
160	135	69	119
172	127	57	121
180	125	54	118
187	135	51	121
184	127	55	126
194	138	71	117
169	148	69	125
181	148	81	120
145	153	85	120
171	150	94	121
162	201	67	122
166	201	61	106
170	211	51	112
169	193	55	98
169	199	54	105
158	174	62	107
148	177	76	126
141	147	83	126
155	191	81	126
133	127	78	133
133	141	85	134
135	143	85	134
160	202	74	118
151	143	76	127
159	139	81	135
163	205	64	114
150	157	68	111
166	153	70	119
167	148	72	125
166	146	68	142
144	157	90	118
150	140	86	135
142	135	84	134
148	193	84	113
145	161	75	117
161	179	69	123
153	153	66	123
157	200	83	106
164	194	61	110
169	195	57	105
172	182	55	116
165	160	59	118
164	177	60	113
166	201	59	104
164	198	58	100
168	199	56	113
165	191	60	121
169	164	59	116
166	151	62	117
166	171	68	128
162	171	68	125
162	183	68	108
167	177	59	113
164	208	60	112
153	162	71	113
143	150	82	123
165	179	87	114
157	146	77	129
155	150	86	121
162	183	75	119
162	157	66	119
140	187	70	112
122	153	76	127
101	149	79	137
94	137	71	124
76	140	64	124
48	146	77	136
42	157	96	127
20	157	81	149
5	148	73	148
4	132	63	167
5	134	67	178
14	117	106	174
50	119	182	136
273	109	79	128
267	119	57	108
262	117	41	100
246	117	38	99
238	118	37	99
220	119	36	100
201	118	39	101
198	121	33	91
200	121	31	92
200	119	30	93
200	121	30	92
199	119	30	94
199	120	30	94
200	119	30	94
199	119	31	93
200	120	30	94
200	119	31	95
197	120	33	96
192	120	39	92
187	117	44	96
194	107	36	110
197	103	34	116
199	111	36	101
199	107	36	111
199	101	34	113
195	100	38	115
188	103	44	111
183	111	52	103
186	108	48	101
194	101	37	111
199	101	33	107
200	113	36	101
200	113	37	99
201	106	34	104
201	101	33	108
198	101	37	111
195	104	41	105
195	104	42	105
196	104	43	102
200	102	41	107
204	100	42	118
208	100	37	108
214	98	34	111
218	99	35	114
222	100	35	112
225	100	39	114
226	100	40	116
231	100	40	114
237	97	37	114
243	99	36	106
248	98	33	106
251	99	32	103
254	99	32	100
258	100	33	103
262	102	33	99
265	107	34	94
267	113	35	88
269	112	40	93
273	112	37	97
276	125	41	98
281	132	45	99
288	140	38	100
292	156	38	98
296	165	38	102
298	177	42	100
300	180	40	98
304	199	44	91
309	218	47	90
314	217	42	95
313	221	42	95
318	220	41	93
327	218	41	95
333	215	37	94
336	216	36	90
342	219	36	88
348	218	32	86
348	215	34	82
354	218	34	84
359	216	35	88
364	216	36	87
369	212	35	91
373	222	38	81
375	226	42	86
347	223	75	93
339	212	94	101
444	279	77	150
450	270	68	137
442	273	71	152
435	272	83	131
438	280	76	139
410	211	66	108
417	216	44	97
422	220	39	89
418	219	47	89
422	211	47	97
430	211	41	96
440	213	39	91
445	214	37	88
452	225	35	84
457	219	32	85
458	216	34	81
461	215	34	82
464	212	36	88
468	210	33	89
470	208	33	87
471	209	36	88
475	204	36	87
480	203	33	96
485	203	33	95
489	204	33	92
497	207	31	89
498	208	32	84
503	212	30	83
507	212	29	81
510	210	27	86
511	209	29	86
513	206	29	90
514	207	29	91
512	205	32	92
495	202	36	97
475	206	39	94
459	203	39	98
448	202	41	97
427	201	39	97
408	201	38	100
393	204	37	98
374	207	35	91
352	208	34	93
333	207	38	95
311	208	43	95
298	210	39	95
282	209	38	95
262	207	40	97
246	210	40	95
228	206	43	99
213	211	40	96
201	209	39	97
199	210	40	98
203	210	37	97
205	212	35	95
204	212	34	94
205	212	34	92
205	213	33	91
206	212	32	91
207	213	32	91
210	212	32	92
212	214	32	91
215	216	31	88
218	216	31	88
220	216	32	90
222	213	34	91
223	214	34	91
226	213	34	88
229	213	34	90
231	216	33	87
233	215	33	89
233	223	43	85
238	215	40	89
245	212	35	89
252	211	37	88
254	214	33	86
258	215	32	85
260	216	35	84
264	215	33	82
266	214	32	81
272	202	32	87
272	204	33	85
275	205	34	91
279	208	35	83
283	216	36	80
286	218	35	77
290	219	33	76
293	214	32	77
296	211	32	79
301	211	33	80
304	211	32	81
305	212	33	82
306	211	34	79
310	213	35	77
309	214	35	75
315	209	33	79
318	209	34	80
321	212	35	80
324	217	35	71
326	203	33	77
330	194	43	82
339	211	39	80
341	214	30	74
344	224	28	66
348	224	24	68
348	228	25	64
348	223	29	69
348	215	34	74
355	199	39	82
353	216	38	76
362	196	36	78
365	211	34	79
368	200	37	79
371	202	36	75
373	199	37	73
380	185	44	88
381	199	40	79
383	196	40	85
388	197	38	88
388	197	35	78
392	195	33	80
393	195	34	81
393	197	34	79
393	197	36	82
395	197	35	80
392	193	37	85
385	138	52	90
399	189	56	90
402	187	54	95
401	196	51	87
400	195	49	89
435	163	53	107
436	150	57	118
381	174	65	106
355	178	73	107
373	182	66	103
364	171	66	110
347	180	70	96
332	188	58	117
315	184	55	102
302	186	62	104
239	164	68	112
208	145	65	116
197	153	68	124
179	171	81	120
156	171	82	114
189	176	88	107
127	133	75	126
175	185	82	110
116	181	76	116
139	169	77	116
173	166	77	115
161	177	108	135
176	175	112	138
174	170	119	138
178	200	140	128
165	190	149	141
190	193	145	130
179	182	136	135
189	205	149	132
182	179	152	140
163	189	152	138
187	184	138	134
129	180	138	148
108	178	93	145
144	179	96	129
171	177	99	129
167	173	112	125
141	179	104	132
125	166	84	116
117	148	70	119
142	141	83	115
125	171	72	123
109	165	80	111
114	186	73	119
135	171	76	115
115	191	78	120
128	147	70	119
144	138	71	114
129	153	72	118
177	171	94	111
250	188	105	114
240	188	106	114
279	201	80	125
263	204	87	113
192	178	89	115
178	168	86	105
118	163	69	120
123	159	75	114
116	148	76	120
129	143	73	117
109	143	81	120
116	167	83	119
139	171	82	114
189	174	85	115
183	174	91	124
114	176	89	122
166	178	94	118
134	162	95	117
130	167	83	125
175	172	92	111
164	174	121	111
192	187	122	117
237	187	130	117
222	188	135	116
244	196	128	123
207	197	159	115
262	192	138	122
245	198	127	117
236	199	148	108
379	185	83	95
396	184	59	90
403	185	51	80
409	184	41	77
411	180	36	80
412	180	35	77
412	179	36	78
418	181	30	75
412	177	34	81
394	179	38	86
379	180	40	84
364	179	39	85
347	180	38	82
332	184	38	80
313	182	41	83
297	181	40	86
282	183	38	80
272	182	37	85
257	185	39	78
239	177	45	91
223	170	57	101
192	194	81	110
239	221	103	115
246	228	102	118
259	207	107	113
225	164	67	105
236	178	44	91
244	178	36	83
248	166	35	80
251	175	32	75
251	188	30	72
254	186	28	70
253	186	29	68
254	186	30	65
254	185	31	70
252	185	42	66
254	184	33	73
