285	132	112	349
281	130	109	342
286	130	108	341
288	132	113	339
280	130	123	342
270	130	131	343
256	127	142	347
250	124	141	348
247	121	143	349
246	117	154	345
245	118	178	341
250	116	171	340
256	113	165	343
272	107	149	348
288	102	136	350
302	100	126	348
297	101	133	347
298	100	133	352
297	102	132	358
292	116	135	356
285	129	140	346
275	140	145	333
268	149	142	325
254	163	143	309
256	182	133	290
259	191	127	279
262	200	124	271
258	208	132	264
255	208	142	265
259	206	145	265
266	201	144	268
278	196	141	273
290	190	138	281
304	186	130	285
312	182	125	290
313	181	124	292
313	176	127	294
313	178	126	294
317	182	123	290
315	185	123	289
307	189	126	283
288	194	141	277
293	205	131	265
291	211	131	260
305	221	119	253
285	225	136	251
300	230	123	242
309	230	114	243
315	238	105	235
320	241	93	231
317	250	88	229
305	255	94	223
281	261	110	216
259	271	124	207
240	278	140	194
226	283	151	192
243	291	135	183
251	295	128	182
285	301	98	179
292	307	90	173
296	316	87	161
298	325	86	149
295	333	89	139
287	342	91	130
282	348	94	125
279	351	95	122
273	349	96	124
272	345	95	129
269	344	94	131
268	342	91	133
269	340	86	134
268	336	81	139
265	331	79	144
264	326	75	150
261	324	76	152
255	323	76	154
246	321	78	159
237	320	77	159
222	315	82	161
211	316	85	160
198	312	89	165
180	310	99	168
167	308	110	172
179	306	94	173
180	306	85	171
180	301	79	173
182	296	72	179
186	291	72	187
199	290	68	185
203	289	74	185
201	289	82	186
215	290	79	182
222	286	88	189
210	284	107	192
224	281	118	193
228	281	157	192
253	277	151	198
272	277	161	196
307	275	143	198
346	272	88	202
367	271	82	205
379	269	87	208
380	269	90	207
379	269	91	209
380	266	88	210
382	263	83	212
383	260	82	215
381	259	84	215
381	256	88	216
378	256	91	217
374	255	92	218
371	254	95	219
366	254	96	219
363	253	90	221
362	250	84	223
360	248	86	225
359	246	88	226
356	245	91	225
355	243	88	227
357	241	84	230
355	239	86	233
353	236	85	235
349	235	88	237
340	232	93	237
333	230	98	239
331	229	96	240
325	229	99	235
323	227	99	235
320	225	101	234
318	221	95	239
317	220	92	241
313	219	90	242
317	216	86	243
314	214	87	240
314	213	88	239
314	211	93	236
312	210	81	230
308	209	105	230
304	208	98	232
302	205	90	233
299	206	87	229
295	205	82	230
294	202	85	230
294	200	84	228
292	199	84	229
292	197	85	230
292	195	86	231
292	193	86	231
290	193	84	229
289	192	85	227
287	192	83	222
286	190	79	223
284	189	76	224
280	188	79	223
276	188	79	222
275	189	76	220
274	187	76	220
273	185	76	218
274	183	77	218
274	181	77	218
276	179	80	220
277	176	83	221
272	175	85	217
272	175	87	214
265	175	93	212
256	174	94	213
253	172	94	214
250	173	95	215
250	171	91	218
246	171	91	214
261	169	76	213
264	167	70	214
254	167	76	212
249	166	78	212
248	165	76	208
244	167	77	205
237	168	76	203
219	161	92	209
219	150	88	219
210	158	97	212
214	159	89	211
216	159	83	211
216	160	84	210
217	159	86	211
219	158	83	210
223	159	80	209
221	159	83	209
221	159	82	207
225	159	80	209
228	158	76	208
231	159	75	207
231	158	76	204
230	158	76	206
229	157	77	205
228	158	80	206
226	157	80	205
227	156	77	205
227	154	75	204
230	153	69	200
228	151	70	201
228	151	71	200
226	149	72	202
226	149	73	201
226	146	75	201
228	145	75	196
233	144	71	193
225	142	78	197
220	141	81	197
220	140	80	196
216	138	80	197
213	137	82	195
210	135	81	192
208	134	83	191
209	134	80	190
214	133	74	190
215	131	72	193
216	128	71	192
214	125	75	187
213	124	73	187
215	123	72	189
216	122	70	187
216	120	67	190
211	119	70	187
210	116	70	181
209	114	69	181
208	111	68	184
205	110	69	184
205	109	67	184
204	105	69	182
201	104	71	176
199	102	71	177
200	102	70	179
200	100	68	180
199	100	67	181
197	97	66	180
193	95	69	179
188	95	72	174
187	95	74	174
184	94	79	173
186	101	84	177
193	113	78	176
199	122	74	176
204	131	72	176
208	142	70	174
212	149	69	172
214	157	69	173
218	165	67	174
222	175	65	173
222	187	65	174
225	197	64	173
227	205	65	173
230	214	63	172
235	222	61	171
245	233	56	169
249	242	61	171
252	249	67	171
256	259	69	171
259	270	71	169
263	281	72	166
270	290	67	164
276	295	64	166
278	295	67	166
279	295	64	166
282	293	67	167
286	292	62	166
289	288	66	162
291	288	57	162
291	286	63	165
294	286	64	164
297	285	64	163
300	285	65	162
304	282	68	161
307	281	65	159
311	280	66	159
314	278	67	160
317	278	67	160
319	275	66	161
321	275	65	161
324	273	65	159
327	271	62	156
331	269	61	158
333	270	62	158
335	268	65	157
339	268	62	157
342	267	60	155
346	266	58	153
350	264	55	154
353	263	52	156
357	262	50	157
356	262	51	155
358	261	49	154
357	259	49	153
352	256	53	152
350	257	53	152
350	255	53	152
348	254	55	152
345	254	55	149
341	253	60	148
341	250	59	148
344	249	56	147
346	249	54	148
346	250	52	146
344	250	52	144
338	248	55	144
329	247	63	139
321	245	70	138
321	244	69	142
320	243	69	141
324	241	64	142
327	242	61	138
331	239	56	139
335	238	52	139
337	239	49	139
337	237	49	140
336	237	49	139
332	235	54	139
320	233	61	137
312	231	71	138
314	231	73	139
314	230	71	140
316	228	72	138
322	228	64	137
331	225	53	137
334	225	49	136
335	226	47	136
335	227	45	135
333	225	47	135
327	223	52	135
320	221	56	133
312	217	64	136
310	218	65	136
306	219	68	135
308	216	68	138
299	216	75	136
294	214	81	135
320	215	60	133
321	213	55	135
317	215	57	133
319	214	55	133
317	213	55	130
304	211	63	130
306	210	60	130
303	210	61	129
312	210	53	130
317	210	49	126
319	206	46	127
320	205	45	128
318	204	46	128
317	204	47	128
317	205	46	128
313	198	48	131
315	201	46	127
315	205	44	121
315	204	45	122
317	204	44	122
316	203	44	121
317	201	44	124
318	201	43	122
319	199	43	121
320	195	42	125
320	197	42	123
321	197	42	123
320	196	41	122
320	194	42	119
318	192	43	121
319	192	43	121
318	191	44	122
322	189	42	123
325	190	41	119
326	188	40	120
328	188	39	120
329	188	40	120
329	188	40	119
329	186	40	119
328	187	41	117
329	186	41	116
329	184	41	118
329	184	41	117
329	184	43	117
331	183	41	116
333	183	40	115
333	183	41	113
336	182	39	115
337	181	40	115
337	180	41	115
337	179	41	116
336	177	41	115
337	177	41	114
337	177	42	115
338	177	43	114
339	176	42	114
341	177	42	114
342	177	43	112
344	178	42	111
346	177	42	112
345	176	43	113
345	177	44	112
346	176	43	112
346	175	43	113
346	176	43	112
346	174	43	114
346	173	43	115
348	175	43	113
349	171	43	117
350	168	44	118
349	167	44	119
350	170	41	114
349	168	42	116
349	167	43	116
347	166	41	115
344	166	42	115
344	166	42	114
345	164	41	122
348	160	38	112
349	157	38	118
348	157	38	118
348	156	39	116
349	157	38	115
347	157	39	117
347	156	39	115
346	154	40	115
344	152	40	116
342	152	42	121
341	152	42	116
341	151	41	123
341	150	41	121
341	147	40	119
339	140	40	123
336	140	41	118
337	146	40	110
337	141	40	114
336	140	38	109
336	140	38	112
336	141	37	108
336	143	36	104
336	144	36	97
335	145	36	95
334	145	37	91
334	145	36	94
332	145	38	91
330	144	42	91
329	144	42	91
327	143	43	92
326	141	43	94
323	141	45	93
324	141	44	93
323	140	44	96
323	140	45	95
323	140	44	94
322	140	41	95
320	141	39	93
320	142	38	90
318	144	35	87
315	143	35	90
313	142	34	94
311	142	35	95
311	142	34	94
311	143	33	94
310	141	33	95
310	141	33	93
308	140	34	95
307	140	33	93
305	140	36	95
300	139	38	96
296	139	39	97
296	138	38	99
294	139	39	97
291	138	41	99
294	138	38	97
293	137	38	98
294	137	38	99
293	137	38	97
294	136	37	96
296	136	36	98
293	136	36	96
292	136	36	98
286	133	36	100
285	134	35	98
281	132	35	102
279	134	35	95
279	133	32	93
275	134	32	93
269	134	36	92
266	133	33	96
261	133	35	95
259	132	34	97
254	132	35	98
249	134	37	97
244	134	36	96
242	135	37	100
236	133	38	103
231	134	39	104
230	134	39	106
226	135	40	102
222	134	42	107
219	135	42	105
215	136	40	103
212	136	42	104
211	137	42	105
208	138	40	105
208	139	38	100
204	138	37	101
203	138	37	101
202	139	36	100
198	139	36	99
196	141	37	99
195	142	37	100
194	142	36	100
192	143	35	99
191	142	36	102
189	143	36	102
187	144	36	101
188	145	36	102
187	144	37	105
187	144	36	104
186	144	36	103
185	143	36	105
185	144	36	105
184	144	37	106
183	144	36	106
182	144	36	106
182	143	38	108
181	145	38	107
181	144	38	106
181	144	39	107
183	145	37	105
181	145	37	106
183	144	36	106
182	144	37	106
183	144	36	107
184	145	35	105
184	146	34	104
184	146	33	105
184	146	33	105
185	146	34	105
186	145	33	106
185	144	34	105
185	144	34	105
185	144	34	105
185	144	36	105
184	144	37	105
185	146	36	104
185	144	36	107
184	145	37	104
184	144	36	105
184	145	36	103
184	143	36	106
184	145	37	104
182	144	38	103
180	144	40	103
178	144	43	103
176	144	46	103
179	143	46	102
175	144	50	101
182	143	45	101
179	142	46	101
179	143	44	100
179	142	45	99
178	143	44	99
179	143	43	97
172	141	48	98
176	141	44	99
174	142	44	98
174	141	44	98
176	141	43	97
171	140	46	98
178	137	41	97
174	139	43	97
173	138	44	96
175	138	41	96
172	138	42	94
173	137	41	95
174	136	39	95
176	136	37	96
176	135	36	96
178	135	35	95
177	134	35	94
177	132	36	94
177	132	36	95
176	132	38	94
171	132	41	94
166	132	46	91
164	130	48	93
164	129	47	93
161	128	49	94
160	129	47	93
160	127	46	93
161	128	44	93
164	126	41	93
168	125	36	92
171	126	33	92
169	125	33	92
166	125	34	89
161	124	38	90
156	123	42	90
155	122	43	91
152	122	44	92
153	123	42	92
158	122	37	90
156	120	37	89
148	121	43	89
139	120	52	89
133	120	57	88
131	122	58	88
129	121	54	89
123	118	42	92
115	118	41	92
109	120	41	90
107	120	42	90
99	120	44	90
94	120	44	90
98	121	45	91
111	122	47	90
125	120	46	90
133	119	45	91
146	117	43	92
162	116	44	91
177	115	46	90
198	115	44	89
207	115	42	88
211	114	41	88
213	114	41	87
216	115	42	89
220	117	48	85
225	119	50	83
230	117	47	84
233	115	45	85
240	114	43	87
247	114	43	86
251	115	55	83
255	114	55	87
260	113	54	87
267	111	46	88
272	111	43	88
278	110	40	89
285	110	37	87
289	111	36	88
291	110	36	88
291	110	36	85
291	109	39	85
290	109	39	87
288	108	39	87
288	108	37	86
288	107	37	84
286	106	36	86
281	107	39	85
278	107	41	83
276	106	36	84
273	105	31	84
268	107	33	83
260	106	40	84
260	106	41	83
257	106	41	83
256	106	37	83
254	104	36	85
251	103	34	85
246	103	32	85
243	105	33	82
236	104	40	82
229	104	44	83
226	105	45	82
228	111	43	77
222	115	46	74
226	119	44	72
228	121	42	69
224	122	46	66
225	122	42	65
227	121	38	66
227	120	36	65
221	118	40	65
218	117	39	65
212	116	40	64
209	116	40	65
206	114	41	67
212	113	35	66
213	114	32	66
211	115	30	65
205	116	33	62
197	116	40	62
183	112	37	69
173	110	38	69
171	109	36	70
170	109	36	71
173	108	43	71
173	110	54	68
176	110	51	67
178	108	51	67
205	109	33	68
205	110	34	65
211	111	34	65
206	111	45	64
214	110	43	67
218	107	42	72
222	107	41	70
227	106	45	66
229	102	46	70
234	96	41	74
238	90	39	79
240	87	39	82
242	88	37	81
245	87	34	81
247	88	32	81
248	88	31	80
247	88	32	79
244	88	33	79
238	88	36	78
235	88	38	79
234	88	38	78
235	89	35	76
235	88	32	78
236	88	30	78
234	88	30	77
232	87	30	77
227	89	33	75
223	88	35	75
217	86	34	77
212	86	35	78
210	86	35	76
208	87	35	76
208	87	35	76
210	86	33	76
210	85	32	77
210	85	30	77
210	85	29	76
209	85	29	76
207	85	31	76
204	84	32	74
205	83	31	74
204	82	31	76
204	83	34	77
205	83	35	74
208	82	34	76
209	81	33	75
210	81	33	77
212	80	32	77
214	82	31	75
212	81	31	72
212	81	32	71
210	80	33	71
209	80	33	74
207	80	33	73
207	81	32	72
207	79	31	72
207	79	30	70
206	78	30	74
205	78	31	74
201	79	32	73
199	78	32	70
193	77	30	70
190	76	28	73
187	77	28	74
183	77	29	71
180	78	31	72
176	78	30	70
174	77	27	70
172	76	27	65
170	76	25	64
166	77	25	62
162	77	26	60
157	78	25	59
154	76	25	57
150	77	25	59
148	76	25	57
144	78	26	59
140	77	26	55
136	78	25	58
133	77	27	57
130	78	28	58
125	78	28	59
121	78	30	61
118	76	31	61
115	77	31	61
111	77	33	62
110	62	32	77
109	62	32	79
101	46	32	92
102	53	36	92
93	81	39	83
90	65	37	93
88	82	40	99
88	71	41	93
88	69	41	102
88	41	41	104
84	77	43	108
85	69	42	99
85	70	43	102
86	71	42	102
85	43	43	99
83	48	43	109
81	77	43	102
81	72	40	92
82	73	38	94
84	73	37	94
84	72	36	92
83	74	35	94
83	78	36	92
82	79	35	91
84	79	35	89
87	79	34	89
84	78	35	95
84	77	37	89
84	79	35	92
85	77	35	90
84	80	36	87
86	81	34	86
87	79	33	91
85	76	36	92
83	75	37	102
85	80	36	101
87	71	36	100
84	78	37	93
84	80	35	92
88	81	34	91
87	80	34	93
84	81	35	89
83	79	36	89
82	78	36	93
81	79	37	93
80	77	38	93
78	78	40	93
80	76	38	99
78	77	39	103
80	80	39	102
80	78	40	105
79	80	38	101
83	79	37	102
82	74	36	89
84	71	36	103
80	76	38	103
77	78	40	102
77	87	41	99
81	88	38	98
79	83	39	94
79	84	40	100
79	86	39	97
77	74	39	90
82	87	36	82
82	86	34	87
83	87	34	91
85	86	34	97
84	88	36	102
81	85	37	87
83	87	36	88
85	88	35	97
84	87	35	83
84	89	33	84
84	87	34	89
84	90	34	92
87	91	34	97
87	89	34	86
89	90	33	91
89	90	33	97
91	90	33	97
88	87	35	91
91	91	34	99
90	87	37	104
91	92	41	120
90	100	47	120
74	105	56	128
70	228	81	107
64	229	84	151
74	221	88	187
57	204	92	189
46	230	110	162
38	229	114	161
55	230	99	174
50	225	99	166
40	225	114	167
47	228	109	178
49	233	105	166
34	215	119	176
53	216	99	190
43	218	103	172
53	233	105	156
80	235	89	156
55	211	102	182
66	228	97	181
53	211	99	181
46	218	110	170
39	212	118	169
41	216	118	172
51	222	113	154
47	231	106	152
41	225	118	148
47	229	114	185
62	221	102	175
68	229	91	161
70	223	82	163
88	237	86	175
55	212	110	194
61	219	102	175
70	226	90	169
65	203	83	182
53	205	104	180
41	224	118	164
41	226	119	156
37	226	122	159
48	225	108	176
42	208	111	184
48	209	109	181
56	223	103	150
72	229	86	177
66	219	81	176
86	233	72	154
68	229	83	144
79	233	76	169
63	227	86	165
59	231	93	172
61	232	89	158
47	232	103	159
36	216	113	164
47	219	105	172
37	214	114	170
48	215	104	183
39	216	119	171
38	224	118	152
46	224	109	170
40	217	108	164
46	213	100	183
43	229	110	164
52	214	103	173
43	222	117	157
44	221	111	156
40	213	109	182
37	229	120	153
38	227	117	147
52	230	104	161
75	229	98	157
40	225	115	147
43	229	109	161
44	207	117	142
76	226	104	158
37	224	116	147
42	220	107	165
48	222	108	160
54	225	110	161
69	238	97	149
65	212	86	171
88	238	78	158
56	211	109	155
60	223	105	171
66	221	106	152
42	209	113	165
52	213	111	171
65	218	106	165
68	224	99	168
63	231	94	155
91	235	73	147
71	215	82	152
69	221	85	170
85	226	86	148
65	152	88	162
157	106	67	114
167	113	60	105
171	120	48	100
178	126	46	96
182	123	36	100
188	130	33	92
189	128	39	95
189	130	48	91
195	131	44	91
201	130	41	91
214	129	40	93
216	128	45	93
220	130	41	90
222	130	43	93
226	130	39	94
229	128	34	96
231	128	36	96
233	132	39	94
236	133	39	91
237	134	43	92
245	130	42	95
250	130	44	98
254	134	45	97
259	138	45	95
261	139	42	96
263	135	42	98
263	136	44	99
263	140	44	99
262	142	43	101
261	141	41	101
260	139	38	104
257	141	38	102
257	144	39	100
256	145	40	103
255	146	43	104
254	145	43	104
252	145	45	104
250	148	45	104
248	150	44	104
248	150	45	105
246	150	40	106
244	151	39	106
244	154	39	105
243	154	39	106
241	154	44	106
239	155	50	106
236	157	54	105
232	160	48	106
229	159	47	107
228	160	42	107
228	159	38	109
228	161	34	109
229	163	33	110
224	163	40	108
215	163	54	109
207	164	68	108
210	164	66	113
216	165	59	111
237	166	43	111
244	167	43	111
246	168	55	110
248	169	70	110
250	169	64	111
252	170	60	113
254	170	56	113
254	170	57	113
257	172	55	113
257	174	56	114
257	173	45	115
258	172	46	117
258	165	46	127
260	168	44	125
259	164	43	132
260	166	43	130
258	164	43	133
256	163	44	134
256	163	46	138
255	168	45	134
254	166	47	135
254	168	48	137
253	169	51	136
255	171	53	138
256	174	49	135
254	179	50	130
254	181	54	131
252	183	52	130
255	184	50	133
254	185	50	130
255	185	51	130
254	187	52	131
256	189	51	130
258	189	50	134
260	187	50	137
261	186	51	139
261	186	52	140
261	187	52	141
260	189	52	141
260	187	52	146
259	187	53	147
258	190	54	145
257	192	52	143
258	192	50	147
255	193	49	148
251	196	50	147
247	201	52	143
242	206	55	138
238	210	56	135
236	212	56	134
223	212	64	134
215	213	68	138
213	214	66	135
216	216	60	136
214	214	60	139
213	216	57	138
209	217	59	136
204	217	61	137
197	217	63	136
197	219	61	138
195	218	59	141
191	217	61	143
183	216	56	144
176	216	59	145
178	214	56	151
175	215	54	141
176	218	51	134
187	221	51	133
206	219	50	131
220	220	49	135
238	222	47	123
260	218	44	127
272	221	46	137
282	221	48	139
294	220	51	138
309	221	50	138
318	218	53	142
337	220	50	137
350	218	52	140
364	218	52	137
375	218	52	138
383	219	57	136
393	220	56	135
407	220	53	137
421	219	50	134
431	215	54	137
438	213	51	141
450	213	52	143
459	218	60	139
473	221	61	130
480	220	57	132
496	213	50	144
505	211	49	150
519	214	47	135
530	215	44	128
542	214	43	125
553	213	42	121
567	209	46	126
559	199	51	130
551	192	53	144
541	207	51	147
532	211	47	134
526	216	44	133
519	217	47	131
509	214	50	138
505	219	49	138
499	222	46	146
488	224	50	148
473	222	55	146
472	221	54	150
469	222	52	145
466	225	51	153
456	225	53	142
452	226	51	149
441	225	51	147
433	215	50	162
425	222	51	156
414	220	48	147
402	221	49	150
395	223	48	146
385	220	53	146
375	220	58	145
365	223	61	140
360	223	66	144
354	225	63	141
350	220	59	142
345	218	54	137
339	219	50	142
334	214	49	139
326	184	48	172
320	203	56	155
314	218	56	155
307	219	57	143
302	228	55	137
296	218	57	145
290	222	53	151
271	227	59	141
268	224	57	150
264	224	55	146
262	220	52	147
260	220	49	148
254	220	51	151
248	223	48	143
243	220	48	140
236	220	51	136
235	207	59	142
229	200	65	157
230	198	58	136
220	207	55	154
217	208	54	142
213	220	54	126
212	223	53	127
205	224	52	126
201	222	47	119
196	223	46	112
194	222	45	113
188	223	47	114
186	222	46	119
182	225	45	119
174	227	47	124
169	222	47	127
165	225	46	126
160	223	46	128
156	224	44	129
152	224	44	126
146	224	44	125
138	225	44	125
133	224	44	124
127	223	46	130
122	222	45	128
114	225	49	138
105	224	54	142
118	226	50	142
131	227	48	141
142	223	46	140
152	223	45	139
163	223	51	137
176	224	51	137
186	224	57	137
191	224	62	136
207	224	52	133
219	224	47	134
235	224	44	135
247	225	46	134
264	226	44	133
277	229	44	132
295	233	47	135
309	225	49	139
320	225	50	144
339	227	51	143
353	230	49	144
368	229	49	145
380	229	50	144
378	226	48	144
377	225	48	143
377	231	48	140
377	233	47	140
377	232	46	142
376	231	47	144
373	234	51	145
370	236	54	146
365	239	57	148
362	242	59	144
360	241	53	146
358	239	50	145
355	239	50	147
352	240	54	149
352	243	52	145
351	238	54	154
348	234	58	159
347	232	61	164
345	235	59	162
345	234	57	163
342	235	58	161
339	236	59	161
337	238	58	157
337	240	59	157
337	243	60	155
336	246	61	152
336	250	61	149
336	254	62	145
338	255	60	143
337	255	57	139
337	255	57	143
337	254	58	147
338	255	53	142
342	248	59	153
338	243	69	154
337	242	65	154
337	241	58	157
338	239	61	159
336	237	58	157
339	241	53	153
338	241	54	152
337	239	69	156
336	244	56	156
337	244	61	154
337	243	60	151
337	240	58	154
338	240	56	155
338	239	55	154
337	239	56	157
336	237	51	154
336	236	49	155
335	236	49	153
332	236	40	152
325	237	42	155
320	237	49	150
314	234	56	150
322	239	53	154
317	243	55	148
321	241	54	148
320	242	54	148
327	239	50	152
325	238	54	156
326	242	58	146
327	241	58	148
328	240	60	150
335	238	57	150
342	239	53	148
349	239	48	149
359	241	41	145
356	240	45	155
357	239	45	150
354	238	50	141
342	237	61	145
344	239	61	148
346	239	58	149
357	236	51	149
355	232	51	143
356	229	49	146
361	228	47	149
362	230	47	146
363	231	49	144
364	230	49	142
364	227	51	143
363	226	52	144
361	227	53	145
367	226	48	147
366	225	48	140
364	222	48	141
361	222	50	140
357	221	53	139
354	221	50	139
348	218	52	138
336	211	43	144
338	207	35	147
328	215	42	142
323	217	41	137
320	214	35	140
312	213	38	139
299	211	45	141
291	208	52	143
291	209	51	142
285	213	52	133
280	209	46	136
274	210	41	138
266	207	42	138
254	207	50	137
249	213	49	127
247	207	48	135
247	206	45	132
243	203	45	139
240	204	46	135
233	204	47	135
226	205	49	130
219	200	48	140
214	202	47	135
207	201	41	138
198	201	47	137
189	204	52	137
181	200	56	139
177	201	47	139
171	199	43	131
166	199	45	132
159	199	49	131
146	203	56	126
101	241	55	133
103	242	54	130
106	243	52	134
103	238	53	137
106	239	53	138
102	223	52	154
100	229	54	148
98	189	52	136
91	191	47	123
85	196	46	128
77	198	45	119
74	200	46	111
76	200	49	121
90	196	49	121
101	191	45	129
111	190	47	131
121	188	47	135
135	187	49	137
141	190	65	139
246	245	63	118
264	241	62	123
283	244	61	125
301	239	64	122
321	240	59	126
220	197	67	126
233	201	76	121
251	180	73	119
268	207	84	110
282	217	74	126
292	198	71	118
295	205	61	137
294	212	63	129
288	215	66	123
288	195	53	131
285	198	51	133
279	200	52	121
277	204	45	112
269	200	41	114
256	191	46	126
252	188	43	128
241	187	50	131
239	190	50	126
238	189	47	128
234	187	41	130
232	183	42	134
227	183	43	135
225	181	43	135
222	183	45	134
220	183	47	135
217	185	48	131
216	184	47	130
217	181	45	125
216	182	43	129
215	182	43	126
212	188	45	122
206	186	48	121
202	186	49	121
198	186	50	117
196	181	42	120
188	191	44	112
182	192	47	110
166	185	59	116
159	187	59	114
152	185	56	119
143	180	60	129
141	173	57	133
141	175	57	132
141	179	57	126
139	180	56	125
142	183	54	121
134	180	60	124
137	182	62	125
139	185	61	122
135	180	60	125
101	181	55	126
100	182	50	124
99	181	51	124
96	181	50	125
91	180	47	125
87	182	48	127
84	183	51	126
84	183	47	126
80	180	48	127
79	176	53	130
32	168	64	129
39	158	56	140
71	176	56	128
67	173	52	126
79	180	45	126
74	180	43	127
74	183	44	125
72	182	46	125
71	183	47	126
72	182	47	126
76	182	46	127
72	182	50	125
78	184	47	124
82	182	46	124
82	183	45	124
91	184	44	123
89	180	44	125
90	182	44	123
91	179	46	126
93	181	45	123
91	180	45	122
95	180	47	125
95	178	46	127
96	181	42	125
97	180	45	125
98	180	43	125
98	179	44	125
101	182	43	120
101	179	43	120
102	177	44	122
101	176	45	125
102	176	47	125
105	174	48	126
107	178	49	122
110	176	51	124
121	173	46	124
120	172	47	127
123	172	51	129
119	169	53	130
122	170	57	128
120	171	51	128
131	170	59	132
130	170	56	131
129	170	56	131
128	166	57	134
129	167	56	134
133	166	61	138
135	170	57	136
138	172	59	133
136	175	57	129
137	169	60	135
138	171	57	132
140	172	56	132
138	171	58	134
139	168	57	136
140	167	57	137
142	165	58	137
143	176	57	126
142	166	58	139
143	170	59	136
134	174	67	132
141	163	67	135
142	163	80	129
139	161	89	134
145	167	87	123
160	134	74	154
147	186	85	107
173	182	62	105
183	176	56	105
205	169	41	112
206	165	50	119
209	168	53	114
214	167	49	116
223	166	43	115
230	167	42	113
236	169	44	109
240	180	57	101
237	172	60	108
247	173	56	108
255	180	48	101
263	194	47	97
277	201	43	125
280	212	48	118
283	222	54	122
291	225	49	120
294	223	56	113
301	199	52	123
306	207	70	126
307	167	69	128
324	168	57	128
330	154	54	119
340	156	47	123
347	153	45	126
351	155	45	120
352	158	56	117
359	157	53	117
367	155	49	116
376	151	49	119
384	157	45	115
388	158	47	114
387	158	51	114
393	155	50	115
400	153	44	117
403	154	42	114
403	153	44	119
407	156	44	115
408	155	45	118
411	154	45	126
411	152	44	133
414	155	45	143
416	157	46	149
414	150	47	144
418	159	47	147
418	229	53	130
416	234	54	126
417	230	55	126
417	228	54	129
420	228	54	134
417	234	53	124
416	230	56	131
415	229	55	132
416	226	56	133
417	231	56	131
416	231	55	131
417	225	55	137
418	231	55	132
417	228	54	136
415	229	55	134
417	226	55	136
418	233	54	128
415	229	53	130
417	230	57	132
418	234	54	130
417	229	52	130
419	232	54	129
416	232	52	127
416	232	53	128
415	232	53	130
413	230	55	131
416	231	57	132
416	235	52	127
418	230	53	131
415	234	54	126
416	232	54	126
415	234	55	126
416	232	53	125
416	234	54	127
417	229	55	133
417	235	52	136
418	250	55	135
418	259	54	137
416	264	52	140
417	278	58	134
420	290	55	135
418	300	58	141
418	311	55	140
420	323	52	140
420	337	53	129
420	348	54	125
420	350	55	127
420	363	53	117
422	376	51	104
423	374	55	100
419	377	61	98
421	371	61	100
420	372	59	98
446	284	46	125
449	281	44	130
446	278	49	138
445	274	49	148
458	230	51	121
463	231	47	126
464	231	49	125
463	228	48	124
466	226	50	119
463	223	48	129
466	223	52	127
462	225	54	129
467	222	51	128
460	223	57	133
468	216	53	124
464	214	54	135
468	211	54	138
462	213	55	147
470	208	54	137
463	210	57	145
471	210	56	141
468	208	60	151
478	201	54	143
483	202	52	141
485	196	50	117
486	196	48	128
485	195	50	112
490	197	46	117
492	196	44	98
492	195	44	102
490	196	44	107
488	195	48	106
488	194	48	109
487	194	49	108
487	194	49	106
492	194	46	100
486	193	46	104
495	193	45	95
500	195	45	97
502	195	44	89
502	197	44	90
503	196	44	92
502	195	45	96
502	196	42	92
501	197	40	95
501	197	39	88
498	195	39	95
496	196	40	97
495	194	41	100
495	194	41	96
496	194	38	95
496	196	39	90
497	196	39	90
497	195	38	89
498	196	38	86
499	196	38	88
500	196	38	88
499	196	39	89
500	196	39	90
500	195	38	93
498	194	41	95
497	190	40	99
499	188	39	97
497	187	40	96
498	188	40	93
499	188	39	94
499	188	40	93
502	187	38	94
501	184	41	101
505	181	40	103
505	179	39	107
506	179	39	106
505	177	39	108
507	178	39	108
509	174	38	112
508	173	38	108
509	170	38	110
509	169	38	115
512	170	38	111
513	169	38	114
514	170	39	110
517	167	37	111
517	168	37	108
517	165	38	112
517	165	39	110
519	167	38	108
519	161	37	112
521	162	36	113
522	155	34	117
519	155	37	112
521	158	39	117
521	159	36	112
522	165	35	99
524	164	34	96
525	159	34	110
525	190	34	95
527	190	34	91
530	189	33	91
530	197	33	85
534	168	33	85
530	160	33	94
504	181	44	104
521	166	40	106
524	160	38	103
522	169	40	105
521	164	44	109
519	160	48	115
534	141	45	132
521	146	46	113
519	115	41	123
525	129	43	129
524	123	41	127
524	115	40	130
524	123	46	131
522	132	51	131
520	158	64	138
524	164	61	144
528	178	65	150
516	166	76	169
514	189	82	149
545	173	66	155
540	174	73	178
530	181	90	184
521	169	93	181
526	160	87	171
507	189	97	151
529	170	73	164
513	170	90	176
505	165	94	172
526	166	88	186
430	331	66	143
368	324	85	123
356	308	84	135
310	275	98	120
302	317	102	142
335	282	101	132
306	236	93	147
308	229	95	146
346	333	123	136
369	326	104	132
343	339	103	127
517	184	54	142
519	188	41	133
520	192	39	118
521	191	35	112
518	192	34	101
518	195	36	100
513	193	37	108
512	192	37	110
510	191	34	104
506	190	37	108
504	190	37	109
502	193	37	101
501	191	38	101
499	193	36	102
498	190	36	99
498	192	35	101
494	191	33	100
492	192	34	99
490	193	34	97
487	190	32	97
484	191	35	99
481	191	38	105
476	191	36	107
473	191	39	106
470	193	39	106
466	190	39	112
464	190	35	111
462	191	36	110
459	190	36	115
456	191	37	114
454	191	35	118
452	192	36	111
449	191	35	110
445	190	34	111
441	191	37	113
437	191	38	117
432	190	39	116
429	190	39	117
426	190	38	115
424	191	38	118
423	190	37	115
421	189	37	115
421	189	36	116
419	190	36	117
417	191	36	114
415	191	36	115
414	191	35	120
415	192	35	106
414	191	35	112
410	191	36	118
407	191	37	122
401	191	38	123
399	193	37	112
394	192	40	122
393	193	39	125
393	193	37	112
387	207	42	126
384	198	43	122
380	209	47	137
330	286	79	119
324	224	75	134
363	193	59	154
347	208	66	150
354	203	61	154
355	204	64	145
291	250	101	142
249	162	75	185
262	285	113	138
300	252	109	152
280	311	133	144
