700	279	30	33
699	278	28	31
698	277	29	32
697	277	29	31
696	278	29	32
694	278	29	32
692	279	29	31
691	279	29	31
690	281	28	30
690	281	28	31
689	282	27	29
689	282	27	28
689	282	27	29
689	282	27	29
689	281	28	29
689	281	28	30
689	281	29	31
690	283	28	32
690	285	28	31
691	287	28	31
692	288	28	32
692	289	29	32
694	290	29	30
694	291	30	31
695	290	29	30
697	290	29	30
698	291	29	29
699	291	28	29
700	292	28	29
701	292	29	29
700	290	29	30
702	289	29	30
703	289	29	29
703	288	29	30
703	287	30	30
703	287	29	30
703	288	29	30
704	289	29	32
703	292	30	31
704	293	30	31
703	295	30	31
702	295	30	30
701	295	30	30
701	295	31	30
700	295	32	31
700	295	31	31
699	295	32	31
698	295	32	30
698	294	32	31
698	294	32	32
698	294	32	32
698	294	32	32
698	295	32	31
698	296	32	32
699	297	32	31
699	299	31	30
699	300	32	30
699	299	31	31
700	298	32	31
700	297	32	31
699	297	33	33
701	296	32	33
703	298	31	34
704	299	31	34
706	300	32	34
711	305	41	36
711	305	40	37
710	306	39	34
712	305	39	35
712	306	37	35
714	303	36	38
714	303	37	37
714	303	36	37
718	300	33	34
721	300	34	33
721	300	33	33
721	300	34	33
722	302	33	32
722	303	34	32
722	303	34	33
722	303	34	33
721	302	35	34
720	303	35	34
720	305	35	32
719	305	35	33
718	305	36	33
716	306	37	32
715	307	36	33
714	308	35	34
712	307	36	34
710	306	35	35
709	305	35	34
708	304	34	32
708	303	34	33
708	301	33	34
707	300	32	34
706	298	32	32
706	294	31	33
705	292	31	33
705	290	31	33
704	288	31	33
703	287	32	32
704	287	33	33
706	287	33	34
708	287	32	33
709	287	34	34
710	288	32	34
711	288	33	33
714	288	34	34
721	284	33	36
729	285	34	34
733	283	34	35
738	280	37	37
741	281	36	36
749	278	36	36
754	275	36	36
758	274	36	36
767	270	36	40
772	270	37	41
775	271	36	40
776	271	36	37
779	273	36	36
778	271	35	36
779	271	34	36
778	269	36	38
776	270	36	38
775	269	37	38
772	266	37	38
769	263	37	38
766	258	38	39
765	259	40	38
760	257	38	36
758	257	39	38
755	259	39	37
752	258	39	37
749	260	38	38
748	261	36	37
745	262	36	39
743	263	36	37
742	264	36	38
739	265	37	39
738	267	35	37
735	266	34	38
734	266	33	37
733	266	32	38
730	264	33	41
729	266	32	38
728	268	34	41
727	270	31	37
725	266	33	40
724	269	35	40
722	270	33	37
720	269	35	38
720	268	35	38
720	268	34	39
717	269	34	38
716	270	35	39
715	272	34	39
713	274	35	40
712	274	38	40
715	275	34	39
716	276	34	39
718	275	35	39
717	276	33	39
715	274	35	39
714	273	35	38
715	275	34	37
714	276	34	37
712	277	34	37
712	277	34	37
711	276	35	38
659	238	32	34
665	237	31	34
671	236	30	32
673	237	28	33
675	237	28	32
679	239	29	31
683	241	30	32
684	241	30	32
683	240	32	33
684	242	33	33
687	241	33	34
692	239	30	35
693	240	29	34
695	239	31	35
697	237	30	34
696	239	30	33
697	240	30	33
697	241	31	33
698	241	30	35
697	243	29	33
696	244	29	35
697	245	30	34
698	246	29	34
697	247	29	33
696	248	30	34
695	247	30	33
695	249	29	32
695	247	31	34
696	248	30	33
695	247	31	34
697	246	32	35
697	248	32	37
699	251	31	36
696	250	32	38
700	253	32	37
702	253	31	37
701	251	32	39
701	251	32	38
706	252	33	39
707	251	36	39
711	251	37	40
712	250	38	39
662	282	40	37
662	281	39	38
663	279	39	38
662	278	39	39
661	279	41	38
662	281	37	38
659	283	38	38
660	286	40	37
657	287	39	38
656	288	38	37
654	287	38	38
652	287	38	38
652	285	37	37
649	286	38	38
646	286	38	38
644	286	37	38
643	288	37	37
639	288	37	37
635	289	39	38
632	290	39	39
631	293	36	38
629	295	36	36
626	295	37	37
622	294	36	37
619	289	35	36
616	287	35	36
613	287	36	35
610	286	36	36
605	289	37	35
601	293	38	35
597	297	38	37
595	300	37	35
594	301	35	35
592	299	35	37
590	299	35	36
588	298	36	37
587	298	37	36
589	298	37	36
589	298	37	38
589	300	37	37
589	308	35	34
591	314	36	36
590	318	34	36
589	326	35	37
587	330	36	35
587	334	37	36
587	334	37	37
588	332	37	40
590	335	39	40
595	338	37	41
597	345	39	40
602	350	35	39
609	350	32	36
617	349	33	37
621	352	32	37
627	355	33	39
629	355	34	37
627	355	33	37
623	356	35	37
619	354	36	37
615	353	35	37
612	352	35	39
604	346	39	40
599	342	39	40
597	338	41	42
593	334	41	41
591	331	40	39
589	328	38	38
589	323	37	37
587	320	37	38
585	317	37	38
583	316	37	38
581	314	36	39
577	309	37	41
574	307	38	39
568	301	39	44
570	310	38	40
568	308	37	40
568	311	36	41
567	313	38	41
584	315	33	37
587	314	33	34
549	318	43	39
523	307	35	38
523	306	35	38
519	307	35	38
518	308	35	39
517	309	34	39
516	312	33	38
515	312	34	38
514	311	35	38
513	310	34	38
512	307	33	38
511	305	33	37
511	303	33	37
509	300	34	38
511	300	34	38
511	302	34	38
511	304	34	37
511	305	35	37
511	306	38	38
511	306	38	38
515	304	38	40
516	305	39	39
519	307	37	38
518	306	38	38
521	306	37	37
523	306	36	37
525	308	37	36
489	308	42	38
491	308	44	40
493	306	45	42
490	304	43	42
518	307	44	44
556	318	40	41
554	318	37	38
554	320	37	36
553	320	37	37
551	320	36	38
549	322	36	39
545	324	35	40
541	327	36	40
541	328	36	41
510	324	41	39
508	323	41	41
539	325	35	40
537	325	34	37
537	322	35	37
534	320	36	38
534	320	38	38
536	324	37	35
536	323	37	37
534	323	38	39
533	324	39	40
535	324	40	40
534	323	40	40
536	323	41	40
534	326	40	39
537	326	39	39
538	326	40	40
539	328	39	39
542	330	39	39
543	331	39	38
544	330	40	41
545	331	39	39
546	330	40	41
548	331	40	40
547	331	40	41
547	331	41	42
548	329	39	43
549	330	39	42
549	331	38	41
548	331	39	39
548	331	39	39
547	328	39	40
542	325	40	39
540	324	40	40
537	324	42	41
533	324	42	40
528	325	42	43
525	327	44	41
524	325	44	41
524	323	43	44
521	322	43	44
519	321	42	42
516	309	40	42
514	310	39	42
509	310	40	44
506	314	40	42
504	317	39	43
492	326	42	44
490	325	42	44
491	326	42	42
485	333	44	44
497	339	39	43
504	346	47	47
471	336	42	43
482	336	40	39
490	333	41	41
491	335	43	41
481	340	43	40
469	347	42	39
462	343	43	40
457	339	44	39
450	336	42	40
449	336	42	42
444	334	41	42
442	332	41	41
438	333	40	40
435	335	39	39
417	307	35	35
419	332	38	40
408	329	39	43
394	327	37	41
360	301	42	43
326	298	40	42
318	291	42	45
307	286	43	44
299	284	46	42
297	281	45	46
298	282	42	43
300	281	46	47
316	287	43	47
328	291	41	45
337	290	40	44
380	301	41	42
386	300	42	41
384	298	40	41
382	298	40	41
382	299	38	41
381	301	38	42
379	311	35	38
348	301	34	44
336	309	37	43
358	319	39	45
357	318	39	45
356	318	38	43
355	317	38	44
354	316	38	44
354	316	39	44
354	313	37	43
354	306	35	42
352	300	34	41
348	292	35	40
346	287	36	42
343	285	38	42
343	285	35	42
344	287	35	43
342	290	34	42
342	294	34	40
338	298	37	40
340	303	36	40
341	309	37	40
343	311	37	42
340	317	38	40
336	320	39	40
343	326	35	39
339	324	36	43
377	340	39	42
397	322	44	45
396	324	42	43
397	324	43	42
397	326	43	42
396	327	44	41
396	327	43	41
398	325	44	43
401	324	44	44
403	326	43	42
404	326	43	42
403	325	42	42
404	325	42	43
406	325	42	43
407	327	43	42
405	327	43	43
408	328	42	42
409	328	42	42
410	329	42	41
412	330	42	42
412	330	43	42
414	331	44	44
417	333	43	44
418	335	43	43
418	336	42	42
416	337	42	42
413	337	43	40
412	338	42	40
409	338	42	40
409	338	43	41
406	338	43	40
404	339	43	40
401	337	43	41
392	333	46	43
383	328	48	44
375	316	46	47
367	312	45	43
355	301	42	47
339	297	46	46
332	293	45	46
325	291	45	46
322	295	45	45
323	300	43	46
322	306	46	47
324	305	48	48
324	305	47	48
323	305	47	49
323	306	48	49
323	308	47	47
292	305	46	46
291	301	48	48
287	304	44	47
283	301	44	45
333	313	41	39
333	314	39	36
331	314	42	39
332	314	42	38
333	315	40	37
335	317	43	38
336	317	44	38
336	315	43	38
334	315	43	37
334	313	42	40
329	314	44	44
326	316	44	41
324	316	44	42
321	316	47	44
318	319	47	43
315	320	47	44
311	321	47	44
307	322	47	43
303	323	45	44
298	324	45	42
294	325	46	42
292	324	46	44
291	324	47	44
286	324	47	45
280	323	52	46
280	323	53	46
277	323	50	47
276	323	51	47
277	323	49	48
278	325	47	48
275	326	50	47
275	327	49	47
274	327	50	48
273	327	48	49
270	327	47	47
271	327	46	47
271	326	45	50
272	326	46	50
268	325	49	51
268	325	52	51
266	325	52	52
273	328	52	50
278	328	48	49
277	328	50	49
278	327	49	50
278	328	49	51
279	327	47	51
281	328	47	49
282	328	45	48
283	328	44	47
283	326	45	48
283	325	44	47
283	324	43	47
226	327	42	45
221	328	43	46
220	328	43	47
220	327	44	48
217	331	44	47
219	332	45	47
219	333	43	46
175	333	44	45
176	333	43	45
175	333	43	45
177	332	42	44
175	333	41	42
175	334	42	44
175	334	42	42
175	336	40	40
173	334	41	41
173	335	40	42
172	329	41	47
174	331	43	50
173	336	41	43
170	336	42	43
169	337	40	42
166	337	41	41
165	336	42	42
164	336	40	41
160	337	40	41
156	335	41	40
153	334	43	42
152	335	43	41
150	335	43	41
146	335	43	40
147	332	44	43
118	323	42	42
114	323	39	40
109	324	41	39
106	323	43	40
103	321	42	39
99	320	45	42
97	321	43	41
93	323	42	40
89	322	43	43
89	323	41	44
86	322	42	46
81	323	43	47
81	324	42	47
72	325	46	49
44	338	53	47
42	338	52	48
38	337	53	49
36	338	53	50
34	339	54	48
33	341	54	49
32	342	52	48
32	343	55	50
32	343	52	49
33	341	54	54
37	337	53	55
41	336	53	52
44	334	51	49
21	328	47	49
28	330	44	49
40	331	42	47
53	329	42	47
68	325	46	52
104	335	51	54
113	298	48	38
120	299	37	40
94	297	42	40
102	299	48	44
104	298	46	42
129	331	44	49
134	325	49	57
125	327	48	49
127	326	48	50
136	334	52	53
131	333	52	50
128	331	53	51
127	331	53	51
125	330	53	52
129	339	55	53
128	326	54	60
126	330	55	55
123	329	52	49
125	339	57	48
122	334	58	54
159	290	45	45
160	295	39	41
154	297	37	39
150	297	36	37
148	297	37	37
147	298	37	36
147	299	37	37
148	303	36	39
149	315	33	35
147	319	33	35
148	319	37	40
148	319	37	39
149	317	36	40
145	312	36	43
141	304	39	46
140	300	37	45
137	298	38	44
133	295	37	42
125	290	42	48
121	294	40	45
116	295	40	46
114	300	39	44
113	301	38	45
114	305	37	41
112	303	38	42
109	302	40	42
106	304	39	42
101	304	40	41
98	303	39	40
95	303	38	39
93	300	37	40
91	299	38	43
91	299	38	41
94	298	37	41
96	296	37	43
99	295	37	43
102	296	37	43
105	296	38	43
107	297	38	41
111	296	37	41
111	295	37	40
113	297	37	41
113	294	37	40
115	297	35	41
115	295	38	44
114	295	38	39
117	296	37	38
115	294	38	36
109	291	39	36
105	290	39	34
102	289	36	33
100	290	33	31
98	288	33	30
97	289	30	29
96	288	32	31
95	291	30	30
91	290	32	32
91	291	31	32
90	291	33	31
86	293	34	31
86	293	33	33
85	294	33	33
84	294	34	34
83	296	34	35
81	297	36	38
81	295	35	38
79	296	37	39
79	296	36	39
78	295	38	42
77	294	38	40
77	295	39	43
76	294	40	40
76	295	40	43
77	295	41	45
78	295	41	44
77	296	41	45
79	296	42	45
80	296	42	44
82	298	39	44
83	298	38	44
82	296	40	44
82	294	41	41
83	296	41	40
95	302	50	44
96	298	49	49
100	304	47	45
104	303	44	46
105	307	42	44
103	306	40	43
104	307	39	42
103	307	40	43
103	308	40	42
103	308	41	44
100	310	41	43
101	309	42	45
102	308	41	46
101	309	41	45
101	309	41	45
100	308	43	45
101	309	44	45
102	312	44	44
124	348	52	51
122	347	54	54
118	347	61	57
113	352	58	54
111	351	57	51
105	347	57	55
105	345	57	57
101	341	57	56
92	339	54	57
91	336	56	57
90	334	56	55
88	334	54	54
85	332	56	53
69	290	47	43
26	292	43	46
27	289	41	44
17	298	48	48
12	305	50	49
17	308	46	49
19	308	46	48
20	312	45	46
20	309	48	51
27	315	44	47
28	315	46	50
27	313	46	49
29	316	44	47
22	304	44	38
25	301	42	43
22	303	41	41
19	303	41	40
23	301	41	40
18	301	45	41
21	299	43	44
20	299	43	46
21	298	44	48
22	301	43	46
23	298	44	51
24	312	43	43
25	304	41	45
25	304	43	46
28	303	44	42
30	298	42	41
33	302	43	39
35	300	40	40
37	298	39	41
42	298	42	40
35	300	39	39
42	298	41	40
42	299	39	39
43	299	39	39
43	300	37	38
43	301	38	38
45	302	37	38
45	301	42	38
45	300	42	41
41	303	43	38
39	305	44	38
38	306	43	37
34	308	43	36
32	307	45	35
35	305	45	39
51	243	40	38
48	235	34	37
46	234	33	37
47	234	33	36
45	234	33	36
46	235	29	33
44	235	31	33
42	235	32	34
41	235	33	35
40	236	34	33
41	233	36	36
45	229	37	42
71	215	33	39
72	213	29	32
73	212	30	32
74	213	29	32
72	213	29	34
88	242	37	39
86	240	38	41
69	239	41	42
60	234	42	42
61	233	41	39
60	231	39	41
59	239	40	44
59	240	38	41
58	238	37	38
60	237	36	35
64	236	38	36
60	234	37	37
66	236	41	39
61	234	43	41
69	236	43	46
44	231	46	41
37	231	45	40
45	231	42	40
37	230	41	41
39	230	37	38
44	228	41	45
40	225	46	48
40	228	48	49
64	238	44	47
52	237	47	45
20	247	46	45
23	239	41	43
33	233	43	41
62	239	35	40
60	238	36	39
