568	336	31	75
566	334	32	74
565	331	33	75
567	329	33	74
568	327	34	74
570	325	34	74
572	323	35	74
573	320	37	74
574	317	38	74
573	313	40	75
573	309	41	74
575	302	41	75
579	293	44	76
581	286	43	77
580	280	41	78
576	274	45	79
577	268	41	78
571	261	45	79
568	257	47	79
569	253	46	79
552	249	44	82
564	249	48	77
559	242	51	80
553	239	52	83
539	239	52	91
549	233	58	88
534	235	52	100
532	229	48	107
529	227	48	106
527	226	49	102
510	231	59	98
513	228	60	104
517	228	57	104
535	223	55	103
537	227	52	100
539	224	57	107
546	227	52	106
551	226	51	108
555	228	48	103
557	229	46	85
558	229	42	84
559	232	40	81
559	233	39	79
559	233	39	78
562	231	42	79
562	230	41	81
558	233	39	80
556	233	38	77
553	232	39	78
551	234	39	78
550	234	38	78
550	235	38	77
550	235	38	76
551	232	38	77
550	231	39	78
548	230	39	79
545	229	41	79
548	229	42	79
549	228	43	81
550	227	43	81
549	227	44	77
551	227	45	77
548	226	47	76
544	225	52	76
531	225	56	91
537	222	55	93
591	204	54	104
594	200	58	108
594	199	63	111
595	200	67	113
597	199	73	116
606	199	82	115
602	198	83	122
616	202	78	114
631	207	68	107
633	212	64	106
639	216	57	103
638	218	57	102
629	218	61	98
613	215	73	103
623	214	66	107
619	219	68	102
609	221	72	97
610	225	69	95
600	225	72	95
612	227	68	97
608	230	66	94
608	232	61	96
608	231	59	102
604	231	58	101
604	232	57	104
600	232	58	105
603	235	55	103
597	236	59	101
592	238	60	103
582	239	65	100
582	240	60	102
588	242	56	103
587	245	58	101
581	244	58	103
573	242	63	104
575	242	56	105
573	244	56	99
574	248	53	97
575	249	53	97
571	250	53	94
565	251	57	96
515	239	60	97
508	242	69	100
488	239	70	115
485	239	77	126
481	242	75	120
477	246	74	116
462	248	74	120
464	254	71	120
464	251	68	126
461	258	70	124
436	248	75	133
419	247	84	132
423	260	86	149
417	259	87	132
412	262	86	124
313	280	71	115
325	277	56	115
321	276	60	118
322	276	59	123
325	277	59	120
334	275	55	139
323	276	66	141
328	276	63	137
325	277	61	132
328	276	64	139
327	277	70	137
330	274	71	130
335	275	63	119
330	272	65	123
315	275	67	121
313	274	62	123
315	272	59	122
313	272	58	123
309	268	57	125
306	263	72	129
309	258	110	138
293	250	118	165
284	245	123	179
274	247	108	193
313	262	91	168
318	278	88	156
328	281	79	152
327	281	79	152
333	282	78	149
332	283	76	152
334	281	74	156
332	278	77	156
328	280	79	144
329	278	74	139
336	277	69	140
305	281	54	116
310	285	48	110
342	280	63	116
310	284	50	111
313	285	53	111
345	283	60	114
343	282	62	112
344	281	61	116
347	280	60	121
344	280	60	122
344	279	63	123
341	279	58	125
347	278	57	130
342	281	59	122
349	279	54	128
345	282	56	123
337	285	60	120
338	286	62	120
308	296	50	108
313	295	60	110
302	297	55	108
324	297	50	108
304	297	57	108
296	298	59	110
295	295	61	115
297	291	73	149
299	285	78	146
307	281	77	158
303	285	75	147
302	283	75	160
292	285	77	154
279	285	80	152
269	283	78	148
255	282	79	155
248	281	81	160
193	279	75	126
192	281	66	121
192	284	60	118
193	283	61	122
195	285	56	124
179	287	53	124
141	294	54	119
140	294	55	116
130	292	57	117
130	290	52	117
128	290	56	116
134	289	55	115
132	288	56	115
137	288	62	118
164	285	68	114
165	284	60	111
168	281	59	115
170	281	65	113
176	279	72	113
175	276	67	119
170	279	62	107
175	272	68	117
168	267	62	116
176	264	62	119
184	268	67	115
187	269	60	115
233	288	47	98
238	293	43	97
239	295	44	98
241	299	46	100
242	302	47	100
247	307	48	103
250	317	48	103
252	322	49	103
255	325	49	104
257	328	49	101
261	330	49	101
264	333	51	101
267	332	51	102
269	330	54	102
271	327	54	103
273	325	56	104
279	320	55	105
281	317	54	106
286	314	55	107
291	310	55	107
296	307	54	108
302	304	57	108
309	304	53	107
314	304	53	105
321	306	53	106
327	308	53	105
338	309	53	106
345	309	54	105
353	307	55	107
364	306	56	106
369	306	56	107
381	303	56	109
386	302	57	110
392	301	57	109
392	301	57	109
410	301	54	108
418	299	55	110
424	300	55	109
431	300	53	108
436	300	53	109
439	299	52	110
442	298	54	111
445	299	53	111
445	299	52	112
448	299	52	112
448	298	51	112
447	299	51	113
446	300	51	113
446	301	51	113
443	302	52	113
430	301	66	115
427	302	67	113
432	301	67	116
431	302	67	115
433	303	65	117
432	307	63	117
433	310	60	117
433	313	60	116
434	314	58	117
436	313	58	117
437	313	58	117
437	314	58	116
438	313	58	116
439	314	58	116
440	315	58	117
438	316	58	116
437	318	56	116
437	319	56	116
438	320	56	116
438	320	55	117
436	320	55	118
435	322	54	119
438	323	53	119
441	324	53	118
444	326	53	118
444	327	54	119
443	328	55	121
442	329	55	121
443	331	55	120
444	330	54	119
445	329	54	119
442	328	57	120
439	329	58	122
438	329	57	123
436	330	58	124
436	328	56	124
436	330	56	124
432	330	58	124
431	332	57	123
430	334	57	124
431	335	54	122
434	337	52	124
436	339	51	123
434	340	53	125
431	339	54	124
428	341	54	123
424	342	54	121
423	344	53	126
424	345	52	127
424	346	52	127
423	348	52	128
424	350	52	127
424	351	54	128
423	353	54	127
423	354	55	128
424	354	55	128
424	355	56	129
425	354	57	128
424	355	58	129
423	355	58	128
422	355	59	130
423	353	58	126
422	355	60	132
424	353	58	127
424	356	59	131
422	358	60	130
424	360	59	131
427	361	57	128
427	361	58	131
429	360	59	129
431	357	56	128
430	353	56	133
431	351	56	133
424	348	60	134
418	347	60	132
416	347	59	134
413	346	58	135
411	347	58	137
411	348	56	136
409	350	57	138
408	352	58	138
405	354	59	138
402	355	59	138
398	357	61	138
395	357	62	138
392	359	63	138
388	356	64	140
387	357	64	142
388	356	62	140
388	357	62	141
389	356	62	140
389	357	63	140
391	357	65	142
391	360	65	142
393	360	66	142
395	362	67	141
398	364	67	143
402	366	66	144
400	366	67	145
401	368	64	143
404	367	65	145
403	366	63	145
404	367	61	143
402	368	61	144
399	368	63	145
397	367	63	147
398	367	62	148
395	367	62	148
393	366	62	149
389	366	63	147
386	366	64	149
383	367	64	151
385	366	69	147
388	367	65	137
384	367	64	130
383	368	63	139
386	369	62	143
384	369	62	142
384	369	64	144
382	371	65	134
380	372	64	134
379	373	70	153
377	370	69	149
377	368	68	153
378	368	68	157
378	369	68	157
379	370	67	158
375	371	72	151
379	371	70	158
372	370	77	162
372	370	77	162
372	372	76	164
373	374	75	165
372	371	75	167
374	374	71	165
372	372	70	167
369	371	70	168
369	372	69	165
367	374	69	165
365	373	70	166
363	373	70	168
360	372	73	169
355	372	78	169
352	372	81	172
348	370	82	173
346	370	81	175
346	370	83	175
346	369	85	176
347	369	85	175
348	370	87	177
346	372	90	179
343	374	91	181
341	375	95	181
338	375	96	182
337	375	96	183
334	373	97	186
333	372	97	186
332	370	96	189
329	369	96	188
328	368	94	186
327	366	89	189
324	365	89	190
321	364	88	191
319	362	90	192
317	360	90	192
315	357	91	194
314	353	92	196
312	346	94	198
311	339	96	199
311	332	96	202
311	324	96	202
313	317	96	203
314	306	97	205
316	299	100	206
319	294	101	208
321	288	104	208
325	282	105	208
328	274	108	209
329	264	110	210
331	256	111	214
336	248	111	216
340	242	110	218
348	233	107	216
352	229	106	218
356	224	105	218
359	220	104	218
363	218	104	219
368	216	106	220
372	214	108	220
374	213	113	222
376	212	117	223
378	213	119	223
378	210	123	226
375	209	128	227
372	209	130	230
369	207	128	232
366	208	125	232
361	207	118	235
356	206	111	238
350	206	110	239
346	207	110	239
339	208	114	237
329	206	122	237
325	206	125	237
321	207	128	237
316	206	130	238
310	207	133	240
300	208	132	241
290	207	131	242
281	209	125	243
267	210	119	242
254	210	114	245
236	212	124	249
223	217	132	245
219	228	125	239
198	233	131	239
174	230	144	240
135	230	161	249
111	232	158	249
92	230	166	261
77	234	159	266
60	236	133	264
41	232	137	266
32	235	139	266
18	237	139	265
3	240	137	273
