312	161	104	161
315	159	103	161
324	159	111	160
330	158	113	162
335	160	116	163
337	161	122	163
347	166	125	162
365	172	126	159
369	171	135	162
380	174	133	159
395	175	134	161
410	178	134	161
441	181	128	163
449	182	133	166
460	183	131	167
467	184	130	166
475	184	130	166
492	187	128	169
497	187	127	172
503	186	130	174
508	184	128	177
511	183	126	176
508	179	130	176
507	177	130	176
504	173	131	179
500	172	133	179
496	168	133	181
493	162	130	187
492	160	131	187
491	160	131	188
492	160	130	188
493	159	129	191
496	162	125	195
498	161	123	196
503	161	118	197
504	163	116	194
503	163	117	193
497	161	122	195
496	159	123	196
496	156	123	198
499	156	122	198
499	154	121	198
501	152	121	201
498	152	124	203
496	152	124	203
490	154	127	201
486	156	131	201
478	161	131	197
473	162	131	197
470	163	130	197
472	163	126	196
472	163	123	197
473	163	122	197
470	160	124	200
471	159	125	200
467	159	129	201
465	164	130	201
465	167	138	209
469	170	137	212
473	172	139	211
478	172	139	210
481	171	139	212
484	172	140	213
485	173	141	213
483	173	143	212
483	172	147	214
484	170	145	215
479	166	144	218
473	164	147	220
469	160	145	223
468	161	145	221
465	158	139	224
462	159	140	224
463	158	139	227
460	157	137	228
462	157	131	226
455	157	133	224
448	159	125	226
445	159	121	225
445	157	121	228
445	155	119	227
443	152	117	231
442	144	117	231
444	139	119	233
447	132	121	239
446	130	123	234
439	129	129	232
429	128	136	231
416	125	151	229
420	124	153	228
426	127	161	225
433	128	163	223
442	130	163	224
449	141	162	220
446	139	163	221
444	143	166	220
442	148	165	218
442	148	161	222
442	152	152	219
437	153	156	220
440	153	156	226
421	155	176	230
409	159	188	229
395	163	210	227
393	162	217	224
398	158	222	225
400	153	223	224
396	152	226	228
382	162	222	224
377	166	219	218
373	167	214	221
371	176	206	215
368	177	205	213
370	193	194	200
374	197	189	196
380	196	186	198
386	200	179	199
395	203	166	197
426	208	136	194
440	209	120	190
449	208	106	191
451	204	102	193
448	204	103	193
436	196	113	192
433	193	116	188
427	189	124	191
426	184	133	187
432	180	138	185
451	177	140	183
472	179	137	193
481	185	140	196
492	192	141	197
510	206	138	191
533	215	135	187
539	219	130	183
542	220	127	183
527	218	137	183
513	212	142	188
491	204	156	188
483	197	161	192
476	196	164	191
469	193	165	192
464	194	163	191
455	196	157	185
452	197	156	179
453	199	145	177
453	200	137	174
456	201	131	177
458	200	122	176
454	196	122	180
442	193	123	182
431	186	132	183
415	184	133	184
378	178	138	183
368	176	136	187
356	176	139	186
346	179	137	184
336	178	139	186
328	178	138	186
323	178	135	186
316	176	134	188
310	174	128	190
307	174	121	192
296	175	117	190
289	175	121	191
282	172	116	192
270	170	122	192
258	171	127	189
243	171	138	183
236	171	140	182
232	169	138	183
230	170	137	183
228	171	136	183
228	172	128	181
230	173	120	178
230	176	117	174
227	175	119	177
224	173	123	181
225	174	122	182
218	174	125	184
217	173	123	185
212	175	124	184
207	174	127	187
197	178	141	187
198	181	147	189
206	184	146	187
217	185	146	188
228	188	146	189
233	195	139	189
234	197	132	189
234	199	120	186
236	198	116	187
239	196	114	189
248	191	110	190
256	188	107	191
261	187	109	191
267	185	111	191
277	185	110	192
297	186	112	191
309	189	120	189
326	190	122	189
344	192	123	189
360	194	122	187
383	197	124	184
393	195	123	189
402	194	116	188
405	194	112	184
408	194	110	184
406	191	107	183
402	190	110	182
393	186	114	187
382	182	115	189
376	179	117	188
368	177	113	186
362	175	114	184
358	174	112	183
353	174	110	183
348	173	112	183
342	172	105	184
337	172	108	184
335	172	106	184
333	172	106	184
330	173	106	184
325	171	106	184
322	171	108	182
315	172	110	181
308	175	114	178
303	177	115	176
302	180	115	172
300	180	116	173
298	179	117	174
294	178	118	174
290	177	116	175
281	175	113	170
277	172	111	172
275	173	108	169
270	173	107	171
265	170	109	174
258	169	108	175
255	170	107	176
251	170	106	176
246	169	106	176
240	172	109	177
222	173	120	175
221	172	119	178
222	171	116	177
215	175	117	174
212	174	114	177
212	173	102	177
212	174	98	175
211	174	93	176
215	177	93	177
217	179	96	178
226	179	107	183
234	181	105	186
247	184	103	187
258	191	101	183
268	193	95	179
274	212	97	164
285	226	91	151
292	224	87	151
296	230	84	144
298	227	80	145
295	221	79	145
286	222	80	141
280	218	81	133
272	224	82	131
268	221	87	135
263	217	93	140
252	222	93	142
274	220	89	136
266	222	94	134
271	217	92	138
271	218	94	140
280	210	95	146
296	211	95	145
296	213	98	143
314	202	100	149
318	204	100	148
335	192	102	153
317	215	93	148
329	208	89	145
339	213	85	143
343	220	86	140
354	223	87	136
356	225	80	135
362	227	82	134
360	229	81	135
362	231	80	135
361	229	78	135
365	223	86	140
371	223	90	135
377	220	87	133
380	218	89	137
386	220	91	132
388	213	95	139
393	217	97	137
398	220	100	133
404	219	103	135
411	217	104	138
415	214	105	140
418	213	107	140
421	212	109	141
421	210	108	142
422	207	112	148
426	204	113	152
430	202	114	154
432	201	112	154
434	201	112	155
431	201	110	155
430	203	108	154
428	203	103	154
427	203	98	152
426	202	93	149
419	199	95	149
418	196	94	150
416	197	95	150
415	197	95	150
417	199	98	145
416	199	104	148
415	199	109	150
416	199	111	150
420	200	113	149
424	201	113	147
432	203	109	145
439	205	104	143
446	205	103	143
450	205	102	144
455	204	95	146
463	209	94	141
467	212	84	139
471	210	79	142
474	214	78	138
475	214	78	136
474	217	83	132
477	218	80	127
478	221	71	119
478	225	69	112
479	225	69	111
480	225	66	110
484	225	64	111
484	225	62	111
486	225	62	112
489	218	70	118
495	210	69	129
488	213	78	127
494	207	79	136
489	204	82	143
496	199	89	149
494	203	91	147
492	198	93	152
489	194	92	152
489	192	92	149
481	193	90	147
474	195	90	145
474	189	85	147
474	190	86	144
475	187	82	145
473	188	85	139
473	184	85	137
474	184	83	131
480	186	78	125
486	191	78	137
487	189	79	140
491	187	82	149
495	187	93	152
496	187	102	153
500	185	105	160
501	187	99	159
502	190	95	158
502	190	94	160
503	190	93	162
505	191	89	162
507	191	89	162
503	188	93	165
501	186	94	167
496	184	97	167
492	181	96	168
486	178	95	171
477	175	93	171
471	172	95	173
463	171	98	173
460	172	98	172
453	170	101	174
449	170	97	173
447	174	97	170
446	174	97	170
445	172	97	173
443	174	98	172
438	173	97	175
434	173	100	175
426	173	106	175
418	171	114	177
415	171	114	175
414	170	115	178
414	169	114	179
416	169	114	180
419	169	110	179
418	168	108	180
412	168	97	180
407	167	97	180
402	166	98	181
401	166	93	179
398	165	93	180
396	165	92	180
392	165	93	180
381	165	99	179
372	164	105	179
366	164	107	180
365	165	107	180
366	164	106	181
364	165	104	181
361	166	105	180
360	165	99	181
359	166	92	181
358	167	89	179
356	168	88	180
354	169	89	180
352	168	86	181
347	167	88	183
342	167	91	184
338	168	94	184
337	170	97	183
338	172	98	183
338	174	96	182
338	176	95	180
338	176	95	180
338	178	95	179
336	176	97	180
333	176	97	180
332	175	95	179
329	175	97	180
325	175	98	180
319	174	101	180
317	173	99	180
313	173	97	179
309	172	98	180
305	172	96	181
303	172	95	180
301	173	94	179
298	174	92	178
296	173	91	177
293	175	90	175
289	177	90	176
285	177	92	178
272	177	101	177
260	176	113	178
254	175	118	179
248	175	121	180
246	177	120	179
246	179	116	177
246	180	113	175
243	180	112	177
242	180	109	178
241	179	107	178
242	178	101	177
242	180	98	176
243	181	98	176
243	182	99	176
244	181	103	179
245	180	111	177
243	178	116	179
243	177	119	178
243	178	121	175
243	175	123	176
246	174	123	175
249	173	122	174
252	172	122	173
254	171	121	173
256	169	119	172
259	168	115	171
265	169	112	170
275	168	108	170
286	171	104	168
300	172	102	162
321	172	99	165
330	173	96	165
335	173	93	166
335	173	94	165
329	173	99	165
324	173	100	164
314	173	104	163
310	171	107	163
309	172	106	162
307	174	107	161
305	176	100	161
301	176	101	161
297	174	99	162
292	173	100	163
287	172	101	164
278	170	101	165
272	171	103	164
266	171	107	163
262	172	109	163
259	171	111	164
255	172	110	162
257	173	109	161
256	174	109	161
257	175	107	161
260	180	105	158
265	184	103	156
268	187	103	156
272	189	100	152
275	190	99	151
277	189	97	152
281	188	98	152
283	187	97	153
286	186	96	153
287	184	95	155
289	184	93	155
293	185	93	154
295	187	94	153
297	188	95	152
299	188	95	151
299	188	95	149
299	190	96	146
300	192	97	145
302	195	97	143
304	194	96	144
304	196	97	142
305	197	93	137
305	197	92	139
306	194	91	141
307	195	91	140
307	195	91	140
309	196	90	142
311	198	92	142
314	198	90	142
317	200	91	142
320	200	89	141
322	203	90	140
323	202	92	139
322	202	95	138
321	202	98	137
320	201	100	136
326	201	97	132
330	202	95	130
333	201	95	130
339	204	92	128
344	205	88	129
356	207	81	130
363	206	74	125
368	206	69	123
370	205	66	115
372	208	65	111
374	211	68	110
376	212	71	104
380	212	71	102
383	213	72	102
385	214	69	103
384	214	69	99
388	213	69	100
390	212	66	98
391	213	68	95
393	212	69	93
394	213	72	92
395	210	71	97
397	212	70	94
401	210	67	98
403	208	67	103
411	203	61	111
413	203	59	107
415	206	58	108
412	205	64	112
410	204	68	114
411	206	71	118
416	206	70	119
419	207	70	118
422	207	70	118
424	207	70	119
426	206	69	119
423	204	72	121
420	203	74	123
415	202	73	126
411	202	74	122
406	202	74	122
400	199	75	122
401	198	75	119
400	197	77	120
400	196	78	131
402	195	78	134
402	193	79	134
401	191	81	131
399	190	81	128
397	188	80	128
397	181	83	129
397	179	82	127
398	176	88	129
399	177	87	128
400	177	87	124
404	182	81	121
409	176	89	126
415	175	87	126
419	172	86	125
422	170	86	124
429	169	86	124
427	168	87	125
430	167	86	126
432	167	87	126
433	167	88	124
450	167	80	124
453	167	77	123
453	167	80	123
455	165	84	125
453	164	86	125
459	163	82	125
475	159	77	130
475	158	76	131
474	156	77	131
475	156	77	133
477	155	79	135
476	154	90	137
475	154	92	138
476	155	91	137
477	156	91	136
481	156	89	134
494	157	77	133
496	156	76	134
494	156	80	135
494	156	80	135
497	159	79	134
505	158	76	134
507	157	76	134
506	160	75	134
507	162	74	132
500	160	77	136
486	162	78	131
479	162	85	131
468	165	89	128
461	164	85	128
456	167	86	127
450	167	83	120
449	159	80	128
457	155	89	135
451	141	87	148
442	147	88	140
419	149	88	137
411	145	87	139
393	125	89	157
398	141	91	136
392	139	86	134
381	135	91	136
375	124	90	130
378	149	83	129
368	125	88	129
371	151	81	124
372	154	74	114
371	151	71	107
380	153	62	104
374	152	64	106
375	158	62	107
374	157	65	115
378	160	64	116
376	151	67	125
378	152	68	124
375	153	71	122
383	157	66	120
389	163	61	114
394	170	65	112
395	172	67	111
397	172	69	116
405	169	72	120
406	169	75	119
407	168	79	121
410	166	81	122
414	166	81	123
420	167	84	124
423	169	83	122
426	171	83	119
431	174	86	116
436	175	82	116
451	177	75	114
452	178	74	111
455	179	73	114
461	180	69	113
464	181	68	112
472	182	63	112
475	183	63	113
478	183	65	113
483	182	66	114
485	182	67	114
489	183	67	115
493	184	65	112
498	183	64	112
501	185	64	110
504	189	63	108
509	188	76	108
510	186	85	112
511	188	82	109
518	188	84	110
520	189	80	108
525	188	83	109
527	188	80	110
531	187	79	110
549	186	63	111
554	186	59	112
554	186	64	113
552	186	69	113
552	187	73	112
551	187	75	113
554	188	75	113
556	190	76	112
557	191	77	110
558	192	78	109
563	192	76	108
568	192	74	109
574	191	71	113
576	191	71	112
579	190	70	115
583	189	68	113
586	190	69	113
587	190	71	113
589	191	74	114
591	191	75	115
592	191	75	114
592	191	75	114
594	192	73	111
595	192	71	112
596	192	68	111
597	192	65	110
598	193	60	109
599	195	59	106
599	192	71	110
602	189	68	109
604	190	68	106
606	189	70	108
610	191	74	105
610	190	74	109
611	191	75	108
614	191	74	110
616	191	73	110
623	191	68	112
627	192	66	112
627	192	68	112
629	193	68	112
631	194	68	111
634	193	64	112
639	191	64	114
646	185	62	114
649	186	63	112
650	184	64	114
648	188	62	114
648	188	60	115
650	187	63	114
651	188	59	113
649	190	60	111
644	202	71	96
640	205	72	96
634	204	75	96
632	201	74	96
632	203	73	95
633	218	72	82
633	216	70	84
631	217	70	85
632	219	66	82
638	226	60	80
648	231	51	74
637	233	59	71
634	234	61	74
633	235	64	72
632	237	64	71
635	238	62	69
643	239	54	67
643	239	53	67
643	239	52	66
642	238	52	68
638	237	53	66
636	236	53	68
637	236	50	67
634	236	52	68
635	236	50	66
633	237	51	67
632	237	51	66
633	238	50	65
633	239	49	64
632	239	49	64
631	238	49	66
631	237	49	65
630	236	50	65
629	236	50	65
630	235	49	66
629	236	50	65
625	236	51	65
623	237	49	64
619	238	51	64
600	236	68	66
603	235	64	66
589	223	72	81
584	198	77	96
581	190	79	103
582	216	77	84
583	226	74	71
584	230	73	68
583	227	73	71
580	225	75	72
576	229	77	68
575	227	78	70
574	226	78	71
574	222	78	74
573	222	79	73
572	218	81	75
571	220	81	72
569	222	83	70
569	222	83	68
569	222	81	68
570	221	79	69
573	226	77	65
593	220	58	68
596	218	55	68
597	217	53	67
596	218	52	67
596	217	53	67
597	214	55	71
597	213	57	72
599	212	58	72
600	211	57	72
601	211	58	74
602	211	59	74
603	210	59	73
601	209	61	73
599	207	64	75
594	204	67	76
580	197	75	79
575	195	76	79
570	192	78	79
563	190	81	77
557	190	84	76
547	192	85	77
545	192	85	78
544	191	84	78
546	187	84	77
549	182	80	78
545	175	78	80
542	176	76	82
538	178	75	80
538	178	75	81
543	174	78	80
556	169	77	80
558	168	77	80
558	167	80	81
562	162	80	85
571	156	82	89
608	150	84	88
641	152	86	95
675	157	84	93
705	159	79	93
722	157	78	91
749	150	77	92
763	149	76	91
775	148	78	91
783	148	81	91
785	149	80	95
783	165	82	95
780	174	90	97
781	183	88	96
780	191	91	96
777	198	97	98
784	213	91	102
787	222	84	101
787	232	83	98
788	239	80	97
789	250	75	96
785	258	80	102
783	261	80	105
781	272	81	98
772	276	86	99
759	281	91	99
721	286	105	103
700	288	105	102
678	288	101	103
657	288	97	106
643	287	90	102
624	279	84	100
617	274	86	94
609	269	84	93
600	264	86	92
587	262	90	94
568	259	93	91
564	257	86	94
555	257	88	94
555	257	85	94
547	255	96	99
558	257	73	89
557	258	84	95
557	262	89	95
557	263	95	99
562	270	101	99
583	278	116	98
600	277	117	98
617	278	123	96
638	277	124	97
658	276	125	99
708	279	120	98
742	280	105	98
762	281	97	100
775	282	93	97
780	280	97	99
787	268	101	108
787	259	113	113
790	251	117	112
797	244	119	113
806	238	118	113
842	229	101	111
848	222	98	111
851	206	94	122
841	193	101	116
828	176	107	116
798	153	119	113
778	147	120	113
759	142	121	113
741	140	125	108
724	133	132	112
687	127	143	111
670	123	142	111
656	121	142	112
648	120	134	112
635	123	131	116
590	130	119	114
555	129	121	114
507	125	118	115
447	126	114	118
399	126	111	118
343	123	111	114
322	120	100	115
304	123	99	113
293	133	112	106
284	134	110	115
280	144	103	122
282	149	97	125
275	155	100	130
265	163	103	131
262	171	104	128
258	185	114	127
258	192	117	129
263	201	119	130
285	210	111	131
309	221	103	129
347	240	104	120
378	241	99	122
408	248	102	121
438	252	102	125
469	253	102	128
525	253	116	127
559	249	109	129
591	246	112	129
623	241	110	128
655	236	98	128
681	236	88	124
721	243	85	111
731	237	87	118
742	239	90	116
754	237	91	119
768	236	92	119
798	234	101	121
809	231	105	125
823	228	104	125
839	225	98	126
846	226	90	124
849	225	83	118
844	226	85	117
838	228	87	115
835	229	87	116
835	229	86	119
831	231	86	122
826	233	89	123
820	236	91	123
813	237	94	124
803	240	98	124
770	239	102	125
759	235	100	127
745	236	97	125
729	236	102	124
719	235	101	123
699	236	100	116
690	234	95	117
673	235	95	115
656	235	99	116
640	238	99	115
607	246	98	120
585	250	103	118
570	253	99	123
545	263	94	123
515	277	90	115
481	282	89	113
451	278	94	115
443	271	92	116
446	271	88	115
448	274	94	118
474	281	85	115
477	282	86	115
480	282	84	114
482	281	88	116
484	279	90	119
496	277	99	123
501	278	104	121
507	277	103	122
518	277	102	123
525	276	99	124
532	280	96	129
542	286	88	127
551	295	78	127
556	302	78	127
558	305	81	127
572	313	80	124
577	315	80	121
580	316	87	122
583	315	86	125
588	314	87	129
599	317	90	128
607	318	92	130
616	321	87	130
625	324	89	128
635	327	86	126
648	327	83	127
647	328	82	128
645	331	82	129
637	334	86	130
629	336	86	132
612	342	86	131
598	344	88	132
578	340	88	135
554	338	85	136
527	330	84	138
481	312	85	144
466	304	90	141
460	297	85	140
460	292	82	138
466	288	87	138
494	283	88	139
509	279	95	139
532	274	97	139
556	268	97	137
577	262	99	136
609	246	96	138
620	236	101	142
634	231	107	142
645	232	105	141
652	233	104	148
664	250	88	153
666	264	85	154
668	279	81	159
669	302	81	148
673	311	78	143
660	298	86	150
642	282	96	148
623	261	98	153
606	242	103	153
588	222	104	157
561	194	103	147
557	187	97	145
553	192	94	148
551	197	85	150
553	204	84	162
553	247	80	168
548	272	81	167
545	288	85	177
543	315	88	173
545	340	85	163
538	376	91	140
537	384	90	134
536	368	91	146
535	352	90	151
531	334	81	142
523	287	73	141
505	259	75	139
490	239	88	135
482	221	92	139
477	213	81	138
470	209	89	143
467	212	95	148
469	218	92	155
474	226	91	163
478	246	94	163
484	296	95	162
485	323	92	156
489	346	87	151
492	362	87	149
493	370	89	150
495	365	82	150
496	351	79	157
492	332	82	155
489	304	79	156
490	270	78	155
471	214	89	165
455	176	97	169
439	150	100	167
421	125	109	159
408	105	109	154
401	87	105	148
396	86	105	147
396	88	94	152
396	95	96	159
394	113	87	162
387	161	87	181
384	191	93	192
383	219	95	208
382	251	96	209
381	295	95	202
379	368	91	179
377	406	88	157
377	421	86	146
378	419	89	147
377	406	92	155
373	358	94	166
371	325	95	169
367	290	97	173
362	254	98	172
357	214	95	168
346	148	81	164
336	132	75	161
327	111	70	149
326	103	66	147
304	104	82	148
295	118	91	162
295	130	93	179
289	162	101	175
279	184	113	182
274	217	118	174
269	279	128	152
269	289	129	151
271	287	116	151
272	272	110	164
275	253	107	171
277	233	102	169
274	181	94	169
271	153	92	165
263	132	94	164
253	111	95	157
245	86	91	160
228	60	84	158
222	54	82	156
219	53	78	154
217	55	77	159
213	63	82	167
203	96	90	175
200	124	91	177
201	151	88	186
200	190	94	191
200	228	99	189
205	282	106	178
210	303	108	173
214	314	112	169
221	324	117	161
227	316	118	164
239	287	107	172
243	264	103	169
246	239	95	172
246	204	97	169
248	171	99	168
244	133	102	169
236	125	106	166
231	127	108	163
232	129	116	167
245	135	119	171
277	159	126	174
290	171	131	182
305	192	130	179
319	212	129	184
333	229	127	191
359	277	126	205
374	312	129	193
389	333	124	189
401	360	125	175
415	377	124	165
423	379	127	166
429	368	124	169
428	347	125	175
431	326	120	179
408	305	141	174
396	258	150	177
388	233	156	177
384	212	153	179
380	192	152	179
381	175	144	174
376	158	161	168
378	151	164	171
383	149	168	171
409	153	148	172
390	158	173	177
403	189	173	185
443	208	144	189
436	236	154	190
440	258	158	195
437	284	169	196
435	329	180	185
447	352	175	172
438	358	186	177
434	363	191	171
437	361	196	168
452	338	181	174
485	316	153	176
480	290	156	175
501	258	139	178
478	228	161	183
476	176	151	179
481	152	146	175
470	138	146	173
414	128	198	171
408	121	208	175
402	122	203	178
404	133	194	179
403	145	196	182
406	160	191	185
410	175	186	191
455	216	132	189
453	238	131	186
453	257	123	183
441	274	130	182
442	291	121	177
417	315	134	172
404	319	129	173
386	319	135	173
379	318	133	171
336	316	162	165
303	305	167	167
297	300	165	167
267	297	173	165
238	293	180	167
222	287	159	167
133	276	190	171
106	269	194	170
118	263	169	170
101	254	179	172
92	250	197	172
106	246	207	165
191	242	193	160
224	240	204	163
263	243	206	159
299	242	208	164
360	236	212	163
384	234	212	168
402	227	211	168
420	224	207	168
436	225	198	166
437	222	200	169
431	226	199	161
419	222	197	169
391	222	192	169
358	223	193	172
280	223	195	173
241	217	196	175
198	214	200	173
165	208	195	175
149	204	189	169
133	200	191	175
144	199	187	182
166	199	180	179
197	197	171	177
230	194	173	181
310	196	149	181
343	198	148	182
379	197	141	181
410	196	134	182
412	195	159	183
439	199	154	182
444	196	151	184
436	196	153	184
460	194	119	184
441	195	116	180
377	189	112	182
337	188	115	182
306	187	110	182
279	185	109	184
249	183	110	185
210	180	113	186
207	180	105	186
205	179	102	187
205	178	101	187
214	177	98	188
251	180	102	182
277	179	106	182
310	180	113	183
343	183	114	181
374	185	118	181
425	186	122	183
446	187	118	182
456	188	122	182
461	187	124	184
461	186	126	184
438	189	136	182
417	186	140	185
394	185	143	189
364	184	145	190
340	184	135	190
280	185	138	188
245	186	139	185
215	185	142	187
185	183	151	189
189	183	122	187
158	182	110	185
91	177	164	186
80	179	166	185
83	178	159	185
80	179	161	183
143	178	109	186
171	178	104	184
181	176	117	184
205	176	120	183
229	177	122	184
214	176	166	184
272	173	159	185
324	166	132	190
351	167	125	185
343	165	155	186
360	165	153	185
399	161	130	186
389	162	148	186
390	159	148	188
390	161	143	187
383	163	141	184
363	163	124	183
340	163	126	183
313	166	116	182
282	168	113	180
252	164	115	182
196	158	134	188
173	160	143	185
158	156	145	187
148	155	142	188
142	154	91	186
142	150	88	189
149	151	91	188
164	150	91	188
185	150	89	190
209	154	92	188
261	158	94	187
286	161	93	187
310	164	94	188
328	165	96	187
346	164	92	186
380	167	97	187
391	167	96	188
388	167	87	188
376	165	80	189
354	167	88	185
301	161	95	187
272	157	94	189
243	153	97	189
221	153	96	187
207	150	100	188
198	147	109	185
198	146	111	185
199	145	114	188
203	146	124	191
221	148	129	188
274	153	137	188
308	154	138	190
338	157	147	189
371	160	149	189
404	165	151	186
462	168	155	186
483	169	152	183
499	169	148	184
499	169	148	187
507	169	140	187
476	168	122	185
451	163	113	185
419	157	113	187
400	156	107	184
395	151	105	187
409	152	113	184
419	150	117	185
437	151	118	185
463	150	120	186
490	150	126	183
552	157	123	176
589	165	117	171
610	163	118	175
622	165	119	178
627	165	117	183
610	171	110	181
578	174	109	180
545	175	109	181
516	178	108	180
490	179	108	180
450	184	103	177
429	183	103	179
417	185	98	178
412	181	91	181
413	178	87	183
421	173	86	182
430	175	91	177
446	171	99	178
467	168	103	179
496	169	109	181
552	171	116	180
576	173	114	181
589	175	114	181
591	177	113	180
576	173	120	183
532	171	124	181
501	171	128	180
468	170	132	180
437	172	133	179
405	169	136	179
338	166	134	180
308	163	129	180
284	162	122	180
268	162	114	179
261	161	111	179
259	161	108	182
266	160	105	183
273	164	102	180
283	170	101	176
306	171	94	178
321	174	99	178
370	180	95	180
391	186	98	179
412	191	88	179
416	194	84	181
385	193	101	181
357	191	108	184
322	189	107	181
288	189	112	179
257	188	113	180
213	183	108	183
189	179	113	182
176	172	106	185
