513	257	108	209
510	256	110	210
509	256	110	209
509	257	109	209
510	256	108	210
511	256	107	210
511	256	105	211
514	256	103	212
514	254	101	213
515	254	99	213
516	254	97	214
519	253	93	214
520	253	90	215
522	253	87	215
523	253	85	215
524	253	84	214
525	253	83	214
526	254	82	213
525	254	83	214
526	254	81	213
526	254	82	214
525	254	83	213
525	255	85	213
522	255	92	213
521	256	96	213
519	255	99	213
518	255	102	214
517	254	103	214
515	255	107	214
514	256	110	212
513	256	111	211
512	257	113	210
511	256	114	211
510	256	115	210
508	258	117	209
508	258	117	208
508	259	117	207
507	259	118	206
507	260	118	205
507	258	117	206
507	259	117	205
506	260	117	205
506	260	116	205
506	259	115	206
506	259	115	206
507	260	114	206
506	259	115	206
506	260	115	206
507	258	114	207
507	259	114	206
507	260	114	206
509	260	113	206
510	260	113	206
509	260	114	206
512	260	114	206
512	259	115	206
513	260	115	205
514	261	115	204
516	259	114	206
517	261	116	205
519	261	115	205
520	260	114	205
521	261	114	205
524	261	113	205
525	261	112	204
525	261	113	204
525	261	113	203
525	261	113	203
527	261	113	203
526	262	112	203
527	262	113	202
528	262	112	203
528	261	112	204
527	261	112	204
528	261	112	203
528	262	112	203
527	263	112	202
527	263	112	202
527	262	112	202
526	262	113	202
524	262	113	203
523	261	112	203
523	259	111	206
521	259	111	206
519	259	112	206
520	260	110	204
518	259	111	206
518	259	110	205
517	260	111	204
516	259	111	205
516	260	111	204
515	260	111	205
516	260	110	205
515	260	109	205
515	260	109	205
515	260	109	205
515	261	108	204
515	263	108	202
514	263	108	202
514	260	106	205
515	257	103	207
518	253	101	211
517	251	103	211
515	250	103	211
515	250	104	209
515	253	105	208
515	255	106	208
515	258	106	207
515	259	105	206
515	261	105	205
516	260	104	205
517	260	103	206
517	259	102	206
517	259	102	207
517	258	101	207
517	258	101	207
519	260	98	206
519	259	98	206
520	259	96	206
521	258	96	207
521	259	96	207
521	259	95	207
521	258	95	207
523	259	93	207
524	259	93	207
525	259	92	207
525	258	93	208
526	258	92	208
527	258	91	208
529	259	91	208
530	259	89	208
529	258	91	208
531	258	90	208
532	259	89	208
532	259	89	207
533	259	89	207
534	260	89	207
536	260	88	206
535	261	92	205
534	261	96	205
534	262	94	205
534	263	96	203
534	263	96	202
533	264	96	199
534	266	95	197
532	266	94	197
531	265	95	197
531	265	93	198
530	265	91	200
527	266	92	199
526	266	93	199
527	267	92	198
528	266	90	198
530	269	91	195
527	269	95	194
526	269	94	193
526	269	91	192
523	273	92	189
521	271	92	190
520	275	88	185
519	273	84	184
519	273	85	186
518	271	81	186
516	272	81	186
515	271	82	187
513	271	84	186
511	272	86	186
509	276	88	182
508	275	88	184
508	279	89	179
507	276	86	182
505	276	81	181
504	275	80	184
504	274	77	183
503	274	74	182
503	278	71	180
501	279	70	177
501	281	70	177
497	282	75	175
495	281	76	177
494	281	76	176
493	280	76	177
494	280	75	176
493	281	77	176
492	280	78	175
491	281	79	175
490	282	79	175
487	285	82	172
488	284	84	172
487	286	85	171
487	285	82	171
486	286	80	172
486	282	79	176
486	281	79	176
484	283	80	175
485	279	80	178
484	279	82	179
483	278	87	179
483	279	87	179
483	279	85	180
484	277	85	182
486	277	83	182
487	277	83	184
486	277	81	184
485	278	84	182
485	278	83	183
488	277	84	184
488	276	87	185
489	274	89	188
490	274	91	188
490	273	90	188
490	273	89	189
493	271	88	192
494	271	89	193
497	269	88	194
501	268	86	196
505	268	85	196
509	268	82	196
513	265	81	201
518	262	88	201
520	260	87	204
522	261	89	204
522	259	94	204
522	263	106	201
518	263	119	201
515	261	136	202
512	263	146	202
512	264	149	199
513	263	164	200
533	258	140	208
542	257	119	211
546	255	99	213
554	257	104	210
564	253	91	214
573	252	87	216
576	251	98	215
580	246	103	220
579	243	116	223
578	246	132	223
584	249	129	219
588	253	128	217
590	249	130	222
594	249	130	223
599	243	128	230
624	241	107	231
639	238	96	231
644	236	96	233
647	234	101	235
652	235	102	233
657	235	102	234
663	235	105	235
671	235	109	237
674	237	106	233
678	237	108	234
685	236	104	235
692	234	102	238
701	229	102	241
709	229	101	243
717	226	101	244
724	221	98	250
731	219	97	254
737	215	97	259
743	212	96	263
748	212	105	265
754	189	115	289
759	188	125	289
775	188	113	289
777	188	117	292
776	187	117	289
774	187	121	291
773	188	122	290
770	188	126	290
769	188	125	290
766	189	127	290
768	188	126	290
766	191	130	287
764	189	121	289
764	189	121	289
765	188	116	289
761	188	114	291
760	187	117	293
759	189	116	291
758	189	112	290
759	191	113	291
762	193	114	289
763	188	110	291
765	187	109	295
767	187	110	294
767	189	109	292
767	184	110	296
767	182	109	297
769	182	113	298
772	191	113	289
770	185	111	292
773	187	115	292
764	183	116	293
762	182	119	298
760	182	117	294
761	183	118	295
759	185	116	293
760	185	112	292
760	185	117	290
760	186	111	292
756	187	113	290
754	187	116	290
750	188	117	289
747	189	120	288
747	189	122	287
754	192	121	286
740	191	124	285
738	194	133	285
722	192	139	286
721	194	139	286
723	195	146	285
722	197	144	282
713	199	145	281
716	204	148	277
710	204	158	276
708	203	154	277
751	215	139	264
705	206	143	274
715	207	149	274
763	217	131	261
770	218	124	262
775	221	121	259
772	222	123	256
764	220	126	260
705	200	129	279
717	198	140	282
709	191	131	290
725	194	138	285
719	193	124	288
723	192	121	289
731	196	118	285
722	192	113	288
744	207	120	278
723	192	103	288
799	220	100	259
797	219	105	261
800	223	105	255
799	218	108	261
794	218	112	260
790	216	117	264
796	213	115	266
730	202	108	278
739	193	107	291
743	199	106	282
747	204	107	278
746	207	112	274
794	209	113	268
777	205	127	272
740	205	113	274
743	209	111	270
780	209	109	271
734	212	116	268
721	212	122	268
722	211	120	269
719	211	119	268
725	210	115	269
717	211	121	269
724	208	114	271
723	207	115	272
729	204	111	275
719	202	118	278
721	201	112	280
721	205	109	278
726	209	113	276
783	210	111	270
708	198	115	288
709	199	120	286
698	195	124	291
701	196	127	289
701	198	141	286
773	208	124	274
780	218	116	261
784	222	110	254
784	223	111	252
784	223	111	253
784	223	111	253
783	223	112	254
782	223	113	255
785	222	112	255
781	223	115	254
784	221	112	256
781	221	115	257
784	219	111	258
782	219	115	257
780	219	116	259
781	219	115	259
781	219	116	258
778	218	117	258
777	219	117	257
777	218	118	258
775	219	119	258
775	218	117	259
774	218	118	259
766	217	125	259
760	216	131	260
755	214	134	262
769	214	123	264
759	214	130	262
768	214	124	263
757	215	132	262
768	214	122	263
755	215	134	263
768	214	120	264
768	215	121	263
771	215	117	263
770	214	119	263
773	215	115	263
773	215	115	263
772	214	116	263
773	214	115	263
772	214	115	263
773	215	114	263
773	215	114	262
770	215	115	262
772	216	115	262
772	216	115	262
772	215	115	262
772	215	115	262
772	215	115	261
772	216	115	261
771	216	115	261
771	215	115	262
771	216	113	261
772	216	114	261
772	216	114	261
771	216	115	260
773	218	113	260
771	218	115	259
770	219	118	259
765	219	121	259
763	220	123	258
763	221	123	257
763	222	122	256
763	223	120	255
763	222	121	257
763	220	120	259
764	218	119	260
764	217	119	262
763	212	120	266
765	208	117	270
763	206	116	273
762	200	118	277
761	192	118	285
758	178	120	298
760	158	120	322
760	159	119	321
761	179	119	302
759	180	121	297
757	177	123	300
756	178	123	299
753	181	128	297
752	183	127	294
748	187	132	290
749	196	134	283
752	203	132	276
761	208	124	270
763	211	124	269
764	211	123	269
776	212	113	268
775	214	113	265
773	214	115	265
778	214	110	265
780	216	113	265
779	216	122	263
780	216	121	262
592	191	105	292
589	186	110	298
590	187	111	297
592	187	112	299
595	188	111	298
593	187	113	298
596	187	113	297
597	184	114	301
598	184	115	301
599	183	115	304
600	181	116	306
597	181	121	307
597	176	124	312
596	176	129	312
594	178	126	309
596	181	124	307
595	181	121	306
591	182	121	305
587	181	121	307
585	180	120	309
582	184	121	305
583	190	116	299
579	191	115	299
575	193	117	295
573	193	118	296
569	196	119	294
565	197	122	292
560	198	128	290
547	197	141	289
538	195	147	294
538	196	149	292
537	194	145	296
536	192	141	298
534	191	137	300
531	191	137	300
528	190	136	296
527	189	135	298
526	188	134	301
525	189	133	301
525	190	130	302
527	190	127	303
527	190	124	303
526	190	123	304
522	191	125	305
513	189	133	305
515	186	130	309
512	185	131	311
511	183	128	314
725	230	123	246
726	232	122	240
727	234	121	239
726	235	122	237
727	236	124	236
727	237	123	234
728	237	123	233
730	237	121	233
732	236	114	233
736	237	111	232
736	236	110	233
737	236	109	232
737	236	110	231
737	237	110	231
737	237	110	231
737	237	112	231
736	237	114	232
737	236	113	232
737	237	111	232
736	236	112	233
736	236	114	233
735	236	113	233
737	236	109	233
741	236	106	233
740	235	107	233
743	235	102	233
748	234	94	235
752	234	87	235
751	235	89	236
748	235	92	235
749	234	96	235
752	233	95	237
758	233	91	236
758	233	92	237
757	232	93	237
756	232	96	238
752	231	98	238
752	231	98	238
751	230	99	238
751	230	99	239
751	230	100	239
747	230	103	240
742	230	108	241
738	231	112	241
738	231	111	242
737	232	113	240
734	233	115	239
733	232	116	242
730	232	118	244
730	230	121	246
726	229	124	249
726	227	122	251
723	226	125	251
721	224	128	253
720	223	126	256
718	222	126	256
717	222	127	258
713	222	129	257
711	221	130	258
710	221	126	258
707	221	126	258
704	221	126	260
702	220	123	261
699	219	122	263
694	219	121	263
688	217	116	267
681	215	122	265
670	215	131	266
664	213	131	270
479	175	123	323
472	175	124	321
473	175	119	322
469	174	123	322
467	174	119	322
467	173	117	324
464	174	118	322
462	173	117	325
460	172	109	325
453	173	112	326
451	171	108	326
629	211	109	274
629	215	110	272
627	217	113	270
622	218	115	268
617	219	122	268
612	219	124	268
610	219	127	268
606	218	129	269
604	217	130	270
602	217	132	271
599	216	134	272
599	214	132	274
597	216	131	273
596	215	132	274
595	215	138	273
596	214	142	274
598	214	142	274
601	214	139	274
602	215	137	274
605	214	133	274
608	216	127	273
611	215	122	273
617	215	116	273
618	217	116	271
621	217	114	269
624	219	113	267
625	220	113	265
626	220	115	264
626	221	116	263
626	221	117	264
626	222	121	262
626	223	123	262
626	225	124	261
626	225	123	259
626	225	123	259
626	225	121	259
627	226	122	258
628	226	119	258
627	227	118	258
627	227	119	258
624	227	122	259
623	226	121	261
622	226	124	261
619	225	126	262
619	225	124	262
618	224	124	262
616	225	124	261
616	223	122	262
616	223	122	264
617	222	122	264
618	222	121	265
618	221	121	265
619	221	120	266
619	221	120	265
620	223	119	264
621	224	119	262
621	225	119	260
623	228	118	258
625	231	120	255
627	232	118	252
628	233	118	251
629	234	120	251
629	232	123	251
629	232	123	251
629	231	127	252
627	231	126	252
626	230	125	254
626	229	129	255
625	226	128	258
623	225	135	260
620	222	137	263
617	222	140	265
619	220	142	267
614	218	147	269
613	216	140	271
614	218	149	269
610	216	146	270
611	218	140	268
611	219	139	267
611	221	136	266
611	222	133	266
611	222	131	266
611	221	128	265
612	222	125	265
611	221	125	265
613	220	123	266
612	219	125	267
613	218	124	269
613	217	123	270
612	216	124	270
613	215	124	271
614	215	122	272
614	215	122	272
612	214	125	272
614	214	122	273
613	214	123	272
614	214	122	273
615	214	122	273
613	214	124	273
614	215	123	273
614	214	123	273
614	215	123	272
614	215	123	272
614	215	121	271
613	216	122	270
613	216	123	270
613	216	124	270
612	216	124	270
611	216	125	270
612	216	126	270
611	216	127	271
606	215	131	271
603	214	135	272
603	214	134	273
601	213	136	274
601	213	136	275
602	212	135	276
603	212	133	276
606	212	131	275
608	212	128	275
610	213	126	275
611	213	126	274
612	213	125	275
611	213	125	275
613	214	123	274
611	214	126	274
611	214	126	274
611	215	126	274
610	215	127	274
610	215	127	274
609	215	128	275
610	215	128	275
609	215	128	275
609	215	127	275
609	216	127	275
609	216	127	274
609	217	128	273
609	219	127	271
610	221	126	269
609	223	127	267
609	225	126	265
610	228	125	261
610	230	123	259
609	228	124	260
609	228	124	261
609	227	124	262
609	223	124	264
608	220	123	268
608	215	122	273
609	209	123	280
609	203	124	286
608	181	125	311
607	182	124	310
607	194	125	295
607	181	127	308
609	186	126	301
605	182	129	307
608	187	127	301
605	185	131	304
604	185	132	304
604	183	135	307
599	185	136	306
601	182	135	308
599	183	136	308
599	181	136	310
598	182	138	309
599	178	136	313
597	180	138	310
597	179	139	313
597	180	138	311
596	180	139	311
594	182	139	310
594	184	138	307
594	178	138	313
592	187	139	303
593	181	139	310
591	179	138	311
591	182	140	308
591	185	139	306
591	182	137	310
590	186	141	305
589	191	139	299
588	193	140	296
586	197	141	293
580	200	147	290
580	200	145	291
579	205	144	286
577	203	148	288
576	207	149	284
571	206	154	285
580	208	143	283
576	207	148	284
576	210	147	282
576	208	145	284
573	208	148	284
574	210	144	281
581	212	132	279
582	213	129	279
582	213	122	279
580	214	119	279
578	215	122	278
572	216	137	277
557	216	157	279
574	215	146	276
573	219	150	273
570	219	151	272
568	218	141	271
569	217	127	272
569	219	114	274
565	220	113	271
566	221	111	270
565	221	109	268
564	222	111	268
562	222	111	267
567	222	106	267
570	223	101	263
569	223	100	266
566	221	103	272
560	223	106	271
562	218	103	278
560	219	104	277
568	223	97	270
550	215	103	283
548	223	103	273
498	203	138	294
488	180	145	318
501	180	142	317
513	182	138	316
514	180	143	315
518	179	137	315
521	179	142	314
524	178	140	313
522	178	140	313
522	176	146	314
509	190	136	300
498	227	123	260
497	232	124	254
489	232	123	254
487	234	123	251
481	234	115	251
477	235	113	250
474	235	113	250
471	236	113	249
471	236	106	248
470	239	106	245
467	238	105	245
465	239	106	243
463	240	107	241
462	241	105	240
458	242	105	239
455	242	103	238
449	242	106	238
444	241	105	235
439	241	106	234
437	241	109	236
433	241	110	237
429	243	115	236
424	243	115	236
420	243	117	235
416	245	115	233
416	245	112	233
413	246	111	233
410	246	111	233
409	247	110	232
406	247	109	232
403	248	112	230
400	248	109	230
395	249	108	229
393	249	102	229
390	249	98	229
387	250	98	228
386	251	97	228
387	252	92	224
382	252	94	222
375	252	98	226
363	251	105	227
357	249	111	229
348	249	118	229
341	249	120	229
340	248	119	230
336	248	120	231
333	247	122	232
329	248	125	232
326	248	130	232
326	248	128	232
323	249	131	232
323	248	127	231
324	247	125	233
325	247	116	233
326	244	111	235
326	244	102	235
325	246	97	234
325	247	95	235
324	247	94	234
323	247	94	233
323	247	96	234
322	247	97	235
324	247	96	234
322	247	101	233
322	247	100	234
322	246	102	234
322	246	111	235
323	245	114	235
324	245	119	235
325	247	119	235
326	247	119	236
325	247	122	236
326	246	124	236
330	246	124	235
336	246	118	235
346	246	109	235
352	247	108	234
361	247	102	235
368	246	96	235
369	247	98	233
375	246	96	232
381	246	93	231
381	247	91	234
383	247	95	234
384	247	94	235
386	247	95	235
383	246	97	235
385	245	95	238
386	244	93	238
388	245	92	238
388	245	93	237
388	245	93	238
388	244	93	238
389	244	91	239
392	243	90	239
391	243	92	240
392	243	92	240
394	243	92	240
395	243	91	240
396	243	89	240
396	243	88	240
396	242	87	240
396	242	85	240
396	243	85	240
397	241	83	241
397	243	84	240
397	243	85	240
396	242	90	240
397	242	93	240
398	243	95	240
400	242	96	241
402	241	95	242
403	241	95	243
406	240	93	243
406	240	88	243
406	241	83	242
408	241	79	241
411	241	74	242
412	241	74	242
413	240	74	242
412	241	73	242
412	241	74	242
414	241	74	242
413	241	73	242
413	241	74	243
414	241	73	242
413	241	74	243
413	240	74	242
414	241	74	243
414	241	74	242
414	241	75	243
415	241	76	242
415	240	77	242
415	240	78	241
415	241	80	241
414	240	79	242
414	241	80	242
415	241	80	242
414	241	79	242
415	241	76	241
415	241	75	241
416	241	74	242
416	242	73	242
415	242	73	242
415	242	73	242
415	241	73	242
415	241	73	242
416	241	73	242
415	242	73	242
415	242	73	242
414	241	74	242
415	241	74	242
415	241	74	242
414	241	73	243
415	240	75	243
415	240	75	242
414	239	75	243
415	239	74	243
415	239	74	243
415	239	75	243
416	238	74	242
417	238	75	242
416	239	75	242
417	238	75	243
416	238	75	242
416	238	75	242
416	238	75	242
417	238	75	242
417	237	74	242
417	237	74	242
418	238	74	242
417	237	73	242
418	237	73	242
417	237	74	242
419	237	73	242
418	237	73	242
418	237	74	242
418	237	74	242
417	237	73	242
416	237	74	242
416	238	75	242
415	237	76	242
415	238	75	241
415	237	76	241
415	238	76	241
415	237	75	241
415	237	75	241
416	238	74	241
416	237	75	241
415	237	75	241
416	237	74	241
415	237	75	242
416	237	75	241
416	237	74	241
416	238	75	241
415	236	75	241
416	237	75	241
416	237	74	242
416	237	74	241
416	237	75	241
416	237	74	241
416	237	74	242
417	237	73	242
418	237	73	242
418	238	74	242
418	237	75	242
418	237	76	241
419	237	77	242
419	237	77	242
421	237	77	242
421	237	78	242
422	238	81	241
423	238	85	240
424	238	94	241
423	237	105	241
426	237	109	239
427	236	108	240
427	238	110	238
428	238	112	238
428	238	116	237
430	238	116	237
433	237	114	238
436	237	112	239
439	235	113	239
445	235	114	238
449	236	114	236
459	236	102	237
466	235	98	238
471	235	98	237
477	234	100	236
479	234	101	236
483	235	97	237
486	236	96	236
489	238	96	235
493	239	102	234
495	237	111	235
495	238	114	233
498	238	124	234
498	238	124	234
503	239	121	232
508	240	125	232
509	243	122	230
512	242	123	231
517	241	122	233
523	240	118	233
528	240	119	234
536	241	112	231
545	239	104	234
554	238	98	234
558	238	91	234
570	243	83	235
573	241	82	237
581	245	82	234
582	237	87	240
581	225	136	257
580	191	139	290
577	188	149	297
571	188	151	296
564	189	155	297
557	189	158	297
551	192	165	296
542	194	169	294
540	190	168	298
535	191	169	297
534	186	161	301
528	183	153	304
527	182	152	304
522	180	149	309
518	181	139	307
603	226	117	245
610	236	104	232
614	240	101	226
617	244	101	220
619	244	99	217
619	242	100	222
620	243	102	220
619	244	104	219
620	243	102	219
618	244	105	218
615	245	108	218
609	245	114	218
606	245	118	220
604	245	119	220
602	246	120	218
603	247	118	216
605	247	116	217
606	254	113	209
606	257	112	206
598	259	120	204
595	256	123	207
593	256	119	209
590	258	117	205
585	256	114	207
583	256	97	207
582	256	91	207
578	256	90	206
577	257	86	205
574	255	84	205
571	255	79	206
572	259	74	203
570	260	74	202
563	260	80	202
559	260	82	201
558	260	84	202
554	260	89	201
549	263	94	198
548	262	95	199
544	261	95	201
538	258	94	205
535	255	87	207
530	254	84	208
525	256	85	205
524	255	80	208
521	255	82	207
522	257	80	204
519	259	82	203
515	260	87	201
510	255	93	205
501	262	100	200
502	259	96	202
494	259	104	205
479	262	113	207
482	260	107	207
483	265	104	200
477	264	101	206
472	262	93	207
468	263	88	201
458	261	90	209
454	261	89	215
448	256	94	222
445	261	93	209
443	261	92	206
434	263	97	204
429	265	101	201
411	265	113	205
417	262	111	211
394	257	125	218
376	258	142	218
340	250	167	236
291	219	207	276
293	224	213	274
293	226	214	271
293	229	219	269
296	236	217	260
297	237	224	259
302	240	229	259
290	238	235	259
305	244	226	253
298	242	231	255
309	241	223	256
304	239	221	258
311	236	210	263
313	237	195	260
309	237	185	260
324	235	174	262
318	235	170	263
317	232	171	267
317	233	169	266
324	235	170	264
338	237	183	258
348	228	189	270
353	223	184	275
344	223	165	273
329	238	178	250
281	260	109	211
272	260	105	211
264	261	110	210
265	260	108	211
262	260	108	212
260	261	107	212
259	260	106	214
258	259	104	215
257	258	101	215
254	259	101	215
250	259	102	215
246	257	106	216
242	256	111	217
241	256	112	219
239	255	112	219
239	255	112	219
240	256	110	219
240	255	111	219
240	256	112	219
241	256	109	220
242	256	104	220
244	255	98	221
243	254	98	223
243	253	97	223
242	253	99	225
240	251	100	225
240	250	103	227
239	250	105	227
240	249	108	229
239	248	110	229
242	248	110	230
246	247	108	230
246	248	111	230
249	247	111	230
252	247	109	232
255	245	111	234
258	243	109	237
260	241	109	238
260	241	112	239
264	240	108	240
267	239	104	241
273	238	98	243
279	237	93	243
281	237	95	243
285	237	95	243
288	236	98	242
291	237	96	242
295	237	100	243
296	237	113	243
301	235	123	242
300	234	140	244
303	234	135	244
308	234	135	245
310	234	132	244
310	235	131	244
308	234	133	247
313	233	136	248
322	233	127	247
334	233	118	244
344	233	111	244
355	232	102	244
365	233	96	245
373	232	93	244
379	232	90	246
384	234	94	246
388	235	90	245
390	234	89	246
392	236	94	245
396	236	93	245
398	236	94	245
401	232	95	250
403	225	112	262
412	196	121	285
417	153	162	333
423	146	153	342
440	142	143	347
453	144	132	350
458	147	125	346
462	147	123	347
461	148	126	345
462	149	126	345
463	149	126	344
464	150	126	344
465	151	129	341
465	152	135	341
470	152	135	339
472	152	136	339
475	151	136	338
474	152	136	337
473	153	138	337
472	153	146	338
472	154	147	341
482	155	140	342
481	156	144	343
493	155	135	341
499	156	135	341
504	157	134	341
517	153	126	344
522	152	128	345
522	150	132	348
528	146	133	353
529	150	131	345
518	244	111	250
523	239	96	252
524	239	97	251
525	240	102	252
530	239	100	240
529	239	108	243
529	239	111	232
533	239	109	232
536	236	108	233
540	237	104	233
543	236	101	234
545	237	97	233
548	238	95	231
553	239	90	231
555	237	88	230
556	239	87	230
555	240	85	228
557	241	82	227
555	241	84	228
556	242	81	227
554	240	81	228
555	240	81	228
552	240	84	228
556	240	80	228
554	241	81	228
551	241	84	228
550	241	84	227
548	241	85	228
549	242	83	227
550	241	87	228
547	242	89	228
549	242	88	228
547	242	92	227
545	242	92	229
541	242	94	227
536	243	97	227
530	243	102	226
531	242	100	228
536	242	97	229
536	241	95	229
537	240	95	229
538	240	93	230
537	240	93	230
538	239	92	230
535	240	94	230
533	239	95	230
530	239	98	231
532	239	95	231
530	239	97	231
532	239	100	231
532	240	100	231
531	240	102	230
530	240	103	231
531	241	103	229
531	241	100	230
530	240	98	230
530	241	98	230
530	241	97	229
529	241	97	228
529	242	96	227
529	243	95	227
531	243	93	226
529	243	95	225
529	245	94	224
528	245	96	224
530	246	93	223
529	247	94	222
528	247	94	220
529	249	93	217
525	249	96	215
528	249	92	214
528	250	93	216
528	249	93	217
525	250	95	217
529	250	92	217
524	250	95	217
528	250	90	218
525	250	92	217
526	250	90	217
523	249	93	217
519	250	97	217
521	250	92	218
518	250	94	217
518	250	93	217
516	251	93	216
514	250	92	217
511	250	92	216
509	250	93	216
507	250	93	216
505	249	94	216
503	249	95	217
501	250	95	216
499	251	96	215
498	251	96	214
495	251	96	213
494	253	93	212
491	253	93	213
491	253	92	213
489	253	92	213
489	254	92	211
487	254	92	211
486	254	93	212
486	255	92	211
485	254	92	211
484	254	91	211
484	254	92	211
483	254	93	211
482	254	94	212
481	253	94	212
481	252	94	212
479	253	96	212
479	252	94	212
478	251	93	213
477	250	91	215
476	250	91	214
473	250	93	215
472	250	93	215
472	250	94	215
469	250	95	215
469	249	95	216
467	249	95	217
466	249	94	217
465	248	93	218
465	248	91	219
465	248	90	219
465	248	88	220
465	248	87	219
464	248	87	219
465	249	87	219
464	248	86	219
463	248	87	218
462	248	88	219
462	248	88	219
462	248	89	219
462	248	88	219
461	249	88	219
463	248	86	218
462	249	87	219
463	250	86	217
464	250	86	216
464	250	87	217
463	251	87	216
463	251	87	215
463	251	87	215
465	252	85	214
466	252	85	209
467	253	84	214
466	254	86	213
466	253	86	212
467	253	87	213
467	253	87	212
469	253	88	213
468	254	89	212
470	254	90	212
469	256	91	209
470	259	93	206
472	258	92	208
474	258	90	207
476	259	90	206
477	258	89	206
479	259	88	205
483	260	86	204
485	261	86	203
488	259	84	205
490	258	84	206
489	257	88	208
490	257	87	207
493	256	85	208
493	258	88	206
494	257	86	206
496	257	86	205
497	257	86	206
498	258	85	204
499	257	85	205
500	257	84	205
499	258	85	205
501	259	84	203
501	259	84	205
501	258	83	203
501	258	85	207
500	256	83	205
499	257	85	206
501	257	81	205
502	257	80	204
502	258	80	204
502	257	78	204
501	258	80	203
500	258	81	202
501	259	80	202
502	259	80	202
502	259	81	202
500	259	81	201
504	258	77	203
505	259	78	202
505	259	77	202
506	259	76	203
507	260	75	201
508	260	74	201
510	261	74	201
509	261	74	201
510	260	74	201
510	260	73	201
511	260	73	202
511	260	74	202
512	258	73	203
512	260	73	202
513	259	74	202
513	259	74	202
513	259	75	203
515	258	75	204
516	259	75	204
517	258	75	204
518	257	74	205
518	257	75	205
518	258	77	205
517	258	89	205
516	255	95	207
514	257	113	204
514	257	121	204
517	256	128	205
521	258	129	202
527	259	127	203
525	259	128	200
527	261	128	200
529	262	127	199
532	263	124	198
536	263	119	197
540	265	115	195
542	262	117	199
542	265	124	196
544	264	135	195
544	265	149	193
546	264	159	194
546	263	169	195
548	262	178	194
546	265	146	193
560	263	158	194
567	261	129	195
585	261	130	197
593	259	133	196
604	256	121	201
607	257	115	202
611	258	111	201
613	259	109	200
614	258	113	200
618	257	110	201
620	257	107	201
622	256	104	200
623	256	106	201
626	256	101	202
626	257	100	200
627	258	98	199
629	257	89	200
629	255	77	202
627	259	72	198
629	258	71	198
630	261	69	194
630	262	74	192
630	263	78	189
629	263	81	191
629	265	83	190
628	265	85	190
628	265	83	189
629	266	80	188
629	266	80	189
629	266	82	189
628	266	87	189
628	267	92	190
630	266	91	189
631	265	94	190
631	264	93	191
632	264	92	191
631	263	91	192
626	262	97	194
621	263	105	192
618	264	108	191
614	261	112	195
611	262	116	193
610	262	119	192
608	264	117	191
613	263	112	192
617	259	109	195
630	259	98	195
635	242	104	213
648	230	98	224
650	222	108	233
648	220	102	234
646	222	99	234
645	222	101	235
641	223	106	233
638	221	110	236
636	220	110	238
636	220	108	238
636	219	106	239
636	219	102	240
637	219	99	239
640	218	96	240
640	217	94	241
642	217	91	243
641	217	91	243
637	217	91	244
636	218	91	245
634	217	91	245
633	217	92	246
631	216	93	247
627	214	93	250
623	213	95	251
620	213	96	252
613	211	98	253
609	211	100	253
602	212	100	253
599	210	103	253
595	209	106	255
591	208	108	256
592	207	105	258
589	207	107	258
588	206	108	258
588	206	108	261
588	207	108	258
585	207	109	260
586	207	105	261
585	206	105	260
589	207	101	261
584	206	102	262
585	206	101	262
585	205	100	262
581	205	102	263
581	205	100	262
581	204	98	264
581	203	96	264
580	203	96	264
576	203	96	266
575	204	96	266
571	203	98	267
570	204	97	265
558	204	103	265
516	204	133	266
534	204	119	267
525	203	122	267
536	205	112	264
530	205	115	264
528	205	115	262
524	206	116	261
529	206	108	259
526	208	112	261
524	207	116	259
521	207	117	260
520	206	118	261
518	206	120	262
519	207	120	261
516	207	120	259
508	207	127	260
504	207	134	260
496	205	136	262
493	205	131	262
489	205	119	266
486	209	113	261
482	211	115	258
479	213	111	256
480	216	107	254
488	222	106	248
484	216	105	253
481	217	104	252
541	228	93	239
540	228	89	240
545	229	87	235
545	230	88	235
546	227	87	237
544	230	89	234
544	230	89	233
545	228	87	236
545	227	88	237
544	223	90	241
546	222	88	242
548	222	89	242
550	222	91	242
550	221	94	242
551	222	98	241
549	224	106	237
551	223	108	238
551	223	111	238
551	225	111	236
551	224	115	237
555	227	112	235
559	229	117	233
559	229	116	234
562	234	109	229
562	234	121	227
564	234	124	228
568	233	128	230
569	232	129	230
568	232	133	230
567	234	131	229
568	232	136	231
569	234	130	228
570	233	128	230
571	236	124	227
571	240	118	221
571	245	118	216
572	247	116	214
571	250	117	212
570	251	120	210
571	252	123	209
572	250	125	210
573	250	120	211
573	249	127	212
572	243	121	217
570	250	130	210
569	249	127	210
567	252	133	206
564	253	130	206
564	254	128	207
560	256	129	205
562	256	124	204
559	257	127	204
562	256	119	204
560	256	119	205
560	256	117	204
564	257	117	203
566	256	112	205
567	257	107	204
569	258	106	203
569	256	105	203
571	258	102	201
571	256	102	203
572	257	99	203
572	257	99	201
573	258	99	201
574	258	99	200
575	260	94	199
576	260	90	199
577	260	87	198
579	261	83	197
579	261	82	197
580	261	81	196
579	261	81	196
578	261	82	196
578	262	81	195
578	261	82	195
578	264	81	194
576	263	84	195
573	261	84	196
570	261	87	197
568	261	88	196
572	261	85	197
572	262	85	196
570	260	86	197
573	262	83	196
567	260	88	197
569	262	84	196
566	260	87	197
562	261	90	197
560	261	91	198
560	261	88	197
554	261	92	198
550	260	91	199
544	260	90	199
541	260	86	199
534	258	91	200
531	257	92	202
535	257	86	203
530	257	88	202
522	254	94	205
512	258	103	201
507	257	108	202
503	258	111	203
502	260	113	201
500	256	115	206
497	258	117	204
496	256	117	206
494	254	117	208
494	258	116	204
493	259	117	203
491	257	115	204
490	258	112	203
489	259	108	201
484	260	111	200
477	261	117	200
468	262	120	199
463	263	111	199
462	262	105	200
453	261	109	201
454	259	102	203
446	259	105	202
453	261	100	199
444	259	106	201
442	261	106	199
441	261	105	200
440	262	105	201
449	261	94	201
457	261	86	202
463	263	79	200
464	257	78	209
461	254	80	212
462	260	80	203
458	259	83	205
456	259	83	204
453	259	85	204
451	261	84	204
449	257	84	207
449	258	83	205
448	259	82	204
447	259	82	204
447	259	82	205
442	259	85	204
435	258	91	205
430	258	93	206
422	261	102	203
425	260	99	205
421	260	102	204
421	258	102	207
419	258	106	207
419	255	105	209
425	257	101	208
428	259	97	205
428	259	95	204
441	260	84	204
446	257	77	207
448	258	75	207
450	259	71	205
449	260	72	205
450	260	73	203
450	260	73	203
450	260	73	203
450	260	74	203
449	260	74	203
450	260	74	202
450	260	74	203
449	259	75	204
447	259	77	204
442	259	83	205
438	257	90	206
435	258	93	206
432	258	96	206
431	258	98	206
429	259	100	206
430	258	100	205
430	258	100	206
431	260	99	205
430	258	99	206
433	259	96	207
434	258	96	207
435	256	100	208
436	256	102	208
438	254	101	210
439	253	102	211
440	253	102	211
441	253	102	211
442	253	102	211
444	254	100	210
445	254	100	210
448	254	98	211
450	252	98	212
451	252	98	212
453	252	97	213
454	252	98	213
456	253	100	212
463	254	93	211
466	252	93	213
467	252	97	212
470	254	95	211
472	255	96	209
475	253	94	210
477	254	95	209
480	253	93	210
483	254	93	209
485	255	90	208
486	254	89	208
488	255	89	208
489	255	87	208
489	254	87	207
489	255	86	208
490	256	84	207
491	255	85	206
491	255	84	206
491	255	86	205
491	255	86	204
489	256	89	204
489	257	90	202
490	258	91	202
491	257	91	203
491	258	93	203
491	257	94	203
492	258	96	202
492	258	98	203
494	257	97	204
496	256	95	205
497	256	95	206
500	254	92	207
502	256	89	206
504	254	88	207
507	253	87	207
511	252	84	209
513	252	82	209
514	251	82	210
515	250	84	211
515	251	85	209
515	251	88	208
516	253	88	207
517	252	88	208
518	253	90	208
518	252	92	208
518	254	94	206
518	254	95	207
518	252	96	208
517	253	96	209
517	253	97	209
516	253	98	209
516	251	100	211
515	252	100	210
514	251	103	212
514	253	100	209
515	251	95	212
515	250	94	212
517	249	92	213
522	250	88	213
531	251	82	210
537	251	78	210
532	252	84	209
538	250	79	211
535	252	83	210
532	251	87	210
539	250	82	211
539	249	81	214
541	248	79	213
542	249	80	212
544	250	79	211
546	250	85	211
548	252	102	209
549	248	123	214
549	249	139	212
549	242	148	219
543	242	167	218
541	238	170	222
539	237	174	225
539	235	172	227
542	236	164	226
558	238	129	225
564	243	104	222
567	240	100	226
569	238	97	227
572	235	94	232
574	235	95	233
575	236	97	232
578	237	96	231
579	236	103	231
576	235	125	232
575	228	120	241
577	230	145	240
568	225	184	242
552	210	203	255
513	194	156	276
544	206	203	264
521	194	173	280
528	194	149	277
534	191	159	282
537	192	172	278
549	193	144	277
566	190	132	280
576	190	116	281
584	190	104	283
584	190	104	282
586	190	108	281
580	190	121	281
582	188	124	283
580	187	134	283
583	186	129	283
586	186	130	286
588	186	128	286
586	187	119	284
585	195	121	277
590	197	116	270
590	207	107	262
591	217	106	250
588	211	106	261
590	225	101	245
591	226	98	243
592	226	97	242
591	227	100	242
595	227	98	242
594	227	100	242
594	227	98	242
597	228	97	242
600	228	94	242
601	229	93	241
602	228	92	240
604	228	90	240
607	228	87	241
609	227	85	241
609	228	85	240
611	227	84	241
612	227	85	241
613	228	83	240
615	228	83	240
616	227	81	240
615	228	82	239
614	228	82	239
614	227	84	239
613	227	84	240
613	227	85	240
613	228	84	240
612	226	86	241
613	227	84	240
614	225	84	242
615	225	83	242
613	225	84	243
614	225	84	243
614	224	85	243
612	224	85	245
612	224	86	244
611	224	87	244
610	223	89	245
609	223	89	245
608	224	90	245
608	223	92	245
605	224	92	245
604	224	94	245
601	224	96	245
600	224	96	245
598	225	97	244
597	225	97	244
595	226	99	243
594	226	99	242
591	227	101	242
588	228	103	241
587	227	104	241
586	227	105	241
583	228	108	241
580	229	110	241
578	230	111	239
577	230	112	238
574	232	112	237
572	230	110	238
571	230	104	237
568	230	101	237
564	232	98	234
562	234	97	228
560	235	96	228
558	235	96	229
557	236	96	231
555	236	95	230
554	236	95	229
552	237	96	229
550	238	96	228
547	238	97	228
543	238	98	227
542	240	97	226
537	241	99	226
534	242	101	225
530	242	103	224
529	242	104	224
527	242	106	225
525	243	106	224
523	242	109	225
521	241	106	225
521	240	107	226
519	241	106	225
517	241	105	224
515	240	103	224
512	241	103	224
509	241	104	225
509	241	104	224
509	241	103	223
509	241	103	223
509	241	101	223
509	241	100	222
509	242	100	222
509	242	100	221
510	243	98	221
512	242	96	221
512	243	96	220
513	244	96	220
512	243	95	219
513	244	95	219
512	244	95	218
511	244	95	219
508	245	95	218
506	246	95	216
503	247	96	215
500	249	97	213
496	249	100	214
492	250	101	212
490	251	102	210
488	252	101	210
486	252	102	211
485	251	102	212
484	251	103	212
483	251	98	211
482	249	90	213
481	249	78	212
477	251	77	211
473	250	78	213
472	249	77	212
469	250	79	212
463	250	83	212
456	251	88	209
449	251	95	209
445	249	98	212
442	250	103	211
436	249	107	211
436	252	106	208
431	253	109	208
431	252	108	210
425	253	112	211
412	251	119	213
416	251	113	213
405	251	119	215
404	247	121	219
392	245	131	220
402	242	119	222
397	243	119	221
400	242	114	222
406	242	109	222
412	241	105	224
416	241	112	224
417	240	116	225
419	241	119	226
420	242	118	226
423	240	116	228
426	239	116	228
426	240	120	228
426	239	116	229
426	238	113	230
427	237	104	232
431	236	93	234
433	236	89	231
434	237	86	232
435	236	88	233
435	236	91	232
433	237	96	231
426	236	108	231
417	234	116	235
412	236	133	232
404	235	134	234
398	232	157	236
394	234	164	235
393	234	159	236
393	232	155	237
400	232	145	237
429	232	117	238
438	232	111	237
438	232	115	237
445	232	109	238
451	232	104	238
455	231	101	239
457	231	100	238
457	231	100	238
458	231	102	238
459	231	104	239
460	230	106	239
462	230	106	240
464	229	106	240
467	229	104	240
468	230	106	240
468	230	106	240
471	230	106	241
471	230	106	241
471	230	107	241
472	229	108	240
473	229	107	241
474	229	107	241
475	228	108	242
476	228	108	242
477	226	108	244
479	227	107	242
479	227	107	242
479	224	106	244
479	224	105	245
478	224	106	245
478	224	105	245
479	225	105	244
478	225	105	243
479	225	104	244
478	225	107	243
475	225	110	242
472	225	114	240
472	225	116	241
472	225	117	241
476	226	114	242
474	227	116	240
469	226	124	240
464	226	133	241
462	226	143	242
482	227	136	241
494	229	125	240
499	228	123	241
503	228	121	240
508	229	116	238
510	231	113	237
515	231	111	237
519	232	110	237
522	232	108	237
523	231	109	237
525	233	111	235
526	231	115	237
527	232	120	236
531	231	120	237
535	231	123	237
541	231	117	238
541	231	120	237
540	231	123	236
540	230	121	238
539	230	118	238
537	230	117	238
533	230	115	239
539	228	102	242
544	229	93	241
543	229	93	242
544	228	90	242
544	227	90	243
539	227	92	243
539	226	92	243
533	226	96	244
532	227	99	243
525	227	104	244
539	227	94	244
535	225	94	244
538	226	93	244
540	226	91	244
543	225	89	245
534	225	96	244
537	226	95	244
541	225	90	245
545	225	87	244
544	226	88	244
544	226	96	244
541	225	102	245
540	226	108	245
538	226	110	245
536	226	115	245
533	226	119	245
532	225	119	246
531	225	115	246
532	225	112	246
532	226	108	247
535	226	102	247
536	226	100	245
536	226	99	244
536	226	98	245
537	226	97	244
539	226	94	244
539	227	94	243
540	227	92	242
540	227	93	243
540	228	92	242
541	227	90	242
540	227	91	242
541	228	90	242
541	227	92	242
539	228	93	241
540	228	92	241
540	227	91	241
541	228	90	242
541	226	91	242
541	227	90	242
539	227	91	243
534	226	96	243
533	226	98	245
534	226	97	245
532	224	98	246
529	224	101	247
525	224	104	247
529	222	100	248
529	223	100	248
530	223	98	249
533	222	94	249
531	223	95	248
533	223	93	249
531	223	94	249
530	224	96	249
529	223	97	249
530	223	98	250
530	223	97	248
531	224	100	249
529	224	105	248
525	224	112	247
525	226	116	248
522	226	121	247
520	226	123	246
519	227	125	244
518	227	121	241
517	228	119	238
517	228	117	238
517	229	114	240
517	229	110	242
516	230	104	241
515	233	104	239
513	232	103	239
512	234	104	238
508	234	107	238
504	234	108	238
500	235	107	236
497	236	109	235
494	235	111	235
491	236	112	235
486	235	117	237
483	234	118	239
479	234	110	239
477	235	108	237
474	234	110	238
468	233	105	238
463	233	108	238
461	233	107	239
461	233	108	238
461	232	106	237
461	233	104	237
463	233	98	237
463	234	98	236
463	237	100	234
462	237	100	232
462	234	99	238
459	235	102	251
457	233	106	264
435	230	128	271
395	218	174	284
382	136	195	369
386	128	190	375
396	133	187	372
405	130	179	374
447	131	145	375
452	132	160	371
453	132	180	369
453	129	185	374
451	127	201	374
451	128	204	371
451	127	217	371
457	132	207	364
462	137	201	360
471	149	186	348
459	187	164	299
461	244	112	227
471	247	95	220
473	260	90	207
477	256	89	209
479	258	89	207
479	259	95	205
481	262	99	203
481	261	102	202
483	261	104	203
488	260	103	203
496	260	100	203
500	258	99	203
504	259	102	203
511	265	96	196
514	258	95	204
523	267	90	195
525	258	93	204
528	266	97	195
530	255	96	203
540	263	90	196
544	263	89	194
550	268	89	187
557	257	90	200
566	254	84	203
573	268	83	189
578	258	87	202
578	252	106	218
581	259	130	219
598	170	138	311
615	160	128	317
622	165	120	315
622	168	121	313
623	168	119	312
626	168	118	312
627	169	120	311
628	169	123	309
629	170	121	310
627	171	127	308
629	174	125	304
630	175	124	303
630	178	126	300
632	180	125	296
633	181	124	295
632	182	120	295
626	185	117	291
623	181	114	294
623	181	110	296
620	182	109	294
618	182	111	293
618	182	107	291
616	184	107	291
608	185	111	288
604	184	114	289
601	187	117	288
598	188	118	284
594	190	120	282
592	191	119	281
590	192	118	279
588	193	117	281
589	193	115	278
590	194	112	278
594	196	106	275
592	196	104	275
590	195	104	275
591	196	99	273
590	194	99	275
588	195	98	275
586	196	97	274
584	196	95	273
579	198	98	271
575	199	99	270
569	202	103	267
562	201	107	267
549	197	116	270
540	192	132	275
540	185	135	280
521	183	179	284
506	180	207	285
504	189	215	273
502	193	220	269
500	195	224	264
489	197	226	259
515	195	202	260
501	194	205	260
501	195	192	262
499	192	172	270
502	189	140	275
510	183	131	277
524	185	117	276
538	187	100	277
535	196	105	271
528	204	109	262
532	209	104	254
531	213	104	251
527	214	107	247
524	213	108	248
515	210	113	250
515	205	107	257
510	201	110	260
507	194	111	266
493	189	123	273
469	194	140	268
454	202	150	258
484	210	122	248
487	213	120	247
484	214	129	247
486	213	141	248
490	215	132	245
489	216	121	245
494	217	112	243
498	221	102	240
501	222	91	238
500	224	92	235
495	224	91	235
494	225	92	233
489	226	92	232
485	226	86	230
484	224	83	234
482	225	85	232
475	227	90	233
469	225	95	233
461	225	98	231
461	226	95	231
457	226	93	232
452	226	99	232
451	226	100	231
441	225	107	232
430	226	120	231
419	225	127	232
424	226	119	231
403	227	140	230
415	227	124	230
406	229	126	230
391	230	142	229
418	230	117	229
398	230	127	229
385	233	128	226
384	231	116	226
375	232	112	226
383	233	111	224
390	232	109	227
389	234	117	225
387	235	126	225
385	236	129	225
387	236	119	224
382	236	117	223
379	240	107	219
378	241	104	219
377	243	103	217
378	241	99	219
381	240	96	222
380	242	96	218
367	242	101	219
360	241	114	220
355	240	115	221
356	240	104	223
356	239	95	212
353	238	92	225
354	243	89	220
348	241	93	223
338	243	100	221
342	242	94	221
338	242	98	221
333	242	102	221
329	240	105	222
327	239	106	224
483	268	132	184
493	269	121	183
486	267	121	187
489	267	119	186
492	267	114	186
499	272	102	179
498	276	97	174
498	270	93	181
500	272	86	179
494	271	88	178
492	268	85	180
491	263	81	188
488	264	80	187
483	261	85	191
481	266	85	187
476	268	87	186
470	269	89	185
465	268	94	186
460	267	97	189
455	265	99	190
447	263	104	192
444	261	103	194
442	260	104	195
440	262	106	194
433	263	115	192
433	264	109	194
429	265	110	191
427	264	107	192
426	261	106	195
425	260	102	196
420	258	107	200
414	255	112	203
412	255	108	202
408	254	103	204
409	255	97	203
402	260	100	200
397	261	101	200
395	261	100	201
393	259	99	203
393	256	97	206
392	253	97	212
390	251	99	213
388	251	103	213
386	251	106	213
387	251	104	214
384	251	109	214
384	251	107	215
382	252	108	212
377	253	111	212
375	253	114	213
373	250	113	216
368	248	117	219
371	245	114	224
368	243	117	224
367	243	118	226
363	243	122	227
363	242	121	227
363	242	121	229
364	243	119	229
362	243	120	229
362	243	121	229
368	240	113	232
371	240	111	234
376	238	108	238
375	235	109	239
375	234	111	240
375	233	111	242
375	231	111	245
375	231	112	245
376	231	111	246
377	232	113	247
378	232	114	247
383	231	112	248
383	230	113	249
392	229	108	252
393	230	111	251
394	227	112	253
391	224	118	255
388	222	124	258
390	219	124	263
390	217	127	264
388	216	132	267
387	215	136	269
386	216	140	269
385	217	143	269
385	217	143	269
391	218	140	269
391	217	139	271
399	216	134	273
398	214	129	275
404	211	130	278
409	208	125	280
411	208	129	281
413	207	128	283
416	207	133	282
418	207	142	283
419	206	147	283
421	206	146	285
423	205	147	287
424	205	146	289
426	204	136	292
432	203	136	292
432	203	136	292
436	202	134	293
441	201	130	294
443	199	129	297
449	198	129	297
455	196	128	300
459	195	124	301
464	195	123	302
468	194	110	303
469	192	129	307
471	191	129	309
470	190	133	309
468	189	133	310
465	188	131	311
464	186	133	312
460	186	136	313
457	185	150	313
457	185	137	317
454	185	154	315
455	185	144	317
453	185	150	317
451	185	148	315
447	186	149	315
444	188	151	312
440	190	149	311
438	190	156	309
435	194	150	306
432	195	155	305
430	196	151	305
423	197	149	302
422	197	161	302
416	200	158	301
412	201	167	299
408	201	170	299
402	201	172	298
399	201	173	300
403	201	165	299
400	202	169	298
406	201	160	298
409	203	152	295
410	202	148	296
411	203	143	296
413	204	138	295
416	204	133	295
421	205	128	293
423	206	126	292
422	206	126	291
426	208	126	288
426	210	137	285
424	211	132	285
426	213	138	282
426	215	140	281
428	217	146	277
427	219	144	274
428	220	143	273
427	220	143	273
426	220	143	274
425	220	145	275
427	217	144	277
425	216	145	277
428	216	144	277
429	214	147	279
431	213	142	280
431	212	141	282
433	209	134	285
433	209	131	287
434	208	129	289
433	208	128	289
431	207	125	290
427	207	126	291
418	207	129	290
416	206	129	291
417	206	129	292
418	205	130	292
419	206	130	292
421	205	130	292
420	206	129	291
424	206	131	290
425	208	129	289
426	211	129	286
428	214	130	282
430	215	136	280
430	215	136	282
429	216	141	280
428	216	144	279
429	216	147	278
429	215	153	280
429	214	151	281
432	211	156	284
433	210	158	286
434	209	149	287
432	206	148	292
432	205	144	293
430	204	137	293
428	205	137	291
424	204	139	290
422	204	140	291
422	204	140	291
420	203	140	293
421	201	141	296
422	200	139	296
422	200	138	298
420	200	140	301
419	202	138	300
421	202	137	299
423	203	134	297
424	203	132	295
423	205	132	292
423	209	141	288
422	213	151	284
422	214	155	284
421	214	160	283
421	214	158	282
423	213	158	282
424	213	159	282
428	212	158	286
431	211	157	287
432	210	153	286
433	209	153	287
437	207	150	289
447	204	148	292
451	203	138	294
452	201	147	293
452	201	145	293
456	199	142	297
436	195	150	311
438	193	157	319
435	186	145	326
433	195	155	325
403	82	181	442
398	72	207	455
401	75	219	449
403	80	222	444
406	72	231	457
410	69	222	461
409	73	222	453
405	114	213	415
403	84	220	449
382	218	209	299
390	219	154	282
391	214	160	282
396	211	156	285
399	210	158	287
400	209	159	288
398	208	160	290
397	209	162	289
398	209	163	288
399	210	162	288
402	210	161	287
403	211	160	286
405	211	161	287
407	209	161	288
410	209	162	290
410	208	161	290
410	208	160	290
412	208	151	290
416	206	146	292
417	206	145	292
415	204	145	294
417	206	143	293
418	204	136	293
418	206	134	291
417	207	135	290
418	208	135	288
419	213	133	284
420	214	131	282
419	216	132	281
420	216	131	280
418	216	132	281
419	214	131	283
419	213	131	285
420	212	130	285
420	211	130	286
419	211	131	286
419	210	132	286
419	211	131	286
419	212	130	285
420	212	130	286
420	212	131	285
419	212	131	284
419	211	131	285
419	211	131	286
418	210	132	286
418	209	132	287
418	210	132	286
419	210	131	286
420	212	130	284
420	214	130	282
420	219	130	278
419	221	130	276
418	226	129	271
419	230	129	267
417	230	131	266
416	229	131	267
415	226	132	269
415	216	131	279
416	210	130	285
418	202	126	292
418	194	127	299
416	186	128	307
416	160	130	333
416	130	131	362
414	137	137	358
395	146	156	344
407	169	145	312
391	166	156	315
408	175	140	310
411	175	136	314
415	183	132	307
416	190	131	301
418	197	127	294
417	197	130	296
415	195	132	299
412	193	135	302
415	193	132	302
411	193	137	301
412	194	138	300
414	195	136	301
413	196	138	300
413	196	138	300
410	196	141	301
408	195	145	302
403	195	148	302
401	198	150	300
395	198	155	299
390	198	162	299
388	199	161	298
382	198	164	298
378	199	161	297
373	200	160	297
375	199	159	298
374	199	158	299
373	199	157	299
372	198	154	300
372	196	148	300
371	196	142	302
369	194	135	303
368	193	132	302
370	192	128	302
371	193	127	302
372	194	126	303
371	194	127	303
370	194	132	303
372	192	129	305
369	193	136	305
365	194	143	304
366	196	149	304
361	198	166	301
351	196	183	303
349	196	195	304
360	194	184	306
348	195	194	306
330	194	223	308
326	194	220	305
317	193	226	307
311	192	226	308
312	192	220	308
324	193	204	310
330	193	193	309
341	194	170	309
350	193	145	307
352	194	140	308
352	193	134	310
352	193	128	308
351	195	126	305
350	197	126	305
349	196	125	303
348	197	124	303
346	197	125	303
343	197	126	301
340	198	128	302
337	198	132	302
335	197	128	302
334	198	128	302
335	198	126	302
333	200	124	300
334	202	122	297
334	204	119	296
335	206	123	293
335	207	128	292
335	208	133	291
338	212	131	287
337	214	132	283
340	215	128	281
342	215	129	281
345	216	127	279
348	217	125	279
347	217	126	278
349	217	126	280
351	217	125	278
353	216	122	278
355	215	118	277
360	215	115	275
362	217	112	276
368	217	107	273
374	218	107	273
373	221	114	269
377	224	111	266
376	230	110	260
378	236	107	255
380	240	106	249
384	243	107	246
384	244	115	245
388	234	117	256
388	239	112	254
388	246	112	246
398	256	105	232
380	270	117	217
412	189	128	300
421	166	143	328
425	165	129	329
427	165	141	327
425	166	128	327
431	166	131	328
430	165	128	328
429	164	127	329
438	164	124	327
442	163	130	331
443	164	128	331
446	165	131	331
448	165	128	330
452	165	127	329
452	165	129	330
451	164	126	328
452	165	124	329
455	165	124	328
457	165	128	329
458	167	129	327
457	167	129	327
459	168	125	325
460	168	129	326
456	168	134	326
457	169	137	324
456	170	138	325
452	170	145	326
451	167	147	329
450	166	147	331
450	165	152	332
448	164	154	335
447	165	158	334
444	166	160	333
443	166	159	333
443	167	157	331
448	174	146	322
453	179	138	317
464	200	131	299
508	248	95	240
516	248	85	235
519	250	82	232
515	248	86	234
524	248	79	228
522	247	82	226
527	250	80	223
531	250	78	221
532	250	80	218
531	250	81	216
537	250	81	216
541	251	83	215
541	252	88	218
544	252	91	222
543	252	95	226
547	252	106	223
550	252	106	220
554	252	106	219
556	252	110	221
558	252	109	223
561	252	109	221
564	250	109	220
571	251	103	218
575	255	100	213
578	257	97	212
581	254	92	217
592	255	85	214
589	251	87	219
601	255	80	214
603	254	83	218
608	252	82	217
611	259	89	211
614	257	92	211
615	259	94	208
619	261	93	207
625	261	88	206
626	262	91	205
628	262	91	206
630	262	90	206
631	262	89	205
633	261	88	209
635	260	86	211
637	258	86	209
637	258	85	209
639	258	84	210
640	257	85	211
642	257	86	211
643	257	84	212
645	255	84	214
647	254	85	215
646	253	86	215
648	254	86	214
649	254	86	214
649	253	86	214
650	254	87	214
651	253	87	213
652	253	87	213
651	253	89	214
652	252	91	215
653	251	92	217
652	251	95	216
651	251	97	216
651	251	100	215
650	251	101	215
650	252	101	215
649	251	102	217
648	251	98	215
645	251	100	215
642	252	102	214
637	253	104	214
636	253	102	215
627	253	108	216
630	255	104	213
623	254	110	216
622	256	110	214
619	255	113	216
615	255	116	218
613	255	116	218
611	255	116	218
607	254	116	220
602	255	112	220
598	254	115	219
596	253	112	220
592	253	111	219
590	253	112	219
588	247	108	227
587	247	107	227
583	247	102	227
580	251	96	226
582	254	93	220
579	253	93	222
578	253	90	218
579	253	86	219
574	255	89	215
566	255	96	215
565	252	98	219
563	253	97	216
559	254	101	216
557	255	101	215
553	255	100	214
548	252	102	220
542	251	100	220
534	248	94	224
522	250	103	225
521	249	99	221
515	250	103	220
509	253	109	222
508	252	107	221
503	251	113	221
512	249	104	231
515	253	98	218
515	253	96	218
514	254	95	215
499	238	100	241
481	228	112	255
454	152	140	336
448	149	128	352
446	153	122	347
446	155	120	343
446	156	118	342
444	156	120	341
442	155	122	344
439	155	123	345
437	155	128	343
435	155	127	345
431	153	129	346
430	155	126	344
433	154	120	345
432	156	121	342
431	156	123	343
431	157	123	342
425	156	133	341
425	156	136	342
423	156	137	344
422	156	138	343
422	156	138	344
422	156	138	344
423	157	136	343
422	157	136	342
422	157	136	342
423	157	137	343
422	157	137	342
423	155	136	343
421	155	138	344
423	155	138	344
420	154	140	345
422	154	139	345
420	154	143	345
420	156	146	345
417	155	149	344
416	155	149	344
415	156	149	344
414	158	147	343
414	158	147	342
411	160	150	340
406	161	156	339
400	163	161	339
401	163	158	337
392	169	160	329
389	167	159	329
454	197	131	302
488	248	104	238
496	255	95	217
503	256	93	213
508	255	92	212
513	255	89	226
516	253	91	214
516	256	94	213
520	256	94	212
524	257	95	211
524	259	102	209
528	260	104	209
529	260	123	209
531	256	131	214
535	257	130	212
539	255	128	214
546	255	138	213
554	254	148	209
560	255	134	209
574	254	138	210
576	253	134	207
583	254	130	213
583	254	133	211
588	255	118	211
596	257	118	211
598	257	121	209
605	257	107	210
610	259	103	208
614	258	98	207
620	258	94	206
624	259	91	204
629	257	90	204
632	256	93	205
635	256	94	206
636	256	91	206
637	259	91	203
638	259	88	203
639	260	97	202
639	260	105	201
639	259	118	202
633	257	138	205
625	260	142	202
618	264	149	199
619	260	147	202
617	262	134	200
624	257	148	207
640	260	120	202
645	259	100	203
655	258	89	205
660	257	83	203
665	257	78	205
667	257	74	204
668	257	78	204
668	257	81	204
671	257	83	203
673	257	87	203
672	256	91	203
673	256	90	204
675	256	87	204
677	256	97	205
679	255	102	206
681	255	111	206
682	256	109	204
685	256	114	205
685	256	114	204
684	255	110	205
687	255	109	207
688	254	110	208
689	253	109	208
685	253	110	208
681	251	116	210
680	251	116	212
679	250	117	212
679	249	117	213
679	249	120	214
677	248	124	214
679	249	125	214
683	249	122	214
686	248	120	215
693	248	114	215
701	249	106	214
707	250	102	213
708	249	103	213
709	249	108	212
710	248	106	213
709	249	111	211
703	248	112	213
697	248	126	212
695	248	131	215
690	247	124	217
688	247	131	218
686	247	131	217
688	247	131	217
692	247	121	217
697	248	117	216
700	250	104	214
702	250	99	215
702	251	98	215
702	250	95	215
701	251	94	216
699	251	94	214
695	251	95	215
691	252	99	214
689	251	99	215
685	251	102	216
683	250	102	217
681	250	101	218
677	249	101	218
674	250	99	218
673	249	95	218
668	249	95	217
665	250	93	217
663	249	92	217
660	250	94	217
658	250	94	216
655	251	95	217
652	251	97	215
649	250	99	216
647	250	99	216
643	249	101	218
640	248	103	219
638	247	102	221
633	247	103	221
628	246	101	222
625	247	100	220
623	246	98	223
619	247	94	223
615	248	95	222
607	247	101	223
592	245	113	227
583	242	121	230
584	240	119	233
577	240	124	235
575	244	123	231
572	249	126	228
571	250	124	228
568	248	127	232
568	249	123	230
564	247	122	232
564	247	99	231
560	245	96	232
554	244	90	233
547	244	92	233
541	244	94	233
539	245	91	232
538	245	90	233
533	245	91	233
534	246	89	234
530	245	92	235
528	246	94	236
525	245	97	236
520	244	101	237
517	243	104	238
514	244	111	238
511	242	119	240
512	240	128	241
510	239	133	241
509	239	138	241
508	239	139	241
507	238	137	240
505	238	135	240
504	238	132	240
504	238	128	240
504	238	122	241
504	238	120	241
503	238	116	240
504	238	113	241
505	238	108	241
504	238	107	239
504	239	106	239
505	238	105	240
504	238	105	239
504	238	106	240
505	238	105	240
506	238	105	239
505	238	106	240
506	238	106	239
507	238	105	239
508	239	106	238
509	239	107	238
509	240	107	238
510	240	107	238
510	242	106	237
511	241	106	240
512	241	106	238
513	244	107	235
511	243	108	234
510	244	109	232
507	245	112	232
506	245	111	231
504	246	114	231
499	247	117	230
494	248	118	228
489	250	122	228
480	247	128	230
481	247	126	231
474	249	132	229
467	257	138	219
467	259	134	218
468	257	129	222
459	258	130	219
446	257	131	230
420	159	153	344
402	145	186	368
407	139	187	376
428	139	170	373
433	137	173	376
430	136	186	376
443	134	182	374
461	134	173	375
417	199	137	298
425	231	110	244
422	237	112	236
421	246	108	228
417	249	109	225
416	249	107	224
413	250	111	224
415	250	106	225
412	251	107	224
413	252	103	223
411	254	102	220
411	255	99	219
407	256	98	218
402	257	100	216
405	257	93	215
403	259	92	213
404	260	90	213
404	261	87	210
403	260	85	209
402	261	86	210
401	259	86	210
401	260	84	209
399	260	85	209
397	261	86	207
396	261	86	208
393	260	89	208
393	260	88	210
393	261	88	210
392	262	88	209
391	262	86	209
389	261	86	210
388	262	86	209
387	262	88	208
386	263	90	209
385	263	90	209
383	262	90	211
382	261	91	212
380	261	91	212
378	261	93	212
377	261	94	212
374	261	96	212
369	260	100	212
362	260	105	213
359	259	110	214
357	258	113	215
355	259	115	213
354	260	116	214
351	259	106	214
349	257	99	216
350	257	95	216
348	258	94	217
347	257	93	218
345	257	94	218
343	257	95	218
342	257	95	217
340	258	98	217
339	257	100	217
338	258	102	216
338	257	105	217
339	258	108	216
342	259	112	217
344	258	111	215
349	259	110	216
350	258	108	216
351	258	109	216
353	257	106	216
353	256	108	216
355	258	112	216
353	257	114	215
356	259	112	215
357	257	112	216
360	256	109	217
367	257	105	219
369	257	106	219
371	258	108	217
373	257	110	217
376	258	112	216
384	257	109	217
386	257	114	216
387	254	120	218
389	252	123	221
390	254	123	220
392	252	122	222
399	251	116	223
410	252	105	223
413	253	100	221
417	253	96	221
422	253	92	221
426	255	90	220
427	258	91	216
428	259	92	214
429	259	92	215
430	257	92	216
433	256	92	216
435	256	92	218
436	255	94	218
437	253	96	220
436	255	96	217
438	256	101	217
440	256	102	217
443	255	105	217
443	257	108	216
451	256	105	217
459	256	100	215
466	257	96	212
472	257	99	212
476	258	99	209
478	258	98	210
479	260	98	211
481	260	97	211
483	258	100	213
484	259	105	213
486	258	108	213
488	261	109	210
490	258	108	212
493	258	106	212
496	259	105	211
498	256	105	213
499	258	106	212
500	258	108	212
502	256	107	214
505	256	107	214
508	256	104	215
513	256	100	214
516	255	99	215
517	255	99	215
520	255	98	215
522	255	96	216
523	255	96	217
523	254	96	217
524	255	95	218
523	254	96	218
523	254	96	218
524	254	95	219
524	254	96	218
524	254	94	219
523	254	95	218
524	253	94	219
523	254	93	219
523	254	93	219
522	254	93	219
522	254	92	219
522	254	92	219
522	254	92	219
522	253	91	219
522	253	92	219
521	254	92	219
522	253	91	219
520	254	93	219
521	253	91	219
520	254	93	219
521	253	91	219
519	253	93	219
520	253	93	219
520	253	92	219
520	254	93	219
519	254	94	219
520	253	92	219
519	254	93	219
520	254	92	219
520	254	92	219
518	254	93	219
520	254	92	219
520	254	92	218
519	254	93	219
519	254	92	219
519	254	93	219
519	254	93	219
520	254	93	219
519	254	93	219
519	254	93	219
519	254	93	219
519	254	93	219
519	254	92	219
520	254	94	219
519	254	92	219
519	255	93	218
521	253	92	219
519	254	93	219
521	254	93	219
521	254	92	219
521	254	93	219
522	254	93	219
521	254	93	219
523	253	93	219
523	254	93	219
522	254	94	218
523	254	94	217
524	254	94	217
524	254	94	217
524	255	94	216
522	255	95	216
523	255	94	216
522	255	94	216
522	256	94	215
522	256	92	216
520	256	92	215
518	256	93	214
516	257	94	214
513	257	96	213
511	257	97	213
510	256	97	214
508	256	97	214
507	256	96	213
506	257	95	212
506	257	93	212
505	257	93	212
505	257	92	212
505	257	92	212
505	257	91	212
505	257	90	212
504	257	90	212
505	258	90	212
505	257	90	212
506	258	90	212
507	257	90	211
507	257	89	212
508	257	90	212
510	257	88	212
510	257	89	212
511	257	88	213
514	257	86	213
515	258	84	212
517	258	82	212
519	259	82	211
520	258	81	211
519	258	82	212
520	258	81	211
518	258	83	212
519	258	83	211
518	259	84	211
518	261	86	211
519	264	88	212
520	268	88	212
521	272	90	214
521	276	93	215
520	279	94	213
520	282	94	214
522	287	92	213
523	290	90	217
522	294	89	216
524	297	86	216
522	301	86	219
521	304	85	219
520	307	83	218
520	310	82	217
519	311	83	214
518	311	84	216
517	308	87	218
517	308	86	219
516	305	88	221
517	305	89	220
515	305	91	220
518	303	90	221
516	302	92	220
517	303	92	219
517	302	92	220
519	302	90	221
520	299	91	222
520	299	91	223
523	297	91	223
522	296	91	223
523	295	90	222
524	295	88	222
525	296	89	221
524	295	88	221
526	296	89	221
525	296	89	221
525	298	88	220
527	298	88	219
525	299	89	220
525	300	89	219
525	300	90	218
524	301	90	219
525	301	90	219
525	300	91	219
525	301	91	220
526	301	90	220
525	300	89	219
526	300	90	220
526	300	90	220
526	299	89	220
526	300	89	220
526	299	89	220
526	301	88	220
526	301	88	220
525	301	89	219
526	300	90	219
526	301	88	220
523	300	90	219
525	298	91	221
524	297	91	222
524	296	91	223
524	294	91	223
524	294	93	223
522	293	93	223
523	294	94	222
522	295	94	221
522	297	95	221
522	297	95	220
521	298	95	220
521	299	95	220
521	299	94	221
520	298	95	221
520	298	95	221
520	298	95	221
519	296	95	222
519	295	94	224
519	295	94	224
519	295	94	223
518	296	94	221
519	298	93	221
519	299	91	220
520	300	91	219
519	300	91	219
517	301	93	219
517	300	94	219
517	300	94	219
516	299	93	220
515	299	92	220
514	298	92	220
514	298	92	220
514	297	91	221
514	297	90	219
513	298	90	219
513	298	89	218
511	298	89	218
511	298	88	217
510	300	88	217
509	300	88	215
509	301	89	215
508	301	89	215
507	301	91	214
506	301	91	215
506	300	91	215
506	300	91	215
506	300	91	214
506	299	92	213
505	298	92	212
504	298	93	212
505	296	93	210
504	295	91	212
505	297	92	212
504	296	90	211
504	297	93	210
504	295	92	212
503	296	93	211
501	296	94	211
500	297	93	211
498	298	94	210
496	298	94	211
496	298	93	212
493	298	94	211
492	298	94	211
489	298	96	211
488	299	96	210
485	299	98	208
484	300	97	208
483	301	98	208
483	303	96	209
484	307	93	208
487	309	90	208
489	312	88	210
490	314	88	209
490	317	89	211
493	319	88	210
494	322	83	210
494	325	84	210
494	327	84	210
494	328	84	208
495	331	82	207
495	331	83	207
495	332	84	206
494	332	84	206
494	331	84	207
495	329	81	207
497	329	78	206
497	329	79	208
497	327	80	207
494	325	83	209
490	320	86	210
487	316	87	212
483	316	91	211
480	312	94	215
480	309	94	215
480	307	94	216
482	307	91	215
482	305	90	213
483	303	88	213
483	303	88	213
485	302	85	214
480	297	88	217
478	296	90	219
475	299	89	215
470	298	95	215
465	297	98	216
469	295	92	217
460	295	98	217
452	294	105	217
451	294	106	216
449	292	109	216
448	292	109	214
449	292	107	215
448	292	108	214
453	291	102	216
454	292	102	213
459	292	96	214
456	291	99	215
458	291	96	215
457	293	95	213
458	292	94	214
458	291	95	214
455	292	97	214
453	291	100	215
449	291	102	216
445	291	101	217
441	289	102	218
440	289	100	218
440	288	98	219
440	287	95	219
439	288	93	219
439	289	87	218
441	288	87	218
439	287	85	220
440	287	81	220
439	284	78	223
437	282	79	226
437	281	79	227
436	282	79	226
435	279	80	229
429	284	83	225
429	282	86	228
427	283	88	225
423	282	91	225
422	283	92	224
421	284	93	224
425	283	89	224
425	282	88	225
429	283	85	226
431	281	82	227
435	280	78	228
437	281	76	228
437	279	74	228
439	280	74	228
438	280	74	229
439	280	74	229
439	280	73	228
439	280	73	229
439	281	73	228
439	281	73	228
439	280	73	228
440	281	73	228
440	282	72	228
439	281	72	228
439	281	71	228
440	282	72	228
441	283	73	227
439	283	75	226
437	286	78	224
435	287	82	222
434	291	83	217
432	289	85	218
431	291	88	216
431	291	89	216
431	291	90	216
431	291	91	216
430	290	91	216
431	290	90	217
430	290	91	217
431	290	91	217
431	290	90	217
430	290	91	217
431	289	91	217
430	290	91	217
429	290	92	217
429	290	93	217
428	289	93	218
427	288	93	219
426	288	94	219
426	286	94	220
424	286	94	221
423	286	93	221
422	286	93	221
420	285	93	221
419	285	93	221
418	286	92	221
417	285	92	221
416	286	91	220
415	286	91	220
414	286	91	220
413	287	90	218
412	289	90	216
411	290	89	214
410	290	90	215
410	290	90	214
408	290	90	214
406	291	92	214
405	289	93	215
403	289	92	216
401	289	92	215
400	289	94	216
399	289	94	214
398	289	94	214
397	289	95	214
394	288	97	215
394	289	97	215
395	289	98	215
394	290	100	213
392	290	102	214
393	292	103	213
393	291	103	214
393	291	104	213
392	291	105	214
391	291	106	214
391	291	105	214
391	290	105	215
389	289	104	215
389	290	104	215
388	290	104	215
386	289	105	216
387	289	102	216
385	289	103	217
385	289	102	217
385	289	102	217
385	289	102	217
384	289	99	217
385	289	98	217
386	289	95	217
384	288	96	217
385	288	94	217
384	288	94	217
386	289	92	217
385	289	94	216
383	289	94	217
386	289	92	217
383	289	95	217
384	289	93	217
383	289	95	217
384	289	93	217
383	289	95	217
383	289	96	217
383	290	96	217
384	290	97	217
384	289	98	217
383	289	98	217
383	290	99	218
382	289	99	218
383	289	99	218
383	289	98	218
383	290	98	218
383	290	96	218
383	290	95	218
383	289	94	218
383	289	94	218
384	290	93	218
382	290	93	217
383	289	93	217
382	289	94	217
383	290	94	216
382	289	94	217
383	290	94	216
381	290	94	215
383	290	94	215
381	290	95	214
383	290	93	214
381	291	96	213
383	292	95	213
384	292	96	212
383	293	97	210
385	293	97	211
387	293	96	210
390	292	96	211
395	293	94	211
396	292	96	212
402	291	94	212
405	292	95	210
412	290	91	214
418	290	89	212
423	290	87	211
428	292	87	211
432	294	87	208
433	295	94	208
436	294	94	209
438	294	94	208
443	296	95	206
445	296	93	205
447	296	89	205
449	295	82	205
450	293	78	207
451	295	74	205
451	289	74	212
452	294	72	206
451	289	75	211
453	294	75	207
454	283	79	219
454	290	79	213
454	287	79	215
453	294	84	208
454	297	87	203
450	300	93	201
448	304	92	199
444	302	93	201
438	298	94	205
431	294	106	209
424	286	112	217
417	279	107	224
418	275	133	226
413	274	109	229
411	275	111	228
402	276	107	229
399	279	102	227
398	281	96	225
396	284	94	227
390	284	95	226
383	284	98	228
383	282	97	229
381	276	97	235
375	270	101	243
367	263	102	250
366	260	102	252
362	256	99	255
359	255	99	257
354	255	95	262
353	256	93	260
351	261	90	257
348	263	86	256
341	266	87	254
336	266	92	256
331	266	96	259
327	261	99	265
321	256	103	269
310	248	108	277
302	246	114	279
295	244	116	281
285	244	124	281
272	244	132	283
256	248	148	280
243	249	162	282
225	251	181	285
231	254	164	286
221	254	166	286
213	253	167	290
209	249	154	294
207	245	144	298
201	240	136	301
189	239	136	304
174	239	142	303
148	239	166	297
146	239	169	300
136	240	174	300
121	241	188	305
121	241	188	312
115	241	191	314
114	237	190	319
124	233	177	324
124	232	174	325
123	229	168	326
125	228	165	326
125	229	159	325
105	227	172	327
83	225	198	330
72	224	207	331
61	225	212	332
59	225	198	336
58	227	188	338
57	226	185	338
58	223	178	342
60	217	175	346
61	215	175	348
61	213	167	348
63	212	161	350
65	212	155	349
64	212	155	348
62	212	157	350
58	210	161	352
55	208	169	355
52	205	175	358
51	205	179	357
51	205	195	358
55	204	195	361
59	204	200	362
69	202	211	363
78	203	208	363
83	203	207	360
88	203	202	361
89	204	201	360
90	203	197	360
92	204	192	361
95	203	180	362
96	206	176	358
97	206	170	358
101	206	164	359
106	208	163	355
107	209	159	353
111	210	160	351
114	212	155	348
116	211	155	346
122	213	156	338
125	214	153	335
126	214	153	343
126	215	154	342
128	214	151	341
131	214	148	342
130	215	153	341
133	215	149	342
134	215	150	342
135	215	150	343
135	215	151	343
136	215	149	344
137	216	150	344
136	216	153	344
136	216	155	345
135	217	159	345
135	214	158	347
139	216	158	346
134	213	166	349
141	212	174	349
145	207	172	352
144	204	166	355
142	193	161	366
142	181	155	378
137	162	158	404
138	158	153	408
141	167	152	401
141	188	150	378
141	191	150	376
147	213	144	345
144	216	150	337
143	221	148	335
139	228	151	334
137	233	154	328
141	240	148	321
136	242	149	317
124	243	143	317
111	241	153	321
101	238	164	327
92	234	173	332
82	232	189	333
80	232	199	334
56	230	229	340
30	227	267	343
12	216	285	354
7	212	292	350
1	204	245	362
7	200	216	375
11	194	175	378
4	195	154	379
5	190	153	380
2	187	140	385
11	190	125	379
2	276	142	299
114	304	126	221
151	336	85	182
157	340	78	176
160	344	76	172
160	344	77	172
160	343	77	173
159	342	79	174
162	343	76	173
158	343	79	173
161	343	77	173
159	342	79	174
160	342	77	175
160	343	79	173
160	342	79	173
159	343	79	173
160	344	78	173
160	343	79	173
160	343	78	173
160	343	78	174
160	343	78	173
160	343	78	173
161	343	78	173
160	343	78	174
161	343	77	173
160	342	78	173
159	343	78	173
160	342	77	174
160	342	78	174
160	343	77	173
159	343	79	173
160	343	78	173
160	342	78	174
160	343	77	173
160	342	78	174
161	342	77	174
159	342	78	173
160	343	78	173
161	341	76	174
160	341	76	174
160	339	75	175
160	341	76	174
161	341	75	173
161	340	74	174
160	340	75	174
160	340	75	173
159	340	76	176
160	340	76	175
159	339	76	174
159	340	75	175
159	341	75	173
159	340	75	174
159	341	76	173
159	341	75	173
158	339	76	174
156	342	78	172
159	344	76	170
160	341	75	173
158	342	76	170
157	345	78	170
158	340	78	174
157	344	79	170
159	342	79	173
156	343	80	171
159	343	79	170
158	340	81	173
158	343	79	171
159	342	79	171
161	342	78	171
161	341	77	172
161	342	74	172
163	341	71	174
164	340	70	175
167	341	66	176
166	338	65	178
165	342	64	174
168	340	60	175
167	346	59	168
165	347	62	169
160	344	66	173
157	335	69	183
165	342	66	176
165	342	65	175
165	341	64	175
166	345	63	171
165	344	63	173
164	344	65	174
163	346	68	172
162	347	69	169
164	347	68	169
166	348	65	169
167	349	64	169
167	349	64	168
167	351	65	166
167	347	66	170
164	343	69	174
165	347	70	173
163	346	70	171
164	347	70	173
163	347	72	172
165	349	69	170
165	347	67	170
165	345	68	174
164	343	68	173
166	343	68	176
166	343	67	171
168	344	66	173
168	342	67	174
170	344	65	173
168	341	67	174
169	342	65	173
170	342	65	173
169	339	66	175
168	342	66	174
168	340	67	176
166	341	67	174
167	341	67	174
167	341	66	175
166	337	66	179
168	340	65	176
166	338	66	177
160	333	72	184
146	317	84	197
136	283	93	230
130	283	101	233
120	275	111	242
118	266	117	253
88	228	149	315
47	189	198	383
62	184	195	388
67	188	198	382
74	193	198	377
92	197	189	376
107	198	170	371
122	200	157	368
131	202	152	365
139	204	163	361
149	203	153	367
158	202	143	365
166	201	133	363
176	205	121	359
182	210	150	355
170	125	162	439
161	127	177	439
163	129	186	440
161	150	205	418
190	209	188	364
234	214	149	353
230	216	144	345
223	218	143	340
221	219	147	340
222	219	173	335
225	221	157	332
216	223	171	327
224	227	162	323
225	230	163	321
218	232	175	317
227	231	172	317
229	233	160	316
231	232	156	315
236	231	157	316
239	232	169	318
239	231	161	317
244	231	162	318
246	232	167	315
246	235	165	312
250	237	158	309
256	238	149	309
260	239	140	305
260	240	137	304
262	242	132	302
259	240	137	303
257	239	144	304
254	238	152	306
253	236	155	307
254	238	153	305
254	239	147	304
251	241	148	301
249	243	145	300
250	244	152	300
245	245	154	297
249	245	144	296
247	248	140	294
246	249	145	293
244	250	149	293
240	249	154	292
235	250	158	292
236	250	163	294
235	250	163	294
239	249	152	295
238	248	153	296
236	248	155	297
240	247	157	299
238	248	151	296
246	247	156	299
242	247	149	299
251	246	146	300
249	246	142	297
253	249	154	295
252	248	173	296
250	251	175	294
250	251	161	294
254	253	151	291
257	253	150	292
255	254	162	291
259	253	158	293
263	251	156	296
261	249	156	298
259	245	162	302
257	245	157	302
255	243	159	303
252	241	158	306
251	240	174	306
239	239	180	309
239	239	176	310
240	238	171	311
240	237	162	311
245	236	162	314
239	235	169	313
245	234	167	316
242	234	172	315
247	234	159	315
246	233	167	317
246	233	160	316
247	231	162	317
248	231	161	317
248	231	163	317
249	232	165	316
249	231	171	317
249	232	181	317
248	232	191	317
250	233	179	318
251	234	202	314
250	234	176	316
245	233	223	314
252	233	196	316
248	233	223	314
245	232	194	317
237	232	221	316
241	232	197	316
235	232	232	316
235	231	226	315
245	230	212	317
243	230	197	319
249	233	192	317
241	234	199	315
245	234	189	316
241	236	189	314
241	235	178	314
242	238	173	313
239	239	171	312
239	239	167	310
239	238	157	310
236	238	157	313
236	238	158	312
235	238	159	311
235	238	157	311
232	238	156	311
235	239	150	310
232	240	154	310
235	238	150	310
232	239	152	309
234	238	150	309
233	239	153	308
233	238	152	308
234	239	152	308
231	239	154	308
234	238	151	308
230	239	155	308
232	239	153	309
229	238	156	309
235	238	148	309
229	238	154	308
232	237	151	308
231	237	154	308
231	238	154	307
232	237	154	307
234	237	152	308
235	237	153	308
235	237	155	309
237	236	152	309
236	236	155	308
231	237	158	309
235	236	153	311
233	235	154	310
235	234	152	310
232	233	154	311
233	233	152	312
234	232	152	312
231	232	156	312
229	233	161	313
230	232	161	314
229	231	160	314
231	232	161	314
235	232	155	315
236	232	151	313
238	233	150	312
239	234	147	310
236	236	155	308
237	238	152	307
236	239	148	306
237	243	144	300
242	245	138	299
241	248	139	295
243	248	138	295
242	248	140	295
242	249	143	294
243	248	143	295
242	248	141	296
242	248	143	295
242	248	143	296
242	249	142	295
242	248	140	296
242	247	140	297
242	247	137	296
240	247	137	298
243	246	132	299
240	247	136	298
242	246	135	299
241	247	138	298
241	247	136	298
240	247	135	297
239	248	135	297
242	249	131	297
241	250	132	296
244	249	129	297
242	249	132	296
240	250	134	296
243	249	130	298
242	249	132	297
243	248	131	298
241	249	134	299
242	247	133	300
244	247	134	300
245	247	136	300
244	247	137	299
243	247	139	300
243	246	138	300
243	246	140	300
243	246	139	299
244	246	139	300
243	244	140	302
243	245	142	301
242	243	143	303
241	243	144	304
240	242	144	306
239	241	143	306
236	241	145	306
239	238	141	308
237	238	143	308
237	239	145	308
234	238	149	310
237	239	149	309
232	239	154	309
236	238	149	310
236	239	150	309
237	240	149	308
234	241	152	308
236	241	148	307
235	242	150	307
236	239	149	309
236	239	148	308
234	239	150	308
237	241	149	306
235	241	151	307
237	242	148	306
237	243	147	305
237	246	148	303
240	247	143	300
239	254	144	293
242	259	140	288
243	262	137	285
242	265	138	281
244	264	138	282
245	261	136	284
246	254	134	291
246	249	137	296
245	239	140	304
246	227	140	315
244	206	146	337
246	183	148	359
242	158	161	383
233	152	176	372
235	182	171	333
235	194	160	323
244	191	146	324
246	199	148	323
251	204	145	321
252	200	146	330
256	220	146	322
258	236	140	306
251	249	148	293
248	250	150	293
244	250	155	292
250	250	154	294
250	247	159	297
247	246	163	298
250	247	159	298
254	249	152	296
260	252	142	293
260	254	140	290
260	255	141	289
261	255	138	288
259	255	141	288
259	254	140	289
258	254	142	289
255	253	145	291
249	251	149	293
248	249	153	295
246	247	156	297
248	247	154	297
253	246	149	298
254	247	147	297
257	246	143	298
257	246	141	299
258	246	142	299
257	245	142	299
257	245	141	299
256	244	142	300
255	244	145	301
251	243	149	302
248	241	152	302
243	241	158	302
243	241	160	302
243	242	157	304
233	242	163	303
230	248	165	299
218	245	175	300
217	248	175	297
209	244	174	303
198	245	178	302
199	241	162	305
198	242	155	304
196	241	150	306
194	243	144	303
190	244	143	302
187	246	142	299
181	248	146	296
181	249	145	293
181	251	141	292
186	250	129	292
182	251	129	292
179	250	125	292
173	250	122	289
167	249	124	288
157	248	133	289
145	247	143	292
137	248	153	293
133	250	158	291
129	251	161	290
124	252	162	289
117	256	165	288
106	257	176	287
102	258	175	287
99	259	165	287
97	256	160	289
87	259	160	284
86	258	156	284
78	258	158	283
76	258	149	283
74	257	136	286
75	256	134	282
70	258	131	282
69	256	130	283
64	259	132	281
62	260	126	280
61	261	125	280
59	262	125	279
57	262	121	277
54	264	122	274
54	263	119	273
53	264	119	271
49	265	120	271
45	265	122	270
41	265	122	269
39	265	124	269
36	266	123	269
32	268	125	267
27	266	127	270
22	269	128	268
19	269	134	268
13	271	135	267
11	270	139	268
9	275	135	264
7	279	134	261
6	280	132	258
5	289	131	249
3	286	131	253
1	291	128	246
3	290	124	244
1	291	126	247
2	295	124	243
1	301	123	236
0	303	124	235
1	299	119	237
1	298	121	238
2	296	119	239
1	295	118	242
1	292	121	244
1	290	118	247
0	289	118	249
2	285	113	253
2	284	108	255
2	284	103	257
3	285	98	254
4	287	98	252
3	287	99	253
1	286	98	253
3	284	99	254
2	284	91	254
3	283	86	254
2	283	82	255
3	284	79	256
5	284	78	255
4	285	74	255
3	284	74	256
3	284	75	255
2	285	75	254
4	284	78	255
0	286	82	253
6	286	85	250
3	284	87	252
6	281	90	253
4	282	87	254
5	281	85	255
6	282	85	253
5	284	84	252
4	283	83	252
3	284	82	253
4	285	83	252
3	285	81	253
3	286	89	250
1	285	86	251
2	284	89	251
2	283	93	254
2	281	98	255
2	283	100	253
3	283	99	252
4	284	99	252
4	283	104	250
3	282	103	253
4	282	102	254
5	282	102	253
4	283	103	252
5	283	104	252
4	283	106	252
4	283	103	251
4	284	102	251
4	285	100	250
4	288	102	247
5	289	97	246
4	291	96	243
4	291	93	242
3	291	93	242
4	291	90	241
4	292	88	241
3	294	86	240
2	294	85	241
3	295	89	238
3	295	86	238
2	294	88	240
4	293	84	240
1	291	89	242
3	293	90	239
5	291	94	241
5	291	101	241
4	291	103	244
3	290	108	243
4	288	113	244
4	289	118	245
4	288	119	246
6	287	118	247
7	289	117	244
10	290	114	243
13	292	115	241
12	291	113	242
15	291	107	242
15	292	107	241
15	291	110	241
14	291	112	242
14	291	116	242
13	291	119	242
13	290	122	242
14	291	114	242
14	294	116	239
13	297	117	237
13	294	109	240
12	294	106	239
14	292	105	241
13	293	104	239
11	295	104	238
11	294	105	239
11	295	109	236
11	294	108	239
12	293	108	240
13	290	109	242
16	290	106	242
19	290	103	243
19	290	102	242
20	292	101	240
24	295	99	239
20	291	102	240
22	290	102	243
20	289	103	243
23	289	103	244
22	296	104	237
19	300	110	232
15	295	118	237
13	291	121	241
13	290	131	243
14	294	133	238
13	296	135	236
14	296	130	237
15	298	128	235
16	298	121	235
18	296	119	237
19	296	116	237
20	299	113	233
20	299	115	232
20	301	114	231
19	298	119	234
19	301	113	231
17	293	118	239
17	300	113	233
16	297	124	236
20	299	124	235
19	299	121	235
18	299	117	234
16	293	116	239
17	280	124	253
16	254	123	277
22	223	135	308
18	223	142	318
13	223	146	315
13	228	143	310
16	230	137	311
17	230	133	310
26	232	127	309
22	233	139	309
17	233	147	308
16	232	142	311
14	232	136	309
20	234	121	305
13	232	121	311
6	232	133	311
0	231	137	309
2	231	129	313
7	240	123	299
5	241	126	298
4	240	124	302
5	247	123	295
14	257	117	284
11	271	123	270
0	254	124	281
13	271	125	268
28	280	127	258
21	288	132	250
25	281	133	253
22	285	139	248
20	283	140	248
26	282	132	248
19	281	140	249
30	279	125	250
35	278	123	251
39	278	120	250
38	277	119	252
38	276	119	254
35	274	122	254
30	274	128	254
33	274	121	255
32	275	126	254
28	275	127	253
29	273	125	255
28	274	128	255
25	273	127	255
28	272	128	255
25	274	126	254
25	272	130	255
24	273	127	254
29	272	125	255
23	274	124	253
30	270	121	256
22	274	126	251
28	272	122	254
25	273	123	251
27	273	123	252
24	274	122	251
27	273	121	252
23	274	126	251
25	273	120	252
24	274	121	251
24	275	121	250
24	274	121	251
23	275	121	251
23	275	125	251
21	276	123	250
22	277	123	249
22	278	124	248
20	279	123	248
17	280	120	247
15	285	119	240
16	281	116	244
14	282	113	244
16	283	112	243
15	283	111	243
15	285	111	242
16	284	110	241
15	285	110	241
16	285	110	241
15	286	108	240
15	288	106	238
15	285	106	240
15	285	105	240
16	285	104	240
16	286	103	240
15	285	102	240
15	286	102	240
16	285	103	240
16	285	102	240
16	284	103	240
16	283	102	241
15	284	100	241
15	284	101	240
15	284	101	240
15	284	100	241
15	284	100	240
15	283	100	240
15	284	100	241
15	284	101	240
15	283	100	240
15	284	100	241
15	283	101	240
15	283	100	241
14	284	100	240
14	284	100	240
14	283	100	240
14	283	101	240
14	282	101	240
14	282	100	240
14	282	101	240
14	282	102	241
14	281	102	241
13	281	104	242
12	280	105	243
12	281	106	242
13	283	105	239
11	284	110	236
9	285	109	237
7	283	111	239
8	282	109	240
8	283	109	239
7	280	108	241
7	273	107	248
5	272	109	251
5	273	110	251
6	272	108	251
4	273	109	252
6	271	109	251
7	271	108	253
5	270	109	252
9	273	105	252
10	272	106	251
13	272	103	251
16	272	101	252
19	274	104	251
19	272	106	251
21	270	107	253
20	276	116	246
25	266	118	256
28	268	118	254
29	269	115	251
32	268	113	253
32	266	116	256
32	266	116	257
30	259	122	262
30	257	118	263
30	227	130	295
33	220	125	295
38	242	109	277
39	241	110	280
42	240	110	277
43	241	120	276
45	239	112	277
46	236	112	283
49	235	114	286
50	237	114	282
50	241	111	278
55	238	121	278
51	236	118	282
53	235	125	283
53	233	128	284
50	234	133	283
51	237	134	280
54	236	132	281
54	237	135	279
54	239	139	277
54	239	146	276
57	241	143	275
63	245	146	269
53	251	148	264
68	255	153	256
59	252	156	266
81	253	140	262
67	256	153	261
79	256	147	258
89	257	138	256
97	259	134	254
112	262	126	250
125	263	133	248
124	265	139	248
130	263	134	250
131	267	123	246
136	266	123	248
138	264	127	249
140	262	132	252
136	263	139	251
155	263	123	249
167	261	129	250
181	265	111	247
179	265	113	247
189	264	128	247
187	262	119	248
189	264	132	245
177	267	135	242
179	267	159	243
186	267	135	243
190	265	123	245
189	266	119	244
183	265	109	244
186	268	105	243
187	269	111	240
180	269	114	239
177	273	119	238
171	271	122	241
167	270	129	243
166	268	144	246
151	268	140	247
147	266	116	249
147	264	113	251
142	264	112	250
133	266	121	247
111	268	140	246
100	267	151	250
87	269	161	248
83	269	157	252
85	270	152	251
81	271	152	251
82	272	135	249
81	272	112	250
66	269	111	251
44	267	129	253
21	265	146	256
10	268	158	246
3	269	154	252
2	265	150	256
1	264	146	259
0	265	143	260
0	266	143	258
0	267	137	257
0	265	134	260
