276	242	41	98
273	241	41	92
269	249	46	91
268	253	46	92
267	258	46	91
265	263	45	92
263	266	45	91
259	277	44	92
259	280	46	93
259	282	46	94
262	284	46	93
263	285	46	94
264	286	43	94
262	287	44	94
263	287	43	94
266	288	41	93
269	289	39	93
272	291	39	92
272	291	40	92
272	291	40	92
272	291	41	92
273	292	42	92
273	294	42	94
274	295	42	93
276	296	42	93
279	298	42	94
283	299	43	95
288	301	47	94
290	300	48	94
292	300	48	94
293	300	50	94
294	301	51	94
294	301	52	94
295	302	53	95
296	301	52	96
297	300	52	97
297	301	51	96
298	299	48	98
298	298	48	98
299	297	45	97
301	297	43	97
303	296	43	98
306	296	42	97
308	296	42	97
310	296	42	97
311	296	46	97
312	295	46	98
312	294	46	100
313	294	44	101
312	293	44	101
313	293	43	100
313	293	43	100
313	294	46	100
313	294	49	100
314	294	52	100
315	293	55	100
315	292	54	100
314	287	56	102
314	286	56	103
313	285	57	102
315	283	56	103
316	283	56	103
317	282	49	103
318	282	48	103
320	282	45	103
320	282	43	104
321	283	43	103
321	283	45	101
320	282	48	102
320	280	49	103
320	280	50	104
321	281	52	103
326	282	50	102
328	282	47	104
329	283	48	104
330	283	46	105
330	283	46	105
332	284	46	104
333	285	51	105
334	285	52	105
333	286	56	104
333	285	58	105
332	285	61	105
332	284	61	106
333	283	61	107
332	282	61	108
333	282	62	108
334	281	56	108
337	280	53	108
340	280	50	107
341	279	49	109
343	280	47	109
346	279	50	109
348	279	48	109
349	279	48	109
351	279	47	108
352	279	47	108
354	278	45	108
355	278	44	108
356	278	44	107
356	276	45	108
356	275	46	109
354	275	48	110
353	275	46	111
354	275	45	111
354	276	45	110
353	277	45	110
354	277	45	109
354	276	46	110
353	276	47	112
355	277	47	111
357	277	47	111
360	277	49	112
358	279	49	109
361	276	50	113
359	281	48	104
361	276	48	109
359	279	46	104
358	276	49	107
357	275	52	108
355	272	54	111
354	269	60	114
351	272	62	111
350	267	70	114
343	268	58	114
341	264	55	111
341	261	56	108
340	257	56	107
338	252	66	92
328	245	68	100
321	240	69	120
310	231	76	123
309	223	70	123
309	221	71	123
310	218	69	124
311	219	69	123
316	219	63	124
323	225	55	122
328	228	51	120
330	232	49	120
331	234	49	120
330	236	51	121
330	237	54	122
327	235	59	122
323	233	61	122
321	232	64	123
321	230	65	122
323	230	61	122
328	231	63	122
338	232	59	123
341	233	57	123
346	235	55	123
351	236	54	123
358	236	56	123
361	236	56	124
364	235	57	124
364	233	58	125
366	232	62	125
369	227	69	126
368	223	68	130
369	224	67	129
369	225	66	128
367	225	61	129
367	227	55	130
369	229	55	129
372	230	55	129
376	231	55	129
378	231	55	129
373	232	64	128
369	229	70	128
367	229	74	127
367	229	76	128
366	229	78	128
370	229	78	130
373	229	74	130
376	229	72	130
379	229	68	130
379	228	64	130
377	226	65	129
374	225	70	130
377	225	69	131
377	224	71	132
376	225	74	130
377	226	76	130
376	226	74	132
376	227	75	132
372	226	75	135
366	225	73	134
355	220	66	136
351	216	65	137
353	210	61	136
357	206	59	133
366	203	55	133
374	202	59	134
373	202	66	132
373	203	69	130
370	204	74	132
367	206	75	133
358	207	74	136
362	209	73	136
369	212	68	136
375	214	63	136
380	216	60	137
384	219	57	137
387	219	57	137
386	221	60	139
385	222	64	139
383	224	68	138
382	225	76	137
375	227	79	139
364	228	78	138
349	228	73	139
328	229	75	141
300	227	67	143
292	227	65	141
288	227	64	140
291	226	63	141
300	226	61	141
311	230	60	141
312	232	65	143
313	233	71	141
314	233	74	140
316	233	79	141
321	232	82	142
324	229	82	145
327	226	80	145
335	225	75	147
343	225	68	145
355	224	58	146
358	225	58	145
359	225	62	145
362	226	68	146
365	227	71	150
371	233	78	149
371	233	83	148
372	235	84	147
372	235	86	150
372	234	88	151
375	233	83	151
377	233	79	152
380	233	72	152
383	231	68	152
386	231	63	151
392	231	61	154
393	234	66	153
394	237	70	152
395	240	77	150
397	243	79	149
399	245	82	151
401	243	82	155
403	241	82	156
406	238	80	156
410	236	75	155
416	232	68	157
419	231	65	155
418	230	67	155
419	231	69	153
417	231	73	155
411	230	82	157
410	229	86	158
409	228	88	159
412	230	92	159
413	230	92	162
420	234	93	163
421	236	91	164
424	237	86	164
425	238	80	163
426	239	72	162
424	239	66	162
425	241	65	162
424	242	66	161
425	242	70	162
428	245	76	158
429	245	74	157
433	244	74	159
426	244	84	161
422	244	84	160
423	244	83	160
427	241	77	162
430	236	72	164
431	235	75	165
433	234	80	165
437	232	82	167
440	232	91	170
439	231	98	173
438	228	102	175
437	229	105	173
440	230	105	173
446	230	96	172
450	227	91	172
456	224	84	171
463	224	84	169
465	221	77	171
464	220	73	169
456	221	71	168
449	223	73	170
442	225	85	169
433	225	98	170
431	223	111	170
437	219	112	172
444	218	113	175
456	217	106	175
469	216	101	176
499	216	81	177
511	218	77	171
523	222	72	168
529	224	74	164
539	232	80	146
553	233	72	161
545	233	81	169
534	237	91	170
522	240	97	171
521	245	93	164
519	238	95	171
519	237	89	172
532	232	81	164
515	239	81	167
518	230	84	176
509	227	80	175
503	225	80	174
503	225	80	175
493	228	81	174
492	228	86	173
486	230	95	174
476	234	113	176
476	234	123	180
485	242	124	178
503	247	111	178
519	252	105	181
533	255	105	179
541	261	90	182
533	267	90	176
517	270	87	175
501	265	89	177
479	249	99	176
477	241	88	181
459	240	98	183
438	238	98	172
410	237	98	172
357	243	100	178
357	240	101	185
371	242	88	187
385	251	86	184
391	251	80	187
393	258	74	185
386	261	77	179
374	262	90	184
367	264	94	181
369	272	94	145
353	264	89	160
344	258	99	174
341	251	99	181
328	259	112	186
336	271	102	184
480	284	109	195
479	292	100	177
469	305	88	176
456	305	80	172
444	301	73	176
451	299	77	192
322	297	99	181
360	288	97	187
382	281	98	192
396	279	96	191
399	280	90	190
390	281	83	197
379	284	78	191
371	283	74	192
371	278	84	197
371	268	89	198
379	264	87	198
388	261	88	196
397	260	90	197
401	261	101	196
400	261	112	196
397	263	120	197
396	261	123	197
398	259	117	195
410	257	105	197
440	251	82	197
455	249	72	190
471	251	70	188
475	254	74	199
472	260	79	198
460	267	81	191
451	271	81	188
450	269	79	184
454	260	88	188
452	271	114	185
464	258	114	192
466	256	104	199
476	244	99	162
479	249	88	146
493	257	79	166
500	253	78	176
499	251	86	154
485	238	83	166
519	296	78	168
505	313	97	165
474	252	92	163
480	258	81	172
467	250	78	160
468	248	77	161
464	246	75	175
451	242	88	152
453	237	82	161
474	250	72	191
483	252	76	186
487	251	86	193
496	260	96	207
495	265	120	208
492	264	126	213
490	263	135	215
488	262	142	215
492	258	129	215
492	258	118	214
497	257	103	213
507	259	86	212
508	261	84	215
513	261	84	215
519	264	81	207
519	265	86	211
517	263	93	197
520	265	90	158
514	261	96	161
511	258	97	153
515	266	87	135
516	265	83	135
524	268	76	138
533	270	67	151
529	273	76	210
527	271	84	221
523	275	86	217
519	275	89	221
509	279	105	216
499	280	118	212
485	286	130	209
472	285	132	213
445	281	134	217
414	273	123	219
395	270	110	202
376	270	106	209
364	269	100	215
377	261	93	214
406	254	100	223
425	264	92	214
411	270	101	222
397	283	107	206
375	297	117	203
339	291	135	211
328	289	124	195
321	286	127	208
320	290	124	211
324	292	112	215
324	299	96	186
320	314	85	201
312	314	87	211
295	316	94	220
270	323	105	217
236	318	109	222
222	313	116	220
208	308	129	220
202	302	142	223
199	302	154	228
220	305	150	221
247	304	134	219
273	304	119	218
300	303	110	216
320	300	98	217
333	297	91	215
336	295	91	215
333	295	96	218
328	296	109	218
328	296	121	218
335	307	137	208
337	304	135	213
337	318	139	205
347	300	133	218
356	311	126	210
376	307	111	210
384	305	104	219
396	302	94	221
405	305	86	223
400	310	94	217
402	308	100	219
405	305	106	218
406	304	127	221
406	305	138	223
410	307	139	224
415	309	136	222
425	316	131	221
438	319	129	222
454	318	120	222
475	318	106	224
492	323	96	217
505	325	93	217
510	329	94	216
508	329	104	215
505	330	114	213
501	331	122	213
500	331	125	211
498	332	128	213
497	331	130	216
505	329	120	221
513	330	109	217
528	329	89	209
535	334	86	213
540	333	85	211
544	332	86	210
547	332	94	213
550	334	110	208
547	333	123	213
549	334	135	212
548	334	140	214
546	336	143	214
554	334	133	215
559	334	129	217
568	332	121	218
579	331	111	216
594	334	97	211
605	337	95	210
609	338	96	210
608	337	99	210
608	337	105	211
606	337	110	208
602	335	118	209
599	338	120	205
599	337	120	208
598	338	116	207
601	337	111	210
608	336	100	210
612	336	93	209
617	336	83	211
611	338	82	201
600	338	87	203
585	336	96	202
570	335	110	201
555	333	124	205
538	338	135	198
524	336	133	199
511	335	129	198
499	329	131	204
499	325	124	205
504	322	116	204
508	322	111	202
520	324	97	201
522	326	90	200
516	329	90	198
507	331	97	200
495	333	107	200
481	337	116	195
479	337	117	194
476	340	117	191
475	339	113	192
469	336	114	195
465	339	108	193
465	339	100	192
472	338	94	193
489	341	86	193
502	343	87	192
513	346	91	192
519	348	88	191
514	354	100	190
502	354	111	195
487	361	111	188
471	364	115	187
467	362	116	186
470	361	112	188
475	357	109	186
490	348	97	195
518	360	90	176
537	353	75	184
550	356	70	180
555	355	71	180
560	356	74	180
565	359	82	179
570	361	88	175
578	362	93	175
587	354	107	182
595	343	103	190
609	321	99	198
620	327	98	167
636	333	88	158
674	277	70	109
683	284	65	109
700	288	58	104
704	289	54	102
705	287	53	100
703	292	55	89
703	291	53	85
699	283	55	71
695	282	55	71
689	279	57	73
686	280	56	78
680	281	53	79
650	289	65	83
654	289	57	77
643	290	60	80
637	289	57	80
631	289	55	81
614	289	58	80
611	290	53	81
602	290	54	89
566	298	77	96
579	295	61	91
549	295	61	94
515	295	66	95
506	295	68	81
498	297	68	82
491	295	67	83
489	298	64	78
490	299	60	75
486	303	60	73
483	306	58	74
478	305	57	76
468	306	56	78
462	306	57	78
456	305	58	78
449	305	58	77
443	305	59	76
429	307	63	69
421	308	68	63
417	305	63	66
411	302	63	64
407	297	60	69
396	296	57	70
389	296	50	64
384	295	39	65
357	300	53	63
344	291	57	67
335	295	58	66
329	294	61	70
329	290	55	80
326	288	56	85
323	289	60	87
321	302	59	80
321	300	52	85
315	306	56	81
309	308	56	81
306	308	57	83
291	327	64	70
291	321	59	80
288	323	57	81
281	327	59	80
276	329	58	78
263	330	56	77
254	331	56	73
243	334	56	70
233	339	58	66
219	341	59	65
225	325	38	69
218	343	27	54
210	350	21	41
198	349	20	39
188	349	18	38
173	352	20	41
172	352	18	43
171	353	19	47
167	345	24	57
166	334	27	65
162	334	33	65
146	331	35	66
136	328	35	65
117	324	39	64
110	319	33	65
101	334	28	51
78	339	25	44
75	344	21	43
72	345	19	38
72	345	18	40
71	346	18	40
61	344	18	36
54	342	17	35
43	341	17	35
31	342	17	33
19	342	17	36
0	346	15	38
0	344	10	46
1	352	16	52
36	333	23	43
51	330	24	54
34	325	30	71
66	350	45	80
44	378	46	101
21	364	52	128
4	312	52	118
10	309	52	95
2	300	51	110
0	316	71	93
2	334	68	101
5	335	62	85
0	330	58	72
8	327	56	68
15	323	48	69
18	322	40	82
1	341	60	82
7	369	44	65
16	363	41	72
16	360	40	74
30	355	42	65
8	368	47	61
31	344	30	60
31	346	28	55
40	336	26	55
51	339	24	53
58	347	24	45
58	349	33	58
19	378	38	59
45	351	25	66
42	345	25	56
2	364	31	68
27	357	31	70
28	364	28	66
29	364	33	66
28	364	34	74
35	363	42	70
30	365	41	75
18	359	48	75
16	355	47	77
5	366	50	73
90	367	35	66
100	376	38	62
105	375	37	67
110	375	35	61
115	385	33	58
118	385	30	52
117	378	29	54
115	371	30	54
111	364	34	58
108	361	31	61
100	355	36	58
103	353	29	61
103	352	30	56
106	353	28	55
108	353	26	54
109	351	27	56
106	352	32	57
106	349	31	63
105	349	30	63
104	349	30	63
100	353	36	59
99	357	33	64
100	356	29	66
97	363	31	61
99	361	29	65
96	362	29	64
83	367	31	57
82	365	28	60
77	368	25	62
70	370	25	57
63	370	27	58
49	374	23	56
41	375	24	55
35	372	26	53
27	374	26	50
18	374	28	56
6	372	27	48
4	371	22	59
43	398	26	58
34	387	29	67
19	379	33	71
10	378	32	70
3	370	25	79
7	370	36	77
5	373	46	63
14	356	42	73
2	364	47	69
2	349	48	65
5	342	43	80
4	352	61	71
17	343	81	63
59	345	64	58
150	307	40	96
153	303	39	104
156	305	39	102
160	305	41	106
169	301	42	114
172	300	42	114
176	301	41	112
180	302	41	114
182	302	44	115
183	302	45	120
187	303	46	115
187	301	51	108
186	258	50	84
189	270	46	80
192	265	43	79
195	273	43	78
194	269	46	81
194	311	39	109
195	305	45	117
189	307	47	119
193	303	60	114
189	306	65	115
185	304	54	125
179	304	56	118
184	298	64	114
175	297	59	113
184	294	55	109
189	287	66	119
193	278	78	116
182	282	78	114
181	261	80	131
214	262	80	140
204	259	89	150
212	280	93	146
230	283	124	151
356	267	137	135
399	304	101	163
393	307	112	136
251	364	85	152
207	349	83	150
177	345	81	145
155	315	79	154
213	263	89	124
198	247	90	110
223	251	85	123
215	247	95	117
223	249	75	133
192	275	67	126
169	300	104	119
92	311	121	125
84	296	111	120
78	305	72	111
79	300	60	122
93	286	81	117
138	249	80	133
144	249	82	122
94	213	81	87
106	190	51	89
115	193	44	85
121	208	47	81
73	195	111	124
131	303	97	134
153	288	112	134
165	330	101	132
177	300	104	138
220	321	90	131
232	315	79	131
253	330	62	129
230	315	79	122
223	288	75	136
215	216	88	149
191	178	108	121
122	205	108	140
111	179	85	168
105	139	95	169
118	97	104	175
235	89	110	136
260	75	99	137
251	69	108	124
252	41	113	108
262	59	93	86
278	60	63	97
287	77	50	89
291	88	48	87
297	100	56	91
336	123	54	81
360	162	50	78
372	173	58	86
407	195	57	89
385	208	94	71
478	204	64	101
477	153	63	90
473	139	55	84
451	158	69	56
441	143	59	59
391	130	85	48
369	90	47	76
363	116	54	65
341	121	57	85
318	122	76	60
281	151	86	65
255	151	98	118
214	132	116	138
190	131	111	116
152	125	127	118
80	86	143	98
112	76	120	85
25	96	113	133
13	59	166	106
0	43	166	108
37	36	145	91
84	33	106	91
130	70	98	114
166	63	79	122
177	53	84	123
213	112	71	105
192	97	104	114
148	64	103	136
135	50	111	149
46	58	125	158
16	66	108	150
38	83	90	173
216	113	112	163
245	141	87	137
237	145	71	128
213	146	63	118
188	145	62	116
164	149	75	111
155	156	69	119
138	158	66	125
115	162	56	108
91	165	59	101
72	164	60	104
91	170	73	95
75	168	62	106
74	175	60	106
61	174	61	104
71	180	60	103
72	182	61	107
64	186	57	113
57	198	60	122
55	207	58	130
42	206	57	128
49	208	55	124
38	220	58	106
42	221	62	119
38	223	58	134
29	216	66	128
31	219	58	124
27	224	56	110
30	229	61	102
18	229	52	104
16	225	59	111
10	231	52	96
5	232	51	107
46	245	53	98
39	243	64	108
23	227	87	133
51	232	77	103
1	242	95	91
11	224	67	109
21	221	54	101
18	220	53	102
19	222	52	96
24	217	46	104
31	227	41	96
25	235	42	95
15	239	45	98
3	249	44	107
2	246	44	124
3	266	41	117
4	280	47	105
4	268	37	119
7	267	42	121
4	254	35	137
0	301	46	87
0	282	41	102
0	267	34	115
0	268	29	109
0	264	23	107
0	268	23	99
0	272	24	94
0	271	23	94
1	273	25	93
2	273	28	92
2	272	28	94
2	269	28	94
2	270	29	94
1	276	34	95
0	302	45	82
2	307	45	87
3	307	44	93
4	270	33	121
81	268	56	106
79	269	54	111
98	255	56	77
105	266	52	65
112	260	44	64
114	259	40	58
125	256	37	56
124	256	40	59
134	253	37	57
133	253	36	56
139	254	37	56
141	254	36	56
140	263	40	54
144	263	41	54
146	262	39	56
147	264	37	56
145	264	38	56
142	266	41	56
140	269	41	56
130	276	37	67
132	274	33	68
134	272	30	57
134	256	42	56
182	262	38	79
168	262	44	77
160	263	54	80
162	267	46	76
163	279	47	80
166	283	46	85
166	277	43	82
158	273	53	90
145	264	66	112
125	267	53	101
108	252	55	115
92	248	61	116
85	241	58	111
79	239	54	110
80	235	50	106
63	239	50	101
58	235	46	111
43	254	43	102
26	259	46	114
17	310	63	105
2	311	60	95
0	296	50	91
0	292	41	101
1	284	39	94
2	283	43	89
4	256	44	114
16	267	50	108
20	269	53	115
2	316	49	135
0	337	48	126
0	312	31	85
0	316	24	72
0	318	20	67
0	324	21	69
2	342	30	62
7	300	47	84
24	299	58	118
41	267	63	122
102	269	75	74
111	269	64	74
106	266	52	76
102	269	56	71
97	267	57	73
93	270	63	78
95	267	70	76
106	270	87	73
90	270	102	64
89	273	82	76
80	271	77	72
83	275	79	67
82	275	87	67
86	274	96	73
79	264	112	75
75	269	95	88
72	273	80	79
70	273	80	73
69	283	97	64
69	275	83	74
65	282	71	70
61	286	59	66
60	290	51	69
63	284	45	73
54	293	52	56
55	295	47	64
54	293	44	60
46	296	40	70
54	293	47	60
52	290	47	64
57	289	46	69
50	288	51	68
51	288	55	77
42	289	57	77
35	291	64	71
33	293	69	74
20	292	81	76
32	289	75	82
29	298	83	91
171	338	52	96
171	342	47	95
164	337	48	93
147	334	46	97
137	334	48	101
132	335	52	102
124	336	54	105
117	341	54	103
117	356	53	89
121	356	49	92
117	354	51	91
116	349	51	95
115	346	52	100
110	349	51	104
106	351	45	93
108	352	46	92
102	351	45	98
99	351	45	91
87	352	47	88
87	353	43	98
84	360	46	91
84	361	46	87
80	361	49	94
78	361	50	97
77	359	56	96
82	356	52	95
79	356	49	92
77	356	47	92
76	359	46	92
73	360	48	97
69	362	48	97
72	359	47	100
72	358	45	99
61	355	50	98
55	354	53	101
50	354	57	101
49	353	58	102
41	354	65	103
37	358	63	100
31	357	62	99
24	357	64	104
23	355	61	108
21	357	58	108
9	356	59	106
5	355	51	99
3	355	48	94
1	355	47	96
0	354	42	99
0	357	39	97
0	362	36	91
0	365	35	89
0	368	35	87
0	368	35	88
1	367	32	89
0	368	30	87
0	370	27	81
1	371	27	77
6	363	28	87
6	345	41	100
17	281	66	86
25	258	87	89
26	238	85	112
13	208	70	128
92	237	46	98
95	230	40	81
86	233	41	78
84	228	39	85
81	224	37	89
57	216	41	84
54	209	36	103
22	204	53	103
9	186	50	122
3	164	47	136
21	114	59	137
2	85	78	95
0	105	72	77
0	108	64	83
1	115	41	138
0	113	39	138
81	110	57	76
84	107	51	83
78	106	51	85
87	99	70	87
45	93	59	89
44	90	56	95
40	92	51	88
56	82	59	98
42	97	69	94
48	77	72	97
35	103	63	86
72	103	59	113
30	106	65	99
28	107	54	93
35	101	63	91
58	73	88	105
44	117	90	108
52	76	90	114
54	111	81	109
59	108	76	112
68	105	86	115
117	87	70	119
115	97	72	105
116	97	66	111
67	115	79	113
76	93	72	134
62	94	90	121
58	83	89	123
47	75	67	127
47	84	67	99
50	88	72	95
51	92	64	110
48	97	64	105
44	101	67	101
47	89	68	100
48	82	65	115
51	76	69	95
57	76	65	115
52	73	77	87
54	68	72	107
51	73	82	110
42	73	75	121
41	69	85	114
26	75	81	96
31	72	67	94
28	74	80	86
35	69	84	92
34	67	76	81
34	70	66	90
35	67	63	87
27	89	62	112
23	80	72	117
19	84	68	107
22	85	73	96
21	81	71	96
28	85	76	83
36	80	82	86
36	86	70	83
44	82	66	84
49	83	62	95
29	110	77	101
55	99	65	117
54	99	63	112
48	104	68	103
48	104	64	99
37	112	65	96
38	92	59	101
36	92	62	85
34	92	52	91
33	91	57	92
32	89	63	91
32	90	60	95
32	90	60	91
31	93	59	89
32	89	59	89
35	85	65	95
37	83	75	94
43	80	74	97
25	96	86	122
5	121	76	127
19	139	70	103
26	138	64	97
34	137	57	92
44	131	55	93
44	133	51	88
61	87	71	84
94	123	63	88
86	124	60	88
83	126	61	80
128	119	51	88
138	120	48	81
146	118	46	81
134	118	46	77
148	115	43	79
134	110	50	77
136	94	56	88
134	93	58	87
136	94	57	83
141	87	57	87
131	86	56	86
131	81	57	91
116	83	59	87
103	80	60	86
96	75	62	94
104	95	69	104
121	115	72	104
144	116	70	120
168	68	73	127
155	102	98	107
144	112	93	106
154	117	73	92
153	115	64	90
197	76	67	112
165	101	88	96
153	98	102	97
168	103	94	99
179	94	104	110
209	59	83	130
200	54	83	131
206	61	83	119
172	79	85	128
184	68	85	127
179	68	94	145
222	51	93	143
239	61	86	144
243	82	107	133
255	86	107	155
265	97	108	148
270	125	105	136
257	123	101	142
228	191	104	135
236	146	96	140
202	177	99	112
249	116	92	137
229	124	92	147
167	104	83	139
145	88	86	153
115	76	90	151
99	55	124	151
69	42	126	147
43	44	109	183
2	28	104	147
53	54	80	180
26	80	79	164
16	70	77	182
1	92	64	180
1	111	58	163
3	142	60	153
6	156	63	175
0	161	69	155
8	204	69	157
6	306	101	106
2	295	97	125
10	186	78	168
9	151	73	168
128	157	77	129
137	153	73	128
125	154	78	126
133	148	71	126
107	170	76	120
109	125	68	123
105	147	70	120
90	129	67	106
91	166	72	104
92	161	70	105
91	132	92	109
198	155	84	120
195	155	73	134
217	84	77	109
209	94	77	98
234	76	72	106
264	49	53	114
272	62	55	108
232	132	89	119
253	242	62	102
279	238	55	85
318	239	42	75
328	239	39	69
334	239	36	66
336	239	34	64
336	236	31	67
313	210	39	57
336	227	36	67
343	226	34	69
349	227	34	69
347	209	42	67
346	204	47	73
348	204	44	71
337	219	52	68
340	214	49	75
324	256	45	60
326	254	32	63
323	252	34	62
325	252	31	63
322	251	32	67
311	252	38	65
297	233	44	62
298	232	44	68
298	232	47	75
295	231	46	70
292	269	45	74
291	272	40	66
291	274	33	64
290	274	31	66
288	276	30	62
291	280	32	62
298	279	30	65
295	273	30	57
296	272	34	62
296	259	35	62
294	261	32	58
293	261	34	60
289	258	32	62
288	260	36	56
290	258	33	59
287	258	35	58
287	252	37	62
285	251	34	60
286	248	32	65
282	246	31	66
291	245	30	62
299	241	37	65
301	241	36	64
306	240	34	60
302	235	30	53
304	233	29	58
310	224	30	65
314	221	30	64
312	216	32	66
306	214	31	62
307	213	31	58
307	201	33	61
302	199	39	64
310	195	40	66
314	192	39	51
325	189	35	65
338	190	32	63
333	188	33	66
328	189	37	64
326	189	38	64
319	187	38	69
322	183	38	71
326	184	38	66
315	186	37	64
310	191	33	67
309	191	30	63
303	197	27	59
296	199	30	67
286	204	32	61
283	204	31	62
291	204	32	61
306	200	34	70
305	199	34	69
301	197	33	70
296	197	31	71
272	200	30	63
283	203	31	63
284	202	29	65
282	204	30	66
278	204	35	64
264	202	41	64
280	208	33	61
277	206	31	63
277	208	31	61
278	209	30	60
279	210	31	59
282	211	32	61
280	208	33	65
261	209	35	56
283	204	30	59
281	201	28	61
308	191	33	68
285	186	44	70
264	169	50	68
265	181	49	51
291	180	34	62
285	172	34	52
287	177	33	55
295	155	39	58
300	150	45	65
294	152	51	68
302	154	43	81
305	190	40	62
332	188	32	64
340	187	30	64
344	185	28	65
340	182	30	68
339	182	29	67
