431	204	44	110
431	202	45	115
434	203	44	115
435	202	44	114
436	202	43	115
435	202	44	114
434	202	44	114
434	203	44	115
432	202	45	115
432	202	44	114
430	203	45	115
431	203	44	113
430	203	45	114
431	203	43	114
428	203	46	111
428	204	45	106
428	202	45	107
427	203	46	104
429	203	44	100
428	202	46	113
429	202	47	116
432	203	44	116
430	202	45	116
432	202	44	116
433	203	43	116
432	202	45	115
432	202	44	115
431	202	45	116
430	203	45	116
430	202	45	116
428	202	46	115
426	202	48	116
425	202	47	118
423	202	44	118
424	203	43	117
425	203	41	116
424	202	42	116
423	202	44	116
422	203	46	115
420	203	44	116
419	203	41	115
417	203	41	115
413	203	43	114
413	204	43	114
411	203	43	115
408	203	47	112
406	203	48	113
407	202	43	113
405	203	43	112
406	203	41	115
407	202	41	113
407	202	41	113
407	201	41	113
407	201	42	115
407	202	43	115
408	202	45	115
406	202	44	117
408	203	45	114
406	203	43	116
407	204	45	115
405	204	44	114
403	204	44	114
401	203	46	115
398	204	46	115
399	206	45	112
398	214	45	105
398	210	45	109
396	215	47	104
397	216	45	103
397	215	44	104
397	210	45	110
396	215	45	105
396	204	44	116
395	207	45	112
395	214	46	106
394	210	45	110
396	216	45	102
397	210	46	110
399	210	44	110
398	207	44	112
398	206	45	114
398	204	44	115
397	202	47	117
397	204	47	116
396	204	48	115
396	205	48	116
397	205	46	114
397	202	46	116
399	203	46	117
397	201	45	117
397	203	47	117
398	203	47	116
398	202	46	116
398	203	46	116
399	202	46	116
399	203	46	117
399	203	46	116
399	202	45	116
398	203	46	116
398	203	46	116
399	203	45	116
399	203	45	116
400	202	44	116
399	203	45	117
399	202	45	116
399	203	46	116
400	203	45	115
400	204	44	115
400	203	45	116
400	204	45	116
400	203	44	115
399	203	44	116
400	204	44	116
399	203	44	115
401	203	44	115
400	204	44	115
400	203	45	116
400	204	45	116
401	203	44	116
400	203	44	116
401	203	45	116
401	202	45	116
401	203	45	116
402	202	44	116
401	204	45	115
401	203	44	116
401	203	44	116
401	203	44	115
400	203	45	116
401	203	43	115
401	203	43	116
401	204	43	115
401	203	44	115
401	204	44	115
401	202	43	115
401	202	43	116
400	202	43	115
400	203	44	116
400	202	44	116
399	203	44	116
400	203	44	116
400	203	44	116
399	202	44	116
400	204	44	116
400	203	44	116
399	202	44	116
400	204	43	117
399	203	44	116
399	202	44	116
398	203	45	116
398	203	44	116
399	202	44	116
398	202	45	116
396	202	45	117
397	203	45	117
398	202	45	117
397	203	46	116
397	203	46	116
396	203	46	116
397	203	46	116
396	204	46	117
397	202	45	117
397	203	46	117
396	203	45	117
397	203	46	116
398	203	45	115
398	204	46	117
400	203	43	115
399	202	44	116
398	204	45	116
398	203	44	115
399	204	44	115
398	204	44	114
396	204	45	116
398	203	45	114
397	204	45	114
397	203	45	115
398	205	44	114
398	203	44	115
397	202	44	116
397	204	44	115
397	205	43	114
398	204	43	115
398	203	44	115
398	204	44	115
397	203	43	116
398	205	43	115
397	203	43	114
398	204	44	114
398	204	44	115
397	203	44	114
399	203	43	115
398	203	43	116
398	204	43	115
398	203	44	115
399	203	43	115
398	202	43	115
398	203	43	115
396	204	44	114
395	202	43	116
395	204	43	114
395	211	43	109
392	206	44	113
392	212	43	108
394	219	42	104
394	210	43	113
395	222	45	103
396	218	45	107
396	217	46	109
396	219	46	111
397	220	47	112
397	221	46	113
397	220	45	114
398	220	45	116
398	222	46	115
401	222	45	119
402	222	45	119
403	223	47	119
404	223	47	119
405	223	48	119
406	225	47	120
403	226	48	120
404	227	46	119
405	228	45	118
406	228	46	122
407	230	45	122
408	232	45	123
410	231	47	123
408	232	50	123
408	232	49	123
409	232	49	124
407	234	51	125
407	235	51	125
408	235	48	124
408	235	48	125
408	236	47	127
410	238	46	125
411	241	48	128
413	241	48	127
410	241	52	127
411	240	56	128
413	240	55	128
414	242	54	128
414	244	54	129
415	244	53	129
418	243	51	131
421	244	49	131
421	245	50	130
425	245	51	129
429	247	52	133
432	246	52	134
435	247	53	133
439	246	54	135
442	247	57	134
444	246	56	134
448	246	55	132
453	247	48	133
455	247	45	132
454	248	46	133
455	251	49	134
461	250	47	135
468	250	42	134
475	251	42	133
477	252	45	134
479	252	46	133
482	253	55	132
482	253	61	137
491	252	55	129
494	252	51	133
498	254	49	140
500	254	48	141
503	255	47	137
505	256	47	138
509	257	46	141
511	259	47	140
512	259	48	139
512	259	51	139
514	260	53	140
516	260	53	138
517	261	54	138
514	263	58	142
514	263	61	141
517	265	59	139
521	265	56	140
526	264	53	143
529	267	52	139
530	266	50	139
531	266	49	146
532	269	47	144
531	270	49	143
530	271	51	142
529	269	53	144
527	270	55	145
527	271	56	145
525	271	58	140
525	271	58	140
524	272	55	145
525	274	52	147
524	275	50	146
524	274	50	146
525	276	51	144
517	275	58	147
517	277	59	144
519	277	58	144
513	277	63	145
513	280	68	150
516	280	66	149
521	280	60	148
522	280	59	147
521	281	59	149
522	281	56	150
519	281	57	150
517	283	58	147
516	285	58	152
508	287	65	151
510	286	65	152
509	286	65	151
502	287	70	152
503	287	72	150
505	288	67	150
513	288	62	153
516	293	55	149
519	293	53	148
519	291	51	150
519	289	53	152
518	289	56	152
514	288	59	153
504	289	68	152
501	289	66	152
500	289	64	153
501	290	60	153
506	291	52	151
507	291	49	152
505	291	49	152
502	291	50	153
499	293	52	154
495	294	54	154
492	294	56	154
488	294	58	153
487	294	55	153
489	294	49	153
476	293	60	153
466	293	74	156
465	292	77	156
474	292	70	153
483	293	59	153
487	292	55	152
480	292	59	153
482	292	55	152
477	292	57	152
470	292	63	152
460	291	69	150
452	292	64	149
443	291	65	149
438	292	68	149
442	292	63	148
433	292	71	149
437	292	67	151
433	292	68	149
433	292	62	149
426	292	61	149
414	290	75	154
407	290	80	154
420	291	66	153
425	292	60	154
428	293	58	156
424	293	62	154
425	293	62	153
444	294	65	151
481	292	65	150
502	291	63	152
541	292	63	149
550	298	60	156
553	301	60	154
554	301	61	153
555	299	60	154
555	300	63	152
555	299	62	153
555	301	63	153
556	300	59	151
556	296	61	155
555	300	59	151
554	298	60	153
553	298	60	155
551	297	62	156
553	298	60	155
553	298	60	154
553	299	61	153
552	299	61	154
553	299	60	154
551	300	62	154
550	299	63	155
550	300	62	154
550	300	62	154
550	299	60	153
550	299	60	153
550	299	61	155
551	298	60	154
551	299	61	154
552	299	60	153
552	303	60	149
554	301	58	151
553	300	59	153
552	297	60	154
554	298	58	155
552	300	60	153
552	298	61	154
551	300	61	154
553	300	60	153
552	299	61	154
552	299	61	153
552	298	61	154
553	299	61	154
553	301	61	152
552	300	62	152
550	301	62	152
550	301	61	152
549	301	58	152
549	301	58	152
547	303	56	150
549	307	56	147
548	302	53	150
548	303	53	152
550	302	49	154
552	303	47	154
551	303	48	154
550	301	50	155
543	303	56	151
556	311	49	146
558	311	52	147
562	307	50	152
558	306	56	153
560	304	59	154
558	307	63	153
561	307	59	153
561	303	62	156
566	306	58	154
568	305	58	157
570	308	57	152
572	309	56	152
572	307	57	156
574	304	53	160
575	307	52	158
573	308	53	156
569	308	56	155
566	308	56	155
563	308	57	157
564	308	55	157
566	309	52	155
563	309	55	154
563	307	54	157
560	308	57	157
561	308	56	156
561	308	56	157
560	308	56	158
563	308	54	156
564	309	54	155
561	307	56	157
565	307	55	158
567	310	50	155
565	312	50	152
568	312	48	152
566	313	49	151
566	312	48	153
564	310	50	155
566	310	49	154
566	309	50	154
564	309	50	154
566	309	48	154
566	307	49	155
562	305	53	159
565	306	54	159
511	295	52	144
516	296	46	143
513	294	51	144
512	293	50	150
511	293	48	146
511	291	44	144
506	293	44	141
567	309	48	153
566	308	51	156
566	309	52	154
568	307	48	156
570	308	48	157
568	310	48	156
573	309	44	155
571	309	45	154
570	308	47	156
570	308	45	156
568	307	45	157
561	307	53	157
561	307	52	156
571	307	43	156
568	307	45	157
571	306	45	158
569	307	47	158
569	307	48	158
567	306	47	157
568	305	46	158
557	306	56	158
559	307	55	158
558	307	56	156
563	307	52	156
568	307	47	156
568	307	47	157
572	307	45	156
568	307	46	157
572	307	44	157
569	307	44	156
568	306	46	156
563	305	48	156
555	306	57	155
556	305	54	154
556	305	54	155
555	305	54	155
554	304	58	155
548	304	64	157
545	304	60	154
544	303	59	157
542	303	62	154
537	301	62	155
538	302	55	150
528	302	57	151
534	298	53	153
482	279	53	142
495	279	51	141
508	278	46	142
516	276	46	155
524	287	64	163
532	288	59	160
534	289	55	153
525	299	51	146
524	298	56	149
522	298	57	150
524	299	57	154
526	299	55	154
533	298	51	156
534	299	51	154
535	299	51	154
534	299	53	154
531	299	57	154
529	301	58	153
527	301	60	152
528	302	59	150
531	300	57	152
530	302	56	151
532	300	56	151
531	301	55	151
530	301	57	151
531	301	54	150
530	301	54	151
529	300	56	151
531	301	52	149
529	301	54	148
530	301	53	150
529	304	54	146
528	304	58	144
527	288	58	161
528	302	60	148
530	301	55	149
529	301	56	150
527	301	59	152
528	300	61	151
529	300	58	150
529	301	59	151
530	300	58	151
530	301	56	151
528	300	59	152
531	300	56	151
529	300	57	153
530	299	56	152
532	300	55	151
529	301	55	153
532	299	55	153
531	300	55	153
531	299	54	153
530	299	55	153
531	299	54	154
531	299	55	153
531	300	54	153
531	299	55	154
530	299	55	153
530	299	54	153
527	300	56	155
528	298	54	151
525	299	54	153
526	298	53	154
524	298	53	153
524	298	46	140
524	298	45	145
522	299	46	147
521	298	45	139
516	298	47	143
516	298	46	145
514	298	47	146
510	298	50	143
507	298	53	140
497	298	61	126
494	299	60	123
492	300	59	127
487	296	58	130
486	295	57	128
483	292	56	126
481	292	50	116
477	289	47	95
473	292	52	115
473	298	51	122
459	289	53	107
458	288	47	96
459	288	40	92
454	286	40	94
445	285	51	102
444	285	50	100
440	284	49	99
439	285	48	102
433	283	51	102
431	284	50	100
426	282	52	106
416	281	55	108
411	283	51	106
406	282	48	106
400	281	52	106
396	279	54	109
389	278	55	115
386	277	53	113
381	276	52	119
378	278	50	108
375	274	49	112
371	272	48	113
368	275	45	105
363	276	44	105
356	275	44	106
351	275	45	104
342	273	47	108
339	274	46	108
337	276	44	101
335	274	41	101
334	275	41	102
329	274	40	99
324	273	42	106
318	273	42	101
319	273	39	102
314	272	41	102
312	272	41	103
307	271	41	106
303	272	42	104
296	272	45	106
283	273	51	107
281	273	52	107
280	273	52	110
273	274	52	107
271	273	48	107
266	273	46	106
266	271	43	107
266	272	41	107
265	271	38	106
261	270	39	109
251	270	45	114
238	272	57	130
240	274	53	138
234	274	55	138
236	277	48	131
233	281	42	128
231	281	41	127
230	279	42	128
221	275	47	131
220	272	49	134
218	271	48	135
215	270	49	135
213	270	48	136
212	270	48	137
211	270	47	136
210	269	45	137
206	269	47	136
205	268	46	140
203	268	49	141
202	268	51	140
202	268	53	140
204	268	53	139
203	269	53	140
202	269	53	139
206	269	51	139
204	269	50	139
205	268	50	140
205	268	50	139
205	268	49	140
205	268	50	140
204	268	51	140
206	267	52	140
204	268	53	140
201	269	53	140
203	269	55	140
205	268	50	140
202	268	53	141
198	267	57	140
199	268	56	140
199	268	55	140
197	268	57	139
192	268	62	141
198	267	57	141
198	268	55	141
200	269	56	140
197	268	58	141
197	268	58	140
197	269	58	141
198	269	57	141
200	268	55	141
202	269	52	140
201	268	55	141
201	268	53	140
201	268	54	141
202	268	53	141
202	268	53	142
203	268	52	141
202	268	52	141
206	268	49	141
205	268	49	140
203	268	51	141
202	268	52	140
200	269	56	141
201	269	56	142
200	269	55	140
200	269	56	140
200	270	55	140
200	268	55	140
198	269	56	140
198	268	58	141
195	267	61	141
194	268	60	141
198	268	57	140
199	268	55	141
203	270	51	140
205	268	48	141
205	267	48	140
202	268	50	141
202	268	52	140
202	269	50	140
203	268	50	140
205	268	47	140
203	268	49	141
200	268	53	139
196	268	56	140
194	270	60	141
193	269	61	139
194	269	60	139
196	269	58	140
200	269	55	139
205	269	50	140
205	269	50	140
207	269	48	139
206	268	49	140
207	269	48	140
206	269	49	139
204	268	51	140
205	268	50	140
206	269	50	140
205	269	50	140
205	268	51	141
206	268	49	140
206	268	49	142
206	269	50	141
206	269	49	141
206	268	50	141
206	269	48	140
205	268	50	139
207	268	48	141
207	268	48	140
205	268	50	140
205	268	50	141
202	268	53	140
204	268	51	139
205	268	49	141
205	268	48	140
205	269	47	141
207	271	52	136
206	272	46	136
200	269	52	140
203	269	50	141
204	268	48	140
205	268	48	140
207	268	47	140
207	267	46	139
207	267	46	141
208	268	47	140
207	268	48	139
207	267	48	141
207	267	48	141
208	267	48	142
208	268	48	141
206	268	51	140
203	268	52	140
201	269	53	140
199	268	55	140
199	267	56	142
202	268	53	142
202	269	54	142
204	268	53	143
206	268	53	141
209	268	54	140
210	268	54	139
209	268	56	139
210	270	55	138
211	270	53	137
210	270	53	138
211	269	51	139
209	269	49	139
210	269	49	139
209	269	48	138
208	269	46	138
206	269	46	138
206	268	47	138
203	270	47	138
203	268	48	135
203	269	48	130
202	268	48	127
198	269	49	123
197	268	53	127
194	269	56	128
193	270	58	133
192	269	56	135
190	270	56	131
189	269	55	132
191	268	51	128
191	268	51	126
197	269	46	119
198	266	50	138
197	266	50	138
197	266	49	140
197	265	48	138
195	266	49	136
193	265	48	135
188	263	49	136
184	262	51	134
181	260	53	133
179	261	52	134
176	259	50	136
175	257	50	137
173	255	49	134
173	254	47	133
171	254	46	133
168	255	48	132
165	252	46	131
164	251	48	128
187	248	50	129
219	247	50	131
255	246	51	130
267	244	51	126
296	237	50	127
291	239	48	126
292	236	48	129
291	235	46	127
290	232	49	125
288	233	50	124
287	233	53	124
290	231	52	125
291	229	50	122
293	228	47	123
293	229	44	123
292	228	45	123
288	225	46	121
286	224	45	120
283	222	48	121
283	223	48	120
282	221	45	121
283	219	44	119
283	218	43	118
282	218	45	118
281	219	44	118
280	215	44	117
278	214	46	117
277	213	49	117
277	214	52	116
278	213	51	115
280	211	48	114
282	211	46	114
282	212	43	114
282	211	43	112
281	208	44	112
280	206	46	112
277	205	47	112
277	205	46	112
277	204	46	111
277	202	46	111
278	202	45	111
277	202	46	110
277	203	42	110
276	200	43	108
273	198	45	109
272	198	47	109
271	198	46	109
270	197	44	107
268	196	40	105
269	195	39	105
265	195	41	106
261	194	41	105
254	190	41	107
250	191	44	106
242	191	51	105
240	190	48	106
240	189	42	104
236	188	41	104
232	189	43	103
227	189	41	101
224	186	40	102
218	183	43	104
212	185	46	103
210	185	46	103
209	183	43	100
206	180	42	101
205	180	42	102
217	182	47	100
247	181	47	100
280	177	43	101
309	176	46	100
350	176	48	100
394	174	45	101
394	170	40	97
393	166	37	100
390	169	38	97
386	170	39	96
381	168	37	93
378	166	37	96
370	167	45	96
369	166	44	96
367	165	39	96
362	164	37	94
358	163	38	94
353	164	39	93
349	163	37	93
345	161	37	94
337	159	41	95
335	160	41	96
333	159	40	95
329	158	39	91
327	158	37	93
322	159	38	91
316	158	37	93
310	159	39	87
308	156	37	87
278	201	44	102
300	156	42	90
293	157	44	85
293	154	40	87
292	153	37	90
289	153	35	87
286	154	34	83
283	150	35	87
277	150	39	88
276	151	42	89
272	152	40	88
268	151	37	86
265	149	35	88
264	150	34	85
260	151	36	83
253	148	35	87
249	146	35	89
245	145	36	87
244	148	37	84
241	147	39	84
235	146	37	86
233	145	36	85
231	147	34	84
228	148	32	80
224	145	34	84
220	144	34	81
