516	306	55	93
514	302	58	98
512	300	60	99
509	300	61	98
508	301	61	98
506	300	61	98
507	300	61	98
506	300	61	98
508	299	59	99
509	298	57	99
510	298	56	99
512	296	54	100
513	295	53	101
512	294	53	102
512	293	53	102
512	292	53	103
510	291	54	103
510	291	54	103
509	291	56	102
508	291	57	101
508	291	56	100
508	291	56	99
508	293	56	98
508	294	54	96
508	296	53	94
508	297	52	92
509	298	50	91
509	301	50	88
510	305	51	84
512	307	48	81
513	310	47	78
514	312	46	76
515	316	45	73
519	321	43	68
520	323	42	67
519	324	43	66
520	326	42	64
522	328	40	62
523	329	40	61
524	330	40	60
524	330	40	60
524	329	40	62
524	329	41	63
524	328	41	65
523	326	40	66
522	325	40	66
521	324	41	67
520	324	41	67
517	322	43	68
516	321	44	70
515	321	45	71
515	320	47	71
516	320	47	71
517	319	72	69
519	316	72	72
520	316	75	72
524	315	74	72
527	314	73	74
534	311	70	79
535	303	72	89
536	305	72	86
536	309	71	82
540	315	72	77
545	317	70	72
548	319	72	70
547	318	77	72
549	317	77	72
551	317	76	71
563	317	66	70
577	316	54	70
577	315	53	71
576	316	56	72
575	315	58	73
573	317	61	72
571	316	62	74
570	317	62	73
569	314	62	74
568	315	63	73
566	314	62	73
564	315	63	72
563	315	62	72
563	315	63	71
561	315	65	70
562	314	65	71
561	312	62	73
561	310	59	74
560	308	58	75
560	307	58	75
557	306	59	76
553	306	62	76
548	306	67	75
545	306	69	74
541	305	68	74
533	303	65	75
528	303	61	75
522	303	61	75
518	301	60	76
512	299	61	75
504	297	66	74
501	296	70	75
495	296	72	73
490	295	75	74
488	295	75	74
485	295	72	74
484	295	71	74
482	294	69	74
481	293	67	74
477	290	67	75
474	290	67	74
468	289	68	74
469	289	66	75
469	290	65	75
468	291	65	73
449	289	82	75
436	289	89	76
430	290	95	75
423	290	100	75
419	291	102	74
414	292	101	73
409	290	91	74
404	292	89	72
399	292	86	72
395	294	79	71
389	295	71	71
381	294	70	69
376	291	74	74
369	290	80	75
362	289	85	76
355	288	89	76
342	288	88	76
335	290	87	77
327	291	86	77
320	291	84	75
313	290	86	75
300	291	93	74
292	290	100	76
284	290	106	77
276	290	110	77
270	290	112	78
260	291	102	78
255	291	93	78
250	292	88	77
246	293	84	78
242	293	81	76
225	292	90	81
216	288	95	83
209	290	99	81
198	288	101	80
189	287	100	78
169	286	93	85
161	287	88	83
151	284	90	84
144	285	92	84
137	285	95	83
124	284	105	80
115	285	110	78
104	286	120	80
98	287	116	77
92	287	109	76
77	288	95	75
73	288	92	74
67	288	93	75
61	287	91	75
54	286	90	78
41	285	95	82
35	284	97	81
31	283	96	83
29	283	94	82
29	284	89	83
28	285	84	85
30	289	85	83
32	290	84	84
35	293	87	86
40	295	94	88
54	301	100	89
63	307	100	85
76	309	93	86
88	313	91	88
102	317	90	88
129	321	87	90
144	323	89	90
157	325	88	92
168	327	85	95
176	330	82	95
188	336	78	95
194	340	79	96
200	342	76	96
204	346	74	95
207	347	74	96
213	349	74	95
217	351	74	95
221	352	76	95
224	354	77	94
225	356	78	93
228	357	79	92
229	357	79	92
230	358	79	93
230	357	79	94
230	357	77	94
236	355	78	95
237	354	80	97
237	352	83	96
238	352	87	97
238	350	90	97
238	347	94	99
241	345	94	99
242	345	96	101
246	342	98	101
248	341	102	102
254	340	108	102
262	339	103	101
269	337	100	100
275	335	96	102
278	335	97	101
285	331	97	101
286	329	98	104
288	326	98	104
291	324	99	104
292	323	100	103
295	322	98	104
299	321	96	102
304	319	93	103
308	316	91	106
309	313	93	107
310	309	96	111
310	305	99	112
311	304	102	114
313	301	102	115
315	301	100	113
319	299	98	110
321	298	97	110
322	299	95	110
324	299	95	108
326	296	94	112
332	291	93	113
335	288	94	114
338	286	90	115
339	284	88	113
340	283	85	112
343	283	83	110
344	283	81	109
343	279	82	110
342	275	82	113
340	271	82	115
330	264	89	118
326	261	93	118
326	259	94	118
326	257	95	119
327	256	90	118
331	256	86	115
339	255	76	115
340	255	75	112
340	252	77	113
341	248	83	117
343	244	90	118
346	241	89	120
348	239	90	120
351	237	89	122
353	235	87	121
354	236	87	115
355	238	82	113
356	239	81	111
357	240	80	110
357	241	82	109
357	240	86	109
357	239	85	110
358	237	84	111
360	235	83	112
361	233	81	113
366	232	77	112
368	232	79	112
371	232	79	112
373	233	81	111
375	235	82	110
379	235	82	110
387	236	78	110
395	236	74	110
402	236	72	110
410	235	73	112
416	233	78	114
428	233	85	116
434	232	85	115
440	232	86	115
443	231	87	114
446	229	88	115
454	229	82	113
458	228	80	114
463	229	77	113
467	229	77	112
474	227	76	113
486	225	68	114
490	222	66	115
494	218	64	117
495	217	65	118
496	215	63	118
498	214	63	117
499	214	62	116
500	213	60	116
500	215	59	114
500	216	59	112
501	216	64	110
500	215	64	111
502	213	64	112
502	212	62	112
504	211	60	111
505	209	60	97
508	207	58	102
510	209	58	108
520	210	52	113
528	210	50	113
529	212	64	115
530	213	66	114
533	213	65	113
534	214	65	113
536	214	62	113
538	215	60	113
540	214	58	113
540	214	58	113
540	213	58	114
542	212	56	115
546	210	55	117
546	209	55	117
547	207	57	118
546	205	61	118
545	206	67	116
544	205	74	116
545	204	76	118
543	204	78	118
544	203	78	117
545	203	77	118
548	201	73	118
552	201	72	119
554	200	68	119
557	199	68	119
559	199	68	119
561	198	68	120
563	198	69	120
565	197	70	121
568	198	71	121
570	198	73	121
575	198	77	121
578	198	74	122
579	199	75	121
581	200	75	121
582	201	74	121
583	201	74	122
582	201	75	123
581	201	75	124
578	201	75	125
573	201	75	125
564	201	76	126
560	201	76	126
555	202	77	126
551	202	76	126
547	202	75	125
536	201	76	125
529	201	76	125
520	200	77	125
512	198	77	125
505	196	76	125
494	193	76	124
488	190	75	127
480	188	77	127
472	186	78	128
464	186	79	128
453	186	81	128
450	187	78	128
447	187	78	128
446	188	78	127
445	189	79	127
446	190	79	127
449	191	80	126
451	190	82	126
454	188	80	127
456	185	80	128
456	182	80	128
456	182	79	130
455	183	79	131
455	185	77	131
456	187	78	130
461	189	78	130
464	194	81	132
470	199	81	132
474	203	83	132
481	203	85	133
492	199	83	134
497	195	77	134
501	190	75	136
503	187	72	136
497	184	70	135
477	181	69	135
477	179	70	136
479	177	73	137
484	175	77	135
492	174	79	134
487	177	81	133
470	178	87	133
461	183	87	133
453	184	88	134
446	182	89	136
427	174	97	134
411	171	95	136
400	171	91	137
388	170	88	137
379	168	81	140
375	164	76	142
372	161	76	141
372	161	76	140
373	161	76	138
373	163	77	137
377	169	77	138
378	173	78	140
377	176	78	140
377	179	77	141
375	182	74	140
370	185	67	140
368	187	65	138
370	186	62	139
372	188	58	137
373	188	57	139
364	192	67	136
362	190	72	136
365	184	70	142
366	181	73	145
367	180	74	144
366	179	75	146
364	179	76	146
361	177	76	145
355	174	77	147
349	172	78	146
348	170	77	148
349	168	79	146
353	168	79	146
356	167	79	146
358	167	79	146
364	169	80	146
366	170	79	147
370	170	78	148
376	170	79	148
383	170	78	148
393	169	78	148
398	169	74	146
404	174	76	149
408	178	74	150
408	184	74	148
410	193	71	150
411	202	70	150
410	211	71	151
406	220	74	150
398	233	78	151
389	243	82	153
372	267	77	151
367	276	73	150
358	283	76	151
348	286	81	149
341	284	81	149
324	276	84	149
310	271	89	150
302	265	87	152
296	259	85	152
288	253	84	152
264	250	82	149
254	249	82	149
241	249	81	150
231	250	82	150
222	249	84	150
209	246	86	153
207	246	85	153
205	245	83	153
205	243	81	155
206	241	80	154
215	239	78	152
221	238	85	152
227	238	91	152
234	236	98	150
244	237	104	147
268	237	106	148
283	237	104	148
298	235	103	150
313	236	100	149
327	237	96	150
351	239	86	150
362	242	82	149
373	245	80	149
384	247	74	149
391	246	74	149
392	248	76	148
389	249	77	147
381	250	84	148
374	252	87	146
366	253	91	144
337	255	108	143
321	257	116	143
316	256	116	145
306	256	117	144
299	257	116	145
286	256	113	147
286	254	101	150
283	254	95	148
279	253	91	146
274	253	88	148
267	252	79	150
264	250	70	148
265	248	73	154
269	246	78	154
275	245	79	154
291	243	82	153
301	244	86	154
314	245	87	154
327	247	88	153
341	249	90	152
371	252	87	153
386	254	88	154
404	255	85	155
420	257	84	154
438	258	80	153
459	261	80	155
471	263	83	155
483	265	88	154
494	268	93	153
502	270	100	155
516	275	111	156
525	280	115	156
537	287	116	154
550	294	115	156
563	304	113	156
577	320	112	155
581	331	112	158
584	343	110	158
580	354	107	157
577	363	101	157
571	371	93	159
565	374	87	159
556	375	84	159
547	372	82	161
544	369	78	162
535	367	81	162
527	365	83	161
516	362	90	162
504	360	97	159
491	356	106	158
471	345	119	159
465	335	121	159
459	322	120	161
453	310	117	162
447	296	112	163
434	273	102	163
423	261	95	160
407	249	93	161
393	238	89	160
380	226	85	160
349	208	87	163
335	201	84	161
316	194	86	160
295	189	97	158
269	186	111	157
228	182	121	154
209	179	121	154
201	178	122	153
181	175	124	155
161	172	123	156
125	168	115	156
105	166	108	156
89	165	103	157
73	163	93	159
54	161	85	163
26	159	79	163
14	161	77	164
4	163	79	164
0	167	73	164
0	170	70	163
0	173	67	164
0	181	66	159
0	191	66	150
0	199	66	141
0	196	67	149
0	195	66	150
0	194	65	153
0	193	61	160
0	193	57	164
0	193	55	164
0	194	56	162
0	194	60	162
0	196	63	161
0	200	69	159
0	204	76	156
0	208	82	155
0	210	87	152
0	213	93	152
0	215	100	151
0	219	103	150
10	227	97	145
23	228	86	146
38	232	74	144
52	238	69	143
63	242	69	142
89	253	72	136
103	256	77	133
112	257	89	135
124	269	102	124
136	266	115	129
171	263	123	132
200	249	123	146
226	274	113	129
240	286	113	120
260	269	104	134
275	244	101	158
287	244	98	158
296	247	93	154
299	249	97	131
323	250	84	128
348	246	70	130
359	246	63	146
362	245	68	142
370	245	66	125
374	249	66	128
376	248	68	139
376	249	67	132
378	248	63	129
380	247	60	124
381	248	64	130
379	255	70	126
378	251	72	125
377	247	71	121
381	253	67	122
366	227	73	103
366	227	71	106
363	223	72	108
362	221	76	105
358	222	72	104
348	221	72	142
339	223	65	149
317	218	85	131
302	218	103	125
297	215	109	129
304	210	108	136
313	203	96	151
321	226	88	146
322	229	84	137
328	226	77	142
326	224	81	145
320	223	60	109
331	220	55	107
334	221	53	104
336	221	54	100
338	223	52	98
331	225	60	108
317	225	72	119
308	217	77	142
308	213	79	123
280	276	88	92
300	224	55	129
292	221	60	128
293	219	62	130
289	218	68	132
288	216	72	138
287	215	80	147
289	214	76	142
