450	203	91	59
465	197	82	62
465	194	94	64
482	191	101	68
481	156	81	116
534	177	91	94
562	171	64	122
564	172	65	132
513	166	99	125
549	178	80	131
574	191	55	120
570	201	59	102
590	219	39	84
587	222	42	76
580	226	49	66
573	222	56	60
566	215	63	60
563	204	65	60
572	192	56	66
590	171	39	92
589	160	40	112
590	170	39	121
588	174	41	135
571	189	58	135
551	204	75	144
440	237	91	135
361	227	110	102
342	245	131	84
355	234	123	82
269	225	105	100
217	255	73	104
220	261	73	92
222	254	82	95
234	255	76	87
241	289	75	62
253	306	73	48
260	300	70	53
262	292	71	55
263	288	68	57
261	290	67	49
257	278	70	54
258	274	74	56
259	273	77	55
261	272	79	58
273	271	75	59
287	239	77	85
302	223	89	101
315	209	104	109
325	206	107	118
322	221	117	112
346	256	97	94
358	259	86	89
367	261	85	82
378	260	81	74
381	257	83	69
384	254	85	61
384	249	89	67
386	215	97	94
393	212	130	108
370	218	126	111
440	266	95	82
449	282	86	63
452	284	84	55
455	281	84	55
454	283	86	55
454	273	93	65
460	267	96	73
474	286	104	64
478	293	93	63
488	300	91	58
497	300	89	55
512	294	98	61
510	278	96	69
517	270	90	72
513	258	107	82
529	256	99	87
521	264	104	87
519	269	100	87
524	270	102	91
522	286	99	82
529	304	95	67
526	305	95	70
526	300	100	75
523	293	103	81
517	291	109	83
506	287	121	79
491	274	136	85
483	263	143	87
467	249	159	96
463	244	166	95
453	240	176	97
457	241	172	93
468	240	161	89
475	240	151	86
470	243	153	86
446	247	171	86
423	250	192	89
430	253	184	87
425	253	187	89
401	257	211	87
403	262	200	86
385	271	150	78
369	280	170	72
363	266	176	83
334	269	179	83
309	265	188	88
302	262	195	91
287	263	208	93
276	264	226	94
268	263	220	96
261	259	234	103
263	258	234	105
265	260	228	103
287	261	209	99
303	256	186	94
298	247	193	93
281	240	208	98
276	234	207	97
274	238	214	89
260	233	226	90
260	232	219	91
262	230	214	93
254	233	216	93
248	242	182	88
240	244	195	86
256	248	182	86
257	247	176	88
247	251	188	90
236	253	215	88
237	254	213	88
230	254	213	87
224	255	215	86
216	254	214	86
216	254	209	88
205	258	213	89
196	263	209	88
184	272	180	86
171	275	175	87
160	284	180	85
147	292	193	86
124	298	198	91
116	301	198	87
89	305	203	90
63	309	208	88
38	313	212	90
30	313	202	90
22	311	198	88
13	304	206	91
15	301	193	88
8	302	201	85
2	298	200	87
9	293	190	86
1	288	193	87
4	287	194	81
6	288	193	77
17	291	187	75
29	292	178	73
39	291	170	74
48	294	164	72
65	294	150	72
82	294	143	70
95	293	136	71
100	287	135	73
100	285	135	79
101	280	130	92
105	276	126	102
67	272	190	100
52	253	213	107
66	250	217	99
91	240	216	99
109	239	209	101
121	255	216	95
131	266	216	90
144	275	215	88
157	279	215	90
169	277	220	92
177	272	230	90
186	268	238	88
200	264	240	94
212	261	246	99
250	275	223	93
269	281	214	89
272	278	216	92
275	278	216	91
276	278	216	90
275	270	217	93
273	267	218	92
278	265	218	87
289	258	218	88
304	258	220	91
334	255	220	92
360	259	218	85
372	257	221	89
378	258	224	90
385	260	223	87
391	258	221	88
400	255	216	89
409	256	212	89
417	253	206	91
425	253	199	92
432	252	190	90
442	248	179	88
451	243	174	88
460	241	168	87
467	241	162	86
471	240	158	89
475	243	154	86
478	245	151	87
483	247	146	86
488	249	141	85
491	251	138	82
497	251	132	83
500	252	129	83
506	252	123	81
511	253	118	80
516	252	113	82
522	251	107	83
527	251	102	82
530	251	98	84
536	250	93	83
540	250	89	84
548	249	81	85
547	250	80	84
555	248	74	85
556	249	71	84
562	249	67	82
569	246	60	82
575	245	54	83
579	244	49	83
583	246	45	80
586	249	43	79
590	252	39	78
592	255	37	78
594	257	35	76
597	255	32	78
598	260	30	75
601	260	27	77
604	260	25	75
607	259	22	75
607	261	22	74
609	260	20	74
604	254	25	89
554	239	46	75
537	247	64	82
536	240	72	97
525	253	72	106
546	239	71	103
542	244	68	105
566	229	56	105
576	235	46	96
581	235	43	87
585	233	40	90
584	233	42	83
588	230	39	91
587	231	41	94
583	230	42	93
584	233	42	93
585	230	42	95
585	230	42	94
584	232	43	91
581	226	45	97
578	220	47	101
570	195	54	120
572	218	50	101
568	193	53	118
571	220	51	95
569	193	52	120
577	203	47	118
579	200	47	123
569	185	56	133
574	193	52	125
577	198	52	118
582	202	46	117
580	208	49	116
580	207	47	115
580	207	47	112
580	222	48	108
578	200	49	131
579	212	50	126
581	218	48	125
580	236	49	105
579	235	50	103
582	240	47	110
584	240	45	106
563	228	65	118
480	290	142	98
472	273	136	111
489	277	116	102
471	279	125	98
486	261	122	117
411	194	77	105
383	188	93	98
394	50	80	145
375	54	93	137
388	50	94	138
406	40	92	146
264	178	99	124
267	252	95	102
296	219	49	91
310	232	40	71
318	229	36	71
328	229	35	65
330	226	35	71
335	226	36	69
338	226	39	70
341	228	44	69
355	230	45	64
364	230	47	61
364	232	50	66
372	224	46	63
376	221	46	66
380	218	48	68
380	214	47	70
386	210	43	72
391	210	39	72
396	211	39	68
406	209	43	73
410	205	46	78
416	206	42	74
414	204	49	80
419	203	42	82
421	198	43	74
422	197	42	79
427	197	41	76
432	196	41	78
431	196	45	74
436	193	42	75
439	194	39	73
438	192	42	76
437	190	42	74
440	190	44	73
444	181	42	78
451	181	44	82
450	172	48	82
458	163	49	86
459	160	42	86
453	159	52	89
461	151	41	89
462	133	42	92
456	128	51	108
450	82	56	127
426	104	73	111
427	53	67	122
428	91	58	88
429	85	43	71
419	91	54	74
430	87	52	74
449	105	53	68
442	84	52	67
443	85	50	64
446	91	56	57
452	79	46	69
466	78	44	69
456	72	46	70
455	72	51	68
456	73	46	65
460	75	67	71
479	76	49	77
487	80	46	67
482	80	53	68
498	85	44	63
502	83	44	65
496	84	49	65
492	83	45	69
502	88	44	57
504	83	53	63
505	82	41	66
504	90	50	59
512	87	47	60
522	82	38	65
518	83	43	65
522	78	36	68
517	81	42	64
518	78	38	66
522	79	41	62
515	79	47	65
540	79	53	66
524	73	43	71
524	78	40	59
526	63	44	76
521	70	42	68
535	60	37	73
526	68	43	62
494	63	40	85
490	67	44	75
530	57	38	65
519	60	42	66
519	65	45	60
498	73	39	71
501	71	42	74
506	72	41	79
