686	157	269	106
680	159	279	108
675	161	283	110
684	166	275	109
691	167	267	110
714	168	242	112
653	170	306	119
655	174	301	116
653	182	293	116
643	189	313	113
631	194	322	112
631	197	296	113
611	201	263	112
606	204	294	114
597	207	321	114
574	208	333	113
572	209	331	110
563	210	334	113
557	213	338	116
554	216	337	115
549	223	339	111
537	223	349	112
529	223	354	113
527	221	349	114
527	221	339	114
516	224	346	115
509	221	347	121
499	228	352	119
495	232	345	118
497	239	337	114
510	247	311	104
446	247	361	105
447	250	349	100
437	240	342	109
417	241	351	104
403	229	353	110
403	217	359	117
404	221	363	111
404	220	359	110
419	215	320	111
409	214	345	108
413	215	348	109
410	216	351	107
409	214	351	106
410	217	350	102
410	218	348	101
410	217	345	102
404	222	347	102
402	228	326	99
395	234	303	99
394	236	315	97
393	238	321	97
399	238	317	97
408	238	314	98
414	234	309	99
419	232	307	98
422	230	305	98
424	230	299	96
424	232	294	95
425	234	282	93
435	237	263	92
431	240	252	92
411	244	263	89
411	246	259	87
420	246	246	91
447	246	210	91
478	241	161	102
476	244	164	92
473	249	163	91
494	244	116	122
480	249	109	119
501	261	96	134
524	254	95	132
506	250	124	84
420	299	159	91
287	281	309	111
297	281	326	108
317	280	322	105
334	281	322	104
347	284	328	99
365	281	325	100
383	275	321	103
397	266	322	107
403	265	331	110
414	257	334	109
422	252	343	114
447	254	348	109
454	250	362	113
521	256	307	104
514	251	324	114
492	256	351	109
531	255	334	107
535	254	350	107
553	253	348	108
567	255	346	109
577	259	352	108
586	265	336	102
595	262	328	107
600	260	311	107
612	259	316	103
620	259	301	111
624	254	312	104
622	255	308	106
619	255	329	105
623	256	322	104
621	255	321	107
613	255	330	105
612	254	329	103
611	254	333	102
618	253	323	98
624	253	320	102
628	251	297	104
634	250	280	114
636	251	277	99
634	250	231	113
640	248	242	111
649	247	242	99
660	239	244	101
674	233	236	101
687	228	237	103
699	224	251	105
721	220	231	102
741	217	215	100
756	214	202	98
766	213	193	99
771	212	188	99
776	214	183	98
776	216	183	97
781	217	178	100
790	220	169	100
806	224	153	102
830	230	129	103
852	236	107	100
869	241	90	100
882	244	77	98
898	248	61	93
910	247	49	93
921	230	38	132
910	205	49	154
815	310	130	72
823	313	124	70
826	313	113	72
801	311	132	70
797	271	125	96
880	204	79	153
904	204	55	112
894	209	65	97
876	207	83	93
851	209	108	97
842	220	117	97
841	230	118	101
851	245	108	97
861	247	98	98
868	248	91	93
865	242	94	94
857	239	102	94
853	237	106	96
852	235	107	98
857	236	102	98
863	236	96	99
868	241	91	96
878	244	81	95
882	243	77	94
884	247	75	94
883	252	76	93
878	258	81	94
870	265	89	92
866	258	93	94
863	253	96	92
862	250	97	96
858	255	101	96
859	256	100	96
858	256	101	98
855	255	104	98
852	256	107	99
850	259	109	98
850	263	109	96
850	266	109	97
850	267	109	97
848	266	111	99
844	262	115	100
835	258	123	102
831	258	127	101
830	258	128	100
829	259	129	99
830	259	129	100
829	261	130	99
828	265	130	98
827	265	131	101
824	267	135	101
821	268	137	100
816	269	143	100
811	268	147	101
810	268	148	100
810	267	148	100
813	268	146	100
816	266	142	99
818	265	140	100
820	265	138	100
820	265	137	100
821	264	138	100
820	264	138	100
818	264	139	99
819	264	139	99
818	261	140	99
819	261	139	99
820	260	138	99
821	261	137	100
822	260	136	100
823	260	135	100
824	259	134	100
827	258	132	99
829	256	130	100
831	257	128	100
833	255	126	101
835	256	124	100
838	256	121	100
840	255	119	99
841	253	118	99
844	253	115	99
846	252	113	99
848	253	111	98
849	255	110	97
846	254	113	98
842	253	117	99
837	253	122	100
830	251	129	101
823	249	136	102
819	247	140	101
818	248	141	100
816	246	143	100
815	245	144	100
815	245	144	100
814	241	144	100
816	236	142	101
819	229	140	102
820	216	139	103
816	213	143	100
817	202	142	102
811	196	148	101
804	192	155	99
788	180	171	103
775	175	184	100
764	169	195	99
758	165	200	97
754	164	204	97
752	163	206	97
750	163	209	97
749	160	210	96
743	157	215	98
730	157	227	101
708	163	248	104
688	167	265	106
674	171	276	104
662	173	292	105
652	172	305	103
638	171	318	104
622	171	324	105
611	173	342	108
597	177	345	103
589	178	348	106
587	181	347	105
597	182	345	104
607	178	347	106
619	173	329	103
624	168	328	103
627	168	328	101
631	167	323	106
628	180	305	100
624	185	309	104
610	197	344	107
600	200	344	109
579	207	345	104
571	207	342	102
562	206	343	104
560	207	345	103
559	207	345	103
561	207	344	104
562	210	344	105
566	212	344	106
565	213	345	106
562	216	347	104
558	216	346	104
557	218	346	104
557	219	345	104
555	220	345	106
556	221	345	106
553	222	346	105
550	222	345	105
546	223	345	105
544	222	345	105
542	223	345	104
541	222	344	106
536	221	344	104
535	219	345	106
535	218	345	106
542	216	342	106
550	216	342	106
554	214	344	110
556	213	344	111
555	218	343	108
556	216	344	110
554	223	343	106
548	224	344	110
542	228	343	109
533	229	343	108
522	228	338	107
505	230	337	106
492	231	338	107
483	236	338	107
477	239	338	107
476	244	337	107
482	253	337	105
489	254	333	108
490	257	338	106
489	258	340	104
489	258	340	105
483	256	338	107
473	257	335	107
463	261	333	107
449	263	332	108
436	266	330	107
417	268	330	107
403	272	329	107
387	273	331	106
374	275	330	107
362	276	331	107
351	278	331	107
339	279	333	104
331	278	331	101
320	276	331	102
311	275	332	100
303	275	331	100
297	275	332	99
291	276	330	100
288	278	332	96
288	276	331	104
288	278	332	106
285	281	335	109
282	284	335	107
279	289	336	104
275	292	336	101
270	293	334	101
264	294	332	100
256	294	328	102
247	296	331	102
240	299	332	99
230	298	333	99
224	296	333	100
216	294	335	99
209	293	334	99
203	294	333	98
196	295	334	99
192	297	335	95
188	296	333	96
186	291	336	99
184	287	335	100
183	285	334	96
181	285	334	94
181	281	336	96
184	281	334	96
189	279	334	97
193	284	336	99
199	285	336	96
205	287	335	98
209	288	336	101
211	287	337	98
213	285	335	98
214	275	341	103
226	274	335	98
234	269	334	99
239	272	335	97
248	279	332	102
253	286	332	101
253	291	332	103
253	294	334	108
253	297	333	107
244	298	335	103
233	299	334	102
219	296	333	102
195	292	326	103
175	291	328	105
157	294	335	99
153	295	336	97
149	296	334	101
143	302	335	105
134	308	335	105
120	315	334	105
107	319	336	98
101	316	334	99
94	313	336	99
94	306	334	101
95	298	332	100
93	300	337	94
92	301	333	96
85	305	337	101
74	312	339	100
57	312	337	104
37	312	342	102
21	312	343	102
6	313	344	100
0	314	342	101
0	314	334	106
0	319	330	107
0	325	323	106
0	327	316	111
0	328	310	110
0	335	300	104
0	338	289	100
0	337	273	103
1	341	260	98
0	339	248	105
0	341	234	105
4	348	218	101
12	352	198	98
5	355	196	95
2	357	191	94
1	357	184	94
1	358	178	96
2	359	174	97
1	358	169	97
0	363	162	93
0	364	151	87
0	367	142	86
0	374	136	80
0	371	134	84
0	370	132	86
1	373	126	82
0	365	117	89
0	379	107	90
0	372	95	90
0	372	83	88
0	372	77	81
0	389	72	76
0	386	71	78
0	380	70	78
0	378	70	81
0	378	67	82
0	391	61	79
0	391	59	89
0	405	57	84
1	404	54	90
3	411	56	99
1	355	58	148
11	339	102	108
24	266	184	115
12	282	241	100
4	263	219	116
2	276	187	109
4	259	199	121
0	265	192	126
1	267	203	118
3	261	176	134
45	197	215	143
54	166	256	165
21	177	293	153
32	181	285	154
19	167	257	168
29	139	285	168
32	130	267	158
24	130	262	155
21	129	220	153
43	145	222	141
41	147	203	149
73	142	222	143
65	152	204	145
30	144	225	128
60	160	205	131
37	174	242	132
19	150	233	156
8	170	186	177
19	182	235	181
30	124	226	168
7	144	202	167
15	136	184	133
4	143	207	131
15	160	237	143
27	160	239	144
5	125	219	153
13	131	204	143
3	132	213	140
