419	129	20	38
417	127	20	42
417	126	19	42
415	127	20	41
414	127	20	41
413	127	20	41
413	127	19	41
412	127	18	42
411	128	18	41
410	128	18	41
409	128	18	40
408	127	18	41
407	128	19	40
406	128	19	41
405	129	19	41
405	128	19	41
404	128	19	40
403	129	18	41
402	129	18	41
401	130	18	41
401	130	18	41
401	130	18	40
402	130	18	40
402	131	19	40
401	130	19	41
401	131	18	40
400	131	18	41
401	131	17	41
401	131	17	41
400	130	18	41
400	130	18	42
400	130	18	41
400	131	17	41
399	130	18	42
400	131	18	42
399	131	17	41
399	131	17	41
398	131	18	41
397	130	18	42
398	131	18	42
396	132	17	42
397	132	17	41
395	131	17	41
396	132	17	42
394	132	18	42
394	133	17	41
392	133	17	40
391	132	17	41
391	132	18	42
390	133	17	42
390	133	17	41
388	134	18	41
389	133	17	42
387	133	18	42
385	134	18	42
385	133	18	42
383	133	18	42
383	133	19	42
381	134	20	43
381	134	18	42
382	134	18	42
380	134	19	42
380	134	18	42
379	134	18	42
378	135	18	42
377	134	19	42
377	134	19	43
374	136	19	42
376	135	18	42
373	136	19	42
374	136	18	43
373	135	18	43
371	136	19	42
371	136	18	43
369	137	19	42
370	135	18	43
366	136	20	41
369	136	18	42
367	138	19	40
368	137	18	43
365	136	19	44
366	137	18	43
362	137	20	43
364	136	18	44
362	137	20	43
362	137	19	43
363	138	18	43
361	138	19	44
359	138	20	43
359	138	19	44
357	138	19	43
356	139	19	44
356	138	20	44
355	139	20	44
354	140	20	43
353	141	20	44
353	140	20	44
355	140	18	44
352	140	19	45
351	141	19	44
351	140	19	45
350	140	19	45
347	140	20	45
347	142	19	45
346	142	19	45
347	141	19	45
347	142	18	45
345	142	19	46
343	140	19	46
341	142	20	46
340	141	20	47
338	141	20	47
336	142	20	46
336	142	20	47
333	142	23	47
331	142	24	47
330	143	21	47
329	143	22	46
328	144	21	46
328	143	20	45
325	145	21	44
320	147	27	43
321	146	24	44
323	145	22	45
324	145	22	45
324	145	21	45
321	145	22	46
323	146	21	46
322	146	21	47
322	146	21	46
318	147	23	46
319	148	22	45
322	146	20	46
320	147	20	45
320	146	20	46
318	147	19	48
317	148	21	47
317	146	20	48
319	148	20	48
318	147	21	49
320	148	19	49
319	148	20	48
318	147	19	49
318	147	18	48
316	150	19	47
316	149	19	47
316	149	20	48
315	148	19	49
314	149	19	47
313	150	20	48
310	149	21	49
310	149	20	48
311	150	19	47
310	150	18	47
309	151	19	48
309	151	19	47
308	151	20	48
307	150	20	49
306	152	20	49
305	151	21	49
305	152	20	52
305	152	19	49
305	153	19	49
303	152	19	50
302	153	22	50
302	152	21	50
301	153	21	48
302	153	21	48
301	153	21	49
300	152	21	50
299	153	23	49
300	153	21	50
300	154	21	49
300	153	22	50
299	153	22	53
299	154	21	50
299	154	22	50
300	154	22	49
300	153	22	51
299	153	22	50
299	154	22	52
300	155	22	52
300	154	21	52
300	154	23	53
299	155	22	52
301	157	22	52
297	155	25	51
300	156	21	51
300	155	23	53
300	156	21	50
300	155	21	50
299	156	21	53
298	156	22	53
299	157	22	52
297	157	22	52
298	156	22	51
297	157	22	52
296	157	22	51
295	157	22	54
294	158	22	51
295	157	21	53
294	158	21	53
294	158	21	51
293	158	20	52
292	158	22	53
292	157	21	56
290	158	21	54
290	158	21	55
290	159	21	56
288	158	21	55
288	159	21	55
287	159	22	52
287	159	23	55
286	160	22	55
283	160	23	55
282	160	22	55
281	161	24	56
280	159	22	56
279	160	25	55
279	161	23	55
278	162	23	55
277	161	23	55
277	162	23	55
276	161	23	56
274	162	23	55
274	163	21	55
273	162	22	56
274	163	22	53
275	165	22	54
273	165	22	53
275	165	23	54
274	164	22	55
273	164	23	55
274	166	22	55
273	166	22	55
274	165	21	57
274	165	22	57
273	165	23	56
273	168	23	55
273	165	23	56
273	165	23	57
273	167	22	54
272	167	23	55
273	168	25	54
272	166	22	57
272	167	23	56
270	168	22	57
267	168	26	57
269	169	24	56
269	168	24	56
269	169	23	56
265	170	25	55
265	170	25	54
265	170	23	54
264	169	24	57
264	170	24	56
263	171	24	57
263	171	24	56
262	171	24	57
260	170	25	58
262	172	23	55
259	172	24	58
259	171	24	58
258	171	24	57
254	173	25	56
255	174	24	58
254	173	25	58
254	173	23	57
252	174	25	59
251	174	24	59
249	173	25	60
248	174	25	60
247	174	24	60
246	175	24	61
246	175	24	61
245	175	25	60
245	176	25	61
245	176	24	60
243	177	24	61
242	177	25	61
240	176	26	61
238	178	27	62
240	178	25	62
238	177	28	62
240	178	25	63
239	179	25	64
239	180	25	61
239	179	26	63
238	179	29	63
237	179	31	63
240	183	26	61
239	181	28	61
242	182	29	63
242	182	26	62
243	183	26	62
242	183	27	61
240	183	28	61
244	184	26	63
244	183	27	64
241	185	31	61
246	184	28	62
245	185	26	63
246	186	26	64
245	185	27	64
246	186	26	61
245	187	27	64
245	186	26	61
244	186	27	66
244	186	27	65
245	187	27	65
243	187	27	65
243	188	27	65
242	188	26	67
241	189	28	65
241	189	28	64
242	189	28	68
242	190	27	67
237	191	32	66
242	190	26	66
240	191	28	68
239	192	29	68
240	192	28	65
239	192	29	69
240	192	28	68
238	193	29	70
239	194	28	69
236	195	29	69
236	195	29	69
237	194	28	69
235	196	30	70
236	196	29	69
235	197	30	70
235	197	29	70
235	198	29	71
234	199	28	69
234	198	28	70
233	198	29	72
232	199	30	72
232	200	30	71
231	200	30	72
230	199	31	72
231	200	30	72
230	201	29	72
229	203	28	72
228	202	29	73
228	202	29	73
228	202	29	73
227	204	30	73
227	204	30	73
226	204	31	73
226	205	30	72
226	206	29	74
226	205	30	73
226	206	32	73
227	206	29	73
227	207	29	74
227	207	29	73
228	208	29	73
227	209	30	74
227	209	30	72
227	209	29	74
227	209	30	74
226	209	30	74
226	210	30	74
225	212	30	73
224	211	32	75
224	212	31	75
224	213	30	74
223	214	30	74
222	214	30	75
221	213	30	75
220	214	31	76
220	214	29	76
218	216	30	75
218	216	31	75
219	215	30	76
217	216	30	76
215	218	31	76
215	218	29	76
211	217	31	77
207	218	33	77
207	220	32	76
203	221	34	77
203	221	34	77
201	220	35	77
200	222	34	77
199	224	34	76
199	223	33	78
197	223	35	79
197	223	35	78
195	225	35	78
191	226	38	78
193	225	38	78
193	226	37	78
193	225	34	81
191	226	34	81
189	225	35	82
191	227	34	80
188	226	33	83
185	227	36	82
184	230	37	81
187	230	36	80
185	230	37	81
186	231	35	82
184	232	36	82
187	232	33	82
185	231	33	84
185	232	33	84
185	233	33	85
185	235	34	83
186	235	34	83
185	234	35	85
184	234	37	84
181	237	38	84
186	238	36	83
186	237	35	86
188	236	37	86
189	239	34	83
189	238	34	86
188	241	35	85
192	240	34	85
193	240	34	86
187	240	39	86
194	242	34	86
192	242	36	86
190	243	38	88
195	242	36	87
193	243	37	86
191	245	38	86
195	247	38	86
199	245	36	88
198	245	37	89
199	247	37	88
201	247	37	90
202	248	37	90
202	248	37	90
202	250	37	90
205	250	36	90
203	251	39	92
206	250	37	93
208	250	36	95
205	251	40	95
209	253	36	93
209	254	36	95
209	254	38	97
209	255	39	97
210	258	41	95
210	259	39	94
210	257	41	99
211	258	40	98
211	258	39	97
212	260	38	99
212	259	37	99
212	259	39	100
213	259	40	102
213	262	42	102
213	264	42	102
215	264	43	105
216	264	43	104
218	263	39	103
218	264	38	102
219	266	38	100
220	266	39	103
219	266	42	106
221	267	42	108
220	270	41	103
220	271	41	106
220	270	42	106
221	270	41	108
222	273	40	107
222	273	40	108
222	274	39	105
223	275	38	104
223	275	38	105
221	277	39	104
223	278	37	104
222	278	36	103
224	280	35	102
222	280	34	101
223	283	34	101
222	283	35	104
220	284	36	105
220	285	35	105
219	287	35	105
217	287	36	104
211	288	38	99
212	287	35	105
208	290	38	108
202	291	40	106
198	292	43	111
197	291	40	110
194	293	39	108
187	294	43	112
185	295	45	113
182	297	41	110
175	298	44	108
173	299	43	111
161	301	52	112
167	302	43	112
154	302	49	114
157	303	43	103
153	303	40	111
146	304	44	113
136	305	45	114
128	304	48	112
123	307	47	110
114	307	52	113
105	309	54	115
96	309	47	114
87	310	49	110
78	311	54	113
73	311	54	112
65	311	47	113
56	310	49	115
48	311	52	113
39	313	55	116
47	315	48	115
70	316	49	113
98	314	47	110
122	312	49	112
152	315	51	102
182	315	45	108
179	318	42	112
175	320	44	113
192	322	40	111
183	322	41	112
171	324	48	110
163	333	49	98
151	343	41	88
139	347	33	81
119	339	30	77
112	325	35	90
108	328	39	86
96	323	38	87
86	332	42	89
86	326	42	81
105	332	46	109
132	328	48	111
156	328	47	113
175	327	44	111
199	325	47	114
221	329	49	104
233	325	57	114
225	328	43	113
209	324	52	118
205	323	53	116
197	324	54	115
190	323	46	117
179	323	44	118
163	328	49	115
158	326	52	113
153	333	48	105
151	328	37	108
147	330	35	107
158	328	40	104
165	325	44	106
201	324	41	104
224	322	41	99
242	319	40	111
264	328	45	99
343	324	41	96
340	305	38	101
376	310	39	108
395	308	40	113
389	307	45	113
384	305	42	112
375	302	38	115
367	305	39	110
362	302	40	115
354	304	43	109
349	300	38	109
342	301	37	110
336	302	41	109
329	302	45	107
324	300	42	104
319	299	39	108
311	299	39	111
306	299	39	110
299	298	40	107
294	295	38	109
290	295	36	106
283	294	41	109
277	295	42	102
270	295	39	102
263	294	42	111
258	292	41	106
254	292	41	108
250	292	40	105
244	290	38	102
238	290	37	103
234	290	38	105
230	293	41	100
221	292	39	93
216	291	38	95
212	288	36	102
208	288	36	103
203	286	36	99
197	285	35	100
192	283	36	101
189	283	36	102
186	284	38	104
181	283	37	101
174	283	38	99
169	282	36	101
165	282	38	101
160	283	38	98
129	285	36	94
126	281	39	99
148	280	35	99
144	279	37	100
143	278	37	102
137	278	36	96
132	277	35	97
