554	305	24	61
552	308	26	54
552	307	26	54
553	308	26	55
554	308	25	54
555	308	25	53
555	310	26	53
556	311	26	52
556	311	27	52
557	310	27	53
558	310	27	54
558	309	27	54
560	310	27	54
561	310	27	55
562	309	28	55
563	309	28	55
562	308	29	56
563	309	29	55
564	310	29	54
564	310	28	54
565	310	29	54
565	311	29	54
566	311	29	54
568	312	29	54
569	311	29	55
570	311	28	56
570	309	28	56
571	309	28	57
572	309	28	57
572	310	28	56
574	310	29	56
575	311	29	56
575	311	29	56
575	311	29	56
576	311	29	57
577	311	29	57
578	310	29	58
580	311	28	58
581	310	29	57
582	311	29	57
582	311	30	57
582	311	32	58
582	311	32	57
582	312	32	56
583	312	33	56
583	312	33	57
585	312	33	57
586	312	32	57
589	312	31	57
590	312	31	58
591	311	30	58
592	311	29	59
592	311	29	60
593	311	29	59
594	312	30	58
594	312	31	58
595	312	31	58
597	313	31	59
598	313	30	58
599	314	29	58
599	314	29	58
601	313	30	58
602	312	30	60
603	313	31	60
602	312	32	59
603	312	32	59
603	312	33	60
604	313	32	60
603	313	34	60
604	314	33	60
606	313	33	60
606	314	33	60
607	314	33	61
609	314	32	61
610	313	31	61
610	312	30	62
610	312	30	63
612	313	29	62
612	314	30	61
613	315	30	61
613	314	31	61
614	314	30	62
615	315	30	61
616	315	30	61
617	315	30	62
617	313	31	63
619	314	31	63
619	314	32	63
619	312	34	64
619	314	34	62
619	314	34	63
619	314	35	63
619	315	35	62
619	314	36	63
620	315	35	63
622	315	35	64
623	316	34	63
625	316	33	64
626	315	33	64
627	315	32	64
627	314	31	65
628	314	31	65
629	314	30	65
629	315	32	65
630	315	32	64
631	316	33	64
632	315	32	65
632	316	32	65
633	316	32	65
634	315	32	65
636	316	31	65
637	316	32	65
638	316	32	65
637	316	34	65
637	315	35	66
638	315	36	66
637	316	37	66
637	316	38	66
638	316	38	66
639	316	38	66
640	316	38	67
642	316	37	67
644	317	36	67
644	317	35	67
647	317	33	67
648	317	32	67
649	316	32	67
649	317	31	67
649	317	32	68
651	317	33	68
651	317	34	67
651	318	33	67
652	317	33	67
653	318	33	67
654	319	33	66
654	319	33	67
655	318	33	67
657	319	33	67
658	318	33	68
658	317	36	69
658	317	37	69
658	317	38	69
658	317	38	69
658	318	39	69
659	318	39	68
658	318	39	69
660	318	39	69
661	318	38	69
664	318	36	69
666	318	35	69
667	317	34	70
668	318	34	69
669	318	34	70
670	318	33	69
670	318	33	70
671	319	34	70
672	318	35	70
673	318	35	71
674	318	34	71
674	319	34	70
675	320	34	70
676	320	34	70
678	319	33	71
679	319	33	71
680	320	35	71
679	319	37	71
679	318	38	71
680	318	39	72
680	319	40	72
680	319	40	72
682	320	39	72
681	319	40	71
683	319	40	72
684	319	39	72
685	319	39	73
687	319	38	73
688	320	37	72
689	319	36	73
690	319	35	73
692	320	35	73
692	319	35	74
693	319	34	74
694	319	34	74
694	319	35	74
695	319	36	74
696	320	36	73
697	319	37	73
698	321	38	73
699	321	37	73
699	321	37	73
700	321	37	73
701	321	37	73
702	321	37	74
702	321	36	74
705	320	36	74
706	321	36	75
707	321	36	75
708	321	37	74
708	320	39	74
707	321	40	74
708	320	41	75
708	320	42	76
709	321	42	75
709	322	42	74
709	322	42	74
710	323	42	74
711	322	41	74
713	322	41	75
714	322	40	75
716	323	38	75
717	323	38	75
718	322	37	76
720	323	36	75
720	322	36	76
721	322	34	76
723	322	35	76
723	322	36	76
724	324	38	75
725	323	40	76
726	323	39	76
726	324	39	75
727	323	39	76
728	324	39	76
729	324	38	76
730	324	38	77
733	325	37	77
734	324	37	76
735	323	38	77
734	323	40	77
729	322	45	78
724	321	46	80
715	321	47	78
705	321	46	78
697	322	47	77
691	322	46	78
686	323	45	78
688	323	42	78
688	322	41	79
690	323	40	79
691	323	39	79
692	323	38	79
693	322	37	79
694	323	37	79
695	324	37	78
695	326	36	77
697	325	37	77
698	325	38	78
698	324	40	78
699	323	41	79
700	323	40	80
701	323	39	81
702	324	39	80
703	324	38	80
704	325	37	79
705	325	38	79
707	325	38	79
707	326	40	79
708	324	40	79
708	324	43	80
710	324	43	80
713	325	41	80
713	325	41	80
715	325	41	80
716	325	40	80
716	325	40	80
718	325	40	79
718	325	39	80
720	325	37	79
722	325	35	79
723	327	33	78
723	325	33	78
724	326	33	80
724	327	34	79
724	325	35	80
725	325	34	80
723	325	38	79
722	325	41	81
724	325	42	81
727	325	39	82
725	325	40	81
725	326	39	86
728	328	39	82
729	328	38	84
728	329	41	89
730	326	42	93
733	327	42	93
735	328	45	94
735	328	48	93
736	330	48	94
737	329	51	92
739	328	52	95
739	329	55	93
737	329	54	94
736	333	57	90
745	335	52	88
741	334	50	87
752	334	45	86
720	333	46	89
735	331	48	90
768	334	41	87
736	328	41	82
763	331	48	92
772	332	49	92
766	330	57	90
774	332	55	93
773	331	54	95
778	332	55	94
777	334	52	92
781	332	53	95
781	333	52	95
760	332	49	93
797	332	39	91
795	333	39	92
792	334	41	91
788	335	46	92
787	335	47	90
785	334	52	92
773	335	60	90
784	332	57	94
769	335	62	91
783	334	56	93
759	333	56	91
793	333	49	94
768	333	49	81
740	332	37	82
740	328	36	82
738	330	37	82
733	331	38	84
725	332	41	85
719	334	43	84
710	332	48	85
714	333	42	84
713	334	48	83
716	331	45	88
721	331	42	88
723	333	38	85
722	331	37	87
722	332	36	87
718	336	37	80
707	334	41	83
702	336	42	84
699	336	45	82
703	336	43	82
707	335	41	81
702	336	49	86
702	336	51	87
696	337	56	85
703	338	46	85
700	336	42	88
699	335	39	86
697	335	38	85
695	334	40	81
692	334	44	83
700	336	43	84
701	333	43	86
706	334	45	88
703	333	46	89
687	334	51	92
683	336	50	90
682	339	50	85
680	337	54	93
694	338	49	93
698	343	48	90
702	342	42	90
705	341	40	90
708	340	42	75
715	343	41	83
716	344	42	84
717	341	46	87
720	342	46	87
724	342	44	85
718	345	48	85
716	341	45	89
717	337	46	92
712	334	46	95
712	338	44	92
714	338	45	94
717	339	44	93
714	343	45	88
724	344	43	82
723	346	43	82
719	336	49	91
721	333	53	95
714	335	59	91
721	337	57	95
724	335	59	102
724	336	64	96
724	332	65	102
724	332	66	102
730	339	63	97
737	337	62	99
739	337	57	99
739	337	56	98
742	335	53	106
746	338	51	109
749	341	54	107
740	340	63	106
748	337	70	112
754	339	71	111
758	340	67	114
753	344	73	114
756	352	72	110
760	352	73	115
769	357	70	116
765	358	62	101
716	351	48	90
715	353	45	85
699	349	48	89
675	340	52	94
636	344	76	102
707	345	76	111
686	343	96	101
679	339	92	107
674	344	85	106
584	341	82	110
572	339	77	105
573	335	67	103
568	334	61	100
560	335	57	91
553	335	61	95
549	336	65	102
542	343	66	108
458	340	66	109
453	340	64	109
444	341	70	109
440	341	68	109
438	341	69	109
443	340	57	109
441	341	53	93
391	343	41	82
390	344	37	77
385	343	38	76
366	346	48	87
375	341	48	95
367	340	60	101
346	333	66	110
340	336	63	112
329	333	60	107
312	333	59	109
309	339	55	106
309	343	55	103
294	336	54	101
306	339	45	96
306	341	42	86
307	341	39	84
308	341	40	83
310	340	45	84
311	340	46	85
311	340	47	92
312	342	49	88
314	340	48	89
314	341	52	94
314	340	51	98
316	339	53	95
318	339	51	99
313	341	55	92
333	345	45	80
331	345	43	77
328	343	46	75
332	342	46	77
330	340	51	86
322	335	60	94
289	334	55	109
281	337	59	108
264	339	67	103
213	344	70	109
212	347	65	107
213	344	66	108
212	343	61	108
205	345	63	106
200	345	65	109
202	344	66	107
200	347	62	107
200	343	66	105
184	346	58	106
180	347	63	105
126	348	64	103
144	351	71	107
151	353	75	109
148	357	73	111
138	353	71	113
137	350	66	112
120	348	62	110
166	352	56	105
158	357	53	106
154	354	58	97
105	350	54	100
105	354	50	99
103	353	49	99
95	354	48	95
80	355	53	93
84	354	49	86
89	351	45	86
92	348	43	85
93	343	43	86
95	342	44	85
95	339	43	83
96	343	41	86
94	348	40	77
88	349	40	80
80	346	47	78
80	345	50	85
79	344	45	87
74	343	54	91
72	348	54	87
76	346	50	88
74	351	50	83
74	349	50	86
75	346	51	88
76	352	48	82
72	353	44	83
46	345	46	83
29	353	44	90
8	351	46	87
5	349	42	89
6	345	44	90
11	352	45	89
15	351	47	100
13	360	57	103
9	361	63	111
9	367	64	109
3	359	64	113
8	362	64	110
9	361	64	103
18	360	56	102
5	357	57	99
10	356	51	97
19	357	50	93
14	359	53	90
7	363	46	88
7	362	46	85
10	360	52	86
2	363	51	80
7	359	56	88
4	359	60	85
5	357	46	80
6	361	44	83
6	359	48	86
15	358	45	85
20	360	51	87
15	358	53	90
34	364	63	98
34	364	71	100
21	357	78	104
28	364	78	104
71	371	56	102
56	376	58	97
21	367	77	103
7	363	76	111
12	360	67	114
13	353	72	117
44	358	88	113
58	362	82	110
60	360	80	111
62	360	75	110
41	360	90	109
36	357	88	114
29	365	73	108
13	359	80	109
66	363	65	108
102	370	57	100
81	367	62	102
104	369	67	102
79	360	69	110
112	366	79	104
117	374	82	97
125	372	76	98
127	376	77	95
131	377	68	94
154	379	58	93
118	372	67	94
114	362	71	105
147	361	73	108
149	364	66	105
149	360	76	106
127	361	75	106
160	364	80	102
166	364	78	103
164	357	84	109
176	363	82	102
158	364	64	102
78	364	60	109
41	363	74	109
30	363	83	110
43	364	76	110
34	365	79	110
45	363	78	112
90	369	75	103
93	374	84	97
96	375	82	95
99	379	77	93
80	372	70	101
84	367	65	104
120	369	68	100
99	363	67	104
100	367	69	103
107	370	68	101
154	367	64	102
153	366	67	102
152	369	71	100
157	367	72	102
158	372	70	96
177	368	56	100
167	364	65	104
184	359	58	108
186	359	55	107
140	360	80	107
138	367	86	103
193	368	73	99
204	373	64	93
200	371	73	95
207	379	70	86
200	370	71	95
184	359	69	105
189	355	63	109
223	355	67	107
216	358	71	105
227	362	71	101
228	368	65	98
244	366	63	97
239	364	73	98
244	365	78	97
253	367	75	93
249	362	75	99
269	369	65	94
248	369	58	93
231	361	70	98
177	357	66	109
189	355	75	109
194	359	72	107
137	363	76	107
127	363	87	110
132	362	94	110
66	363	88	111
4	364	61	111
17	361	54	107
16	361	52	106
27	360	51	106
27	360	53	108
27	359	57	107
29	362	64	97
33	356	67	99
40	356	65	102
46	358	67	108
53	357	71	104
55	357	71	106
60	364	69	104
91	358	73	108
79	353	68	106
81	358	59	95
87	364	52	95
92	370	54	90
112	368	61	93
106	365	56	95
110	360	56	103
115	362	56	103
115	362	61	104
120	361	64	107
124	362	61	102
137	360	62	102
148	358	65	105
152	353	66	103
163	350	63	101
164	357	66	97
161	354	73	93
161	360	71	92
183	351	75	94
179	356	74	97
179	354	75	99
179	352	69	98
187	355	69	98
189	359	76	99
207	357	78	100
205	356	72	103
217	359	73	97
200	357	67	91
200	356	62	85
214	354	69	85
243	360	65	98
230	356	61	95
230	357	60	93
248	357	60	94
238	360	58	88
244	358	55	93
255	359	52	92
260	355	55	94
263	351	57	97
274	358	57	91
256	355	61	85
259	351	59	87
260	352	61	87
254	352	60	86
261	352	58	87
265	351	54	88
277	352	56	86
280	349	49	88
307	349	53	87
299	350	54	87
327	347	66	88
327	350	73	91
329	348	82	92
315	347	69	92
317	349	70	87
307	351	60	85
310	351	52	84
314	348	52	85
318	349	53	85
326	350	54	82
339	349	57	82
332	349	60	80
321	346	46	78
322	346	36	73
324	345	35	74
328	346	37	73
330	344	35	76
333	344	36	74
336	342	37	78
338	341	35	78
341	340	35	79
342	337	36	84
344	337	35	83
344	336	37	82
347	337	41	80
350	336	36	82
352	341	38	80
355	346	36	75
358	346	37	72
362	346	38	72
363	345	37	73
366	346	35	75
366	342	37	77
366	342	36	77
367	341	35	78
368	338	34	79
368	342	35	79
371	339	34	79
373	343	33	76
375	341	34	78
377	339	35	79
380	342	33	76
382	340	33	71
386	339	34	65
412	327	40	70
406	329	42	68
409	327	45	68
410	328	43	70
410	329	41	69
413	329	38	69
413	329	40	68
413	329	39	68
411	329	36	69
408	330	36	69
403	329	39	66
402	331	37	65
401	333	38	64
397	334	40	73
395	336	41	75
398	339	40	78
397	340	42	76
396	339	42	77
397	336	41	80
397	336	43	81
401	337	40	81
402	334	40	82
403	335	39	79
403	336	38	76
404	334	39	79
403	332	43	77
385	330	49	71
410	337	43	77
413	334	45	79
417	331	46	83
425	333	46	84
429	334	46	81
431	334	47	82
432	334	48	82
433	334	46	82
433	335	46	81
435	335	46	79
438	337	43	78
443	337	40	78
447	338	37	77
449	338	39	75
446	332	44	79
451	337	39	77
452	330	43	82
452	339	41	78
453	335	44	81
456	332	47	81
455	338	45	81
460	335	43	79
461	338	41	80
460	335	43	79
459	338	42	81
460	331	42	85
462	336	42	83
459	333	43	83
461	330	41	86
462	330	43	88
468	337	43	84
478	340	45	82
501	343	47	80
536	342	46	80
562	349	47	78
559	341	54	79
573	341	49	84
577	344	45	82
580	345	43	81
581	344	42	82
585	346	40	80
586	345	39	80
585	343	40	82
583	340	48	81
593	342	44	82
597	342	45	81
601	340	45	84
604	342	46	80
607	341	48	79
617	338	46	84
621	342	41	85
623	340	41	84
623	335	45	83
629	336	44	85
641	329	47	82
647	328	51	85
670	338	48	83
698	339	49	84
722	338	47	82
729	337	46	81
747	341	45	82
747	339	43	83
747	337	45	84
747	334	45	85
748	333	43	84
751	334	42	82
751	331	41	83
752	333	40	81
754	332	38	81
756	331	38	83
758	332	37	82
759	328	39	86
761	327	39	85
762	329	39	83
766	330	39	82
770	329	40	84
775	332	41	83
785	331	42	83
796	330	39	83
797	332	43	82
800	332	44	84
803	328	46	81
803	327	45	79
804	324	45	82
805	325	43	86
809	329	39	83
809	328	39	84
810	330	39	83
810	331	39	84
812	332	40	82
813	329	40	83
813	323	43	85
815	324	41	84
815	321	41	86
815	323	44	83
815	321	44	84
815	322	45	83
815	321	46	84
816	322	46	84
817	321	49	85
818	322	48	84
819	321	47	84
819	322	48	84
819	323	47	83
818	324	47	84
818	325	46	84
815	327	45	83
811	328	46	83
815	326	45	83
815	323	45	85
815	320	42	85
813	321	42	83
808	321	44	83
806	321	41	84
805	322	40	83
806	322	39	83
806	320	38	84
808	321	36	84
806	320	37	83
806	321	36	83
805	321	38	83
804	321	39	83
804	321	41	83
803	321	41	83
803	322	41	82
802	322	42	82
803	322	43	82
802	323	44	80
802	321	44	81
805	320	44	83
806	319	43	85
808	318	41	85
808	320	40	83
809	321	40	83
809	321	40	83
810	320	41	84
809	322	39	83
809	323	41	82
808	322	42	83
808	324	44	81
808	324	43	81
809	323	43	82
810	323	43	82
810	323	44	83
812	323	43	82
812	323	43	83
814	321	41	83
815	319	40	85
817	320	38	83
818	319	37	84
819	320	38	83
820	321	38	82
821	321	37	82
822	321	36	81
823	320	36	82
823	321	36	82
823	322	37	81
824	322	37	81
825	322	37	81
824	320	39	83
824	321	39	81
825	322	38	81
824	320	38	83
825	321	39	81
825	320	39	81
825	320	40	81
827	321	41	80
827	320	42	81
827	320	43	81
828	319	43	81
829	320	44	81
829	320	45	80
831	320	42	80
832	321	43	78
831	321	44	79
832	321	44	80
833	320	43	80
834	321	44	80
835	319	43	81
835	319	43	80
837	319	43	81
839	318	42	82
839	318	43	82
840	318	44	83
841	318	43	82
843	319	42	81
845	319	42	81
847	320	40	80
848	320	40	80
850	320	38	80
852	320	37	80
852	319	36	78
853	319	35	78
853	320	37	78
856	321	40	78
859	319	41	81
866	318	41	80
867	317	43	82
871	318	42	81
874	318	40	82
875	318	42	80
878	317	41	81
879	317	41	78
882	318	41	78
883	319	42	80
884	321	45	80
885	322	45	80
887	323	45	80
887	323	45	80
887	323	48	80
889	323	46	82
904	321	45	82
916	321	41	83
