269	79	12	37
268	78	12	40
266	78	13	40
264	79	13	40
264	77	13	40
263	79	13	40
262	78	14	42
261	79	14	40
260	78	14	42
258	78	15	42
257	79	13	41
257	78	14	42
256	80	14	41
255	80	14	41
255	80	14	40
253	78	14	43
252	82	14	40
251	80	15	42
251	80	15	41
249	81	14	40
248	80	15	42
248	81	14	41
247	82	15	41
245	82	15	41
245	81	15	42
242	81	16	42
240	82	17	41
238	82	17	41
236	82	17	42
236	83	16	41
234	83	16	42
233	83	16	42
233	81	16	43
231	82	15	43
229	83	16	43
228	84	17	41
226	83	17	43
225	83	16	43
226	83	16	44
225	83	16	43
223	84	16	42
223	83	16	43
222	83	16	43
220	84	16	43
218	85	17	42
217	83	16	43
216	83	16	43
214	84	15	43
212	85	16	42
211	85	15	42
210	86	15	42
209	85	16	43
207	86	16	42
206	86	16	43
205	85	17	43
204	85	16	43
203	86	15	42
200	86	16	43
199	86	16	44
198	86	16	44
196	86	16	43
193	86	16	44
194	87	16	43
191	86	16	44
189	86	16	45
189	87	15	44
189	87	16	45
186	87	17	45
187	88	16	44
185	87	15	44
184	88	16	44
183	88	15	45
182	88	16	45
181	88	16	45
179	88	16	45
180	89	15	44
180	89	14	44
179	90	15	44
179	91	16	43
176	90	16	44
175	91	15	43
173	90	15	45
168	90	18	43
168	92	15	44
165	92	15	42
164	94	16	41
165	92	15	42
165	91	16	41
166	90	16	45
152	87	16	42
164	89	19	38
160	87	23	41
160	91	20	43
160	89	19	46
159	89	18	47
156	91	18	47
154	91	20	46
141	91	18	44
140	91	18	43
140	92	19	43
139	97	18	44
135	98	17	38
135	96	17	40
134	93	18	45
133	95	18	45
131	95	17	45
129	97	19	48
133	90	20	47
132	88	20	39
132	92	19	36
134	95	16	34
134	96	16	33
133	94	16	36
130	94	18	37
128	95	20	38
127	95	21	39
123	95	20	38
134	93	18	41
136	98	18	41
133	96	19	42
135	101	16	41
137	98	17	45
143	97	17	45
143	97	18	45
135	100	17	40
130	99	20	43
127	100	20	42
139	97	20	48
140	98	17	47
141	98	18	47
138	98	18	47
137	98	18	47
137	98	18	47
137	100	18	47
138	99	19	49
136	99	19	49
137	99	18	49
136	100	18	48
134	100	19	48
135	101	18	48
133	100	19	49
132	100	19	50
132	100	18	49
131	100	19	49
131	101	18	49
130	101	19	49
128	100	19	49
128	102	17	49
127	102	18	49
124	102	19	50
124	102	19	49
123	102	19	49
124	102	18	49
122	102	19	49
121	104	18	49
121	102	19	50
118	102	20	50
118	103	20	50
116	103	21	50
116	103	21	50
116	103	20	50
116	103	19	50
115	104	20	51
115	105	20	48
116	105	18	47
115	105	18	44
115	105	18	46
112	106	21	44
112	106	20	46
109	106	22	45
109	106	22	47
109	106	21	48
108	107	21	46
107	107	21	47
108	107	21	47
106	107	20	46
106	107	20	43
105	107	21	41
101	108	21	39
101	106	20	36
99	107	20	36
97	108	21	37
95	108	21	36
93	109	21	35
93	108	21	34
92	98	21	34
89	108	18	41
87	108	22	37
84	107	22	38
82	109	20	46
80	109	19	45
81	111	20	42
78	111	20	40
77	111	21	40
76	109	19	41
75	111	20	38
84	97	18	38
69	112	20	34
64	110	22	38
62	112	23	39
60	111	26	41
62	111	24	44
59	110	26	47
59	110	24	49
57	111	25	47
57	111	23	42
55	112	24	43
57	111	23	47
55	109	25	48
54	111	24	47
54	111	24	46
52	113	25	45
55	111	23	48
52	111	23	47
51	111	24	48
51	112	23	48
49	113	23	48
50	112	21	48
50	111	21	46
48	111	23	48
46	113	24	48
43	114	23	47
44	114	21	50
40	114	24	52
39	114	24	56
37	114	25	57
37	114	25	57
35	115	24	58
33	115	25	58
33	115	24	57
32	115	23	57
32	115	24	59
32	116	23	60
29	116	23	59
29	115	23	59
27	117	23	58
25	117	23	59
26	117	22	59
25	117	22	59
25	117	23	60
22	118	24	59
22	118	24	60
22	117	22	59
19	118	24	60
19	119	23	60
18	120	25	60
16	120	24	60
16	119	26	61
16	119	24	61
17	120	25	61
16	121	24	61
15	121	26	62
13	121	26	62
12	121	25	62
