330	232	70	88
329	231	75	81
327	232	74	83
325	227	76	85
323	228	79	85
328	229	76	83
333	230	77	81
338	230	76	81
342	230	77	80
346	231	81	78
350	231	83	75
363	232	84	73
382	228	82	74
399	222	83	75
420	218	88	74
449	210	86	79
494	207	78	76
521	204	83	74
547	203	84	72
575	201	85	70
603	202	82	68
629	203	78	70
650	205	69	72
659	209	69	75
663	211	66	74
662	214	66	75
662	216	64	75
659	217	64	76
657	218	61	76
656	218	61	77
654	218	61	78
651	221	62	77
649	221	69	79
643	227	71	77
637	236	76	78
627	245	83	81
612	265	85	78
581	280	93	70
557	288	89	69
505	293	107	73
478	278	96	86
458	267	91	85
433	259	94	85
425	257	94	83
419	253	90	80
417	252	90	84
421	249	86	90
423	253	85	86
431	257	82	83
443	259	82	78
454	259	83	80
459	257	80	82
462	251	79	84
465	254	79	78
468	252	78	80
470	254	78	78
472	257	78	79
475	258	78	79
477	256	80	82
484	254	78	85
495	249	77	81
505	242	77	82
518	238	76	79
526	235	76	80
533	234	76	82
538	232	75	83
542	233	72	80
545	233	71	79
545	235	73	79
546	235	73	77
547	236	75	78
548	236	74	78
549	232	73	80
549	228	74	80
548	223	75	80
548	221	76	79
547	220	77	79
544	219	79	78
542	219	81	79
537	219	82	79
532	218	84	79
527	215	85	80
522	216	83	81
516	212	86	85
509	229	86	69
506	242	86	56
500	266	102	42
499	276	91	51
496	285	87	58
506	287	78	67
518	285	68	71
519	285	67	74
519	282	67	73
517	283	70	65
511	281	76	59
509	279	90	46
508	275	85	41
508	272	87	37
507	270	83	38
506	269	81	38
505	270	86	40
504	269	87	45
503	269	99	48
497	267	80	62
489	274	76	108
481	270	85	83
478	241	82	89
473	228	84	87
470	227	85	85
470	225	84	85
470	225	83	85
470	225	82	84
471	226	82	84
471	228	82	82
471	228	83	82
472	227	83	83
472	228	84	83
471	228	85	83
472	227	85	82
473	228	85	82
473	228	85	83
473	230	86	81
474	231	86	82
475	231	87	83
476	232	88	84
484	236	84	81
491	241	82	78
492	242	90	77
500	242	82	78
502	242	79	78
502	241	79	78
500	240	81	77
494	241	81	76
487	242	83	77
482	242	82	78
479	242	82	78
476	241	82	78
476	241	82	78
475	237	82	80
475	237	82	80
475	236	82	80
475	235	82	81
474	235	82	81
473	235	83	81
472	235	83	80
470	235	80	80
466	236	77	78
460	237	85	79
456	239	83	79
455	240	81	79
449	240	80	79
446	240	83	79
446	240	82	79
445	239	82	79
445	239	82	79
445	239	83	79
446	239	83	80
446	239	82	78
447	240	81	76
448	240	81	77
449	243	80	77
451	245	80	79
452	252	80	78
456	257	93	75
459	259	95	76
463	259	104	75
463	258	89	74
466	249	83	77
464	245	86	76
463	241	89	77
459	239	94	84
456	238	105	87
455	236	98	90
454	235	93	92
453	234	106	94
453	233	108	97
453	232	107	98
453	233	107	98
452	235	107	96
451	237	106	94
451	239	107	93
450	239	106	95
448	238	107	99
448	236	108	102
445	234	110	103
445	233	111	106
446	233	112	111
448	233	113	116
458	232	104	119
460	232	96	119
463	232	90	118
461	232	89	117
462	231	91	119
462	231	92	119
460	230	96	120
459	228	101	121
459	229	103	121
460	227	105	122
461	228	106	122
464	228	110	121
466	228	114	120
469	228	114	120
471	228	114	119
472	227	115	120
474	227	116	122
473	227	116	123
476	225	119	125
475	223	124	124
477	220	126	122
485	218	120	123
487	216	119	122
485	216	123	122
484	216	125	125
480	217	127	125
472	218	132	123
462	220	141	120
455	223	150	114
448	226	155	110
435	231	163	109
412	260	115	86
404	263	113	86
406	261	105	90
405	258	102	92
405	258	101	89
407	254	98	89
408	252	96	87
412	250	93	87
415	249	91	84
417	247	88	82
420	244	87	84
422	244	87	83
420	243	90	82
414	246	95	80
409	247	95	84
400	248	97	86
391	248	93	86
384	247	86	86
377	248	82	83
370	248	79	83
371	247	78	82
370	246	78	82
370	245	78	83
369	246	80	82
370	245	82	82
373	245	81	82
376	246	80	81
378	246	80	82
382	244	80	84
387	246	84	85
393	247	86	84
404	246	91	86
412	244	95	87
423	243	103	89
433	226	107	98
444	215	104	85
449	204	101	73
450	185	98	84
447	180	92	88
430	186	90	82
416	195	103	78
400	205	111	73
391	219	112	69
390	228	110	67
390	233	112	66
391	239	112	64
391	247	111	58
392	256	110	50
394	266	106	43
407	272	95	38
421	274	90	45
425	275	89	56
422	277	95	54
417	278	100	54
414	278	102	51
417	276	102	43
421	278	98	38
426	282	87	34
413	286	97	31
417	291	93	32
413	288	97	40
414	286	99	48
410	284	104	55
407	283	109	60
404	283	113	63
404	282	114	67
402	281	114	70
403	278	111	73
404	275	109	72
402	273	109	69
405	276	105	62
408	275	98	64
409	265	88	70
410	256	87	66
409	250	86	67
406	246	90	65
405	237	93	66
406	225	94	68
406	219	105	69
404	217	112	71
405	218	114	68
408	228	112	57
412	244	106	44
429	253	88	45
426	258	92	47
417	259	101	54
409	260	112	49
408	259	110	46
408	258	106	46
408	257	101	50
408	255	98	58
413	246	93	69
412	246	94	71
416	247	93	71
411	260	95	61
414	263	89	67
416	265	77	74
422	273	63	76
421	282	58	74
426	284	50	73
430	279	54	73
435	276	70	65
429	290	83	43
432	294	83	28
431	293	79	47
423	289	74	64
410	284	74	74
397	280	76	79
385	277	81	79
380	273	86	81
378	268	90	84
378	264	93	87
379	261	93	88
383	256	92	91
391	252	88	94
397	249	84	87
408	251	75	79
410	251	70	75
436	256	80	69
450	270	82	68
453	274	93	79
434	250	109	108
425	233	115	119
431	228	108	119
455	221	95	123
448	218	92	124
453	216	97	125
447	221	119	120
451	218	129	121
449	214	117	123
450	214	104	121
449	210	104	126
455	214	100	125
459	215	97	132
460	216	90	135
467	216	84	136
472	216	79	140
475	230	88	133
476	237	95	124
479	241	109	124
480	246	123	123
483	251	126	121
485	253	128	122
485	258	127	120
485	261	128	123
485	266	127	121
486	268	125	121
488	273	121	118
492	278	117	116
495	284	112	115
497	287	111	112
499	287	110	113
500	285	110	113
500	280	111	117
501	280	117	117
502	276	118	120
502	278	118	119
499	276	120	120
497	276	121	121
495	275	123	122
494	275	123	123
493	275	124	123
493	275	124	123
492	274	125	124
492	274	125	125
492	277	124	124
490	280	126	122
487	282	130	122
476	285	142	120
464	285	154	122
448	288	166	121
442	296	130	108
429	308	95	83
426	315	92	75
411	318	75	71
401	319	67	70
391	320	66	71
387	313	65	84
385	306	62	94
384	306	62	96
385	293	60	113
385	284	67	115
385	282	67	125
384	275	70	136
382	268	73	145
389	262	68	100
395	261	59	87
397	261	59	86
391	259	70	86
388	256	67	87
379	257	84	82
379	256	98	83
374	252	108	91
382	277	110	86
376	274	113	88
361	252	130	111
354	234	140	131
351	226	137	137
355	230	132	127
357	221	132	134
358	222	126	137
359	218	109	142
361	218	93	144
368	225	79	137
369	218	68	145
380	244	60	139
379	231	81	103
386	233	85	83
391	243	85	78
388	243	89	78
394	263	83	64
392	257	81	73
388	246	79	83
385	233	78	99
382	232	81	116
385	249	86	101
384	255	83	105
384	283	79	84
388	304	74	66
383	308	72	59
378	299	69	67
378	310	63	64
376	311	58	67
358	271	56	105
344	267	84	119
344	264	102	121
340	269	113	118
342	271	125	114
344	275	141	109
353	273	149	109
367	275	158	110
385	277	156	107
413	285	173	111
434	287	170	132
454	286	152	132
487	286	128	134
496	281	128	134
495	284	146	132
492	283	159	135
490	283	166	136
488	282	170	137
484	284	168	134
482	284	162	131
485	283	152	124
488	281	138	122
493	280	154	119
502	275	153	121
512	273	145	124
520	273	137	126
527	271	130	129
531	272	126	128
535	272	122	128
538	276	118	125
542	271	114	129
547	281	110	119
550	278	109	121
553	286	109	114
555	276	107	125
554	276	108	124
555	274	107	128
557	272	106	131
560	277	105	127
563	286	103	118
567	279	101	124
569	291	101	111
571	278	99	124
571	287	103	112
573	275	98	125
573	289	100	112
573	288	98	111
574	287	98	112
573	289	99	113
570	286	100	113
569	290	102	112
568	291	102	111
566	293	104	108
564	293	105	111
564	294	103	112
558	290	105	116
452	274	93	99
450	254	89	98
447	240	88	92
443	235	84	80
441	232	82	74
434	230	91	77
428	228	100	87
429	233	104	91
432	246	106	83
445	251	90	83
470	276	59	73
469	284	61	70
469	295	79	70
475	303	80	65
485	307	76	71
487	307	77	69
481	301	84	72
477	293	90	75
473	285	93	77
469	277	95	79
468	268	92	81
462	257	94	79
463	252	93	80
464	248	95	79
465	244	98	77
467	241	100	79
467	241	103	76
468	242	104	76
467	242	105	76
467	244	104	78
468	245	104	77
467	247	105	77
469	248	104	76
467	248	105	75
469	249	102	75
468	249	102	73
469	250	99	70
469	251	97	66
477	255	86	64
476	255	91	70
475	254	98	77
479	254	95	83
483	258	89	84
488	268	78	80
478	278	85	83
463	287	97	88
442	297	109	89
421	310	113	77
400	324	117	59
373	320	119	64
360	304	116	78
356	290	102	80
359	274	89	76
365	265	76	78
365	257	74	80
365	252	71	77
367	243	58	82
363	241	63	82
353	239	73	83
348	243	78	82
342	245	79	82
341	249	78	80
341	252	76	79
340	254	76	79
341	257	74	79
342	261	70	76
335	268	82	77
325	280	102	73
328	291	107	62
335	296	100	56
346	300	94	57
350	305	96	56
351	310	99	62
357	312	95	70
354	321	93	72
350	322	87	74
338	323	95	77
329	321	102	82
319	321	110	83
306	325	99	77
295	326	90	74
276	324	93	73
263	312	88	80
248	307	90	81
231	293	96	89
220	289	102	88
216	285	101	88
213	282	101	88
213	280	101	86
213	279	102	86
215	279	104	86
217	281	109	85
222	283	115	86
239	288	112	84
263	292	95	82
283	295	99	76
310	293	97	76
344	261	100	94
356	247	103	88
382	227	77	83
388	197	78	100
389	186	88	95
389	188	96	80
401	190	88	73
403	191	96	73
409	195	98	91
414	216	94	87
427	223	82	102
426	257	96	94
455	275	98	82
485	275	103	82
526	253	95	94
550	234	91	94
571	214	80	94
565	201	99	85
569	193	102	78
574	193	98	70
583	193	89	70
594	195	71	71
600	200	63	72
600	207	62	72
593	210	65	72
584	217	69	73
567	221	76	75
561	222	77	83
542	225	85	91
519	229	94	93
495	236	91	93
468	246	92	92
441	258	98	92
410	272	112	82
399	277	106	85
377	282	111	79
361	287	114	74
351	279	111	84
351	285	106	79
350	277	105	86
350	282	105	84
349	279	112	89
353	292	125	82
385	288	115	81
411	265	118	91
436	232	129	98
454	191	112	113
444	145	105	130
425	124	110	133
420	128	111	122
419	144	89	90
403	150	96	81
392	152	110	83
386	169	114	72
386	180	111	85
376	188	125	91
364	212	152	83
357	222	162	89
356	238	130	119
354	252	129	117
359	254	144	120
397	249	127	126
403	261	141	124
400	243	131	141
402	228	103	148
423	235	95	181
438	250	85	170
440	272	92	143
440	271	92	146
437	272	98	143
434	264	95	139
434	258	88	138
432	254	86	140
433	248	89	140
426	245	92	146
416	247	98	142
414	242	93	145
414	243	91	142
410	232	96	148
410	231	99	148
410	228	104	147
411	222	109	147
414	222	105	144
421	222	99	139
428	218	92	137
437	219	81	139
443	219	71	134
445	218	73	133
445	216	76	136
445	216	76	136
443	220	86	135
437	221	94	137
436	223	94	137
440	225	84	135
441	222	78	139
442	220	74	141
442	216	74	144
443	212	76	147
443	209	80	143
439	205	88	141
438	201	95	140
439	208	99	129
438	200	104	132
443	203	106	127
453	198	103	128
463	198	102	122
465	196	105	122
477	197	99	119
484	196	96	119
485	197	92	118
489	196	88	119
493	196	83	124
495	195	79	129
493	194	81	120
490	193	83	118
484	191	90	120
472	193	102	121
466	195	111	124
459	200	123	126
448	213	139	116
449	220	145	107
447	227	150	99
449	237	155	89
447	251	161	72
446	256	160	70
450	259	165	72
457	261	159	75
468	262	152	79
475	262	159	88
476	263	168	101
491	263	178	114
491	265	174	118
496	267	169	122
491	268	175	123
496	269	170	128
503	269	163	133
513	270	155	136
521	274	148	133
522	277	144	128
523	278	142	127
527	280	137	126
529	281	135	125
531	279	134	130
531	280	137	134
533	277	138	138
536	276	137	144
541	276	132	147
544	279	127	146
546	276	126	142
547	280	126	139
544	281	125	130
543	277	124	126
542	277	125	122
537	275	130	125
529	276	135	123
523	273	141	124
512	274	149	121
503	273	157	122
494	272	164	126
486	270	170	128
477	270	176	132
471	270	181	138
476	272	177	133
475	274	179	142
472	279	182	156
492	282	167	160
504	288	152	158
496	294	157	151
499	293	158	162
503	292	154	168
502	294	152	162
513	290	140	166
515	288	138	162
517	290	133	165
519	290	130	167
519	289	125	163
518	285	126	162
517	286	127	159
517	291	126	156
516	292	126	155
516	291	126	157
513	289	122	159
409	217	117	83
413	223	109	82
417	236	109	78
418	245	112	77
421	256	112	76
423	266	113	74
429	272	110	74
430	274	111	74
432	276	112	75
431	278	114	72
430	281	115	68
429	284	115	64
430	288	113	59
432	293	109	55
432	298	108	50
432	304	107	50
438	309	101	53
439	313	94	60
443	317	85	67
444	322	74	75
442	323	75	85
439	330	80	85
429	347	93	69
423	360	94	65
413	376	93	68
403	382	99	77
399	383	96	84
398	387	93	84
399	390	94	82
407	385	102	83
429	377	103	88
451	352	89	91
463	313	88	93
477	274	80	106
468	255	84	94
461	238	91	89
454	226	96	84
448	223	94	68
450	214	89	81
447	214	81	87
443	221	81	88
433	227	94	98
420	253	101	87
418	280	96	77
422	299	104	81
436	300	104	81
461	289	96	76
499	267	92	76
523	247	97	77
535	230	98	77
545	231	93	70
553	232	85	67
563	232	76	66
567	235	69	66
567	234	67	70
562	235	66	73
558	232	75	81
549	236	83	83
544	235	87	89
538	235	88	95
532	240	84	97
533	246	82	93
531	251	82	90
527	256	83	87
519	258	88	87
510	260	95	89
511	261	100	95
509	265	102	97
506	267	108	100
528	310	121	141
522	300	129	153
516	294	130	158
519	305	129	148
516	308	131	148
516	304	132	157
517	306	128	170
514	303	133	170
515	300	133	170
514	298	133	171
512	292	134	169
519	291	129	152
518	285	131	156
514	287	135	147
507	291	142	138
502	295	144	135
503	286	143	141
508	289	136	144
511	284	136	149
514	284	135	153
518	282	133	157
520	280	132	158
521	281	132	160
509	282	142	169
526	277	130	158
521	285	135	158
525	283	135	163
523	283	137	166
518	281	143	188
521	283	142	175
529	281	135	172
533	283	130	157
534	286	132	142
535	289	132	140
534	290	133	140
534	289	134	140
535	289	135	144
536	291	135	145
536	292	136	147
538	296	135	145
539	295	136	147
540	291	137	156
541	298	137	157
543	295	136	153
549	291	131	151
548	293	132	157
545	294	135	151
548	293	134	160
546	295	135	158
549	297	132	151
551	296	131	153
549	296	131	163
550	299	128	150
550	294	128	154
548	294	128	156
547	295	129	154
546	298	130	152
545	297	130	157
543	294	131	154
543	299	131	151
542	291	131	161
539	297	132	156
538	295	130	161
538	296	129	156
536	292	127	160
535	289	126	158
534	288	126	150
532	288	124	144
529	286	123	144
526	284	123	147
523	284	122	151
517	282	123	158
514	281	122	159
511	279	120	162
508	277	120	161
505	279	120	160
499	279	126	165
491	280	132	160
484	282	136	162
472	289	147	146
461	291	138	139
439	289	114	130
435	286	102	124
426	276	101	123
409	266	108	127
397	261	124	128
383	255	136	134
373	251	143	134
366	246	146	134
358	244	152	129
351	242	159	127
342	238	165	134
339	237	167	136
339	235	169	139
341	233	168	137
357	231	156	132
355	233	159	140
356	233	169	140
350	238	178	138
357	239	184	134
402	242	149	133
421	248	141	131
428	252	143	132
438	254	143	136
451	250	138	141
459	236	140	157
460	225	138	178
468	202	131	204
478	185	127	208
474	179	140	162
441	168	173	156
441	169	171	143
443	168	165	130
436	170	165	116
431	172	174	112
433	175	176	115
440	181	164	122
445	197	150	119
452	202	135	124
455	212	117	125
454	221	125	130
452	225	133	124
453	231	132	172
450	228	138	180
448	226	143	183
440	223	113	185
438	226	107	115
441	227	103	120
447	221	99	116
443	217	104	125
445	211	103	123
444	203	109	121
448	202	110	116
452	203	111	121
455	207	112	135
452	202	116	147
454	209	128	178
448	199	140	202
445	189	143	205
446	184	143	208
445	182	133	201
445	185	128	199
442	187	127	197
438	197	127	193
440	208	132	187
437	211	131	188
439	227	116	152
443	232	111	122
446	234	106	114
445	243	108	136
440	248	115	134
441	242	115	146
441	246	116	145
440	243	118	145
442	239	117	142
447	239	116	133
443	251	116	116
445	264	117	108
447	272	116	103
449	272	121	106
454	274	121	119
454	273	123	124
442	271	111	119
437	273	111	121
433	273	109	110
431	276	103	109
429	270	104	117
431	275	99	114
428	272	93	115
428	283	85	99
428	284	69	100
415	281	63	103
403	293	58	96
394	285	63	110
386	293	75	110
376	299	95	106
373	302	106	103
376	300	110	103
381	300	110	104
390	298	105	105
397	292	108	105
402	286	119	112
409	272	117	116
420	263	122	108
430	251	117	102
431	243	119	93
436	234	122	92
434	231	127	89
432	231	114	84
429	235	98	78
424	236	98	75
421	245	98	72
422	251	101	72
422	249	103	77
425	251	102	81
432	255	99	82
440	267	95	74
447	278	93	70
453	281	91	75
459	287	89	81
462	294	87	80
467	302	84	81
468	309	80	84
466	317	81	79
466	323	77	73
462	326	79	72
461	328	80	72
461	329	81	73
461	328	86	73
460	325	88	74
460	309	80	87
465	280	83	99
464	254	95	111
457	228	108	103
451	205	127	101
452	179	136	104
447	169	121	91
432	157	142	101
430	153	194	100
426	152	221	104
424	156	215	107
418	154	226	126
412	152	210	159
406	162	179	175
400	183	148	183
409	218	114	176
404	250	108	166
376	312	87	120
418	397	83	121
403	435	100	120
394	450	118	110
416	484	98	79
416	486	107	79
417	489	116	78
421	494	169	75
431	495	161	75
440	495	151	75
444	495	150	76
445	494	157	75
446	495	164	75
451	495	151	75
444	494	129	75
447	496	127	75
447	495	135	77
447	496	136	76
447	497	132	76
449	496	131	76
448	496	133	76
448	497	133	76
448	497	124	75
449	496	122	75
447	496	127	75
448	497	146	75
448	496	149	76
447	496	146	76
446	496	143	75
446	495	141	75
445	496	134	74
448	496	141	74
444	496	131	74
448	495	135	75
445	497	130	73
448	495	132	75
448	497	140	73
445	495	136	74
448	496	141	74
442	496	132	74
448	495	138	76
443	496	137	74
447	496	139	74
444	496	141	74
446	497	141	74
445	496	143	74
445	496	137	74
446	496	140	74
444	496	144	74
445	495	145	75
445	495	143	75
445	496	136	75
446	496	135	74
446	496	138	74
446	496	145	74
445	495	145	75
445	495	143	75
445	495	144	75
445	495	143	75
446	495	145	75
443	495	137	76
449	496	143	74
443	495	136	75
449	496	145	75
444	495	131	75
452	496	157	76
444	495	136	76
448	496	137	74
446	496	143	74
445	495	145	75
447	495	146	74
443	495	133	74
452	496	155	76
444	496	138	75
447	495	139	74
446	496	142	74
445	496	146	74
446	495	155	74
444	495	147	76
446	495	145	75
444	495	135	75
447	496	138	74
445	496	134	74
446	496	136	74
445	497	139	73
446	496	138	74
445	496	139	74
