363	170	80	128
364	166	80	129
366	167	81	128
368	166	82	128
373	166	79	128
376	168	80	129
380	172	83	127
384	172	82	129
389	178	83	127
400	187	80	119
403	187	80	122
403	188	87	121
410	191	85	122
411	193	87	122
412	194	88	123
411	195	88	123
411	195	87	123
408	195	87	123
407	196	85	123
396	198	84	125
391	203	85	124
385	204	85	126
377	212	86	127
370	219	86	124
360	225	88	123
339	230	84	126
328	232	85	127
315	235	90	126
313	232	91	127
310	231	95	129
311	228	102	131
315	229	102	130
318	228	102	130
320	227	101	129
322	227	101	128
320	226	102	130
319	225	103	130
318	223	104	131
317	224	106	131
308	221	116	132
291	215	129	126
279	221	147	107
281	116	146	169
284	121	140	155
281	123	147	151
281	124	154	156
284	125	165	160
289	126	169	164
289	126	154	162
288	124	158	165
284	122	152	170
281	121	158	169
280	121	151	170
279	123	153	168
280	124	153	169
281	125	153	166
281	124	153	168
280	121	150	171
278	121	154	171
277	117	152	171
275	118	150	172
275	120	151	171
276	120	154	169
277	119	150	171
277	121	151	170
277	122	154	168
276	119	152	168
274	119	156	163
272	116	155	160
270	116	158	157
267	112	160	152
268	112	151	146
267	112	155	139
266	115	156	131
267	123	156	117
268	132	157	102
269	138	160	96
269	143	159	89
271	149	158	84
270	159	158	74
305	160	134	78
307	157	130	73
294	161	142	67
292	164	144	68
288	165	147	73
285	169	147	78
281	170	152	81
278	170	155	82
275	171	153	84
273	171	156	82
275	171	152	82
274	170	153	82
275	170	153	83
273	168	153	85
272	167	155	86
270	167	156	87
265	167	161	84
267	168	158	86
269	167	157	86
267	167	159	83
265	165	160	82
265	163	159	83
268	161	159	81
268	157	159	77
269	158	158	77
268	156	160	78
267	156	162	76
267	155	163	79
268	154	164	80
270	155	164	81
276	157	161	78
276	160	165	78
279	161	166	75
284	161	174	75
287	170	180	68
287	176	186	59
291	180	184	56
287	183	185	54
285	187	186	53
282	190	186	52
281	197	186	50
290	202	180	47
284	204	184	43
283	205	184	45
293	204	176	48
299	203	170	51
291	201	176	52
288	198	176	55
292	197	170	58
293	196	167	60
293	195	168	63
290	197	171	61
289	199	173	58
290	200	177	57
292	202	182	53
280	202	198	51
280	201	205	54
277	201	214	53
273	202	223	53
269	201	235	55
247	192	183	61
233	186	166	74
243	182	148	89
243	177	141	102
242	173	134	115
235	167	115	130
233	167	97	134
233	162	90	136
231	164	78	132
228	166	78	127
230	167	81	127
235	162	79	123
241	161	77	120
246	158	77	126
250	155	77	125
254	154	80	128
256	153	79	132
257	153	80	136
257	154	79	137
257	155	78	133
259	153	79	133
262	152	80	133
264	153	80	132
265	152	84	128
267	150	88	128
269	146	99	128
271	144	103	135
274	143	114	134
279	147	120	133
280	142	115	135
282	139	114	136
277	139	118	135
270	139	125	138
267	142	124	141
268	147	129	144
251	152	143	140
217	154	165	134
220	150	171	145
218	152	158	141
221	151	166	142
217	149	171	147
217	150	176	149
216	149	180	148
220	151	173	144
222	152	170	143
222	153	171	142
222	154	175	140
223	154	173	140
220	154	168	142
213	155	177	140
222	156	169	140
225	156	152	138
235	158	155	132
245	161	139	132
259	165	129	131
272	170	123	137
285	176	166	136
288	172	168	139
286	171	160	141
289	169	160	139
286	169	166	138
285	167	173	138
285	165	173	141
285	162	181	145
281	164	172	141
278	156	171	149
277	153	173	145
278	152	177	140
280	149	183	140
282	153	177	134
285	149	180	139
283	162	181	124
281	153	176	132
275	160	181	127
269	157	180	131
274	150	174	139
261	152	175	136
239	149	196	134
235	147	174	135
222	145	147	136
229	147	139	136
205	148	125	128
204	150	125	128
202	149	111	127
269	148	75	135
269	148	76	135
269	148	77	133
270	146	78	136
270	145	78	135
271	145	79	137
271	144	79	137
268	145	83	137
267	144	85	137
266	144	84	135
266	142	87	137
269	143	94	136
269	143	98	135
262	144	115	139
259	145	124	138
242	147	140	134
251	153	133	128
265	154	133	136
277	155	144	139
277	161	178	133
278	163	180	132
280	163	155	135
277	163	156	135
273	162	158	139
270	162	162	140
267	161	163	139
264	158	162	144
259	154	162	145
256	154	162	145
259	155	162	141
256	153	165	144
262	154	162	144
267	156	164	143
266	159	171	139
267	160	173	137
268	162	177	135
270	161	176	137
270	162	175	136
276	160	174	138
278	155	183	141
281	139	194	157
280	132	178	164
259	117	162	168
246	106	163	161
244	102	151	158
239	101	155	156
238	102	151	150
236	98	141	139
242	101	135	131
245	99	136	131
252	96	139	138
256	98	148	139
260	110	154	130
254	114	163	132
257	115	160	131
257	116	159	130
257	115	158	131
259	116	157	135
253	119	161	136
255	121	157	134
251	125	162	130
251	123	163	134
250	128	156	130
250	127	157	130
249	126	158	131
250	128	155	128
248	126	157	131
251	126	156	130
247	126	159	130
248	125	158	131
246	125	159	132
245	124	159	131
243	124	160	130
244	125	159	129
241	123	160	130
239	120	161	132
238	120	162	131
237	117	161	132
235	116	163	132
235	118	161	132
237	118	162	131
235	114	165	135
237	113	163	136
237	112	164	136
237	110	164	136
237	110	166	136
237	109	165	136
237	108	165	136
239	108	164	136
240	107	164	136
239	108	164	136
239	107	164	136
239	108	163	136
239	107	163	136
237	107	164	137
239	106	164	138
236	109	166	137
244	111	159	135
239	110	164	134
239	109	165	136
241	108	165	138
240	108	163	137
242	108	165	138
241	107	165	138
240	107	166	139
240	107	167	139
244	106	163	139
242	107	163	138
247	107	162	137
244	107	163	135
243	106	164	136
243	106	164	136
249	106	160	137
255	109	158	132
255	105	161	135
265	106	155	130
271	102	155	130
281	97	153	129
282	93	158	127
285	90	158	126
286	85	157	125
288	79	156	129
293	76	156	126
288	71	161	130
289	64	160	135
285	60	162	136
281	58	163	138
271	58	160	138
264	62	162	135
263	65	162	132
263	72	156	135
263	79	155	136
261	99	152	137
262	107	150	138
257	116	148	138
250	126	147	137
239	134	149	134
224	144	146	135
213	146	152	138
209	151	147	139
200	162	145	137
191	169	144	138
174	184	143	141
164	189	146	139
155	193	150	137
149	196	153	134
146	201	152	135
138	205	144	136
132	207	151	138
136	212	149	134
141	215	148	132
146	214	149	134
150	214	147	132
139	211	146	130
126	209	146	129
112	206	145	130
96	204	145	127
85	201	148	127
86	184	141	134
97	180	141	133
110	179	145	131
127	182	139	131
141	186	141	132
157	194	141	128
154	198	147	127
149	197	148	130
133	196	150	131
117	195	153	128
109	183	156	137
128	179	141	143
140	176	135	146
154	177	122	144
170	178	105	148
202	184	75	149
203	202	72	139
206	224	67	127
206	247	62	120
204	261	62	123
189	275	82	122
170	277	86	123
165	285	77	115
160	284	75	115
148	282	73	123
139	285	71	117
122	281	68	124
109	274	67	133
102	269	65	135
97	270	63	125
94	275	65	119
93	276	63	132
91	277	66	137
89	278	70	135
95	274	66	133
96	264	66	126
95	259	70	121
105	237	68	131
112	219	65	136
116	209	69	135
123	209	80	133
131	219	79	131
131	233	86	137
120	238	90	140
124	251	88	131
133	261	86	128
135	270	79	126
141	270	75	118
137	286	80	112
147	278	76	115
135	281	100	115
138	271	109	124
134	264	128	124
144	259	128	119
159	257	132	110
205	238	115	115
223	215	126	132
223	216	148	125
214	212	160	118
215	207	158	122
220	203	157	126
215	198	157	131
208	199	163	137
200	209	158	135
194	224	151	130
168	229	131	141
147	243	135	135
130	256	128	131
97	253	158	133
77	258	173	123
70	248	170	126
69	242	178	133
88	239	156	128
98	236	161	120
110	223	157	131
151	212	136	123
169	208	129	123
179	209	127	117
192	203	123	123
202	200	121	128
210	202	124	123
214	201	123	122
218	198	123	120
220	192	123	122
221	190	126	120
226	179	123	121
230	175	125	123
231	171	125	120
233	159	124	124
236	149	122	127
236	138	113	126
231	130	118	126
229	124	113	127
223	116	118	125
221	109	122	123
228	100	129	128
231	96	134	131
234	95	137	134
238	105	140	132
250	118	136	126
268	129	129	127
271	128	129	132
273	128	132	135
274	132	132	132
286	133	118	131
272	134	134	131
277	135	128	130
283	136	122	129
279	136	130	128
284	132	132	128
302	125	126	128
318	124	124	127
321	127	135	123
346	126	122	122
350	124	125	122
360	127	121	122
361	130	125	123
361	133	125	121
360	137	124	121
359	140	119	121
358	145	117	120
355	145	117	121
352	146	116	122
352	146	110	122
347	146	111	121
347	145	113	120
347	143	112	121
347	139	114	122
350	139	114	121
354	137	113	121
358	137	113	119
362	137	113	118
362	136	113	119
362	134	114	121
363	133	114	121
365	130	114	121
367	127	114	122
367	123	115	122
371	120	112	121
371	120	112	119
372	120	111	118
369	117	114	121
366	111	116	123
367	110	114	122
369	110	114	121
371	110	114	120
372	109	113	120
372	109	114	120
370	105	115	123
366	100	118	124
367	94	117	125
362	84	122	126
358	72	127	127
358	67	127	123
350	61	132	121
338	45	143	130
329	35	155	140
327	31	157	139
325	28	160	141
322	27	168	139
322	26	170	138
322	23	174	137
324	23	174	136
325	21	174	134
329	20	174	132
330	20	177	131
321	17	184	130
323	15	181	126
312	14	184	107
299	15	186	101
287	14	182	101
274	16	158	112
273	16	149	124
264	17	147	129
267	20	126	130
268	25	101	132
276	52	98	126
277	70	100	123
279	81	97	125
278	86	101	123
280	91	104	121
284	88	110	123
288	87	114	124
290	91	119	122
291	92	123	124
291	88	122	129
288	90	122	131
289	92	119	131
285	97	122	129
282	98	125	129
283	99	126	130
286	101	127	128
289	100	129	129
293	98	130	129
296	95	131	130
300	94	130	130
307	96	131	127
310	92	134	133
315	94	134	132
318	95	136	134
321	107	134	130
324	128	134	132
324	122	137	154
327	164	135	135
329	184	131	144
330	230	117	119
342	258	115	129
349	325	127	103
356	357	127	115
356	392	142	99
353	420	146	71
360	439	148	55
357	452	142	43
361	456	137	40
360	460	137	36
359	462	137	35
359	463	137	34
358	463	136	33
357	462	137	35
355	463	136	35
352	464	137	34
347	464	140	34
343	464	140	35
339	464	140	34
336	464	140	34
333	463	139	35
331	463	139	35
329	463	138	34
328	463	139	34
327	464	140	34
326	464	140	34
326	464	140	33
325	464	140	33
327	464	138	34
330	464	138	34
336	466	137	33
342	465	135	32
348	465	137	33
351	464	135	34
349	466	138	37
350	467	138	35
349	467	138	36
347	468	138	35
347	468	138	35
348	468	137	35
347	468	138	35
349	468	137	36
350	469	137	34
347	470	137	36
345	471	138	35
342	471	139	34
339	470	139	35
336	471	139	34
334	471	139	35
334	470	140	34
333	469	140	35
333	469	140	35
333	469	140	35
333	470	139	35
331	470	140	34
329	470	141	35
330	471	140	35
330	470	141	35
329	470	140	35
331	469	139	35
330	469	140	35
330	469	140	35
332	469	140	36
333	470	139	34
334	468	138	35
333	467	139	36
332	467	139	36
329	467	141	36
328	467	140	36
327	467	140	35
327	467	140	35
327	466	140	36
327	466	140	35
328	466	141	36
329	466	141	36
331	465	141	35
333	465	140	35
335	465	140	35
335	465	140	35
335	464	141	35
333	464	140	36
332	463	139	36
332	463	140	35
331	462	139	35
333	462	138	35
331	463	139	36
333	463	139	35
335	463	139	36
336	464	139	35
337	464	138	36
337	465	138	36
338	464	139	36
338	465	139	36
339	465	139	35
339	465	139	36
340	465	139	36
339	465	139	35
340	465	139	35
339	465	141	35
341	466	140	34
339	466	141	35
340	466	138	34
339	467	139	35
340	468	140	35
342	468	139	35
344	469	140	35
346	467	141	35
347	467	140	34
348	466	141	34
347	466	140	34
346	466	140	34
344	465	141	36
341	467	139	36
342	467	141	35
341	469	140	35
345	469	139	34
350	469	138	34
354	468	137	34
358	467	137	34
358	466	137	35
357	466	138	35
354	466	139	36
350	467	140	36
346	468	142	35
343	468	142	35
339	469	143	36
336	469	142	35
334	470	143	35
333	470	142	34
331	470	141	35
329	470	142	34
328	470	143	35
326	471	143	36
327	471	142	35
326	471	142	35
326	472	142	36
325	472	142	35
324	473	142	36
322	473	142	36
320	473	142	35
320	474	142	35
318	474	141	35
317	475	143	35
315	476	142	35
315	477	141	35
314	477	141	36
311	477	142	36
308	476	142	36
305	477	143	35
304	476	142	36
302	477	141	36
300	477	142	37
302	478	142	35
301	478	142	36
303	479	141	35
305	477	140	35
305	476	140	36
309	476	137	35
311	475	138	35
315	475	139	35
318	475	138	35
319	475	140	35
322	476	140	35
324	476	140	34
326	477	140	35
326	478	141	34
326	478	141	34
326	478	142	35
326	478	142	35
327	478	142	34
328	479	142	35
327	479	142	34
328	479	142	34
328	479	142	34
328	478	142	35
330	477	140	35
331	476	141	34
332	476	140	34
331	477	141	34
332	477	140	34
331	477	141	34
330	477	141	35
329	477	140	34
328	477	141	35
328	475	141	36
330	475	142	37
331	475	142	37
332	475	141	36
332	476	141	35
331	477	141	35
329	477	141	36
328	478	141	36
328	478	141	35
328	478	141	36
327	478	141	36
328	478	141	35
329	479	141	35
329	479	141	36
328	480	142	36
329	481	141	35
330	482	141	36
332	483	141	35
336	483	140	35
339	483	140	35
339	483	140	35
340	483	140	37
338	485	140	37
339	487	141	36
339	488	141	36
339	488	141	38
339	489	141	38
338	490	142	38
338	492	142	37
335	493	141	35
332	492	142	37
327	492	143	37
322	493	142	36
316	493	142	35
311	492	142	36
309	490	142	36
309	488	140	36
307	488	142	37
304	512	145	39
304	517	146	39
308	517	144	36
307	485	144	38
310	486	145	38
311	484	144	39
309	481	148	40
311	479	144	43
304	474	151	48
304	473	151	50
312	474	144	48
310	475	149	48
310	475	150	47
311	475	149	48
309	475	152	48
306	475	155	47
307	475	154	49
305	476	156	47
304	476	156	47
306	475	154	47
305	476	156	47
305	475	156	48
307	475	154	49
300	475	160	48
305	475	156	50
294	475	166	49
292	474	171	50
287	474	177	50
278	476	185	48
271	476	191	47
274	476	191	46
276	477	190	46
277	477	190	46
277	479	189	46
276	479	189	45
275	480	189	45
274	481	189	44
274	481	190	44
276	481	189	45
276	481	190	46
277	481	191	46
275	482	191	46
279	482	191	46
276	483	192	45
282	482	188	47
288	482	184	46
288	482	184	47
295	479	177	48
304	481	168	46
323	480	149	48
331	478	143	49
328	474	144	54
327	475	145	52
320	477	150	48
326	475	143	52
329	476	139	52
319	478	147	51
319	478	149	51
316	481	147	48
314	480	149	50
314	480	147	49
309	482	152	47
306	485	153	45
271	466	155	60
271	457	159	73
256	431	143	84
251	420	138	83
250	411	140	86
250	403	144	91
251	390	142	100
254	368	138	116
258	357	132	120
267	348	124	122
273	340	121	129
275	334	123	127
277	336	127	124
278	335	127	124
279	336	128	124
278	336	130	124
280	336	131	125
284	337	131	124
287	335	130	126
287	337	131	125
287	335	130	126
287	336	129	125
286	332	128	126
283	328	126	129
287	326	122	132
286	330	130	144
278	318	134	144
286	321	128	142
274	313	136	139
282	315	130	132
278	313	142	136
273	303	135	139
271	305	133	136
268	303	144	140
266	303	143	136
266	304	139	136
269	307	149	132
267	311	159	131
274	309	181	135
281	305	192	138
279	304	196	138
282	303	189	141
290	303	173	142
298	303	164	144
300	307	167	141
302	311	167	141
299	314	167	137
303	311	162	141
302	309	164	143
306	307	164	143
307	307	164	142
311	310	164	140
313	307	163	143
316	308	163	141
316	309	165	139
319	310	163	139
322	311	167	138
324	311	168	141
322	313	170	141
326	313	163	141
333	313	160	138
339	299	155	148
338	286	155	160
334	277	159	165
329	261	164	180
320	237	159	191
309	229	169	202
303	224	175	205
305	215	178	198
317	228	169	159
353	237	139	124
355	239	153	103
357	240	163	84
348	240	176	75
347	235	179	77
346	232	179	80
345	230	175	82
347	229	173	85
345	227	173	88
343	226	174	91
341	228	174	89
343	230	170	88
338	231	170	88
341	230	161	91
328	223	167	99
321	214	168	111
298	221	180	109
276	223	195	111
269	226	189	112
268	230	188	116
271	235	168	115
266	237	165	117
262	238	174	121
259	240	176	121
260	243	168	111
263	247	158	110
270	248	154	108
277	249	155	105
282	251	153	101
283	250	153	104
285	250	152	102
290	249	159	99
291	248	161	100
298	246	159	92
300	245	164	97
306	245	162	93
306	244	165	99
307	244	166	98
301	252	172	87
309	257	165	82
318	258	156	78
321	259	154	80
326	263	155	74
329	264	159	72
333	262	157	72
333	261	158	73
337	263	155	70
337	263	156	68
341	263	153	66
340	265	152	64
341	266	149	61
342	270	153	58
343	271	146	54
349	273	146	50
354	275	142	48
350	277	147	45
352	279	145	44
350	280	147	46
346	278	142	49
338	273	149	53
333	263	144	64
318	254	161	78
280	242	198	101
278	246	209	116
339	302	165	74
338	309	175	79
340	310	174	88
345	315	171	96
349	320	168	109
354	322	163	116
356	323	164	118
364	325	159	112
366	324	160	115
370	324	163	110
379	323	159	106
384	323	161	102
386	323	163	100
392	324	158	96
388	323	164	101
392	325	160	100
391	326	164	105
391	327	160	109
389	325	161	115
390	317	154	132
397	329	159	124
405	336	154	117
405	334	153	120
405	334	153	120
404	333	154	118
406	332	150	114
403	329	151	113
398	328	151	110
395	326	149	108
395	320	134	101
387	308	140	112
386	305	130	103
376	303	127	97
366	296	124	90
360	252	132	113
355	260	124	97
362	272	98	87
368	269	112	86
369	267	130	80
371	264	133	85
371	261	135	86
371	254	139	91
372	251	142	92
372	251	138	92
376	252	139	88
384	251	133	83
385	251	134	84
386	253	134	84
381	257	141	78
382	261	145	73
378	275	147	60
374	292	125	50
371	290	159	65
356	296	170	80
332	303	161	85
327	307	155	94
308	304	152	100
309	296	147	115
307	292	145	122
306	285	148	121
326	273	131	148
336	261	128	164
339	267	158	160
333	265	177	166
332	277	180	159
333	283	172	152
335	288	167	148
340	286	154	142
344	290	146	134
348	290	140	134
349	290	140	132
351	292	138	126
349	292	140	124
347	290	145	124
335	290	162	121
328	290	176	118
318	286	197	124
314	283	209	125
297	281	143	120
281	274	128	120
259	275	122	122
235	276	129	122
225	284	133	116
219	282	123	118
215	282	124	118
212	279	125	120
214	277	124	122
222	275	127	123
231	271	123	125
246	260	131	129
280	255	133	125
298	254	131	127
314	259	133	125
330	260	142	128
349	262	156	129
360	267	123	124
359	266	125	125
355	263	126	131
351	267	123	128
347	265	120	131
334	268	129	126
327	267	134	119
324	265	139	114
308	268	140	98
301	273	139	80
322	268	124	70
315	287	132	73
357	294	101	72
368	305	96	61
349	314	123	52
345	316	143	65
380	306	143	84
366	284	162	106
331	262	180	112
330	235	177	138
334	206	151	175
318	193	159	198
315	266	179	151
309	278	182	141
316	276	178	156
354	285	165	156
392	277	153	184
346	142	144	212
377	170	168	193
394	190	181	174
438	234	171	154
469	252	191	206
486	307	195	239
521	350	159	220
535	385	178	187
560	448	155	126
566	462	159	110
597	450	162	124
616	433	186	141
616	407	202	165
592	411	290	164
583	414	321	157
583	437	337	135
581	467	357	104
598	485	339	87
