494	186	20	52
494	185	21	51
496	187	21	49
496	187	20	49
497	188	20	50
497	188	20	52
498	188	21	51
499	189	21	51
500	189	21	54
500	190	21	53
501	190	21	52
501	191	22	54
502	190	22	53
505	191	23	54
507	191	23	53
510	192	22	51
513	191	24	53
522	191	24	53
526	192	24	54
533	192	24	53
536	192	24	53
539	194	25	53
542	194	25	55
542	194	27	55
542	195	28	56
544	196	27	56
546	197	29	57
553	200	28	57
554	200	29	57
555	201	29	56
555	200	29	56
557	201	29	56
557	201	34	56
561	202	34	55
564	203	36	55
567	204	37	55
569	203	37	55
567	204	34	55
568	204	31	54
571	203	26	56
573	204	26	54
575	203	25	54
579	203	25	53
579	201	24	53
578	200	26	54
576	202	27	51
574	202	28	51
573	203	28	51
572	202	28	54
570	203	30	55
571	203	29	60
574	204	27	58
577	204	26	56
576	204	26	54
575	203	26	54
574	202	27	54
573	200	26	54
572	203	27	54
571	203	26	56
573	201	24	47
570	201	26	50
569	202	27	53
567	204	28	55
567	203	28	52
567	203	27	56
565	206	32	54
560	204	36	54
555	200	42	62
501	186	46	70
502	196	56	73
475	184	64	81
410	172	47	88
411	170	42	72
408	175	46	70
404	173	46	77
405	170	45	75
407	169	44	70
407	179	47	71
405	174	49	76
398	178	56	85
398	174	57	78
397	170	53	81
399	171	52	76
399	170	51	72
405	176	53	72
393	182	57	84
416	209	54	101
406	204	64	109
313	248	59	76
313	247	51	75
313	248	49	73
310	247	48	73
316	249	44	71
317	251	42	68
317	251	41	69
318	249	41	69
317	251	39	67
321	250	41	66
320	246	39	68
319	246	39	68
320	244	39	69
318	241	39	70
322	239	40	70
324	238	37	67
323	240	37	66
323	239	36	65
323	238	36	66
322	239	36	65
324	239	37	65
322	238	37	67
320	237	39	68
314	236	41	69
316	238	43	66
311	237	43	71
317	238	44	66
314	239	42	69
311	238	47	69
310	238	47	69
310	239	48	68
312	239	47	68
310	239	46	68
313	239	47	68
313	238	44	69
314	239	44	68
314	240	44	68
313	239	45	68
311	241	44	67
318	241	44	66
316	244	41	67
315	240	43	67
313	243	43	69
312	242	46	68
308	243	46	69
318	244	46	66
311	243	46	68
309	243	49	68
312	243	48	68
310	244	46	69
320	245	45	67
315	244	44	68
314	246	43	68
313	242	46	70
308	244	46	68
316	244	46	66
309	245	45	70
318	244	46	67
309	243	47	70
318	243	45	67
306	243	49	69
315	243	48	69
304	242	50	71
315	243	48	70
305	242	51	71
318	243	47	69
307	243	51	68
318	242	49	68
313	243	49	68
317	244	47	67
317	243	47	67
315	244	47	66
324	245	44	65
325	243	45	64
327	245	44	64
322	245	49	62
330	245	47	62
343	244	42	62
350	243	39	64
354	243	38	64
354	243	36	64
355	243	35	64
354	243	36	63
355	244	36	63
354	244	37	63
354	244	37	62
354	243	37	64
353	244	39	62
350	244	41	63
347	243	43	64
424	248	32	61
422	248	31	60
421	247	30	60
420	248	30	61
417	247	31	61
411	248	36	61
409	247	38	62
407	247	38	62
407	247	39	61
405	247	40	61
404	248	38	61
403	248	35	61
401	247	34	62
399	246	31	63
397	246	30	62
393	246	30	62
392	246	30	63
389	247	31	62
386	246	34	62
384	246	35	62
379	247	39	61
380	246	40	62
378	247	41	62
375	247	41	61
374	247	40	61
372	246	36	60
370	244	32	62
369	244	31	62
367	245	31	63
365	245	33	63
363	245	35	64
363	244	36	67
363	243	37	67
362	243	37	67
364	244	35	67
362	243	38	66
361	243	39	67
361	242	40	66
361	243	40	65
363	243	39	65
364	243	38	64
362	242	39	65
361	243	40	64
358	244	43	64
350	244	48	64
348	243	50	65
347	242	50	66
344	243	52	66
346	241	52	67
347	240	53	69
342	240	54	70
364	241	42	68
363	241	41	66
361	241	42	66
360	241	43	66
359	239	44	68
359	234	44	74
358	232	44	74
359	227	45	76
361	232	44	70
373	231	48	74
378	230	59	73
401	232	64	73
408	226	67	91
423	236	80	94
377	211	81	119
481	260	58	75
484	261	47	72
469	258	45	74
467	260	42	70
456	266	53	80
453	269	63	94
458	277	55	96
446	280	58	101
423	282	71	94
449	293	57	87
462	295	49	77
448	297	48	71
450	291	47	70
455	286	44	74
457	273	46	75
446	249	56	84
381	215	46	83
395	210	47	70
411	212	40	64
455	205	41	59
483	200	36	63
511	200	35	60
542	198	38	59
570	194	37	61
607	191	46	64
622	187	45	82
634	194	46	93
630	239	46	100
630	235	51	107
638	230	53	110
645	221	54	118
648	230	63	108
648	222	66	111
651	220	69	113
704	231	77	87
721	222	72	88
724	225	62	83
733	218	58	85
739	214	59	78
745	194	63	85
757	194	61	80
767	200	59	71
770	208	62	71
770	209	64	77
739	168	55	88
755	167	55	92
774	169	59	99
780	188	81	112
798	168	92	108
787	77	98	157
887	15	72	218
825	97	88	166
799	100	112	176
635	191	105	149
638	146	101	179
649	218	109	161
651	114	94	180
681	158	110	189
710	261	90	177
729	253	78	151
754	262	64	126
760	260	48	114
750	229	57	87
737	234	52	81
704	245	45	74
684	253	45	78
666	251	43	72
650	255	45	72
636	252	44	72
608	258	45	68
598	262	44	68
589	269	46	68
586	275	46	68
582	278	46	67
581	285	45	67
579	287	45	71
579	294	44	68
579	297	41	65
582	297	40	67
593	294	38	67
600	290	36	64
606	288	33	64
613	286	34	64
618	283	36	66
627	281	39	62
631	280	39	63
636	283	42	63
643	286	44	64
640	290	49	63
644	294	49	63
643	297	46	65
642	301	48	60
638	303	37	60
636	304	35	59
632	305	32	59
626	305	30	64
622	306	31	64
619	307	32	63
613	316	32	58
608	313	34	65
597	316	39	62
591	305	42	70
589	310	42	61
590	305	41	62
591	302	41	61
590	302	42	60
582	302	40	61
573	304	42	61
561	310	39	59
552	310	36	60
538	311	34	59
535	311	32	56
531	309	33	56
529	306	34	57
526	304	34	58
513	301	41	58
502	300	43	60
495	297	43	59
492	293	44	60
492	290	43	59
492	290	39	59
492	289	37	60
490	288	36	60
484	284	35	59
477	279	32	60
458	273	37	59
445	271	37	59
434	266	37	61
424	263	38	62
420	260	39	62
415	254	42	63
414	252	43	63
413	249	43	62
415	243	43	63
418	236	42	66
425	222	37	64
430	215	35	63
437	211	32	61
444	207	32	58
450	204	35	57
463	198	35	61
473	197	37	61
487	194	37	60
501	192	38	61
512	189	38	61
528	186	38	61
534	186	38	58
538	187	38	61
542	191	38	61
546	192	37	61
556	193	35	61
559	190	34	60
561	184	32	62
560	179	34	59
554	176	35	60
530	172	37	63
515	173	38	61
497	176	39	62
483	180	39	60
472	184	39	59
460	190	40	57
455	193	41	57
453	198	39	57
450	202	37	57
448	208	33	56
449	217	34	57
452	220	34	60
459	222	34	60
465	225	33	61
472	229	35	63
489	233	35	59
500	234	34	58
510	235	34	59
520	238	33	58
530	241	34	59
552	249	32	60
558	248	35	65
570	250	36	67
584	253	34	59
596	252	34	55
620	249	35	59
633	247	38	61
650	245	38	61
668	242	36	62
684	241	36	59
698	240	35	57
725	244	32	58
734	246	34	57
744	246	35	61
754	247	37	61
771	248	45	63
786	250	42	64
795	253	39	57
807	255	34	52
815	256	34	54
832	261	31	55
837	262	30	54
841	265	31	52
847	263	30	54
865	270	28	47
862	270	28	49
863	273	26	50
865	278	23	47
866	279	22	53
867	282	21	50
867	284	24	50
864	301	26	49
872	297	27	52
868	300	27	53
841	309	26	53
809	319	27	54
791	322	28	54
775	323	28	51
756	320	28	53
738	320	30	55
703	318	30	55
689	319	31	54
678	317	32	57
671	320	32	56
665	320	32	55
661	319	31	54
660	316	32	55
657	311	32	58
655	309	31	57
654	308	29	56
657	305	30	54
663	302	32	58
671	299	33	57
683	299	32	57
695	299	34	57
727	305	36	54
741	309	34	51
748	310	34	54
752	313	33	54
754	316	34	53
764	322	31	49
767	324	30	48
767	327	30	48
764	328	29	51
760	330	27	49
752	331	28	50
747	332	28	51
744	332	29	51
743	332	29	51
742	331	28	52
747	333	29	51
748	335	29	50
752	333	28	55
754	338	28	48
756	340	29	48
760	339	30	49
761	340	31	49
763	340	30	50
764	341	30	50
765	342	30	51
764	343	31	51
764	343	31	51
763	343	32	51
764	343	30	49
762	343	30	49
760	342	31	48
752	342	31	47
749	342	30	49
746	342	30	50
742	342	31	52
737	342	31	52
731	339	29	53
728	340	29	51
726	339	29	53
724	338	30	53
722	338	29	52
720	340	29	52
719	341	30	51
719	341	30	51
717	341	29	51
715	342	29	50
710	341	29	50
706	341	31	50
703	342	31	50
700	342	32	50
698	342	31	50
695	341	29	49
695	341	30	48
695	340	29	48
695	340	29	48
695	340	29	48
698	338	28	49
699	338	28	49
701	338	27	49
702	337	27	48
703	338	27	48
705	339	26	47
705	339	27	47
706	339	27	47
706	339	27	46
707	339	27	46
707	335	27	52
708	335	27	53
707	336	29	54
707	334	30	56
706	337	30	53
706	339	28	49
706	340	27	49
705	341	27	48
705	341	28	48
703	340	28	49
700	339	28	48
699	339	28	48
699	339	29	48
697	339	29	48
698	339	29	47
698	339	29	45
698	338	29	44
700	338	29	45
701	338	28	45
703	338	28	46
705	338	28	46
707	338	28	46
708	338	29	47
710	337	28	47
711	337	27	46
715	338	27	47
716	338	28	47
717	339	28	45
718	339	29	47
720	339	29	47
725	339	29	49
729	339	29	48
732	339	28	48
737	338	29	49
740	338	29	50
745	338	28	48
746	337	27	49
747	337	28	49
748	336	28	49
748	336	28	48
745	337	27	46
744	336	27	46
745	335	27	47
745	335	27	48
745	333	27	49
746	327	28	50
749	324	28	54
750	320	29	57
753	316	29	62
753	309	32	58
756	299	31	59
757	298	30	56
758	294	30	57
756	287	30	56
753	286	31	58
744	276	34	60
740	274	32	59
737	266	32	57
737	262	30	57
736	258	29	62
734	252	29	63
736	248	28	60
737	243	27	59
736	239	27	57
733	236	27	60
725	230	26	54
721	229	27	56
716	227	28	59
711	225	28	58
706	224	29	61
696	220	30	56
692	218	28	54
688	217	28	52
686	216	27	50
683	215	27	48
676	213	28	52
673	210	29	57
670	208	30	60
665	208	30	59
662	207	29	60
654	207	29	59
652	206	28	57
649	207	29	57
645	206	30	60
641	207	30	60
635	210	29	57
632	211	29	57
629	214	28	55
626	215	28	55
622	216	29	55
615	216	29	55
612	217	29	54
609	218	29	53
606	219	30	54
603	222	30	53
599	224	31	51
597	224	31	50
597	224	31	49
597	224	31	47
596	224	31	47
598	224	30	49
599	224	28	51
600	224	28	51
601	224	29	51
601	222	28	51
603	222	27	49
603	221	27	48
604	221	27	47
605	222	26	46
604	223	25	47
604	226	25	48
603	227	27	49
605	230	27	53
606	229	30	59
607	230	31	62
611	236	30	62
612	237	31	62
612	238	29	63
612	240	30	63
612	241	29	61
611	246	29	58
610	247	29	54
609	246	30	53
609	247	29	49
608	247	30	48
607	248	29	45
603	249	27	46
601	252	28	45
599	253	28	45
598	255	28	46
593	255	30	51
592	257	30	53
592	256	31	57
592	256	31	58
594	259	31	58
597	259	30	61
605	263	31	60
610	265	31	58
615	267	30	58
620	268	31	56
624	268	29	55
628	268	28	57
628	268	28	60
627	269	29	57
627	271	29	56
627	273	29	55
626	272	29	56
626	276	29	57
626	276	30	55
627	277	30	57
627	276	30	60
628	279	29	58
628	281	29	55
625	286	28	54
619	288	29	58
603	292	31	61
577	285	31	58
571	282	29	51
571	281	28	57
570	282	28	53
571	287	27	48
570	289	26	49
568	290	26	49
566	290	26	49
563	287	27	51
557	287	29	53
535	291	35	54
527	292	35	58
518	295	37	61
512	299	34	58
508	302	31	57
507	311	29	55
508	313	30	55
508	313	30	57
507	311	30	61
500	308	30	56
483	308	29	56
476	306	30	58
474	309	28	55
476	310	28	56
482	310	30	52
501	311	32	56
517	312	33	58
538	307	31	65
551	303	33	70
557	301	33	61
559	297	29	68
559	296	28	55
559	295	28	58
559	294	28	58
558	294	28	60
555	294	29	60
558	293	30	64
562	291	32	57
567	291	31	62
572	292	30	66
585	291	31	57
592	292	30	60
598	292	30	60
606	288	31	69
614	286	34	75
631	290	33	70
639	292	33	69
645	292	32	66
652	294	30	63
657	295	28	56
659	293	26	56
658	293	26	51
654	294	27	49
650	293	27	51
647	295	27	50
638	295	28	51
635	295	28	49
635	294	28	46
633	293	28	46
629	292	28	48
619	294	29	51
613	295	30	54
607	297	29	57
601	298	29	57
596	299	29	56
592	299	25	55
593	299	26	57
594	300	27	57
598	302	28	57
605	305	27	55
618	307	24	53
623	310	25	50
627	310	26	51
630	310	26	51
635	310	24	51
640	312	23	44
642	311	22	44
642	309	24	45
645	309	24	44
647	309	23	44
650	309	22	43
651	309	23	42
651	307	24	44
649	304	28	50
648	305	29	52
647	307	29	53
644	310	28	51
642	313	28	49
640	312	28	52
641	313	27	52
643	313	26	52
642	312	27	48
643	312	26	47
644	313	27	48
644	313	27	47
643	316	26	46
642	316	26	48
641	317	26	48
641	317	26	48
641	316	26	50
647	314	27	54
651	314	27	54
657	314	26	50
663	310	25	45
665	309	26	53
674	309	24	51
676	306	27	46
684	306	24	50
686	303	26	46
690	301	25	53
697	298	27	48
699	295	27	57
704	295	28	55
705	290	31	61
712	291	29	57
719	290	29	55
719	289	30	53
720	288	30	54
723	289	29	50
724	290	27	48
715	287	31	55
712	293	31	60
704	292	32	62
700	292	33	63
695	293	32	62
689	292	29	59
680	291	30	62
678	288	30	62
676	287	27	62
672	288	27	58
665	286	26	50
660	287	25	54
653	289	27	51
647	290	27	55
639	290	29	56
621	293	29	58
616	295	29	58
612	297	28	59
610	301	27	56
607	302	26	55
605	302	26	57
606	304	26	55
609	308	26	55
609	310	25	57
610	312	25	58
607	319	25	51
602	321	25	57
596	323	26	56
588	324	28	56
578	323	31	60
568	323	32	60
553	324	32	62
547	325	32	62
544	324	32	64
541	326	31	59
542	324	29	54
544	322	28	50
544	328	28	49
546	327	27	52
544	331	26	52
542	340	26	53
535	354	28	57
532	357	27	55
533	352	25	52
532	347	24	51
531	340	27	57
526	346	29	51
523	356	28	52
514	354	31	56
506	354	32	60
498	354	33	63
483	352	36	70
479	353	36	66
477	349	34	65
475	340	31	63
475	335	29	61
468	327	30	57
464	323	30	61
458	321	30	60
455	318	30	62
451	319	29	57
443	317	28	58
441	320	24	53
438	321	23	50
433	322	24	48
431	323	23	43
431	325	22	40
431	327	22	42
432	327	23	42
431	327	25	45
432	326	25	48
431	326	25	48
430	329	26	47
430	328	25	52
430	329	26	49
431	330	25	47
433	336	24	42
434	336	24	42
433	336	24	43
433	336	25	43
432	335	25	46
434	339	25	42
434	340	25	40
436	340	25	40
440	341	24	41
444	343	23	41
452	344	24	42
456	344	23	41
459	344	23	41
464	344	22	40
467	344	23	43
473	343	24	45
475	341	24	47
475	340	25	50
477	340	25	53
477	344	24	51
479	351	23	43
478	353	23	45
477	355	23	45
476	354	24	48
476	353	25	49
476	349	25	55
477	349	26	51
478	350	26	49
478	352	25	47
479	354	25	46
477	355	24	46
475	356	25	47
471	357	25	48
467	358	25	46
462	360	24	47
458	367	22	43
455	369	23	44
453	370	24	46
452	372	24	45
453	372	25	47
457	373	25	46
460	372	25	47
464	372	24	47
467	371	24	48
470	371	25	49
474	370	23	47
473	368	25	47
473	366	24	48
470	365	23	48
470	362	24	50
469	360	24	51
469	359	24	48
469	358	25	47
469	357	24	47
472	357	24	45
478	356	23	45
480	354	23	47
482	351	24	48
482	350	25	47
484	350	24	45
484	350	25	44
484	349	25	46
484	346	25	49
484	346	24	47
483	346	24	46
481	351	22	40
480	351	22	43
478	353	22	42
477	355	22	42
475	356	21	41
471	355	23	45
469	354	22	48
468	353	22	48
467	353	22	44
465	352	22	43
463	351	23	47
461	349	25	51
460	349	26	51
460	349	26	49
462	348	26	50
468	348	24	51
471	348	25	51
474	345	24	45
476	344	24	44
479	343	24	46
482	344	24	44
484	342	24	46
486	342	23	45
488	341	24	46
491	341	23	46
494	340	24	48
496	340	24	47
497	337	24	51
499	333	25	49
500	333	25	50
500	333	26	53
500	331	26	44
499	332	25	45
498	333	23	46
496	333	23	48
491	333	23	46
490	331	24	48
489	330	25	50
489	330	25	48
487	329	25	48
488	331	25	46
489	330	25	45
489	330	25	45
489	331	26	44
489	331	26	44
486	331	24	45
486	330	25	43
484	329	25	44
483	328	26	45
483	329	26	44
482	329	25	46
481	329	25	47
481	328	26	48
481	328	26	47
482	328	24	48
483	327	24	51
483	326	25	50
483	325	25	50
485	324	24	50
486	326	23	47
488	310	26	54
489	303	27	59
492	318	25	51
494	319	24	48
495	319	23	46
497	309	24	52
500	300	27	55
505	287	32	65
506	275	38	79
506	264	43	91
507	268	45	85
523	285	40	75
528	315	31	49
531	317	25	42
532	318	24	40
533	318	23	40
533	318	23	39
534	317	22	39
534	317	22	39
534	316	23	40
535	316	23	41
538	317	23	40
538	317	23	40
537	317	24	41
537	315	24	44
536	317	23	41
534	316	23	42
533	315	23	43
532	315	22	44
531	317	22	41
529	319	22	39
527	321	21	38
526	321	22	37
526	322	22	37
527	322	22	38
526	321	24	40
526	320	25	44
528	316	25	42
531	315	24	44
535	308	25	44
537	307	26	44
547	304	23	44
547	303	22	41
548	303	23	43
547	302	22	40
546	300	21	40
543	300	21	41
542	299	22	40
541	299	23	39
541	299	23	39
542	298	23	40
547	299	22	38
549	298	22	41
549	297	23	40
549	299	23	38
548	301	23	36
547	305	21	33
542	305	24	37
534	303	25	40
527	300	26	43
521	299	27	46
513	301	25	44
514	304	23	41
513	306	21	38
512	308	21	38
510	309	22	38
512	309	22	39
513	308	23	42
513	307	23	42
510	306	23	41
508	306	22	42
502	308	22	38
500	310	21	36
498	310	21	37
498	309	21	37
498	308	21	38
504	305	23	40
509	302	24	43
515	304	24	43
522	304	25	46
528	305	25	45
540	306	26	42
546	306	26	41
549	305	26	42
553	306	25	41
556	307	24	42
560	308	25	41
564	308	25	42
566	307	25	42
570	309	24	42
571	308	24	40
576	307	21	37
576	304	22	39
578	304	21	39
577	303	23	39
576	302	22	40
576	300	22	40
574	299	22	40
572	296	23	42
571	296	23	42
570	294	22	42
571	293	23	40
574	293	24	38
577	290	23	40
582	288	21	41
584	286	22	39
591	280	23	43
594	279	23	41
597	279	24	39
600	278	23	39
603	277	23	39
607	275	23	41
620	273	24	42
628	271	26	44
638	269	27	45
647	266	28	47
669	263	27	48
677	260	29	48
686	260	27	45
693	260	26	45
701	261	25	47
713	265	25	42
718	264	24	44
724	263	24	42
728	261	24	43
734	260	25	44
748	258	25	46
755	257	26	45
763	255	26	45
771	255	25	44
777	254	25	44
789	252	25	43
792	251	25	42
796	251	25	41
799	251	24	40
800	250	24	43
802	249	24	42
804	249	23	42
805	253	22	37
808	254	21	38
809	257	21	36
807	260	21	37
799	262	25	39
794	262	24	41
788	263	25	40
785	263	24	38
781	262	24	40
780	262	22	38
779	262	21	36
777	263	21	36
775	266	21	39
767	272	22	39
762	273	26	41
756	275	28	42
749	273	35	47
763	266	37	54
756	256	38	62
750	258	51	70
724	248	52	80
710	256	48	71
702	248	44	77
699	253	57	78
677	256	74	79
649	265	67	75
653	273	55	62
650	273	52	62
630	280	46	55
628	281	42	54
621	283	38	49
614	284	33	47
608	285	32	43
593	283	31	46
587	281	30	45
581	281	28	44
575	282	27	42
570	281	26	41
561	284	24	39
557	284	25	39
554	282	23	41
551	276	22	40
547	271	24	42
545	266	24	41
546	260	23	42
546	256	23	39
548	254	23	41
551	250	22	39
554	248	21	34
558	241	21	37
560	236	23	39
566	233	24	41
570	228	26	42
578	226	25	44
594	220	23	45
600	215	24	46
607	211	23	44
613	209	24	43
618	207	22	38
623	204	22	42
623	203	23	40
625	203	22	39
