215	29	100	407
214	35	100	390
215	33	97	393
213	34	99	394
214	34	98	394
213	34	98	393
214	35	97	394
212	36	99	394
212	35	99	395
211	37	99	394
210	37	100	394
209	36	99	394
208	36	99	397
208	37	99	393
207	37	97	394
207	39	97	394
206	40	99	395
205	40	98	398
207	42	97	398
207	42	95	399
208	43	95	397
207	43	94	398
205	41	94	401
204	41	93	405
203	39	93	405
203	42	93	404
203	43	94	405
204	42	93	407
203	43	95	407
204	42	95	410
203	42	96	413
202	44	95	412
200	48	96	411
198	45	100	415
199	45	101	418
196	48	104	421
193	46	106	425
188	47	108	425
183	46	114	425
180	44	119	429
176	46	121	427
174	42	125	433
173	40	127	430
172	38	127	435
172	37	126	435
171	34	128	439
172	33	128	434
170	36	130	435
172	36	128	437
175	36	128	437
180	39	126	434
184	37	124	439
191	41	116	435
195	41	111	433
195	44	110	427
199	43	107	424
203	47	100	422
204	47	102	421
205	49	97	418
208	54	93	410
212	55	92	413
214	58	84	408
219	64	86	407
221	68	80	395
221	67	76	402
221	70	74	390
224	73	76	382
227	78	85	370
224	77	95	362
225	71	98	370
228	73	98	366
226	79	104	360
231	80	103	379
229	69	110	393
227	66	116	396
228	70	116	390
233	61	113	390
235	67	113	376
231	75	120	368
240	75	113	365
244	70	113	374
245	73	114	374
247	74	116	373
256	77	109	370
256	78	112	369
270	77	102	367
268	74	103	371
273	73	101	370
274	75	100	368
271	76	104	367
277	77	101	366
273	79	107	363
271	79	110	362
270	82	112	358
271	86	110	357
273	91	107	355
279	94	100	354
285	95	95	353
288	97	90	347
290	96	88	344
292	92	86	343
289	91	87	341
289	88	88	338
287	88	89	337
288	88	89	334
288	90	92	334
289	92	93	332
290	93	96	331
289	92	101	330
289	92	107	330
291	94	113	325
294	97	120	321
295	95	126	322
296	98	130	321
296	102	130	316
296	106	133	314
298	110	136	313
296	113	140	310
306	112	132	315
304	112	140	312
315	110	132	315
329	112	128	313
338	109	122	314
344	113	124	309
348	112	122	310
349	113	119	308
350	113	119	306
350	114	114	305
350	114	114	305
352	115	108	304
350	116	106	301
346	120	106	296
346	121	102	294
344	123	104	289
342	123	105	288
341	124	106	284
335	119	111	285
332	117	112	285
327	111	115	289
324	109	117	285
322	108	113	285
321	106	112	284
321	105	111	283
319	104	110	282
319	104	109	282
319	108	105	279
317	109	105	278
318	109	103	278
316	111	102	275
316	113	102	272
314	115	100	269
312	116	101	266
310	116	101	266
312	116	99	264
310	116	98	264
310	116	95	263
310	114	94	264
310	115	98	263
308	115	107	262
304	116	112	263
300	115	118	261
296	115	121	260
290	115	120	261
286	115	118	260
279	116	104	260
273	119	105	257
268	121	103	255
263	121	106	254
260	122	109	254
257	122	107	255
253	119	105	255
250	118	98	254
247	118	93	254
246	119	86	252
239	118	90	251
234	120	94	249
227	120	101	248
226	121	103	250
228	122	103	249
231	124	103	250
234	127	103	248
239	129	100	249
247	133	92	245
253	135	87	243
255	134	84	243
257	136	83	242
258	135	82	242
258	136	82	242
259	137	81	239
259	139	82	239
259	142	81	238
257	143	86	239
256	147	88	239
259	151	87	236
259	151	86	236
262	155	86	232
263	157	84	231
266	160	79	229
268	161	76	226
270	161	77	225
273	161	73	224
274	163	72	220
273	165	72	218
272	163	74	221
269	163	77	220
268	165	82	219
269	165	82	220
269	165	86	221
266	167	89	217
265	168	92	214
266	169	92	212
264	169	93	211
269	171	90	209
272	172	89	208
277	173	86	208
281	173	83	207
285	173	80	204
287	172	79	205
290	172	79	204
293	172	76	203
296	172	71	202
299	171	69	203
304	170	66	204
307	173	67	201
307	172	76	200
306	175	86	199
307	176	90	198
310	178	88	196
311	180	88	196
313	181	83	195
314	181	80	194
316	183	80	193
317	185	81	192
321	183	78	194
326	183	74	194
331	183	70	194
334	184	69	192
330	184	76	193
324	182	85	196
320	181	89	195
318	181	90	196
316	183	92	194
318	185	89	193
321	186	85	192
319	187	87	191
319	187	87	190
319	187	85	189
312	187	91	189
306	187	96	187
302	188	98	184
299	188	99	183
296	186	101	184
291	185	106	184
300	185	97	184
285	185	110	183
289	186	108	183
307	186	92	180
301	185	98	179
280	185	117	180
276	186	124	177
273	185	131	177
286	186	116	176
277	185	126	178
279	185	126	176
283	185	125	176
285	184	124	176
287	184	123	177
289	182	121	177
289	182	124	177
291	182	126	177
292	185	125	174
297	185	119	174
300	187	114	172
307	189	104	171
309	190	102	169
311	191	103	167
313	190	100	166
315	187	98	166
316	184	95	168
318	182	95	169
318	180	97	167
323	180	94	166
331	181	83	166
335	181	77	165
336	183	72	166
331	187	68	166
332	191	60	163
330	194	57	162
328	194	58	163
329	197	56	162
328	198	63	161
327	198	69	162
323	198	83	160
320	196	90	162
316	196	100	160
311	195	106	160
306	193	110	159
304	192	117	160
299	194	123	159
300	193	125	161
300	194	122	160
300	194	123	161
299	195	121	161
300	195	122	161
302	192	117	161
304	193	113	158
309	195	105	155
317	197	93	154
322	199	84	155
325	201	77	154
330	202	69	154
334	202	60	157
337	205	55	154
339	206	54	152
339	206	54	151
339	206	58	152
338	205	63	153
338	205	67	155
334	204	73	155
331	203	79	155
327	203	85	155
319	205	94	153
315	205	100	153
312	206	103	153
309	207	106	152
313	207	103	154
308	205	107	156
310	206	101	156
312	206	97	157
315	205	96	157
316	205	97	157
320	206	96	156
325	206	93	156
335	208	83	155
341	210	79	156
347	210	72	153
352	212	67	151
353	211	61	153
351	211	62	155
350	211	64	153
348	211	67	153
349	211	68	151
348	209	72	151
346	208	77	151
344	205	80	150
343	204	82	151
339	204	87	152
334	202	92	152
331	202	95	152
323	202	102	152
322	198	103	157
324	199	101	156
317	199	108	155
317	198	109	158
316	196	110	159
317	196	109	159
317	197	108	158
318	196	105	159
318	197	97	157
320	198	85	157
320	198	78	154
320	199	74	155
321	198	69	156
321	198	61	157
321	197	58	159
320	195	56	161
319	194	55	160
316	194	57	160
312	196	57	159
310	200	57	159
310	202	58	159
309	206	58	158
306	207	60	161
303	207	61	163
302	206	62	163
300	205	63	164
297	200	63	165
294	199	64	163
291	198	65	165
289	200	65	167
289	202	64	168
291	203	65	169
296	204	68	170
318	205	64	167
332	201	65	170
347	200	66	169
362	199	65	170
375	198	61	171
391	197	64	172
394	193	63	176
394	184	64	179
388	170	64	180
381	155	66	180
371	130	70	181
370	121	69	179
373	112	70	182
376	110	72	182
385	111	75	179
397	111	74	181
405	111	73	182
410	106	72	184
414	98	71	185
417	86	72	185
420	74	70	185
423	65	68	185
426	64	69	184
428	65	66	183
430	67	66	183
434	74	65	184
439	79	64	185
444	86	62	185
447	91	60	185
443	98	62	187
439	103	64	187
434	109	66	188
428	117	67	188
425	122	69	191
422	128	70	190
424	134	70	190
423	136	72	190
423	137	73	190
422	137	73	194
422	139	76	195
422	140	76	195
427	143	77	196
425	147	85	197
429	151	82	199
429	156	84	200
432	163	82	201
432	168	84	202
434	169	83	207
437	169	84	205
436	166	90	207
436	160	91	208
432	156	89	210
432	152	88	209
429	151	84	209
429	154	84	211
428	158	82	213
431	163	82	213
432	165	80	214
434	166	84	217
436	168	84	220
438	167	85	223
441	167	85	222
438	166	90	223
435	167	93	221
431	168	94	220
426	171	94	219
423	174	94	221
419	177	94	222
413	178	95	223
408	179	94	223
404	176	91	224
399	177	89	225
399	174	87	227
402	172	83	229
398	171	85	229
399	168	82	231
399	170	80	231
399	172	80	230
398	175	78	231
398	179	76	228
396	182	76	226
396	182	74	228
395	183	75	228
392	184	74	229
386	184	74	230
381	185	74	233
374	188	75	232
368	190	75	232
369	191	74	234
368	189	77	238
369	180	81	244
371	173	83	246
373	168	84	248
375	166	86	248
378	168	87	244
380	180	88	245
381	188	91	242
387	195	87	244
392	197	83	248
394	199	82	251
396	194	83	256
401	187	84	259
406	182	82	258
410	179	80	257
415	180	77	256
418	187	74	259
415	192	72	263
411	196	71	269
404	203	70	271
399	209	73	269
394	211	78	267
391	209	82	266
384	205	86	265
378	205	86	264
371	207	85	266
363	210	84	265
352	211	85	266
342	214	86	262
333	213	86	263
325	212	88	264
317	194	87	282
316	182	86	292
311	162	87	296
304	143	88	297
297	128	88	295
288	104	88	301
283	103	91	295
284	104	91	291
284	109	95	292
285	113	94	293
287	115	94	295
287	116	94	297
287	118	92	296
281	115	91	298
279	115	88	296
277	116	81	299
273	113	77	301
269	112	80	306
268	109	77	313
267	109	76	318
266	114	79	319
260	119	90	320
249	124	110	318
271	126	99	321
266	135	113	322
278	138	105	328
280	142	102	326
288	139	94	330
294	137	89	334
299	137	79	337
303	136	72	335
302	151	66	316
309	158	59	302
318	159	52	299
327	174	90	292
337	188	94	281
332	146	100	306
337	126	100	338
329	136	104	320
345	140	101	313
345	137	101	335
351	139	97	338
358	140	92	338
359	140	95	337
358	133	99	344
354	128	104	350
354	123	109	353
354	120	111	357
355	118	113	358
350	115	121	361
346	111	124	365
347	109	129	366
342	103	135	374
340	100	140	376
337	97	149	380
337	95	153	381
337	93	158	383
330	74	167	400
333	86	164	387
332	79	163	397
328	72	165	404
326	42	163	429
320	32	163	441
311	20	171	452
309	30	167	440
305	23	167	450
304	28	165	446
297	34	168	442
293	15	172	459
302	29	165	443
294	17	172	459
302	21	163	454
300	25	164	449
296	21	171	454
293	22	170	455
293	24	173	453
301	31	161	442
295	23	170	453
296	12	173	464
298	18	167	457
295	13	169	462
298	20	156	456
295	20	153	455
294	31	150	444
295	39	145	434
292	44	147	431
296	39	147	437
296	42	146	434
298	42	147	432
297	42	154	432
299	40	146	434
300	40	150	434
300	41	148	432
302	39	151	436
305	39	154	436
307	37	152	438
309	33	159	441
309	29	160	446
310	23	164	454
312	19	170	458
313	13	177	463
315	12	182	463
318	10	185	467
322	11	186	464
323	10	178	466
326	10	183	465
329	10	180	467
337	8	174	468
338	9	178	467
340	9	176	466
341	10	176	466
342	10	176	463
343	10	176	465
343	10	173	465
348	11	170	463
347	9	172	466
350	10	165	463
348	10	175	465
349	11	171	465
352	12	170	462
352	13	172	464
353	17	165	459
350	17	170	455
350	21	170	454
346	22	172	450
345	25	170	448
345	28	166	444
345	32	152	441
343	41	143	432
341	47	157	422
345	44	165	421
340	53	155	416
338	54	167	416
334	53	175	417
336	57	169	410
337	59	174	409
337	65	178	403
339	71	177	398
339	68	182	402
339	76	175	392
338	67	183	403
337	63	181	411
334	62	185	414
335	63	185	412
335	64	185	411
337	63	188	412
339	60	188	414
339	57	189	414
340	59	188	411
340	57	192	413
341	59	191	410
342	59	191	411
345	58	189	412
346	57	188	412
348	55	187	414
348	54	189	416
350	54	182	411
349	59	183	406
351	65	179	399
352	82	178	379
351	69	178	398
348	64	183	403
348	87	180	378
348	69	177	396
348	87	174	376
345	71	173	395
343	83	171	382
343	61	168	405
340	53	176	416
340	71	165	393
341	54	169	414
340	55	170	411
337	47	175	424
343	74	162	389
343	56	169	412
342	43	176	428
349	75	148	389
348	74	160	390
351	87	148	376
350	105	147	362
350	75	154	393
350	56	157	414
350	52	162	420
349	42	171	431
360	88	139	382
358	96	148	369
362	85	144	383
364	103	145	364
361	92	150	378
364	103	140	366
360	84	154	385
365	102	143	366
364	80	151	389
373	115	131	356
377	113	128	356
375	99	127	371
370	89	136	379
372	70	140	401
378	106	123	366
375	120	141	355
358	116	148	357
362	121	130	353
358	126	125	349
360	128	126	344
361	130	124	343
362	132	124	341
363	133	125	342
364	133	121	342
364	133	126	341
364	135	124	338
364	134	123	338
365	132	120	339
366	129	112	340
365	132	107	336
363	135	101	334
361	139	101	331
360	142	103	326
358	143	104	325
357	143	105	325
358	143	104	321
358	144	107	318
360	143	107	316
362	142	107	314
362	142	108	313
364	142	108	313
363	146	110	309
364	150	110	304
362	152	112	303
364	156	110	301
361	158	112	299
368	164	106	293
368	163	107	292
373	163	105	289
377	164	104	287
379	164	102	286
383	167	100	282
387	167	99	282
391	171	98	279
394	174	97	279
397	177	98	276
404	177	93	276
407	179	93	273
412	179	90	272
417	181	88	270
420	182	87	270
422	184	89	267
430	185	80	262
434	188	81	259
436	188	84	259
433	188	95	261
434	188	100	262
431	188	106	264
433	186	109	264
430	186	111	264
431	189	109	262
429	188	103	261
427	187	105	265
426	191	104	262
427	191	106	259
428	192	103	256
428	190	100	254
426	187	100	255
432	186	91	251
431	186	86	245
428	185	81	241
423	185	84	237
420	185	86	236
417	184	85	235
412	184	85	237
411	184	84	237
406	184	86	235
403	184	90	234
400	186	92	232
397	187	91	231
396	192	89	226
395	194	87	225
393	195	86	222
390	197	84	219
393	196	78	218
390	197	79	215
393	196	77	216
395	196	77	218
395	196	81	218
398	197	80	218
399	199	81	216
400	201	84	213
402	205	83	212
404	206	85	211
407	207	83	210
408	209	83	209
412	209	81	209
417	211	80	209
421	211	78	204
424	211	77	205
426	210	77	205
431	209	74	206
431	209	74	204
433	208	72	203
431	210	73	202
432	212	72	200
430	214	72	198
428	214	73	198
431	216	70	196
432	216	69	195
433	217	65	193
432	217	64	191
430	218	63	190
429	217	64	188
427	217	65	188
425	217	66	187
423	215	68	188
424	214	69	190
426	214	72	190
429	215	70	188
432	216	71	187
434	216	70	185
436	216	69	183
438	215	67	182
440	215	65	182
440	214	63	180
439	214	63	181
440	216	62	180
440	217	60	180
441	218	61	180
443	219	57	180
444	221	56	179
446	222	56	178
449	222	54	178
451	221	57	180
451	224	59	177
450	222	60	179
450	223	64	177
447	222	71	178
447	224	69	177
448	224	67	178
447	225	67	177
446	222	64	178
439	217	67	178
435	214	68	176
432	213	69	175
433	219	71	173
435	219	72	176
440	220	72	176
446	214	72	179
451	213	69	179
454	211	66	178
454	208	64	177
455	209	63	175
455	209	63	176
457	207	61	176
459	206	61	175
459	208	59	175
454	211	61	173
453	214	60	175
453	216	60	175
456	219	58	174
459	220	58	174
460	222	59	174
459	221	59	174
457	218	61	177
458	218	60	175
458	216	61	176
458	218	61	175
458	218	61	174
458	218	63	175
455	218	64	176
456	218	65	177
457	219	69	177
458	219	72	178
460	218	77	178
459	217	82	177
457	217	87	178
452	215	89	179
445	218	96	179
445	217	94	181
440	218	96	182
440	218	96	183
435	221	103	183
431	223	102	186
432	227	88	181
431	226	79	184
433	222	73	184
433	218	70	185
432	215	69	185
430	209	70	186
428	204	69	187
424	203	68	184
423	203	69	186
422	204	69	187
424	206	67	185
420	205	70	186
419	204	69	186
415	203	70	185
410	202	69	187
412	200	67	188
414	199	66	187
415	197	65	187
417	196	67	188
418	195	70	189
420	191	69	191
417	189	67	190
412	186	69	190
411	184	69	189
412	182	68	189
412	180	68	190
413	176	68	191
411	171	68	191
406	167	65	190
401	162	67	190
397	156	65	190
392	152	66	190
389	148	67	188
385	144	67	189
381	141	68	188
379	138	65	188
373	137	66	187
369	138	64	187
367	140	64	186
364	143	65	187
365	147	65	187
361	148	66	189
361	150	65	187
358	151	65	187
357	150	67	187
356	149	67	187
356	145	66	189
355	141	65	189
352	137	65	188
346	134	65	187
340	132	65	186
338	134	65	186
337	137	64	187
337	140	65	186
337	144	65	186
338	144	66	188
338	146	65	188
339	147	64	188
339	147	65	188
341	148	66	188
344	147	66	187
345	149	66	187
348	148	64	187
350	147	65	187
352	145	65	186
354	146	65	187
356	144	65	189
354	144	70	189
357	146	72	188
359	148	71	188
364	149	71	191
366	151	73	190
368	152	74	191
370	153	73	191
370	154	74	192
373	154	71	193
375	157	71	192
376	158	71	192
378	157	70	193
380	159	69	192
384	159	67	194
381	160	70	192
381	160	72	192
381	161	74	193
382	161	74	195
382	164	76	193
380	166	77	192
380	167	77	192
381	168	75	191
380	170	75	192
376	170	79	192
376	172	77	191
376	172	79	191
378	173	78	191
376	170	80	192
376	170	81	192
378	169	77	192
378	169	75	192
374	167	76	192
372	167	78	191
371	168	79	191
369	167	82	191
371	167	83	190
367	165	86	190
369	165	82	190
366	164	81	191
367	165	78	190
367	164	76	190
369	164	75	191
371	164	73	190
373	165	72	190
374	164	72	191
375	163	71	190
376	163	70	190
376	161	70	191
377	163	69	190
376	162	69	190
379	161	67	190
381	162	65	189
383	163	64	188
382	162	64	189
383	161	64	189
383	162	64	189
384	161	64	187
385	160	64	188
385	160	65	188
387	160	64	188
388	159	65	189
388	160	64	189
388	159	65	189
387	159	64	190
386	159	65	189
385	159	65	189
384	159	67	190
381	160	67	190
378	159	70	190
376	159	72	193
374	156	73	195
372	154	75	197
370	153	75	198
369	151	76	199
366	150	75	200
364	151	76	200
361	149	74	200
359	149	73	200
359	149	73	201
357	149	72	202
359	149	72	202
359	149	70	203
358	149	71	204
358	149	70	204
359	148	68	203
360	148	69	205
360	148	70	206
360	147	70	207
361	146	72	209
361	147	72	210
364	147	73	211
366	147	73	212
368	146	75	213
367	143	74	216
368	142	74	215
366	141	75	215
367	140	76	214
368	139	76	216
367	137	78	217
367	138	76	218
364	138	79	219
363	137	78	222
362	135	79	224
359	134	78	225
357	133	79	223
357	134	80	225
358	134	82	225
357	135	86	226
360	135	85	228
361	136	85	227
361	135	86	228
362	136	89	227
362	137	90	228
363	138	93	228
363	138	95	231
365	140	96	228
364	141	98	228
367	142	97	230
372	142	96	233
375	140	97	234
378	137	98	238
380	135	99	240
385	136	98	239
389	135	96	240
391	134	97	240
396	134	94	241
401	133	92	242
402	134	91	240
400	132	94	243
404	133	92	241
400	132	94	244
404	132	92	244
400	133	94	245
400	133	93	245
399	134	97	245
398	133	98	248
395	132	103	250
395	130	102	252
393	128	105	256
392	127	109	257
391	126	112	259
390	124	112	262
389	124	119	262
388	121	123	264
391	118	113	269
390	116	100	269
391	116	101	267
390	115	96	269
389	113	96	272
387	114	99	273
391	111	96	278
389	110	99	279
392	108	97	283
391	106	100	285
391	103	104	289
387	96	114	295
384	94	126	299
381	92	126	303
381	94	128	304
380	96	131	306
377	97	140	309
377	97	130	314
371	94	138	317
369	92	122	318
363	88	132	322
367	84	123	330
363	77	128	338
371	79	122	338
361	64	132	350
356	60	130	354
354	53	132	360
350	48	137	363
346	51	136	363
344	53	138	365
344	54	139	369
340	54	144	372
338	55	143	377
337	56	139	381
336	54	141	384
336	47	143	393
336	39	146	399
