431	353	57	130
429	353	59	125
429	354	64	124
431	353	65	126
432	353	67	126
431	353	69	127
432	352	69	128
432	351	72	125
433	350	72	127
435	350	73	127
436	348	75	129
439	347	73	129
442	345	73	128
441	343	72	129
445	343	70	129
446	341	72	129
448	339	69	129
448	333	73	131
445	330	71	132
444	328	73	131
441	325	72	131
443	325	72	130
442	323	70	131
441	322	70	130
441	323	65	131
439	323	67	132
437	324	65	131
433	322	66	131
426	324	67	128
423	322	68	130
420	323	66	129
420	324	63	130
417	325	64	129
416	326	64	128
413	327	64	127
410	327	67	128
406	326	69	128
393	326	66	128
384	324	70	128
380	321	70	130
374	323	68	128
372	323	67	129
368	325	62	127
365	324	63	130
360	325	64	129
357	326	63	128
353	324	64	129
350	324	67	129
349	323	67	129
347	322	68	130
344	323	68	129
343	323	68	130
339	323	70	131
335	322	71	133
332	321	72	134
330	321	73	133
329	322	72	132
327	323	73	131
325	323	72	131
323	323	73	130
321	324	74	130
319	323	73	131
316	324	72	131
313	326	71	130
310	326	72	129
307	329	73	128
302	328	75	127
301	324	71	134
299	324	70	133
297	323	70	134
295	325	69	133
293	325	69	131
293	325	68	131
292	326	68	130
292	326	67	129
293	326	67	128
293	326	68	128
293	326	67	127
294	327	68	127
295	327	67	126
296	328	66	126
296	329	66	125
297	329	65	124
297	329	63	123
297	329	62	123
297	329	61	123
297	329	61	124
297	330	60	124
296	330	60	124
295	331	59	124
295	331	60	123
295	332	61	123
290	333	64	123
288	333	67	123
288	334	66	123
283	334	68	122
280	335	69	122
272	336	71	122
270	335	72	123
269	334	73	124
267	334	71	123
266	335	71	124
264	335	72	124
261	334	74	125
259	334	74	124
255	334	74	124
254	335	74	124
248	337	75	125
248	338	75	125
246	341	75	125
244	341	74	124
241	343	73	123
238	343	72	122
235	343	72	122
233	343	68	121
232	343	68	121
229	344	68	120
227	344	68	120
225	344	69	120
222	345	70	120
220	345	71	120
221	344	70	120
220	343	69	119
223	344	67	119
227	343	70	119
229	343	65	119
234	344	61	120
237	344	61	121
239	343	64	121
242	342	67	121
248	341	66	121
250	341	66	121
258	340	65	122
258	339	70	122
267	338	66	122
273	338	65	121
277	338	66	120
281	336	66	121
285	335	62	121
286	335	60	120
286	334	61	118
289	333	61	118
292	333	61	119
298	333	62	118
303	333	64	119
308	333	64	119
313	334	65	119
318	336	66	120
322	339	65	118
326	340	66	117
330	340	63	115
330	342	64	116
332	345	63	116
333	347	62	118
336	350	61	117
338	352	61	116
339	354	60	116
336	354	60	117
332	355	61	116
328	356	62	115
323	354	65	115
321	354	64	114
321	353	63	114
321	354	64	114
322	356	65	113
321	357	65	113
322	357	65	114
323	357	64	113
321	357	64	112
318	356	65	113
316	355	65	114
315	354	65	113
314	355	66	113
311	354	67	114
309	353	68	115
309	352	67	114
308	352	68	114
308	352	68	114
313	351	63	115
321	352	57	114
323	353	58	115
320	355	59	115
321	357	59	115
319	359	60	117
319	361	60	116
318	361	63	116
316	361	65	115
312	361	68	115
307	362	71	115
302	363	74	116
298	362	74	116
290	363	75	116
285	361	72	117
287	360	64	117
289	359	61	118
290	359	62	117
291	359	64	117
291	360	67	118
292	361	70	118
290	361	73	117
288	361	74	118
288	360	73	118
287	358	72	118
286	356	71	119
286	355	69	120
286	354	67	120
288	353	64	122
289	353	61	120
290	352	60	120
291	353	61	120
292	352	62	121
291	353	64	120
291	353	66	120
288	353	70	120
289	354	74	120
291	354	74	121
294	355	75	122
299	355	73	121
304	354	71	122
310	352	69	123
313	352	70	123
313	352	73	123
315	351	71	124
318	353	71	124
321	355	72	124
323	356	73	123
324	356	73	123
325	355	73	123
327	354	72	125
329	353	71	125
336	352	67	124
342	353	63	122
344	354	63	122
351	355	65	123
353	354	66	124
353	355	69	123
354	354	72	122
354	353	76	123
358	352	79	124
363	353	77	123
370	353	74	124
370	353	77	124
370	352	79	124
377	351	78	124
385	352	73	123
398	353	63	122
407	354	61	119
411	354	62	118
416	354	63	119
419	354	65	119
420	354	64	119
421	354	66	118
424	353	65	118
428	352	64	119
430	352	62	119
431	352	61	119
435	351	58	120
439	355	55	112
442	362	59	102
449	356	61	107
439	357	66	105
430	353	77	106
447	346	79	116
447	350	80	114
450	347	77	118
447	346	77	114
443	344	77	117
440	348	80	115
441	350	82	113
443	351	78	114
449	351	81	112
497	352	67	109
512	350	59	110
519	348	61	121
523	347	61	124
525	346	62	123
526	347	64	123
524	346	67	123
526	346	68	126
529	346	70	126
534	346	69	126
540	345	67	126
543	345	68	128
549	344	67	125
552	344	65	126
553	344	67	127
554	344	71	128
556	345	72	128
556	345	75	129
556	346	75	128
559	347	74	128
559	348	73	128
560	348	72	129
560	350	70	131
565	351	66	130
568	352	65	129
568	352	66	129
566	353	70	128
565	351	76	130
566	351	81	130
567	352	85	131
567	354	85	131
566	355	89	132
563	355	88	133
561	352	86	132
554	349	85	134
558	349	77	131
556	349	76	132
561	350	71	131
562	351	72	129
561	351	73	129
562	351	73	130
560	352	74	131
561	353	75	131
560	353	76	131
559	352	76	131
560	353	75	131
559	353	74	131
559	351	75	132
559	351	76	134
559	350	77	134
558	349	79	134
558	349	80	135
558	348	81	135
558	347	81	135
558	347	81	136
557	346	81	137
557	346	79	136
555	345	76	135
553	345	75	136
552	346	74	135
551	346	74	136
550	345	74	135
552	345	71	136
552	345	71	138
556	345	69	138
557	345	70	139
557	346	70	139
557	345	71	140
557	345	70	140
557	344	73	139
559	344	73	140
561	344	74	140
562	344	73	140
566	345	72	143
567	345	70	140
567	344	70	142
567	344	70	140
567	344	71	141
568	344	73	140
566	344	73	141
565	345	75	140
561	345	79	140
558	346	81	139
557	347	80	140
558	347	78	139
562	348	73	139
565	349	68	137
568	350	66	139
558	352	73	136
555	353	76	139
552	353	77	139
553	354	78	141
555	356	77	140
563	357	69	139
564	359	67	137
565	359	66	136
565	357	65	135
565	356	67	136
565	356	67	137
565	356	66	136
566	357	66	135
566	357	66	134
563	357	69	135
563	359	69	133
561	360	70	133
559	359	74	132
558	359	75	132
553	359	77	132
553	359	75	132
553	359	74	131
554	359	73	131
553	360	72	131
551	359	72	131
551	360	70	132
548	361	70	132
543	361	73	132
538	360	73	132
534	358	75	132
532	357	75	131
533	356	71	131
532	356	71	130
531	356	69	130
530	356	68	129
532	356	64	128
532	357	66	129
534	356	68	131
534	355	68	130
533	356	70	130
526	356	75	130
524	356	77	128
523	356	78	129
518	356	79	129
514	354	78	129
507	355	75	130
505	354	72	130
499	354	70	129
495	353	69	130
491	354	69	129
488	355	66	128
487	356	65	128
484	358	65	128
482	358	65	128
481	359	66	128
481	360	66	127
478	361	66	125
476	362	67	124
470	369	70	115
460	368	71	117
455	372	71	111
435	375	78	107
432	368	76	116
415	370	86	115
410	365	90	120
402	361	89	122
402	364	91	121
403	362	91	124
402	364	92	120
391	368	72	115
402	375	62	112
392	378	60	107
398	371	53	114
399	371	48	114
399	370	44	115
394	365	46	121
392	365	49	122
387	365	53	123
384	364	56	124
379	364	59	125
368	364	65	125
363	364	66	123
357	363	70	124
355	362	72	126
352	362	73	126
349	362	73	126
347	361	71	126
346	360	72	127
344	361	73	127
338	361	75	127
328	362	76	127
329	362	71	127
326	362	73	126
325	362	73	125
318	361	80	126
315	360	79	128
313	361	77	129
313	362	75	128
313	364	71	128
311	365	71	126
303	364	71	125
301	364	69	125
297	363	70	126
293	363	71	126
290	363	72	126
284	365	68	125
282	364	66	126
280	363	63	126
279	361	65	127
278	360	64	127
275	361	62	126
271	360	65	128
268	361	67	128
265	360	68	129
263	362	68	128
261	362	69	128
258	363	69	127
254	364	70	126
249	364	70	125
245	364	70	124
239	363	71	124
237	362	68	128
233	361	69	128
230	361	68	129
229	361	68	131
228	361	66	130
229	364	66	128
228	364	67	127
227	363	67	128
226	363	66	128
223	361	66	128
224	361	65	129
224	361	63	127
222	362	67	127
219	361	68	127
220	360	68	127
221	361	67	128
222	362	64	128
221	364	62	126
219	366	64	125
211	366	69	126
207	366	66	126
205	366	66	126
202	365	69	125
201	365	70	125
200	365	74	125
201	365	76	126
203	364	77	126
203	364	77	126
203	363	76	128
200	362	74	126
193	360	71	125
193	359	70	127
194	359	69	127
195	359	69	128
195	360	71	128
195	360	72	128
195	360	73	130
196	358	76	128
200	358	76	128
207	359	75	128
221	361	74	127
230	362	75	128
240	362	74	127
249	361	73	128
254	361	73	128
260	363	70	128
262	363	69	128
264	363	67	128
264	365	68	127
262	365	69	129
262	365	68	128
261	365	67	128
260	365	68	128
261	365	70	129
259	365	71	130
268	366	67	130
270	368	66	129
272	370	65	128
274	372	64	130
274	374	65	128
274	375	67	127
273	376	69	128
271	376	71	127
271	375	72	127
272	375	73	127
273	375	77	128
275	375	78	128
277	376	79	129
282	375	78	130
287	373	76	130
295	375	75	130
301	375	70	129
312	376	64	128
313	378	66	128
316	378	65	129
318	378	67	128
318	378	67	127
317	377	70	127
317	376	70	129
316	377	72	128
317	376	75	128
318	374	76	130
320	374	76	129
324	375	76	128
330	376	73	128
341	378	69	126
351	377	65	127
357	381	63	123
363	381	60	124
364	384	59	121
361	387	58	117
363	386	57	118
364	387	57	116
361	387	58	116
362	387	59	118
366	382	61	122
374	390	65	117
378	376	76	127
370	381	81	121
372	376	76	126
370	384	80	119
371	382	80	123
371	385	82	121
370	381	80	126
369	383	81	122
377	385	84	121
405	393	78	114
426	392	67	117
432	394	67	116
436	392	67	118
444	394	68	118
456	395	59	117
458	394	61	117
459	394	65	119
459	393	74	120
467	392	74	121
467	393	77	121
340	372	64	117
332	372	63	113
328	371	66	117
321	371	70	116
316	371	71	118
313	371	72	117
308	372	71	115
305	372	72	115
302	372	71	115
300	371	68	116
297	371	68	115
292	370	61	115
287	369	61	114
282	369	61	115
274	369	65	113
269	369	64	114
263	370	67	114
259	370	70	115
256	371	70	115
253	371	70	114
249	371	71	115
245	371	69	114
246	372	65	114
243	371	64	114
240	371	65	114
236	370	64	115
229	370	65	115
225	369	67	116
219	367	70	117
214	367	68	116
211	366	67	117
207	366	70	118
204	367	69	117
203	368	68	116
201	368	68	117
201	368	66	117
197	367	66	117
198	367	62	117
197	367	63	118
201	367	63	117
203	367	59	118
199	366	63	118
199	366	61	118
193	366	63	118
185	364	67	119
182	364	68	119
178	363	67	119
179	363	67	119
177	363	70	119
177	363	69	120
177	364	70	120
180	363	71	120
176	363	76	121
181	362	73	121
178	362	79	123
179	362	80	123
181	360	82	124
183	358	82	125
186	359	78	124
189	359	76	124
189	359	75	124
190	360	75	124
190	360	76	123
190	362	77	121
191	362	79	121
192	363	81	122
193	363	83	121
196	364	85	122
197	364	86	122
203	364	85	122
209	363	81	123
218	364	73	124
232	364	71	122
236	363	69	124
237	363	71	124
238	364	74	124
239	365	76	125
240	365	78	123
241	365	78	123
243	364	77	123
248	365	79	123
252	365	79	122
260	364	76	122
268	364	72	125
278	364	69	124
283	365	66	123
290	365	64	124
292	364	66	124
292	363	69	125
294	363	73	125
295	363	77	125
297	364	79	124
301	366	83	123
301	366	84	123
304	367	85	123
306	367	84	124
310	366	82	124
321	367	75	123
329	367	71	122
340	368	60	120
347	369	52	118
348	372	51	112
351	376	46	111
353	377	46	110
354	383	46	104
358	389	49	98
361	384	52	102
367	383	59	102
355	382	64	102
360	376	63	110
367	371	87	115
373	366	88	119
370	366	89	117
380	368	84	112
394	371	80	111
395	366	85	120
433	364	67	125
436	368	67	123
439	370	68	124
439	371	68	121
440	373	68	120
440	373	69	121
440	373	71	121
441	372	72	124
445	372	73	127
448	374	73	126
449	374	72	124
454	374	77	122
454	375	79	123
467	375	73	125
470	377	76	124
471	379	74	124
475	379	80	124
479	380	80	123
481	379	78	123
483	380	75	123
487	378	72	122
495	378	68	121
500	378	66	122
506	378	64	121
509	377	65	120
513	377	66	119
522	377	63	120
527	377	62	123
528	377	65	123
532	377	67	123
534	377	70	122
538	378	71	122
542	379	72	122
545	379	73	121
548	380	77	122
550	380	79	123
557	380	78	124
565	381	75	125
569	380	74	125
574	378	71	127
577	377	72	127
578	375	77	128
576	374	83	128
575	374	87	126
576	374	86	126
575	374	86	126
577	374	87	126
581	374	84	125
584	375	82	126
588	375	78	126
595	374	75	127
601	375	73	125
606	373	70	127
610	372	68	127
614	371	68	128
615	370	70	129
617	370	75	130
620	370	72	131
622	370	74	131
623	371	74	129
626	372	74	131
627	372	77	130
629	372	77	130
629	372	79	131
630	373	80	131
631	373	80	131
638	373	77	133
643	374	74	134
647	374	71	135
649	373	70	135
650	374	73	134
651	373	79	134
652	371	85	137
653	370	88	141
655	370	91	142
659	372	92	139
666	373	89	140
664	375	90	138
666	374	87	139
667	373	83	139
671	372	79	139
673	371	75	138
674	372	73	138
676	372	73	138
678	372	73	140
680	372	73	141
681	369	75	142
683	369	75	143
686	370	78	145
690	371	80	145
692	371	82	151
691	363	82	146
687	359	84	143
686	357	84	141
688	355	81	143
698	356	81	145
710	358	75	144
711	360	76	143
713	359	75	143
711	358	78	143
711	356	76	144
711	355	75	144
711	355	77	143
711	355	77	143
713	357	77	142
715	359	78	142
716	362	77	142
716	363	77	142
711	363	78	142
705	362	82	143
701	362	79	142
689	362	81	141
683	363	80	141
680	365	79	140
677	365	74	139
676	365	71	139
673	364	68	140
673	365	65	139
670	365	65	143
670	366	64	143
664	367	70	143
655	370	76	140
646	371	81	138
645	371	80	138
643	371	79	137
644	372	78	137
640	372	80	137
634	372	78	136
631	370	76	138
627	369	72	138
622	367	69	137
620	366	71	138
615	365	73	137
612	365	73	138
608	366	76	137
604	365	79	137
600	365	80	138
596	366	83	137
592	366	86	137
589	365	86	136
589	364	83	136
588	364	80	136
587	363	76	136
587	363	72	135
587	365	71	136
587	367	68	135
583	369	67	133
579	370	67	134
576	371	66	132
575	371	64	134
573	371	66	134
570	371	67	134
568	372	67	132
567	374	68	132
564	376	70	132
563	375	71	132
558	376	73	130
547	376	75	129
540	375	78	131
538	373	76	132
536	374	73	130
534	373	73	130
530	374	72	129
525	373	75	129
525	373	73	129
522	373	74	130
518	373	74	130
509	373	78	128
503	371	84	128
498	372	82	127
497	371	81	128
496	370	78	128
494	371	76	127
493	370	75	127
492	369	70	126
489	369	70	125
488	366	69	125
479	362	72	126
475	360	69	127
467	359	72	126
460	356	74	126
457	356	74	126
454	354	75	125
452	352	75	126
452	351	74	125
451	350	72	126
450	347	69	126
439	340	75	125
432	337	71	125
431	337	70	122
429	336	69	123
427	334	67	121
421	339	73	113
420	336	72	116
419	335	72	115
416	329	72	117
413	330	74	116
393	328	84	113
390	321	85	115
390	316	83	123
391	320	85	119
393	320	86	117
394	321	85	115
396	322	82	114
396	324	80	113
399	322	84	115
397	320	72	115
391	338	60	105
386	338	57	103
385	334	53	109
382	333	49	112
379	333	52	114
375	332	53	114
371	331	54	116
367	331	56	117
362	331	57	117
358	330	59	119
348	331	64	117
344	331	66	116
341	330	66	117
338	330	66	119
335	330	67	121
331	331	71	121
330	332	70	120
329	332	70	120
327	332	70	121
324	331	71	121
316	329	70	122
317	329	67	122
313	330	65	122
310	330	65	123
305	331	66	125
301	335	64	122
293	336	69	121
283	336	72	121
282	336	72	121
280	335	73	122
275	337	72	121
275	338	72	122
274	337	71	121
273	336	70	121
274	335	66	121
274	336	64	121
273	337	63	122
272	338	65	122
268	338	66	121
265	339	66	120
263	340	65	120
263	339	63	120
262	338	63	121
259	339	63	121
258	338	63	122
256	339	63	122
256	337	64	123
251	338	66	122
249	338	67	122
245	338	69	122
243	339	71	124
239	338	75	124
238	338	76	126
238	337	76	126
239	337	77	128
246	340	74	126
249	342	73	124
251	344	71	124
253	343	70	124
252	344	70	122
253	343	70	122
253	345	73	120
254	345	77	122
256	345	79	122
259	345	80	124
262	347	81	122
266	347	79	123
271	347	76	121
276	345	74	122
280	343	71	124
284	343	76	122
290	344	76	123
293	345	77	123
296	345	76	122
295	346	78	123
299	345	75	123
303	345	77	122
306	346	77	123
310	348	77	123
316	348	77	124
324	350	73	124
330	351	70	123
329	352	71	123
328	353	76	123
328	355	77	122
329	357	78	122
331	362	81	117
330	362	80	117
336	365	78	113
340	363	76	113
341	364	74	113
348	367	70	107
348	365	68	107
348	365	75	107
352	364	77	107
362	361	79	111
389	360	84	113
394	363	82	110
394	362	91	113
452	370	66	112
457	365	57	115
460	363	58	119
462	361	56	121
462	360	57	123
464	359	62	126
466	359	68	126
470	359	75	127
474	359	83	127
478	359	88	127
484	358	91	127
491	361	95	124
521	363	92	123
543	365	88	124
