283	156	57	76
283	157	58	67
284	158	58	67
284	158	58	67
285	158	57	67
285	158	57	67
285	158	57	66
285	158	57	65
286	157	57	66
285	159	58	65
286	159	57	66
285	159	58	66
286	159	58	66
287	158	57	66
286	158	58	66
285	157	59	66
284	157	60	66
284	158	58	66
286	158	58	67
287	157	57	67
288	158	58	67
290	158	57	66
289	160	56	64
289	160	57	65
288	163	57	64
288	162	58	65
288	163	58	65
286	165	58	66
285	168	59	65
286	171	58	63
286	172	58	64
288	176	57	64
288	177	57	66
289	181	56	66
288	182	57	67
288	185	56	67
290	187	56	68
289	187	58	68
287	188	59	69
287	189	60	67
290	192	59	65
289	193	60	67
291	193	60	67
291	193	60	67
292	194	60	68
292	193	60	69
293	193	58	68
293	194	58	69
292	194	59	69
292	194	60	69
292	194	60	70
291	194	61	70
292	194	60	69
289	194	61	68
290	195	59	66
288	193	60	68
288	191	60	67
289	191	58	67
286	189	60	68
288	186	58	67
286	184	60	67
286	183	60	65
287	181	59	66
286	178	59	64
285	177	60	64
286	176	59	66
286	174	59	66
286	174	60	66
286	174	62	65
285	173	61	67
286	171	62	67
284	172	59	65
284	171	62	67
282	170	61	65
283	169	61	65
282	169	61	65
284	167	61	67
283	167	59	67
284	166	59	70
285	165	58	69
284	164	55	70
285	164	56	70
285	164	54	69
283	165	55	68
283	164	56	70
282	165	57	69
283	162	56	70
282	162	57	70
282	162	56	72
282	163	60	68
281	163	58	68
280	162	59	69
278	162	59	70
275	162	60	71
275	164	58	70
276	164	58	70
278	167	56	68
277	166	58	69
278	168	58	69
281	167	55	70
283	167	55	71
282	165	58	68
283	167	58	69
284	164	59	70
286	163	57	71
285	163	59	73
287	163	59	70
287	163	58	70
288	164	58	70
289	168	57	69
289	165	61	71
287	166	62	70
289	167	61	71
287	167	63	70
288	168	63	70
288	168	62	68
289	166	63	69
289	166	60	67
289	165	60	69
291	165	58	68
290	163	57	68
290	165	58	66
290	165	56	65
290	166	55	64
289	166	56	65
290	165	56	67
290	165	56	67
289	165	53	66
289	166	54	65
289	167	53	63
289	166	56	64
289	167	54	65
289	166	55	65
289	167	54	62
287	167	58	63
285	165	58	63
284	166	56	62
283	165	57	64
283	166	57	64
284	165	56	63
285	166	55	63
285	165	55	63
285	165	54	62
285	165	54	63
287	165	53	64
287	166	53	65
287	165	53	63
287	165	53	64
288	164	52	62
287	165	51	60
288	164	50	60
287	165	50	60
285	165	52	61
285	165	53	61
287	166	51	62
287	166	51	62
288	166	50	61
286	165	51	60
287	165	50	61
288	164	50	61
287	163	50	60
287	164	50	61
286	164	50	60
287	164	50	61
286	164	50	62
285	164	50	61
285	164	50	62
285	164	51	61
284	164	50	61
284	164	51	62
285	165	50	60
285	165	50	61
285	165	50	60
286	165	50	61
285	165	51	59
285	166	51	59
284	166	51	59
285	166	51	59
285	166	51	59
286	167	51	60
286	168	51	58
287	168	51	59
287	169	51	59
288	169	51	58
287	170	52	58
289	170	51	57
289	170	51	58
289	170	51	58
289	169	51	58
289	170	51	58
289	169	50	59
288	168	51	59
288	167	52	60
288	167	52	60
289	168	51	60
288	166	51	59
288	166	52	61
288	166	52	62
289	165	51	62
287	165	52	63
287	164	53	65
287	164	53	66
286	166	53	68
285	165	54	65
286	166	53	60
286	165	51	60
287	165	51	59
287	166	52	59
288	166	55	60
287	166	53	62
287	165	54	62
287	164	54	62
287	164	54	61
288	164	54	62
288	166	54	62
288	165	52	60
288	166	52	60
287	165	52	58
286	166	53	58
285	166	54	60
285	166	55	61
285	166	54	63
284	165	54	63
287	165	52	62
287	165	52	59
286	165	52	59
287	165	52	59
287	166	51	60
287	165	51	58
288	166	51	56
288	166	50	58
289	166	51	59
289	165	51	59
289	166	51	58
289	165	50	56
289	165	51	57
289	165	51	59
289	165	51	58
289	165	51	58
289	165	51	61
288	165	53	63
288	165	53	62
288	165	53	60
287	165	54	62
288	165	53	60
288	165	52	60
289	165	51	59
289	165	51	60
289	165	51	59
289	165	50	59
290	165	50	57
290	165	51	57
290	164	50	56
290	165	50	56
290	164	50	56
290	164	50	57
290	164	50	57
290	164	51	59
290	164	50	60
290	165	50	58
290	164	50	59
289	164	52	60
289	164	52	59
288	165	52	59
290	165	51	57
287	164	54	59
289	164	53	59
291	163	52	60
291	164	52	60
291	163	52	60
291	163	52	61
291	163	51	61
292	163	51	61
291	163	52	61
292	162	51	61
292	163	52	61
292	164	51	61
292	164	51	61
292	164	51	61
292	165	51	61
292	164	51	61
293	164	51	62
293	163	50	62
293	164	51	62
293	164	51	62
293	164	51	62
293	163	51	62
292	163	52	62
293	163	51	61
293	161	51	62
294	162	51	61
295	162	50	60
295	162	50	60
296	161	50	61
297	161	50	60
297	162	50	60
296	162	51	61
295	161	51	61
295	162	51	61
295	163	51	61
295	162	51	61
294	163	51	61
295	162	51	61
295	163	51	61
295	162	50	61
295	162	50	61
295	162	51	61
295	162	50	61
296	162	51	61
295	162	50	61
295	161	51	61
295	161	50	61
295	161	50	61
295	161	50	61
295	161	51	61
295	161	51	60
295	160	51	60
296	160	50	60
296	160	50	59
296	160	50	59
297	161	50	59
296	161	50	60
297	161	50	60
296	160	50	61
295	161	51	61
296	161	50	61
296	161	50	61
295	161	50	61
296	161	51	61
296	161	50	61
297	161	50	61
297	161	50	61
296	161	51	62
297	162	50	62
296	160	50	62
297	162	51	61
296	160	50	62
296	161	50	62
296	161	50	62
296	160	50	62
296	160	50	61
296	161	51	62
296	160	51	61
296	161	51	61
295	160	51	61
294	161	51	61
293	161	52	62
293	162	52	61
292	161	51	61
292	162	51	61
292	161	50	61
291	161	50	62
291	161	51	61
291	161	51	62
291	161	51	61
291	161	51	61
291	162	51	61
291	161	51	61
291	161	51	61
291	161	51	61
291	161	51	60
290	161	51	60
290	161	51	60
290	161	51	61
290	161	50	60
290	161	50	60
290	161	51	60
290	161	51	60
289	161	51	61
289	161	51	60
290	161	51	60
290	162	51	60
290	161	50	59
290	161	51	60
290	162	50	60
290	161	50	60
290	161	50	59
290	161	51	59
290	161	51	60
290	161	51	59
290	161	51	59
290	160	51	59
290	160	51	59
290	160	51	59
290	160	51	60
289	161	50	59
289	161	51	59
289	161	51	59
289	161	51	59
289	161	51	58
289	161	51	59
289	161	50	58
289	161	51	58
288	161	50	58
289	162	51	58
289	162	50	57
289	162	50	58
289	162	50	58
289	161	50	58
289	161	50	58
290	161	50	58
290	162	50	58
291	162	50	59
291	161	50	59
292	161	50	60
293	160	50	60
294	160	50	60
295	160	50	60
295	160	50	61
296	159	50	61
296	160	50	61
295	159	51	62
296	160	52	61
296	159	52	61
297	158	53	62
298	159	54	61
299	159	54	60
300	158	53	60
301	158	53	59
300	159	54	59
301	158	53	59
301	159	53	59
301	159	53	59
301	159	52	60
302	159	52	61
301	159	52	61
302	159	52	61
302	159	52	62
301	159	52	61
301	159	52	62
301	160	52	62
301	160	52	62
301	159	52	62
302	159	51	63
301	160	52	63
301	159	52	62
300	159	52	63
301	159	52	62
300	159	52	61
300	159	52	62
300	159	52	61
299	159	52	61
299	159	53	61
298	158	53	61
298	157	53	61
299	157	53	60
299	157	53	61
300	157	53	60
300	156	53	60
299	156	53	60
299	156	53	61
298	157	53	61
298	157	54	61
297	157	54	62
297	158	53	62
296	158	53	62
296	158	53	63
296	158	52	63
295	159	52	63
295	159	51	62
295	159	52	63
294	159	52	62
294	160	52	62
294	160	52	62
293	160	52	63
292	161	52	62
292	161	52	63
291	162	52	64
290	163	53	64
290	163	53	65
289	163	53	66
290	166	53	63
289	169	53	62
289	170	53	62
289	173	53	61
289	175	52	62
289	175	52	65
289	176	53	63
289	177	53	63
288	177	53	64
289	176	53	63
290	173	52	65
291	170	52	67
292	168	51	66
293	165	51	67
294	163	52	67
296	159	51	65
295	160	52	64
296	158	52	65
296	156	52	64
297	156	51	63
296	155	51	62
296	154	51	62
296	154	51	62
296	153	51	63
297	152	51	62
297	152	51	62
295	151	51	62
295	152	51	62
295	152	51	60
296	152	51	60
295	152	52	61
295	151	51	61
295	151	51	60
294	151	51	61
294	150	51	61
294	150	51	61
294	151	52	63
294	151	51	62
294	150	51	62
293	151	52	63
294	149	51	62
294	150	52	62
295	150	52	60
294	151	53	61
294	150	54	60
293	150	54	60
292	151	56	63
293	150	56	62
293	150	55	61
294	150	54	60
292	150	55	62
291	151	57	64
290	151	58	65
289	150	60	68
289	150	61	68
288	151	62	68
291	151	58	67
293	150	55	65
293	150	52	64
293	150	53	64
293	150	52	65
293	151	52	65
292	150	52	64
292	151	52	63
293	152	52	63
294	152	52	62
294	152	52	63
295	152	52	63
294	153	52	63
295	152	52	63
295	152	52	63
295	152	52	63
296	152	52	64
295	153	52	64
295	153	53	63
295	153	51	62
296	151	51	62
295	152	52	61
294	152	52	61
294	151	52	60
294	151	52	60
294	151	52	59
294	151	52	58
294	151	51	58
293	151	51	59
294	150	51	59
294	150	51	59
293	150	51	59
294	150	50	58
293	150	50	59
294	150	50	59
293	151	50	59
293	151	50	60
293	151	50	60
293	151	50	59
293	150	50	60
292	150	51	59
292	150	51	60
292	149	51	60
292	150	51	61
292	149	51	61
292	150	51	61
292	149	51	62
291	149	51	62
292	149	51	61
293	150	51	61
293	150	50	60
294	149	51	60
295	145	50	59
296	141	50	57
297	130	50	57
297	123	49	56
298	116	49	56
298	110	50	57
300	101	49	58
299	90	49	57
299	82	49	57
300	75	49	57
300	67	48	59
300	58	49	60
300	47	49	57
299	41	50	59
300	36	50	60
300	33	49	59
299	32	48	58
299	30	49	57
299	30	48	58
298	30	48	58
297	30	49	59
297	30	48	59
297	31	48	60
296	32	48	61
296	32	49	62
296	34	49	61
297	36	48	61
297	36	49	63
298	38	49	61
298	39	48	59
299	40	48	60
299	40	48	60
300	40	47	59
300	41	48	59
300	41	47	59
300	41	48	60
300	41	47	60
299	42	48	61
299	42	47	60
298	42	47	59
298	44	47	59
297	44	47	59
298	45	47	59
297	45	47	59
297	45	46	58
296	44	46	59
296	44	47	59
296	45	47	59
296	48	48	64
295	53	47	63
295	60	47	63
295	67	47	62
295	74	47	62
294	80	47	62
295	81	47	56
295	83	47	59
296	85	47	55
296	87	47	55
296	90	47	58
296	92	47	56
295	95	48	56
297	95	47	56
297	97	47	56
297	97	47	55
299	96	47	56
300	94	47	57
300	93	48	57
301	89	48	57
304	85	47	54
305	79	47	56
308	74	47	54
308	71	46	56
309	67	45	57
310	62	46	56
310	59	46	57
310	56	47	58
310	54	46	58
310	53	47	59
310	51	47	59
310	49	47	59
310	49	46	58
309	48	46	58
309	48	46	57
308	47	46	57
307	47	47	56
306	47	46	56
305	46	46	56
305	46	46	56
304	47	46	55
303	46	47	56
303	46	46	56
303	46	46	56
301	47	46	56
301	46	46	55
300	46	47	56
300	46	47	56
300	45	46	55
299	45	47	56
299	45	46	55
299	43	47	55
299	43	46	55
298	44	47	55
298	43	47	55
297	44	47	55
297	43	48	56
296	42	48	56
296	43	48	56
295	43	48	56
295	42	48	56
295	42	49	57
295	42	48	57
295	42	48	57
294	41	49	57
294	41	49	58
293	41	48	58
293	42	48	58
293	40	48	59
293	41	49	60
292	40	49	61
291	41	48	61
291	40	48	61
291	41	48	60
291	41	48	61
290	41	48	61
288	40	49	62
289	42	48	63
288	41	49	62
287	40	49	63
288	41	48	62
288	41	48	62
287	41	49	61
287	42	48	61
287	42	49	61
287	41	49	61
287	42	48	62
287	42	49	61
287	42	48	62
287	44	48	61
286	45	49	61
286	44	49	61
286	45	49	61
286	45	49	61
285	45	49	61
285	45	49	61
285	45	49	61
285	46	48	61
284	45	49	62
284	46	49	61
285	47	48	60
284	47	48	60
285	48	48	60
285	49	47	59
284	48	48	60
285	51	47	58
285	50	48	60
286	51	48	59
286	52	47	59
287	52	48	59
288	53	49	59
289	52	49	59
290	54	47	59
291	53	47	58
291	54	48	59
292	53	48	59
294	52	47	58
294	53	48	58
295	52	47	58
295	53	47	58
296	52	47	57
296	52	48	58
297	51	47	57
297	52	48	57
297	51	47	58
297	51	48	57
298	50	47	57
298	51	47	57
298	52	47	57
298	51	47	56
297	51	48	58
298	50	47	57
298	51	46	57
298	51	47	57
298	52	46	56
298	52	47	56
297	51	47	57
298	53	47	57
298	54	46	56
298	55	46	56
298	55	46	55
299	56	46	56
298	55	46	57
299	56	47	57
298	57	47	56
298	57	47	56
298	57	46	56
297	57	46	56
297	58	46	56
296	57	47	56
296	57	47	56
295	58	47	56
295	58	47	56
295	59	47	55
294	58	47	56
294	58	47	57
293	59	47	56
293	59	47	57
293	58	47	56
293	59	47	56
293	59	48	56
293	59	47	56
294	59	48	57
294	59	47	56
293	60	47	56
293	59	47	57
293	60	48	57
292	58	48	57
293	59	47	57
293	58	48	57
293	59	48	56
293	57	49	57
294	58	47	57
293	57	49	57
294	58	47	57
293	58	49	58
294	56	49	58
295	57	48	58
296	57	49	58
296	56	49	59
297	56	49	57
298	55	50	58
299	55	49	58
301	54	48	58
302	56	48	57
303	56	48	58
304	54	51	59
306	54	49	59
307	54	49	60
308	53	51	60
309	53	51	60
311	53	51	61
313	53	49	59
314	53	49	59
314	53	49	59
314	53	50	60
316	52	49	59
316	52	49	59
316	52	49	60
316	52	49	59
317	53	48	58
317	53	48	58
316	52	49	59
316	52	49	59
315	52	49	60
313	51	50	59
312	51	49	60
312	51	50	61
311	50	49	62
310	50	49	61
308	50	50	62
306	49	50	61
305	49	50	60
304	48	50	62
303	47	50	61
303	46	49	61
302	47	49	61
302	45	50	61
302	46	49	62
301	45	50	62
302	46	49	62
303	46	50	61
302	46	49	61
302	45	51	62
302	45	50	63
302	45	50	63
302	45	50	63
302	44	50	62
303	45	50	63
302	44	49	62
302	46	50	62
302	45	50	61
303	45	50	62
303	44	50	61
304	44	50	63
305	44	50	64
306	44	51	65
307	44	50	63
308	44	49	63
309	44	49	62
310	43	49	63
311	44	49	63
312	43	49	63
313	44	49	63
313	45	50	62
314	45	49	62
315	46	49	61
316	45	48	60
317	45	48	60
317	47	48	60
318	45	47	60
318	46	47	60
319	46	46	60
318	47	47	59
318	46	47	59
318	46	46	59
316	45	46	59
316	44	47	59
315	46	46	60
314	45	47	60
313	45	47	59
311	46	48	60
310	45	48	60
308	46	47	60
307	45	48	59
305	45	47	58
301	44	48	58
299	46	48	58
297	44	49	59
295	44	49	59
294	44	49	60
291	43	48	59
290	43	50	60
288	44	49	60
287	43	48	59
287	44	48	58
285	44	48	59
284	44	48	58
284	42	49	60
283	43	49	59
282	42	49	59
282	43	49	58
282	41	49	60
282	43	49	58
282	41	49	60
282	41	49	60
283	40	48	60
284	40	49	60
285	41	49	60
286	41	49	60
287	40	49	60
290	37	48	60
290	38	49	61
291	36	49	60
292	36	49	61
293	35	49	61
294	35	50	61
295	35	50	61
295	34	49	61
295	35	50	62
295	34	50	61
296	34	51	61
297	35	51	61
297	35	51	60
298	36	50	60
299	37	50	60
299	38	50	60
300	40	50	60
299	43	50	60
299	47	50	59
299	50	50	60
298	58	50	60
297	60	51	63
298	63	51	63
298	66	51	63
297	69	52	63
297	70	53	64
297	73	53	66
298	76	52	64
298	77	52	64
298	78	52	64
298	81	53	66
297	84	53	64
296	85	53	64
297	86	52	63
296	88	52	63
295	88	52	63
294	88	52	63
294	89	51	63
292	90	52	62
291	89	53	63
290	90	53	63
288	90	54	61
290	90	53	63
289	91	53	62
288	91	53	61
287	92	54	61
286	92	54	62
286	94	53	60
286	92	53	60
283	93	54	61
283	93	54	61
282	93	54	60
282	94	54	60
282	94	53	60
281	94	53	59
281	94	53	59
282	94	52	57
281	94	52	58
281	94	52	58
281	93	52	58
282	94	52	59
282	93	52	59
281	93	52	59
281	94	52	58
281	95	52	58
281	96	51	57
281	98	51	55
282	99	51	55
282	100	51	57
283	101	50	57
284	101	51	58
284	102	52	61
285	102	53	62
287	104	52	61
288	105	51	62
290	106	50	61
293	107	50	60
294	108	50	59
295	109	50	61
297	108	49	60
298	109	50	60
299	110	49	61
300	109	48	60
301	111	48	62
301	111	49	62
302	110	48	60
303	108	48	60
303	109	48	60
303	108	48	60
303	109	48	58
303	108	48	58
303	110	48	57
304	109	48	56
304	108	48	56
304	108	48	56
305	107	48	57
304	107	48	58
304	108	48	59
303	109	48	57
302	108	48	57
301	108	49	59
301	110	49	57
300	110	48	56
299	110	48	56
299	110	49	57
298	111	49	57
298	110	49	57
298	110	48	56
297	110	49	56
297	110	48	56
297	110	48	56
297	109	48	56
297	110	48	55
296	110	47	56
296	109	48	57
296	110	48	56
296	108	48	55
296	108	48	55
296	108	49	57
295	109	47	55
296	109	48	55
295	110	48	56
295	110	47	56
295	109	47	55
294	110	47	56
294	110	47	56
293	110	47	57
293	109	47	58
293	109	47	57
293	108	46	59
292	111	47	62
293	111	47	59
293	109	47	58
292	110	48	61
292	109	47	57
291	110	48	60
291	109	48	58
291	110	48	62
292	109	48	59
291	110	48	62
292	108	49	58
292	110	48	61
292	109	48	59
292	110	48	60
293	109	48	57
293	109	48	60
293	107	48	58
294	107	48	59
294	107	47	59
294	107	48	57
294	107	48	60
293	108	48	58
294	108	49	61
293	109	48	58
294	109	48	60
294	111	47	61
293	111	48	60
293	107	47	56
291	110	49	61
291	111	49	61
292	108	47	55
291	110	49	60
292	111	48	57
291	111	49	58
291	111	49	57
293	111	49	60
293	110	48	61
294	110	47	61
294	110	47	59
294	110	48	61
295	110	47	58
294	109	47	58
294	107	47	57
295	108	47	58
294	107	48	57
294	108	48	58
294	108	48	58
294	108	49	58
293	108	48	58
294	108	48	57
294	107	48	57
293	107	48	57
293	107	47	57
293	107	48	56
294	108	48	56
293	108	48	56
294	108	48	55
294	108	48	55
294	108	48	55
294	109	48	55
293	110	49	56
293	109	48	56
295	110	49	56
294	110	48	56
294	111	48	56
294	110	48	56
294	110	48	55
294	110	48	55
294	109	47	55
294	109	48	56
295	109	48	56
295	110	47	56
294	108	47	57
294	109	48	57
295	109	48	56
294	108	48	57
294	108	48	57
294	108	49	59
294	109	48	57
294	108	48	57
294	108	48	57
294	108	48	57
295	108	48	57
294	109	48	57
294	108	48	57
295	109	47	57
295	109	48	56
294	109	48	54
295	110	47	55
295	110	47	56
295	110	47	55
296	110	47	57
296	111	47	56
297	111	47	57
297	111	48	57
297	111	47	57
297	112	47	57
298	112	46	56
297	112	46	56
297	112	47	58
297	112	47	57
297	112	47	57
296	112	47	57
297	112	47	57
297	112	47	57
297	112	47	57
297	112	47	57
297	112	47	57
297	112	47	58
297	112	47	57
297	112	47	58
297	112	47	57
297	112	48	57
297	112	48	57
297	111	48	57
297	111	48	57
297	112	48	57
297	112	48	57
297	111	48	59
297	112	48	58
297	112	48	58
298	112	48	58
297	112	47	58
296	110	49	60
295	110	49	61
293	108	50	59
292	107	50	59
290	105	50	59
287	104	51	61
284	102	51	60
281	102	53	61
281	98	52	61
279	95	51	57
277	95	51	60
276	94	52	60
275	93	51	60
275	92	51	60
273	92	52	60
272	92	52	59
272	92	52	59
271	93	52	59
271	92	52	60
270	93	53	60
269	94	53	59
269	94	53	59
269	94	53	59
269	94	53	59
269	94	53	59
270	94	53	60
270	93	53	60
271	93	52	59
271	93	52	59
271	92	52	58
272	92	51	58
272	91	51	58
274	91	51	58
273	91	51	58
274	91	50	58
274	92	50	58
275	93	50	58
276	94	49	56
276	95	50	57
276	96	49	56
276	97	51	56
276	99	51	59
275	100	51	60
275	102	51	57
275	103	50	61
275	105	51	58
276	107	50	59
275	107	48	54
275	108	48	59
274	109	48	55
273	110	48	57
271	110	49	57
271	110	48	59
271	110	48	56
270	111	48	55
269	110	48	57
269	110	48	57
269	110	47	57
268	109	48	57
267	111	48	57
267	110	48	59
267	110	48	59
266	111	48	59
266	110	49	60
266	109	48	59
265	108	48	59
266	108	47	58
265	107	48	58
266	108	47	57
267	107	47	59
267	108	47	57
268	108	46	58
269	107	47	58
268	108	47	57
268	107	48	59
268	107	48	59
268	107	48	58
268	107	47	59
269	108	47	57
270	109	47	56
270	108	47	57
270	107	48	57
270	107	48	58
271	108	47	57
271	109	47	58
271	110	48	60
272	111	48	58
273	111	47	57
274	112	47	59
275	114	45	56
275	114	45	56
275	114	45	56
276	115	44	55
275	115	45	54
275	114	46	56
274	115	45	56
274	113	46	57
273	113	46	57
273	112	46	57
274	110	45	57
273	111	46	58
273	109	46	57
272	109	47	56
272	109	47	55
272	109	47	55
271	108	47	54
271	109	45	54
271	108	46	56
271	108	46	55
270	109	46	55
270	108	47	57
270	108	46	55
270	107	45	55
270	108	46	56
270	108	45	56
269	108	46	57
270	108	46	57
270	108	45	58
271	108	46	57
271	108	46	58
271	109	46	56
273	108	46	56
273	108	47	56
274	108	47	56
276	107	48	56
275	107	49	54
276	107	50	56
277	107	50	54
277	106	50	55
278	106	49	55
279	107	50	57
278	107	50	54
279	108	50	55
280	108	49	56
280	108	50	54
281	108	50	56
281	107	51	56
282	107	50	57
281	106	50	54
282	106	51	57
281	105	51	55
284	106	51	57
284	106	50	53
283	104	51	56
284	104	51	57
283	105	51	55
284	104	51	56
283	104	51	57
283	104	52	57
284	104	52	56
283	104	52	56
283	103	53	58
284	103	52	58
283	101	52	57
283	100	53	60
284	100	52	58
284	100	52	59
284	100	51	57
285	99	51	60
284	99	51	57
286	98	51	59
284	98	52	56
287	97	51	61
285	98	52	59
285	99	52	59
284	99	52	58
287	99	52	60
284	98	53	56
288	99	51	59
286	98	51	58
287	98	51	60
284	98	52	58
287	98	52	63
286	99	52	60
287	99	51	61
287	100	52	62
290	101	51	62
289	100	50	63
289	101	51	62
289	100	51	62
289	99	51	61
290	98	51	60
287	98	53	60
290	98	51	59
288	97	52	61
291	96	51	60
288	96	52	61
290	97	51	58
288	96	51	59
288	94	52	58
286	96	53	58
285	95	53	57
285	96	53	58
283	95	53	58
283	95	54	59
282	94	53	58
282	94	52	58
282	94	52	58
281	94	53	58
282	95	53	57
281	94	52	58
281	95	53	58
281	95	53	58
281	95	53	57
280	96	53	57
281	97	54	58
281	97	53	58
281	98	54	57
282	96	53	57
283	98	52	57
282	96	52	59
280	96	53	58
281	96	53	58
280	96	52	58
280	96	52	57
280	97	51	56
279	97	52	58
279	97	53	58
278	98	53	58
279	98	53	58
278	98	53	59
279	99	52	59
278	100	53	57
280	99	52	58
279	98	53	56
279	98	52	59
279	98	52	60
280	99	52	57
280	98	52	58
280	98	52	58
280	98	52	60
280	99	52	58
280	99	52	58
280	99	52	58
280	99	52	57
280	99	51	58
281	100	52	58
281	100	51	57
280	99	51	57
282	99	51	59
280	99	52	56
280	99	52	59
280	99	52	58
281	99	52	58
280	100	52	57
281	100	52	59
280	100	52	58
280	100	52	59
279	100	53	60
279	100	53	59
280	100	53	55
279	98	53	56
279	98	53	57
278	96	53	59
279	96	52	58
279	94	51	60
278	93	51	61
277	91	51	60
276	92	51	59
277	91	51	60
276	91	51	60
275	89	52	60
276	90	51	59
276	89	51	59
276	89	51	58
277	88	51	58
276	88	51	59
276	88	51	59
276	88	51	60
276	87	51	61
276	87	51	60
276	87	51	60
276	87	51	59
276	85	51	60
277	85	51	59
278	84	51	59
278	84	51	59
278	82	51	59
278	83	50	58
279	81	51	59
278	82	50	59
279	82	51	59
279	82	51	59
280	81	50	59
281	81	50	59
281	81	52	60
282	81	52	60
283	80	51	60
284	81	52	60
285	80	52	61
287	81	53	61
288	80	52	60
290	80	52	60
291	80	53	61
293	81	53	61
296	79	54	62
298	79	53	62
299	79	53	62
301	79	53	62
302	78	54	63
305	78	53	62
307	79	52	62
308	77	53	63
310	78	52	62
310	77	52	63
311	78	52	64
312	79	52	63
313	79	52	64
312	79	52	65
313	81	52	64
313	81	52	65
312	80	53	66
312	81	53	65
311	81	52	65
310	80	53	66
309	81	52	67
308	82	53	66
307	82	53	66
306	82	53	66
306	82	53	66
305	82	53	66
305	82	53	65
304	83	53	66
303	83	53	65
303	83	54	65
303	83	53	64
303	83	54	65
303	83	54	64
303	83	54	64
302	83	53	65
302	85	53	63
301	85	52	65
300	85	52	64
299	85	53	64
298	85	53	63
297	84	52	63
297	85	52	62
297	84	52	62
296	84	52	62
297	85	52	61
296	84	52	60
296	84	51	62
296	84	51	63
295	85	52	64
294	86	53	62
294	87	53	60
295	88	52	59
295	88	53	61
294	88	53	62
295	89	54	60
295	89	53	62
296	88	52	60
296	89	53	62
296	89	53	59
295	89	53	60
296	89	53	62
297	89	52	61
295	89	52	60
296	89	52	60
295	89	52	60
294	89	52	58
293	89	52	58
293	89	53	57
293	88	53	59
293	88	53	59
291	88	53	60
291	87	52	60
293	88	52	59
292	88	52	59
292	89	52	59
291	88	52	59
292	89	51	57
292	89	51	56
293	91	52	57
292	92	51	56
294	92	51	58
295	94	51	57
295	95	51	57
296	97	51	58
298	98	51	58
300	98	50	57
303	99	50	57
304	98	51	55
306	98	51	59
306	98	51	55
308	97	51	57
308	97	50	56
309	98	49	56
311	97	50	57
311	97	50	57
311	96	50	58
312	95	50	56
312	94	49	59
312	94	50	58
312	93	49	57
312	93	49	58
313	92	49	57
314	92	50	58
314	92	50	57
315	91	50	58
316	91	49	58
317	92	49	58
318	91	49	57
319	92	48	58
319	91	49	57
318	91	48	58
319	91	49	58
319	92	49	57
319	92	49	57
320	90	49	57
320	91	48	58
320	89	48	57
321	90	48	58
321	89	48	57
321	89	48	57
321	90	48	56
321	91	49	56
320	91	49	57
320	93	49	56
320	93	49	56
320	93	48	56
320	95	48	57
320	94	48	57
319	94	48	57
319	94	48	56
318	94	47	57
317	94	47	57
316	93	47	58
315	92	48	59
314	93	48	57
314	92	48	58
312	92	47	58
311	93	49	57
310	92	48	57
308	93	48	57
307	92	49	56
304	93	48	57
302	91	49	56
300	91	48	56
298	90	50	57
296	90	50	57
295	88	50	57
294	88	49	56
294	88	49	56
293	89	49	56
293	88	49	57
293	88	49	56
293	89	49	57
292	89	49	55
292	88	49	56
291	89	50	56
292	89	49	56
291	90	50	56
292	91	50	56
291	90	50	57
293	91	50	58
292	89	51	58
294	90	51	58
293	89	52	58
295	88	52	59
296	88	51	59
297	88	51	59
298	87	52	60
298	88	52	60
299	87	52	60
299	88	52	61
300	87	52	63
300	87	52	63
300	88	52	63
300	88	52	63
301	88	53	63
300	89	53	63
301	89	52	62
301	89	53	63
302	89	52	62
302	90	52	62
302	89	52	61
303	89	52	63
302	90	53	63
303	90	53	64
303	89	53	64
303	89	54	65
303	89	52	63
303	88	53	65
303	89	53	65
303	88	53	64
304	89	53	64
304	88	54	65
304	89	54	65
305	89	53	65
305	88	53	65
305	88	53	64
306	90	52	63
305	89	52	62
305	89	52	64
305	89	52	63
304	90	52	63
303	90	52	63
302	90	51	62
301	90	51	62
300	91	51	61
298	90	52	60
297	89	51	60
296	89	52	60
295	89	52	60
295	89	52	60
295	89	51	59
294	90	51	58
294	89	51	59
293	91	50	57
292	91	51	58
293	91	50	58
293	91	50	58
291	92	51	58
291	92	52	58
291	92	51	57
292	92	51	57
292	92	51	57
292	90	51	58
293	90	50	58
293	90	50	58
294	90	50	58
295	90	51	58
296	90	50	58
298	90	50	58
298	90	50	59
299	91	50	59
301	92	50	60
303	93	50	60
304	95	50	60
305	96	50	62
306	97	50	61
308	98	50	60
308	99	49	61
309	100	50	59
310	101	50	60
310	102	50	60
309	104	50	58
310	105	50	59
310	105	50	60
310	107	50	59
310	109	51	58
309	111	50	58
309	114	49	58
309	118	48	57
308	122	48	57
307	123	49	54
308	127	46	56
307	130	47	55
307	132	48	56
307	136	48	55
308	140	48	55
309	148	47	54
309	152	47	56
309	157	47	55
309	161	47	55
310	166	46	54
310	170	46	54
308	172	47	54
308	173	47	53
308	174	47	54
307	174	48	54
306	171	47	52
306	170	46	55
305	170	46	53
306	169	46	52
303	170	48	53
301	165	49	53
303	160	48	59
303	163	47	59
303	161	47	61
305	165	46	58
305	166	46	57
304	161	45	60
305	165	46	59
305	168	46	55
305	171	47	53
307	172	46	51
308	173	46	53
308	173	47	55
309	172	48	54
309	173	48	55
309	173	48	55
310	173	47	55
311	173	46	54
311	173	46	52
311	172	46	53
311	171	46	55
311	171	47	57
311	171	46	56
310	172	47	55
310	170	47	55
309	172	46	55
308	172	46	54
307	173	47	54
307	172	47	53
306	173	47	54
305	173	46	52
306	173	46	52
305	173	46	52
305	173	46	52
306	173	46	52
306	173	46	52
306	173	47	52
307	173	47	52
307	173	48	53
307	172	47	52
308	172	48	53
308	173	48	51
309	173	47	52
309	173	47	51
309	173	47	51
308	173	47	51
307	173	47	51
306	173	47	51
305	173	47	52
305	172	47	51
302	173	46	52
301	172	47	52
301	171	46	54
300	171	47	54
300	172	50	54
299	169	49	55
299	170	46	55
299	170	44	54
299	171	44	54
298	169	45	55
298	171	45	54
297	171	46	55
296	170	51	55
294	172	51	54
294	172	49	55
292	171	46	54
291	172	46	54
291	172	45	52
292	172	46	53
292	173	45	52
293	173	46	52
293	173	47	52
294	173	47	53
295	173	47	53
296	173	47	52
298	173	46	52
299	173	46	52
299	172	46	52
299	172	46	52
300	172	46	53
300	172	46	51
299	172	46	52
299	171	46	51
297	171	48	53
294	171	51	52
293	170	52	53
293	169	52	56
293	167	53	56
293	167	52	57
293	167	51	57
295	168	50	55
294	169	50	54
295	171	49	52
295	171	49	53
296	171	46	52
296	171	46	53
296	171	46	53
296	172	46	52
296	172	46	52
296	172	46	52
296	172	46	52
295	172	46	53
295	171	46	53
295	172	47	53
295	172	46	53
295	172	46	52
295	172	46	53
295	172	46	52
295	173	47	52
295	172	46	52
295	172	47	53
296	172	46	52
296	173	47	53
297	173	47	52
297	172	46	52
296	172	46	53
297	173	46	53
298	172	46	52
298	172	46	53
298	172	46	53
298	173	47	53
299	173	46	53
298	173	47	52
299	172	46	53
299	173	47	53
299	173	47	53
300	173	46	54
299	172	47	54
300	172	46	54
299	172	46	54
300	173	47	54
300	173	46	52
299	173	46	53
300	173	47	54
299	173	47	55
299	172	47	55
299	173	47	56
299	172	47	55
299	172	47	56
299	172	48	58
299	173	47	56
299	172	47	54
300	173	47	54
300	174	46	53
300	173	46	54
300	174	46	54
300	174	47	54
300	172	46	55
300	173	47	55
299	173	47	55
299	173	47	55
299	173	47	54
297	172	49	54
296	171	50	53
293	172	51	52
293	171	51	53
292	171	51	54
291	170	51	55
290	170	51	55
290	169	51	56
289	169	51	55
289	167	51	55
288	167	51	56
288	166	51	57
288	166	51	57
289	165	51	57
288	165	50	57
289	165	50	58
289	164	50	58
288	165	51	57
288	165	51	58
288	164	50	58
288	164	51	58
289	164	50	59
288	164	51	58
288	164	51	59
288	164	51	59
287	165	51	58
288	165	51	59
288	165	51	57
289	165	51	58
288	165	51	59
288	166	51	57
288	165	51	57
288	165	50	57
288	165	51	58
289	165	51	58
289	166	51	55
288	167	51	55
289	166	51	56
289	166	51	56
290	167	50	57
291	166	51	57
292	167	50	55
293	166	48	56
295	167	49	55
296	168	48	55
296	169	48	54
297	170	48	54
297	170	48	53
298	171	48	53
298	171	48	53
299	171	48	54
299	171	48	53
299	171	48	53
299	171	48	52
299	172	48	52
299	171	48	52
300	172	48	52
299	172	48	52
300	172	48	52
300	172	48	52
300	171	49	53
300	171	49	53
301	172	48	52
300	171	48	53
301	172	48	53
301	171	48	52
301	171	48	53
301	171	48	52
300	172	48	52
300	171	49	53
300	171	48	53
300	172	48	53
300	172	48	52
300	172	48	52
300	172	47	52
300	172	47	52
300	173	47	52
299	173	47	52
299	173	47	53
299	173	46	52
298	173	46	52
299	173	46	52
299	172	46	52
299	173	46	52
299	172	46	52
298	172	46	53
298	172	46	53
297	173	46	53
297	173	46	54
297	172	47	55
297	173	47	53
296	172	47	54
296	172	47	54
297	172	47	54
297	172	47	54
298	173	47	54
298	173	47	53
298	173	47	53
297	173	47	53
298	173	48	54
297	173	48	53
298	173	48	54
298	173	48	54
297	172	47	53
298	173	47	53
298	174	47	52
298	174	47	51
298	173	48	51
298	173	48	52
298	173	48	53
298	173	48	53
299	173	48	53
299	173	48	54
298	173	48	54
299	172	48	54
298	172	48	53
299	172	47	54
299	173	47	54
299	173	47	53
300	173	47	54
300	174	47	54
300	174	47	54
301	174	47	55
302	174	47	54
302	173	47	54
302	174	47	54
303	174	47	55
303	174	48	55
304	174	48	55
304	174	48	55
306	174	48	56
307	174	48	55
308	175	48	55
309	175	48	56
312	175	48	56
314	172	48	55
315	170	50	59
316	168	49	56
318	166	49	57
320	164	47	55
322	159	46	55
322	157	47	60
323	154	47	56
324	151	46	59
325	149	46	57
325	146	45	58
326	143	46	58
324	140	46	59
325	139	46	58
324	136	47	60
325	133	46	58
324	132	46	59
324	130	46	58
324	129	47	59
322	127	47	58
323	124	47	55
321	122	48	59
322	120	48	57
321	119	48	58
322	118	49	58
321	116	49	58
321	116	48	57
321	114	48	60
322	113	48	57
321	113	48	59
321	113	48	58
321	113	48	58
321	113	49	59
321	114	49	58
321	113	48	59
321	115	48	59
320	117	48	57
321	117	48	57
321	118	47	57
320	119	47	58
318	119	48	59
319	119	46	56
318	119	47	58
318	120	47	56
318	119	47	58
317	119	47	57
316	119	47	57
316	119	48	57
315	119	48	57
313	120	49	59
312	120	50	58
311	119	50	59
311	119	50	58
310	119	49	58
311	119	49	58
310	118	49	58
310	119	49	58
309	118	49	58
309	118	49	58
309	119	49	57
308	120	49	58
307	120	49	57
308	120	48	56
307	120	48	56
306	121	48	56
306	122	48	55
306	123	48	54
305	123	47	54
305	124	48	54
304	123	48	55
303	124	47	54
302	125	47	54
302	126	47	52
301	127	47	53
300	128	46	52
299	128	46	52
298	127	45	51
296	128	45	50
295	126	46	49
294	126	46	51
292	125	47	52
291	124	48	52
290	124	49	52
289	127	49	53
289	127	49	51
288	124	49	52
289	125	49	53
288	124	49	53
288	123	49	54
288	123	50	55
289	123	49	55
290	122	49	56
290	121	48	54
290	119	50	54
291	121	49	53
290	119	50	52
288	118	49	56
284	117	52	58
280	114	54	59
275	114	56	63
276	109	53	55
275	110	53	58
273	111	54	62
275	105	50	51
275	103	50	52
272	102	52	52
271	101	52	54
272	100	53	55
272	99	53	59
271	99	55	65
269	100	59	71
269	106	63	81
273	101	61	77
279	96	58	75
275	104	62	83
250	143	82	117
274	242	75	83
282	245	68	78
287	246	66	71
291	243	62	75
281	240	66	79
272	236	75	90
249	229	68	91
253	221	65	85
254	224	63	76
258	221	63	76
258	222	69	77
262	219	75	83
263	219	79	85
258	214	69	77
257	221	68	77
257	215	71	77
268	217	71	79
261	215	71	70
260	210	79	78
252	205	77	77
299	238	72	77
293	234	69	83
295	245	65	82
288	242	68	80
281	241	73	79
274	230	75	87
272	230	85	82
275	227	86	83
266	221	93	91
259	219	100	94
245	206	98	83
250	202	95	91
249	203	85	85
247	209	83	84
256	209	87	84
291	215	93	97
278	208	110	103
278	203	118	109
298	205	93	106
305	202	84	97
301	200	89	89
285	194	95	89
291	195	92	88
301	207	97	87
342	226	99	103
334	224	112	104
327	224	118	106
329	223	118	108
315	222	126	111
220	213	140	72
207	214	127	74
209	215	131	78
206	214	132	82
205	211	136	91
203	210	142	100
199	208	154	101
201	211	151	98
199	211	151	104
197	211	154	105
205	210	131	94
198	213	105	82
210	215	88	77
208	213	90	90
205	206	87	89
218	209	86	89
267	218	74	97
274	217	70	91
274	214	68	78
276	219	66	83
277	211	67	76
276	211	69	77
276	208	68	79
276	208	67	80
272	209	67	82
266	207	74	88
267	205	79	92
259	200	79	95
271	199	71	96
273	208	70	89
273	213	70	94
265	221	73	95
266	232	87	92
282	225	98	99
277	210	73	93
277	211	66	89
278	213	64	89
279	214	65	95
279	217	65	94
271	226	73	96
272	228	80	106
276	220	79	97
277	220	80	97
271	220	85	97
277	224	89	97
273	230	95	93
271	232	91	98
267	236	93	102
260	240	96	95
273	218	75	108
284	213	63	94
285	209	61	97
285	208	61	100
284	215	60	104
251	272	84	70
245	270	85	71
240	261	88	80
241	252	98	90
234	244	101	90
242	232	103	99
275	217	88	95
285	212	92	88
257	208	91	95
258	208	100	90
249	208	110	91
242	205	119	101
230	207	130	109
233	206	129	111
230	205	133	111
232	200	133	117
233	201	135	118
241	201	126	111
232	204	129	111
229	204	131	113
238	205	114	112
236	207	114	110
231	212	85	106
232	211	88	99
230	228	86	104
246	221	85	105
239	233	82	104
242	228	81	108
246	242	83	106
267	193	91	97
243	216	104	90
248	215	102	86
237	209	82	80
233	206	76	81
247	201	76	87
248	201	90	98
231	200	86	98
236	203	86	97
288	201	79	108
285	201	77	96
292	201	72	96
293	197	79	98
311	171	89	107
300	180	90	101
302	191	87	113
300	199	104	111
294	196	96	103
276	205	84	131
273	242	92	138
267	248	106	145
259	240	113	164
249	230	115	185
246	226	108	182
239	222	111	149
238	215	105	129
242	205	103	132
240	201	115	130
244	193	112	124
233	200	126	135
217	218	141	124
217	215	151	125
214	203	144	131
216	198	157	130
260	208	119	122
264	224	109	101
272	217	100	102
269	221	100	97
265	216	103	101
275	214	102	104
334	256	103	114
331	241	108	125
269	207	114	96
282	214	116	94
338	255	99	122
333	247	102	128
332	253	110	143
319	259	125	157
316	246	133	171
322	260	127	164
197	201	182	113
192	205	186	128
204	203	180	138
199	203	137	141
192	201	125	141
202	203	117	132
203	204	119	131
203	204	127	137
204	206	129	140
198	205	124	131
204	207	119	116
211	204	117	118
208	214	113	115
213	218	114	118
192	240	128	128
213	236	120	139
205	238	133	128
200	249	134	120
203	231	124	128
197	230	134	122
210	197	103	119
215	209	98	113
207	235	134	91
205	253	183	77
210	249	181	83
211	249	189	84
205	248	196	87
193	235	177	100
198	219	146	117
197	224	131	115
200	227	129	111
262	188	120	111
230	219	169	127
213	214	191	130
205	212	196	133
205	214	198	138
212	212	193	142
230	202	172	145
225	206	183	144
214	210	196	144
213	213	193	142
248	219	148	142
251	217	146	107
261	212	132	109
265	212	128	122
251	220	141	116
235	236	158	115
241	209	146	112
240	206	146	113
239	199	139	116
231	201	138	114
224	197	126	123
226	190	123	119
210	215	133	102
218	217	135	99
214	207	138	104
228	187	112	122
201	212	119	118
217	185	104	110
212	194	106	117
218	184	92	105
216	184	89	102
219	176	85	103
220	167	79	99
216	183	92	105
221	178	95	103
224	176	93	96
217	168	96	96
219	170	86	103
219	165	83	92
217	165	81	96
218	162	77	91
218	158	70	83
218	159	73	86
221	159	75	86
239	171	95	78
211	172	101	95
235	171	114	89
302	222	98	124
303	208	89	98
301	208	84	92
295	206	92	97
293	210	96	102
305	220	104	93
295	214	98	100
284	209	107	103
269	205	115	113
286	207	115	101
282	208	112	119
298	215	106	110
280	211	109	111
272	211	121	117
279	213	129	140
269	207	135	122
272	211	135	132
284	214	132	147
267	216	142	150
265	209	134	137
264	197	135	135
264	182	136	130
255	175	138	132
225	171	158	140
226	161	162	137
227	163	158	135
224	165	158	135
215	162	166	131
216	169	162	119
227	177	154	111
213	189	141	113
190	206	158	112
188	195	159	130
190	191	163	139
196	192	155	142
203	191	148	136
209	193	136	128
203	194	133	131
205	194	142	138
205	201	143	135
202	205	133	120
200	207	126	122
206	208	123	137
204	254	142	149
191	235	169	168
195	216	167	191
200	198	161	209
195	213	178	211
203	215	166	202
211	215	169	192
194	214	174	196
189	198	160	218
199	200	166	192
198	219	168	213
200	217	167	210
200	213	167	210
206	200	165	211
204	205	160	193
206	203	159	142
200	214	165	120
199	215	165	117
201	215	162	113
200	216	160	113
202	215	160	112
203	214	154	112
198	209	155	116
197	206	156	113
202	206	151	114
205	209	143	106
198	205	118	112
214	170	105	95
225	169	111	89
217	167	96	102
223	171	97	116
212	173	95	134
222	182	104	153
243	291	126	128
250	288	135	130
316	295	133	131
314	287	125	132
279	292	158	132
212	292	166	118
200	294	145	114
207	295	151	112
199	297	143	111
200	298	152	110
199	299	158	111
202	299	155	110
202	300	157	109
201	299	155	111
208	299	147	112
197	300	161	110
194	296	171	113
193	291	173	115
198	290	165	112
209	296	148	112
213	292	151	115
212	301	153	108
209	296	161	108
204	299	167	106
206	296	145	107
211	286	146	112
212	287	155	112
210	258	131	129
204	249	146	127
212	258	146	124
205	258	152	121
201	230	133	112
212	251	133	119
209	254	154	118
206	241	153	129
215	262	152	110
214	248	153	121
208	261	161	115
210	258	153	120
211	267	162	113
214	261	163	123
237	239	148	147
243	231	143	152
244	213	134	161
245	204	132	169
251	194	136	166
245	193	133	161
246	188	136	159
243	178	138	162
246	181	129	157
247	184	125	151
251	182	120	147
251	213	118	129
250	205	118	140
255	223	116	127
249	190	120	131
255	195	113	137
256	197	108	112
268	202	96	96
266	208	98	109
258	206	102	109
260	205	102	104
252	208	112	91
261	207	106	99
249	209	114	89
250	207	112	95
250	206	114	100
253	205	111	101
252	204	114	103
251	273	113	89
252	281	111	76
253	280	110	80
256	279	109	81
250	279	112	83
256	281	106	82
255	278	109	86
251	270	114	97
252	276	108	91
253	282	107	85
247	279	113	85
246	282	115	83
242	282	117	83
243	280	119	84
243	280	118	84
241	277	119	87
242	277	117	90
242	279	118	91
244	276	116	92
243	280	117	88
248	280	113	89
249	279	110	88
248	281	108	89
246	283	109	85
244	282	113	86
244	279	113	88
247	280	110	86
249	278	108	88
247	276	111	88
249	275	108	87
249	276	110	87
247	276	114	88
242	276	119	88
238	274	117	87
236	266	118	94
237	270	122	91
238	267	114	96
238	267	114	95
237	261	115	101
233	258	127	104
232	252	136	109
228	250	134	114
236	245	129	110
246	239	114	108
255	238	116	103
256	211	107	117
258	203	105	121
258	195	102	125
261	192	103	122
278	190	107	126
263	190	99	114
265	190	101	110
271	199	104	103
279	193	98	107
285	187	91	108
296	190	95	110
307	198	93	111
318	209	99	101
320	224	107	92
329	224	105	98
327	219	105	98
323	218	113	95
317	217	112	96
310	213	115	100
301	204	99	100
293	203	96	113
282	209	105	99
265	209	107	92
256	218	107	94
241	220	105	88
228	222	100	80
224	211	98	86
215	218	103	79
205	208	91	92
195	218	92	88
196	214	95	91
191	214	98	92
191	210	93	95
187	216	107	94
195	205	101	99
199	203	96	94
209	200	92	105
226	200	90	112
219	202	91	118
228	201	103	121
225	199	94	104
242	198	85	102
248	194	87	100
250	198	96	100
253	194	101	86
259	202	102	100
279	198	95	109
291	204	90	111
295	204	87	106
299	214	84	103
296	215	90	93
296	218	88	92
293	215	88	92
292	226	85	86
288	216	83	93
280	218	86	93
269	205	89	108
257	205	92	112
243	192	90	93
235	196	79	100
232	195	80	98
227	195	73	92
234	195	77	98
220	232	92	84
212	234	90	75
214	229	94	79
212	227	89	81
213	230	96	74
213	228	84	79
213	231	86	83
217	230	80	86
224	234	81	87
229	202	80	104
228	204	83	101
227	202	80	96
233	223	84	81
226	224	88	79
237	221	84	94
258	232	82	94
260	235	83	94
269	228	90	98
251	203	102	90
254	203	104	86
255	206	109	74
251	207	109	87
242	204	103	84
231	214	90	76
230	211	89	74
229	211	93	72
228	213	89	73
230	212	86	77
230	213	86	78
231	215	85	77
232	217	83	74
232	220	80	71
235	223	79	67
235	224	78	65
236	224	76	65
235	225	77	62
237	225	75	62
238	226	74	62
237	225	74	63
238	228	74	63
241	228	75	65
252	218	79	76
241	210	75	76
238	211	74	76
240	209	78	81
247	212	91	85
261	208	89	93
272	213	83	94
262	215	96	88
259	209	90	90
266	209	95	86
261	206	98	87
295	203	95	104
292	200	103	104
269	196	103	98
283	204	97	95
286	199	92	100
277	198	94	95
280	199	94	98
282	197	94	102
284	198	95	97
281	199	93	105
284	197	94	100
279	196	91	103
276	196	99	103
273	196	102	102
276	196	103	99
288	196	94	99
289	197	92	97
291	197	93	97
296	191	89	96
299	192	88	93
293	190	88	97
292	191	90	97
298	191	90	93
287	188	89	91
287	189	88	95
287	186	82	98
286	190	83	97
291	187	81	100
286	186	87	99
289	200	94	93
321	216	97	112
326	215	96	116
324	214	91	109
326	215	93	107
301	199	98	101
291	192	92	95
292	191	94	92
300	190	89	88
312	200	84	82
323	200	77	92
322	199	78	96
324	198	73	95
320	199	75	92
288	199	91	102
282	203	87	104
298	211	100	106
278	211	97	103
274	210	85	96
267	209	88	89
265	204	87	91
271	197	95	75
259	207	78	94
265	207	82	92
275	198	85	102
252	202	79	95
250	202	76	93
242	202	85	95
242	195	83	98
242	185	80	110
241	189	80	105
241	188	78	109
241	190	82	108
236	195	82	102
237	206	81	94
237	204	88	92
230	205	88	91
233	211	90	92
230	216	85	89
226	218	78	88
231	221	83	91
223	219	78	90
225	217	78	95
230	226	78	88
229	231	77	81
229	235	76	78
231	231	75	81
219	218	74	82
210	225	73	76
201	232	74	72
200	240	70	66
197	246	69	59
196	251	68	59
198	255	68	58
199	260	67	60
204	262	70	60
204	265	70	62
209	264	72	65
213	264	80	63
207	268	71	59
208	270	68	61
207	270	68	63
207	273	68	61
208	273	69	62
206	276	68	60
206	276	69	60
205	277	68	59
207	276	71	61
206	276	72	61
209	274	78	63
213	268	88	67
206	273	83	63
205	273	73	61
205	271	80	62
206	270	80	62
202	270	74	61
204	272	75	59
205	272	74	59
205	272	73	60
204	273	71	60
206	273	70	59
203	274	67	59
209	275	67	58
206	274	68	60
211	275	68	60
214	273	79	61
212	273	78	66
214	271	81	69
213	270	69	65
218	269	68	64
221	267	68	65
224	266	67	63
223	262	69	62
223	260	72	63
224	259	77	65
227	257	75	67
229	255	75	67
233	255	79	68
235	256	84	72
241	253	80	83
240	252	81	87
242	253	81	85
243	248	79	83
245	251	80	81
245	247	82	81
249	247	83	80
245	247	91	76
251	246	90	79
253	247	86	85
254	242	90	79
249	242	89	78
267	244	104	84
309	225	91	114
302	228	96	128
303	199	97	103
250	228	95	89
238	240	86	74
251	234	99	86
243	230	90	87
233	231	89	84
246	225	94	95
235	223	97	93
236	223	104	96
231	224	99	87
251	224	90	96
245	225	89	76
241	227	78	70
246	227	82	66
256	224	83	71
287	197	81	86
257	220	88	76
265	212	92	83
278	188	84	92
284	190	78	94
277	214	87	91
245	240	75	69
243	245	80	71
246	247	82	76
250	252	75	78
260	246	67	92
264	252	69	86
263	231	68	97
264	237	73	95
265	247	80	75
279	239	89	96
274	226	89	85
270	236	77	85
260	232	84	76
268	228	81	81
242	223	80	70
242	216	75	68
246	221	83	77
269	239	89	92
266	230	78	102
245	218	86	85
250	216	90	84
254	212	91	92
257	209	95	95
270	223	110	85
262	218	95	84
264	236	83	70
265	236	88	70
282	247	75	91
286	237	86	96
332	264	92	108
306	256	105	111
319	253	100	124
324	250	100	126
305	247	108	128
272	205	79	94
270	206	74	86
272	214	71	97
276	213	73	101
281	236	79	102
302	258	97	98
302	258	99	109
271	206	73	104
272	223	75	113
281	256	84	111
304	259	93	107
268	210	73	106
274	215	67	100
268	253	76	105
268	253	82	90
278	260	82	112
259	226	83	87
250	239	87	74
255	240	84	86
255	243	86	86
252	245	84	86
267	248	74	88
249	235	90	85
260	239	84	84
260	236	80	67
276	243	65	90
270	242	72	90
312	247	94	88
300	240	101	106
303	236	105	114
290	237	107	121
265	240	104	111
251	251	99	109
263	274	69	145
260	277	71	131
256	276	76	127
264	290	70	129
253	288	78	114
244	288	80	117
224	254	96	88
220	249	84	90
231	239	81	94
250	257	94	118
256	246	124	95
283	239	101	80
282	240	90	83
287	237	81	81
289	236	74	81
285	234	72	77
281	232	79	79
272	231	88	76
290	232	75	79
290	233	78	84
289	235	76	87
288	235	77	90
285	240	81	97
282	236	85	88
283	246	85	111
275	238	91	94
274	243	90	107
274	233	82	90
269	235	81	98
269	239	81	90
265	234	83	95
264	239	84	92
261	240	84	93
260	245	82	91
255	247	86	89
258	246	84	92
255	245	84	88
255	246	81	88
253	244	82	90
253	246	83	87
256	243	80	89
255	242	79	89
254	247	79	85
254	246	79	86
254	248	80	85
253	247	81	85
251	254	83	81
255	255	83	99
245	254	89	99
237	262	96	98
240	261	93	100
249	258	99	110
253	269	104	128
258	266	115	146
276	261	150	174
290	257	136	210
297	249	151	194
302	249	155	182
306	249	155	183
303	256	153	189
304	245	145	210
280	239	150	203
293	242	132	212
285	246	121	206
278	228	110	115
264	230	105	111
269	239	83	94
280	238	85	89
282	236	80	92
289	231	88	84
294	230	84	87
292	227	86	88
282	230	92	90
282	229	87	90
281	229	82	87
288	232	83	84
291	240	82	82
297	245	72	86
299	247	79	92
305	242	79	81
305	247	80	96
310	243	80	90
308	240	84	90
305	243	89	98
293	247	100	87
295	241	90	98
294	239	81	93
297	237	79	85
297	247	74	94
289	244	81	88
268	262	73	84
264	259	78	76
254	257	87	81
239	245	83	83
231	227	78	85
237	227	81	79
240	228	83	80
233	220	75	78
237	220	76	76
236	226	74	77
242	236	83	79
248	246	83	86
239	234	78	88
245	233	82	103
235	226	79	95
257	219	84	105
247	238	90	93
251	272	103	96
256	278	119	98
278	260	99	132
315	279	126	134
310	272	139	135
323	280	134	140
269	202	99	118
274	213	88	114
251	257	105	104
241	251	95	120
261	239	102	135
259	246	106	126
266	235	118	121
258	230	116	108
268	218	114	112
264	209	115	115
255	199	117	119
255	205	116	111
255	195	105	118
252	192	100	114
254	190	102	110
254	186	101	109
265	186	97	104
267	204	105	96
322	219	91	127
286	183	112	111
294	188	101	104
300	185	93	95
304	190	90	91
301	190	86	96
294	191	82	92
286	196	91	89
280	201	94	90
261	212	102	76
250	219	91	75
251	217	93	84
251	213	96	86
248	212	105	88
250	213	99	94
247	210	97	99
254	212	98	97
250	213	94	98
243	217	99	95
241	219	97	97
238	215	97	99
260	212	88	97
253	214	83	89
261	220	85	86
266	213	82	96
274	237	75	119
275	226	73	132
274	216	82	134
314	196	102	124
289	185	114	120
297	186	106	108
279	205	104	105
263	213	99	92
262	217	95	86
267	214	85	85
263	216	82	82
266	217	80	83
262	215	83	84
260	216	96	87
251	220	106	90
256	218	109	97
248	192	97	110
244	190	100	104
243	192	105	101
247	196	106	97
249	199	112	96
251	197	106	97
253	198	105	91
267	199	101	95
298	197	78	96
297	201	90	92
313	199	96	109
317	209	118	122
317	201	115	129
308	214	93	107
302	211	96	111
277	198	91	93
269	198	98	90
195	230	86	90
168	243	93	101
133	244	95	99
127	251	101	95
124	248	101	97
114	247	110	95
116	245	113	97
107	246	126	88
128	245	111	97
148	261	118	79
182	262	107	77
264	198	69	98
276	206	87	93
322	251	94	95
331	237	94	106
353	208	88	89
314	189	65	77
314	184	59	77
309	185	61	75
305	185	66	77
315	195	71	82
373	191	77	73
367	187	102	76
351	196	97	81
326	218	88	86
287	251	83	95
270	251	90	101
305	263	75	95
306	261	83	93
310	264	84	90
319	264	79	91
325	265	77	80
332	264	73	81
330	263	81	85
331	263	82	89
336	260	83	92
339	263	86	90
337	262	84	94
345	258	80	90
338	260	83	89
340	262	86	87
340	259	86	94
337	252	85	98
340	232	82	108
346	239	81	103
346	240	81	99
350	251	80	90
355	244	77	88
377	184	85	78
368	185	87	87
352	206	84	88
297	214	76	85
278	206	72	89
271	204	78	84
253	204	78	83
183	249	89	72
155	271	74	87
130	265	84	79
111	259	93	77
97	253	95	77
93	245	90	76
91	246	90	70
92	248	94	69
100	254	95	72
116	258	95	77
138	267	91	78
173	265	86	82
222	257	77	80
252	262	69	81
267	258	78	85
294	212	64	86
297	217	67	79
297	213	71	72
318	227	75	83
298	204	74	76
295	207	69	75
302	207	76	80
301	212	82	81
296	212	86	83
293	208	81	83
296	206	85	85
326	218	75	87
330	216	84	91
338	213	89	100
343	215	92	102
343	209	99	100
345	207	98	100
338	207	103	99
343	207	98	97
331	208	98	96
333	211	97	96
291	191	75	87
276	192	72	80
283	198	70	80
274	202	70	72
260	196	76	78
256	199	79	86
294	248	77	77
294	247	73	80
297	255	70	77
300	254	67	90
275	257	61	111
263	259	77	101
250	259	83	99
259	251	79	105
257	250	88	104
266	255	79	105
289	259	70	100
293	258	76	91
296	258	88	84
299	248	98	82
290	264	76	74
354	221	57	99
351	224	63	100
341	227	72	104
292	266	75	71
303	256	75	76
299	253	91	83
296	247	86	91
294	257	81	85
281	261	89	86
257	261	103	95
261	268	109	94
278	273	104	87
276	270	99	97
280	272	103	93
270	271	115	97
277	272	105	99
286	271	110	95
283	273	104	93
274	270	110	96
285	271	100	94
279	275	110	90
244	265	127	101
248	261	77	110
258	261	77	110
281	274	103	94
273	258	108	107
288	267	91	98
295	268	80	96
301	268	77	90
296	269	83	92
293	267	70	93
290	263	69	100
288	271	67	92
287	264	62	103
286	256	58	117
289	254	55	113
280	255	62	104
285	248	77	65
261	252	78	69
281	269	65	93
283	278	73	85
280	274	117	91
282	264	100	98
289	268	113	94
295	273	112	89
301	267	89	91
303	267	67	91
308	269	63	87
317	268	57	87
319	269	56	86
322	267	55	88
312	268	63	93
310	263	70	96
305	258	87	94
292	265	95	92
293	258	100	93
273	265	100	96
242	244	80	107
241	238	73	112
262	218	61	78
266	215	67	78
282	210	61	79
283	209	67	81
279	212	74	82
275	213	90	87
257	215	71	79
256	216	63	70
258	218	57	67
242	215	69	73
244	213	72	71
259	214	70	75
232	237	91	67
218	216	86	75
220	206	99	85
192	220	88	87
177	222	76	82
173	236	73	79
171	233	66	82
168	227	57	85
167	231	54	83
167	220	53	70
163	235	59	79
160	228	61	85
147	239	73	89
142	238	84	93
146	244	83	93
143	258	84	81
152	263	81	78
163	268	82	74
175	269	82	78
194	271	76	79
237	256	60	74
252	258	61	110
259	258	67	110
262	256	66	120
277	248	65	126
276	256	63	121
285	251	69	119
286	211	68	70
296	216	58	66
297	215	61	67
291	214	68	69
288	211	69	70
285	209	67	72
282	206	66	71
279	206	61	69
284	208	59	66
285	206	56	66
287	211	57	69
282	207	64	79
287	208	57	86
288	217	67	97
283	237	82	92
279	228	82	99
282	220	81	92
278	226	83	100
284	219	83	89
283	218	85	94
285	215	81	97
281	213	81	90
281	211	81	79
281	209	73	78
280	212	70	69
279	210	61	71
277	215	56	69
278	215	58	66
276	214	60	66
277	216	59	66
273	211	62	71
278	218	73	68
272	222	85	71
268	223	87	68
264	224	87	70
261	227	91	73
264	231	86	76
257	233	88	79
255	236	88	81
253	235	91	85
248	232	94	93
248	236	94	97
259	245	84	94
256	255	90	92
271	255	79	118
278	260	83	111
280	261	88	97
292	263	93	100
300	265	95	96
300	266	109	88
323	269	95	88
349	269	81	90
348	266	87	89
354	263	85	85
356	258	88	86
359	255	91	84
358	252	90	80
347	250	90	80
325	251	108	74
304	255	117	70
301	258	113	71
288	261	111	77
279	258	101	83
271	271	84	97
263	273	79	97
243	267	77	99
235	251	77	109
246	204	76	89
320	197	78	101
317	201	89	99
302	205	98	88
288	212	96	84
256	231	92	78
240	246	83	102
228	247	91	95
225	247	93	86
219	258	87	89
220	257	91	77
190	216	103	85
139	241	117	112
96	250	118	109
80	243	122	109
69	245	126	103
68	245	122	103
72	243	122	106
78	245	123	108
90	249	125	112
107	251	117	116
132	260	102	108
155	265	87	100
181	236	96	102
223	213	76	83
242	217	95	86
272	223	78	87
289	215	79	100
304	202	74	90
298	194	89	90
295	191	96	88
313	186	90	88
348	178	81	92
362	182	87	102
359	192	95	104
340	204	92	91
296	235	115	102
298	252	111	102
281	262	106	124
281	266	115	120
210	261	96	119
166	266	88	107
143	262	94	106
132	247	100	113
113	240	115	116
103	231	124	120
97	229	130	114
97	228	128	114
103	230	123	114
110	234	121	115
119	228	124	118
133	234	114	108
152	260	122	87
186	258	102	82
245	253	81	77
270	255	71	69
285	242	82	81
325	253	92	81
327	251	86	90
355	229	67	114
360	224	73	114
370	212	73	126
371	201	68	129
368	209	74	111
364	204	87	94
351	208	92	82
358	205	90	81
346	207	93	85
322	234	92	97
309	240	105	119
290	237	107	135
317	243	94	121
319	248	92	116
312	247	95	114
312	261	95	104
304	262	91	103
278	256	105	108
276	249	103	115
280	252	90	114
278	259	87	111
278	248	76	127
282	239	65	137
266	219	73	114
250	210	81	83
238	210	88	83
250	207	80	82
221	202	88	84
216	197	81	88
218	204	94	80
217	196	81	85
222	193	82	88
220	195	81	88
255	190	80	92
243	202	96	80
253	203	94	81
261	208	89	76
268	212	83	74
266	204	84	79
274	200	78	86
283	211	68	82
286	206	66	86
273	221	71	91
274	219	66	91
273	166	69	104
272	158	64	88
278	88	64	81
278	99	62	75
277	104	63	75
276	111	60	73
275	120	60	70
274	126	60	68
271	132	61	69
270	134	61	72
269	140	61	71
267	142	62	73
265	146	62	73
263	147	62	73
258	150	61	73
257	149	60	72
254	149	60	71
252	147	61	71
250	147	62	71
250	147	61	70
249	146	61	70
249	146	61	70
249	147	61	72
248	148	61	72
248	148	61	72
247	149	61	71
247	149	61	71
247	147	60	70
246	145	61	69
247	143	60	68
247	143	59	69
248	142	59	68
249	143	59	67
249	143	60	68
251	143	61	70
252	143	62	69
253	143	62	69
254	143	62	69
256	143	62	68
259	143	60	67
262	143	59	64
263	143	59	64
264	143	61	67
265	142	58	66
266	134	57	73
264	136	59	73
263	143	60	66
264	141	60	67
265	139	59	67
264	138	60	68
261	134	61	71
262	134	61	70
260	135	62	71
259	130	63	76
259	136	63	71
257	127	64	75
259	140	61	70
257	136	63	73
256	134	64	73
255	135	64	73
257	136	63	71
256	137	63	71
256	136	63	71
256	135	63	72
255	133	64	74
255	132	64	75
255	135	63	72
254	133	64	73
255	135	63	72
254	135	63	72
253	133	64	73
253	136	63	73
253	134	64	73
254	135	62	73
252	135	63	74
252	134	63	73
252	136	63	73
252	134	63	74
251	135	64	74
251	136	63	73
252	137	63	72
252	134	62	72
252	137	62	71
252	136	62	71
251	137	62	70
252	138	62	70
252	137	61	70
251	138	62	69
251	136	62	70
251	137	62	70
251	137	62	70
251	137	62	70
251	138	61	70
251	137	62	70
251	138	62	69
251	137	62	69
251	137	62	70
251	137	62	71
250	135	62	71
251	138	62	70
251	136	61	70
250	137	62	70
251	137	62	70
250	137	61	70
250	138	62	70
251	136	61	71
250	137	61	70
250	136	62	70
250	137	61	70
249	137	62	70
250	136	62	71
250	135	62	70
251	138	61	70
251	136	61	71
251	137	61	70
250	137	61	69
250	136	62	70
250	137	61	70
250	137	62	70
251	136	61	70
250	137	61	70
250	137	61	70
251	137	61	69
251	138	61	68
250	138	61	68
251	138	62	69
250	138	61	69
250	137	62	69
250	138	62	70
251	136	61	70
251	137	61	69
251	138	61	69
250	137	62	70
251	138	62	70
252	137	62	70
251	137	62	69
252	137	62	70
251	138	61	69
251	138	62	69
251	137	62	71
251	137	61	70
251	137	61	70
252	138	61	70
251	137	62	70
251	137	62	71
250	138	63	70
250	137	63	70
250	138	62	69
251	137	62	69
251	138	61	69
251	138	60	69
251	138	61	70
250	140	62	70
251	139	62	69
250	140	63	69
251	140	63	69
250	139	63	70
251	139	62	70
251	139	62	69
252	139	62	68
252	140	61	68
252	140	61	68
252	140	61	67
252	140	60	66
252	141	61	66
252	141	60	66
251	142	60	66
251	142	61	67
251	142	61	67
252	142	60	67
254	143	57	64
251	141	59	66
247	141	63	68
244	141	66	71
245	141	65	68
248	143	62	66
247	142	60	63
248	142	60	62
249	141	60	64
248	141	60	66
248	141	59	65
247	140	61	68
247	140	61	69
247	140	61	69
247	139	60	69
247	140	60	69
247	140	60	69
247	140	60	68
246	140	60	68
246	140	60	68
246	140	60	68
247	140	59	68
247	139	59	68
247	140	59	68
247	140	60	68
247	139	59	68
248	141	58	67
247	140	59	68
247	140	60	68
248	140	60	67
248	140	60	67
248	140	59	66
248	140	59	67
248	140	60	67
248	140	59	66
249	140	60	67
250	141	59	65
250	141	60	66
250	142	59	64
250	141	60	65
250	141	60	65
251	141	60	66
250	141	59	66
250	141	59	66
251	141	60	66
250	141	61	67
251	141	60	67
250	141	60	67
251	141	60	67
250	141	60	67
252	141	59	66
252	141	59	67
251	141	59	67
252	141	60	67
252	142	59	66
252	142	59	66
251	141	60	67
251	141	59	67
251	140	60	68
251	141	60	68
251	141	60	68
251	141	60	68
250	141	60	67
251	142	59	66
251	141	60	67
251	141	59	66
250	141	60	67
250	141	60	67
250	141	59	66
249	141	60	67
250	140	60	67
249	140	60	67
249	141	60	67
248	139	61	68
248	140	60	68
248	139	61	68
248	140	60	68
247	140	60	68
248	140	60	67
247	139	60	68
248	139	60	68
247	140	60	68
247	140	60	68
247	140	60	68
247	140	60	68
247	140	61	68
247	140	60	68
248	140	61	68
247	140	60	68
247	139	60	68
247	139	60	68
247	140	60	68
248	139	60	68
248	139	60	68
248	140	60	68
248	139	60	69
247	140	60	68
248	140	60	69
248	140	60	68
249	140	60	68
248	140	60	69
249	140	60	68
249	140	60	68
248	140	60	68
249	140	60	67
249	141	60	66
248	139	61	68
246	138	63	68
246	138	64	68
246	137	64	69
246	138	65	69
245	137	65	69
245	137	65	69
246	137	65	69
245	137	65	69
245	137	65	68
244	138	66	68
243	137	67	70
243	138	67	72
241	137	68	71
239	140	68	72
237	138	68	69
236	139	69	71
234	139	69	69
233	141	70	72
231	140	71	72
232	139	68	70
233	140	65	69
232	141	65	69
233	140	64	70
230	142	66	72
230	142	67	71
228	142	69	71
232	147	74	73
216	143	70	65
215	141	70	69
210	140	70	70
210	139	60	68
208	139	60	65
207	140	60	66
206	141	61	65
205	140	60	64
204	141	61	64
205	140	63	65
206	140	65	67
209	138	69	68
213	135	67	66
219	136	68	69
222	141	71	73
223	136	72	68
222	135	68	65
226	135	66	66
226	133	65	65
229	133	63	65
230	132	60	64
233	132	59	64
236	130	58	63
236	129	58	65
240	126	59	68
240	130	56	61
242	129	55	63
242	130	55	62
243	129	55	62
246	131	54	59
246	130	55	61
247	132	55	61
249	132	55	63
250	131	56	61
249	131	55	60
250	132	56	62
250	131	55	60
252	131	57	61
253	131	58	59
253	132	58	60
254	132	61	60
253	131	62	60
252	129	63	61
251	130	65	59
253	128	65	61
248	130	68	64
247	131	67	63
249	131	61	64
249	132	60	61
247	133	62	62
248	133	61	62
248	134	62	63
249	135	61	63
248	135	62	65
249	135	60	62
247	136	61	60
247	135	60	60
247	135	61	61
248	135	59	61
248	134	59	61
247	135	59	63
247	134	59	61
247	134	59	62
247	135	59	61
248	135	59	61
247	135	59	60
247	135	59	62
247	135	60	60
247	135	60	61
247	135	60	60
247	136	60	61
247	135	60	61
248	135	59	60
248	136	59	61
248	135	59	59
247	136	59	61
248	136	59	60
247	136	59	60
248	136	59	59
248	136	59	60
248	135	59	58
248	136	59	60
248	135	59	57
248	137	59	60
248	135	59	57
248	137	59	59
248	135	59	58
248	136	59	61
248	135	58	57
247	137	59	59
248	136	59	58
248	137	59	60
249	136	59	59
248	136	59	60
248	136	59	60
248	136	59	62
248	136	59	62
247	136	59	61
248	136	60	61
248	136	60	62
248	136	59	62
249	136	59	61
248	136	59	61
249	136	60	59
249	136	60	59
248	136	61	59
248	136	60	58
248	137	60	57
248	137	61	57
248	138	60	58
250	137	60	57
249	137	59	59
250	137	59	57
249	137	59	59
250	137	59	60
250	137	59	58
250	137	59	59
250	137	59	59
250	137	59	59
250	137	59	59
250	137	59	60
250	137	59	59
250	137	60	58
249	137	60	58
250	136	60	57
250	138	60	60
250	138	60	59
249	137	60	59
250	137	59	60
249	138	59	61
249	138	59	62
249	137	59	63
249	137	59	62
249	137	60	61
249	137	60	62
248	138	60	62
249	138	60	59
248	137	62	61
248	136	63	62
248	135	64	62
249	135	63	63
248	135	64	64
248	134	63	67
248	134	64	66
249	133	66	66
249	133	68	69
249	134	65	70
249	135	65	72
249	133	62	71
248	134	62	69
250	133	62	69
248	133	62	69
249	133	61	70
249	134	61	68
249	133	61	68
248	134	60	68
249	134	61	68
249	134	60	68
249	133	61	69
249	134	60	67
249	134	60	68
249	134	60	68
250	135	60	68
249	134	61	68
250	135	60	67
250	134	61	68
250	135	61	68
250	135	61	69
250	135	61	68
251	135	62	68
251	134	61	68
251	135	61	68
251	135	61	68
252	135	62	68
251	135	62	68
252	135	62	69
252	135	62	69
251	135	62	69
252	135	62	69
252	135	62	69
252	134	62	69
252	135	62	69
252	134	62	68
252	135	62	69
253	135	62	69
253	134	62	69
253	134	62	69
253	134	62	69
253	135	62	69
253	135	62	69
253	135	61	69
254	135	61	68
254	135	61	68
253	135	61	68
253	135	61	68
253	135	61	69
253	135	60	68
252	135	61	68
252	135	61	68
252	135	61	69
252	135	61	68
252	136	61	68
252	135	61	68
251	135	61	68
252	135	61	68
251	135	60	69
251	136	61	68
252	135	61	68
252	135	61	68
252	135	61	69
252	135	61	68
251	135	61	69
251	135	61	68
251	135	61	68
251	135	61	68
250	135	61	68
251	135	61	68
251	135	61	68
251	135	61	68
251	136	61	68
250	135	61	68
251	135	61	67
250	135	61	68
251	135	61	67
250	135	61	67
251	135	61	66
251	135	60	66
250	134	60	67
250	134	61	67
249	135	61	68
250	134	61	66
250	135	59	66
249	134	61	65
249	134	61	68
249	134	61	67
248	134	60	66
249	135	60	64
249	135	58	64
248	133	60	68
248	134	61	68
245	135	63	71
244	134	65	74
244	134	64	72
246	131	65	75
245	128	65	78
244	125	66	79
246	132	61	72
247	134	60	68
248	134	59	67
248	133	58	67
249	134	59	68
248	133	58	68
248	133	61	68
248	133	60	68
248	133	60	67
249	134	59	67
247	133	60	67
247	134	60	67
248	134	59	66
247	133	60	66
247	132	60	67
247	133	59	66
246	132	60	66
245	131	60	67
244	131	61	68
243	131	60	67
244	131	59	65
244	132	58	65
245	131	57	64
243	126	58	66
258	96	65	65
258	94	67	66
259	96	64	72
252	131	59	78
257	138	59	76
261	145	59	73
262	147	61	78
259	154	62	77
268	161	65	76
272	165	63	73
275	168	61	68
277	167	59	65
279	169	60	62
282	161	62	66
284	155	63	69
284	149	63	73
286	142	61	69
286	133	58	66
283	112	58	68
280	102	59	65
279	89	57	65
278	80	57	68
278	72	56	78
277	48	54	68
275	42	56	73
249	87	62	88
254	124	63	80
258	112	55	69
254	113	56	64
251	111	60	67
225	77	69	73
226	71	67	78
227	77	66	81
231	93	65	74
229	118	71	70
263	143	57	76
265	148	63	80
267	143	58	69
268	140	58	75
268	140	61	78
274	143	62	77
270	143	67	75
270	139	72	81
272	139	69	79
273	137	71	72
277	128	64	69
279	132	63	70
283	132	65	66
247	120	57	55
253	118	58	55
249	118	56	59
248	120	57	61
253	119	57	62
253	118	57	63
253	115	62	66
273	121	74	69
315	120	55	67
319	117	50	62
302	117	59	58
294	115	59	61
292	116	55	61
291	114	59	58
289	114	57	60
293	116	59	65
289	113	61	69
288	112	64	72
297	114	69	78
288	111	66	74
289	117	71	72
268	110	62	61
297	40	49	55
299	40	48	55
300	41	48	55
300	39	47	54
300	38	47	55
301	39	47	54
301	40	47	54
302	40	47	54
302	40	46	54
303	41	46	53
303	42	46	53
303	42	45	54
303	44	46	52
303	49	46	55
304	49	46	52
304	49	46	52
301	51	51	67
299	54	63	78
295	53	75	78
290	49	77	81
290	47	78	81
296	46	71	78
300	46	68	74
297	45	71	73
302	45	72	77
299	45	78	77
296	49	80	77
288	53	74	77
292	50	63	78
294	53	60	82
298	58	54	70
331	91	61	67
304	48	46	58
304	50	47	59
305	50	46	56
305	50	46	55
306	51	46	54
306	50	46	55
307	51	46	54
307	51	46	54
307	51	46	54
307	52	46	53
307	51	46	54
308	51	47	55
309	51	47	54
309	50	48	56
309	50	47	55
311	50	47	55
311	51	47	55
311	50	47	55
311	50	47	55
311	49	47	56
312	49	47	55
312	49	47	55
312	48	47	55
312	49	48	55
312	48	47	55
312	47	47	55
311	47	47	54
312	47	47	54
311	47	47	54
312	47	47	54
312	47	47	54
311	46	47	55
311	47	47	55
311	46	47	55
310	46	47	55
310	45	47	55
310	46	48	55
310	45	47	56
309	46	48	56
310	46	48	57
310	44	47	56
310	45	48	56
310	44	47	56
309	44	47	56
309	45	47	55
310	43	47	56
309	45	48	56
309	45	48	57
309	44	47	57
308	44	48	57
309	44	48	58
309	44	47	57
308	45	47	57
308	45	47	58
308	45	47	58
308	44	48	59
308	45	47	58
308	45	48	59
309	45	46	58
308	45	47	57
307	46	47	57
308	44	47	58
308	45	47	58
307	45	47	58
308	45	46	59
307	46	47	60
307	46	46	60
307	48	46	60
307	49	46	62
306	49	47	63
306	51	47	61
306	53	47	67
308	53	44	58
305	54	48	61
282	79	53	60
308	54	46	58
302	58	49	60
303	55	51	64
301	57	52	65
307	52	47	60
306	54	48	61
305	54	48	62
301	54	51	61
268	59	57	58
265	59	56	62
267	55	53	66
266	54	55	66
268	53	57	71
309	57	43	55
309	57	45	55
308	57	44	56
306	59	45	55
304	60	45	56
304	60	44	55
302	61	45	55
301	62	45	54
299	63	45	55
297	64	46	56
298	66	44	54
296	67	44	52
295	67	45	53
295	67	44	54
295	69	44	54
294	69	44	54
294	69	44	53
294	69	44	54
294	68	44	53
294	68	44	53
294	68	44	52
294	69	45	53
297	68	43	53
296	68	44	53
296	69	46	53
296	69	46	53
297	69	46	53
296	69	46	53
298	68	47	54
297	67	47	54
297	69	47	53
297	69	47	55
298	68	47	55
299	68	46	55
299	67	46	55
299	67	46	55
299	69	46	55
300	69	46	57
255	109	48	58
261	110	58	63
251	113	57	57
262	110	60	60
269	108	55	59
261	105	53	57
281	108	53	56
284	111	56	57
287	112	53	56
