106	372	39	88
107	371	37	90
108	369	38	93
109	369	38	95
110	368	40	97
112	369	40	97
112	369	41	96
113	370	41	97
112	371	43	96
112	371	44	95
113	371	45	94
114	372	46	93
115	373	46	93
114	373	46	93
107	373	47	93
102	373	46	93
99	372	44	95
101	372	42	98
101	373	40	96
103	373	39	99
105	374	40	97
106	375	42	98
106	376	43	96
106	377	44	95
104	377	46	95
104	377	47	96
105	378	46	96
104	378	46	96
105	377	43	99
106	376	43	99
105	375	43	102
101	374	46	103
96	375	49	102
94	376	51	102
94	376	51	100
93	378	52	99
91	379	53	99
92	379	55	100
92	379	54	100
92	379	54	101
89	378	50	103
82	378	49	102
71	378	47	103
63	379	45	103
57	379	44	105
52	381	44	104
46	384	45	103
39	386	46	99
32	387	47	97
24	388	48	99
13	388	50	98
0	391	40	95
0	389	35	102
0	389	31	100
0	389	29	97
0	390	30	97
0	389	30	98
0	388	29	99
0	388	27	100
6	393	44	95
2	392	47	103
1	395	43	102
2	396	39	97
2	396	36	94
1	394	38	97
1	394	35	98
0	394	35	104
0	395	35	106
0	397	33	107
0	398	34	107
0	398	29	107
0	398	29	100
7	397	48	101
6	394	56	106
6	390	58	119
5	389	61	117
20	389	63	118
0	395	49	114
0	396	44	111
0	396	47	113
5	396	56	109
35	400	55	116
0	393	54	112
0	397	52	114
0	400	51	108
0	400	45	110
0	398	43	106
0	397	38	111
0	398	37	107
1	401	37	112
0	402	38	111
4	399	45	112
37	393	46	91
39	393	48	94
35	396	53	95
2	408	44	126
10	407	50	123
19	404	55	129
15	406	69	134
24	403	73	133
30	405	76	133
39	408	75	130
59	410	65	127
69	406	65	130
78	409	66	131
85	407	67	131
86	403	65	136
83	397	72	135
106	401	69	121
86	401	76	122
95	399	78	123
85	392	77	119
83	391	78	119
85	390	86	119
95	396	86	116
95	389	93	117
96	390	97	112
100	391	98	113
91	389	82	115
103	393	84	106
100	392	61	104
105	392	49	105
112	390	46	105
114	391	45	104
115	391	47	106
115	392	49	103
115	392	49	101
118	393	50	100
118	392	52	100
118	394	57	99
120	394	61	99
125	395	62	101
131	394	64	103
138	393	60	105
147	394	55	103
154	393	50	105
162	393	47	104
168	392	46	104
166	393	47	102
168	393	47	102
169	393	49	102
171	393	55	103
172	393	56	102
175	393	60	102
177	394	58	101
182	394	59	102
189	395	55	103
199	392	51	106
204	391	45	105
209	393	42	103
213	390	45	106
215	391	47	105
215	391	52	103
215	391	57	104
215	392	65	104
216	393	71	105
218	393	73	105
221	393	66	106
232	392	73	104
233	393	65	103
243	391	55	105
254	391	48	101
263	391	42	101
264	390	45	100
268	390	45	100
272	390	46	99
274	389	49	102
276	390	52	101
277	389	55	102
278	389	57	101
281	389	58	103
285	389	58	105
283	390	59	104
284	389	55	106
285	385	51	108
284	383	48	108
282	375	49	117
277	380	52	109
277	373	52	115
275	369	57	121
274	368	62	121
275	370	64	120
276	372	69	120
280	369	64	121
285	369	63	116
290	370	60	115
295	369	55	114
301	368	53	117
304	368	50	117
308	368	48	116
309	368	48	114
311	368	50	115
314	369	51	116
317	384	52	102
318	377	54	105
321	380	54	101
320	373	54	108
319	371	55	109
320	370	54	109
321	369	54	106
324	372	54	104
322	370	53	102
321	370	53	104
321	369	55	105
319	368	55	109
321	370	58	110
319	369	58	114
319	368	61	113
321	368	63	114
320	368	62	114
323	366	62	115
324	367	62	113
328	366	60	111
331	368	58	108
334	366	55	105
337	365	53	106
341	364	50	108
344	366	48	107
346	370	47	102
350	376	48	95
349	375	47	92
349	375	48	93
346	372	51	94
352	376	54	97
347	369	54	99
352	374	55	97
352	367	57	100
355	365	51	101
361	366	48	98
362	365	44	98
365	368	48	101
363	368	50	99
363	366	51	102
362	365	51	101
361	366	50	99
361	370	50	95
358	364	50	98
357	365	50	98
356	365	48	98
357	365	45	97
361	365	45	96
363	364	43	96
365	363	45	101
367	365	44	100
371	370	43	96
370	372	44	91
369	371	44	94
369	369	44	94
371	371	47	92
371	368	45	95
371	369	49	96
371	364	47	99
372	364	48	99
373	364	49	100
372	362	48	98
374	362	47	99
380	361	44	100
381	361	43	100
382	361	44	98
381	361	45	97
381	360	48	99
382	361	51	98
383	362	51	98
385	363	48	96
387	363	47	94
390	362	46	94
392	361	45	94
396	362	42	93
400	361	42	96
403	361	42	98
406	362	41	98
407	361	41	99
409	363	41	97
409	363	42	97
410	363	42	96
412	362	43	97
414	362	44	96
415	362	44	96
418	361	44	96
420	360	44	95
422	360	43	94
423	359	43	96
426	359	40	96
428	358	40	97
429	358	40	97
429	358	41	97
430	360	42	95
431	360	44	94
431	360	45	94
427	358	46	95
419	359	46	96
410	359	45	91
405	360	42	91
400	361	43	91
401	360	42	92
404	360	40	93
404	360	39	93
407	360	39	93
406	360	39	93
405	363	40	91
404	360	39	92
403	364	40	89
403	362	40	92
403	362	42	91
405	360	43	92
407	360	42	92
408	360	43	92
409	360	40	93
395	360	40	93
389	359	41	94
383	357	43	94
381	356	42	93
382	357	42	94
384	357	42	94
386	358	44	93
387	357	43	92
389	357	45	91
388	356	43	91
383	355	43	90
381	356	42	89
381	355	42	90
381	356	42	91
384	355	40	92
386	355	40	93
388	355	41	93
389	354	40	93
391	355	41	92
392	355	41	93
393	356	42	91
395	355	41	91
397	355	42	89
398	356	42	89
398	356	43	88
400	355	43	89
402	355	43	88
403	355	45	88
404	355	45	89
406	354	48	90
409	353	49	91
411	352	48	91
412	353	46	90
412	353	47	90
413	352	50	89
414	352	52	88
414	353	52	87
417	353	51	86
419	353	51	88
422	353	50	89
424	353	48	87
428	353	50	88
431	355	51	85
436	354	49	86
435	353	50	87
439	354	50	86
444	357	47	84
444	354	46	84
434	353	40	86
436	352	37	84
438	352	36	82
438	353	36	80
439	353	36	79
440	353	36	79
442	352	35	80
443	352	35	79
445	352	35	79
444	351	37	79
445	351	38	80
445	350	39	82
446	348	41	84
446	349	40	82
447	348	41	83
448	348	41	82
449	347	41	83
450	348	40	82
450	346	39	84
452	345	37	84
452	345	37	84
452	344	38	84
451	344	39	85
450	343	42	85
449	343	44	84
447	343	46	85
445	343	47	85
444	343	48	84
443	343	46	82
442	343	49	84
447	343	44	84
449	342	42	83
452	343	40	82
442	340	40	81
440	341	40	80
437	340	38	80
440	341	38	78
436	340	36	76
440	341	35	74
435	341	36	73
437	343	35	73
441	341	36	76
436	341	32	75
438	342	37	76
437	341	41	75
436	342	40	76
458	345	37	78
459	345	35	77
459	346	35	77
459	346	35	76
459	345	35	76
458	345	34	76
458	345	35	76
459	343	35	78
458	344	35	76
458	345	35	76
457	344	35	77
458	345	34	76
458	344	34	76
458	345	34	76
459	344	33	77
458	343	33	77
459	343	33	76
459	344	32	76
459	345	33	75
459	342	33	77
459	344	33	76
458	343	34	78
458	343	33	77
458	342	33	78
458	343	33	76
457	343	34	77
458	343	34	76
458	344	33	76
459	344	33	77
458	344	34	76
458	343	35	77
458	344	35	76
457	343	36	77
457	342	36	78
457	343	36	77
457	342	36	78
456	342	36	77
457	341	36	78
457	342	34	78
457	340	35	79
459	342	34	78
459	342	34	79
460	342	33	78
459	343	34	77
459	343	34	78
459	342	34	79
458	340	35	80
457	340	35	80
457	340	34	79
456	339	34	81
455	340	34	81
455	340	34	81
455	340	34	80
455	341	34	79
454	341	34	79
455	342	34	76
454	342	34	76
454	342	35	76
452	342	35	76
453	342	35	77
453	342	34	76
451	342	35	77
452	341	34	79
453	342	32	77
452	343	31	76
452	343	32	78
450	343	32	77
450	341	33	79
450	341	33	77
451	343	32	76
451	343	32	77
450	343	31	77
450	343	31	76
451	344	30	76
451	345	31	75
450	346	30	74
449	345	31	75
450	346	30	74
450	346	31	74
450	347	31	73
449	347	31	73
449	347	32	73
448	346	31	72
449	347	32	73
448	346	32	73
450	347	32	73
449	347	32	73
451	347	31	73
450	344	31	75
451	345	31	75
450	345	32	76
449	345	34	75
448	343	33	77
450	344	33	76
449	344	33	75
449	345	35	74
449	345	34	75
450	344	35	74
452	345	32	75
452	344	34	76
453	343	33	77
453	345	32	75
454	345	32	74
455	345	32	75
454	344	32	75
453	345	32	73
453	346	32	73
454	346	32	73
453	346	33	73
454	346	32	72
452	346	33	73
454	347	33	72
452	346	34	72
455	347	32	73
453	346	32	73
456	346	31	73
453	346	32	73
454	346	32	73
452	345	34	75
453	345	34	75
449	345	35	75
449	345	35	75
448	345	36	74
446	343	36	76
448	344	36	75
446	341	35	78
446	342	36	77
446	343	35	76
446	342	35	77
444	341	35	78
443	342	35	77
444	342	33	76
444	343	33	73
443	343	33	73
443	344	33	72
443	343	33	72
442	343	33	73
443	344	33	72
442	344	33	73
442	343	31	74
442	342	31	74
440	343	32	75
440	344	31	74
401	341	33	70
400	342	31	69
403	341	33	70
399	341	34	70
441	344	30	72
437	345	31	70
438	345	31	69
435	345	33	71
437	344	33	73
435	345	33	72
435	344	32	73
436	344	32	74
404	341	30	72
402	342	34	70
408	343	42	71
403	342	40	74
396	340	37	73
406	342	41	73
401	341	40	75
396	340	38	74
422	347	33	71
421	343	34	75
421	343	32	75
419	342	32	76
418	342	32	75
417	342	33	76
416	341	32	76
416	343	31	76
415	341	32	76
414	342	32	76
413	342	33	75
412	342	33	75
408	342	35	76
406	342	35	76
404	342	37	76
399	343	39	84
395	348	41	85
331	370	63	111
333	370	64	112
338	369	61	113
343	369	58	112
350	369	53	114
358	368	47	116
364	367	49	117
362	368	52	114
362	367	55	116
363	366	59	118
365	372	65	111
370	375	65	113
375	369	72	117
375	372	75	117
374	372	71	116
380	372	72	114
385	371	66	115
389	368	61	119
397	367	55	119
405	367	52	117
410	366	50	116
414	366	47	115
414	367	50	114
420	368	51	113
419	366	55	113
421	370	59	110
423	368	61	111
424	369	65	112
426	370	68	112
430	370	65	112
436	368	62	114
442	369	56	112
449	369	53	111
452	367	57	113
511	366	52	115
511	364	54	119
507	367	64	115
519	374	67	108
476	377	59	104
535	373	69	109
539	372	74	109
543	371	77	111
547	365	76	119
549	371	77	112
552	369	78	117
559	369	73	116
539	371	82	111
558	366	72	116
507	371	64	107
474	381	54	117
467	378	67	115
458	382	74	122
471	381	79	119
452	384	77	121
460	382	79	125
472	382	78	126
483	381	72	126
511	378	71	127
493	380	65	125
487	376	66	126
522	374	72	127
503	376	78	122
463	378	70	131
463	378	69	130
466	379	73	131
565	382	67	122
579	379	68	120
582	382	72	119
592	380	68	121
595	377	71	121
609	379	64	122
621	376	57	124
625	377	60	123
635	376	54	119
634	374	54	117
639	375	57	115
637	373	66	123
650	373	72	122
648	372	82	126
717	360	72	114
701	367	83	113
663	376	74	125
664	369	83	128
660	370	83	129
638	372	80	126
633	370	80	130
746	358	59	115
749	362	57	108
757	361	54	107
760	364	53	103
764	364	55	102
762	370	62	97
731	376	61	115
734	375	63	113
738	379	64	115
743	375	65	116
747	380	64	114
746	373	65	120
757	377	59	118
755	370	65	119
787	362	68	109
789	362	62	110
795	367	57	104
800	372	56	100
812	368	57	98
805	377	60	114
807	374	69	118
808	370	76	121
825	365	73	127
821	369	78	124
832	366	73	127
836	365	72	127
839	369	71	124
843	368	67	123
856	369	62	120
862	371	65	118
869	373	66	118
876	375	67	118
883	376	67	117
888	375	66	118
891	377	65	113
895	376	63	114
904	375	55	114
908	375	49	114
893	374	56	113
888	371	53	119
856	373	64	114
875	370	66	120
868	373	68	116
850	374	77	116
885	369	70	120
880	367	68	119
883	367	69	117
882	365	71	124
829	368	68	125
832	371	74	124
844	371	73	128
853	378	74	122
868	375	68	121
871	377	69	118
873	378	68	117
827	385	63	119
833	376	79	128
831	379	70	129
822	375	88	128
738	379	96	137
743	384	98	133
749	385	94	129
735	382	111	132
631	387	100	133
610	395	82	129
610	392	87	127
654	391	96	129
668	392	92	128
661	393	102	129
682	392	91	128
683	389	99	131
705	389	88	129
721	390	80	126
686	392	91	126
680	390	101	127
688	389	96	132
689	391	96	131
656	389	99	134
651	389	108	136
672	397	100	129
569	395	94	130
572	393	82	130
583	397	86	128
585	396	88	130
611	401	79	127
624	403	78	125
623	401	82	129
621	395	80	128
624	392	95	129
519	388	61	114
527	389	51	108
532	390	52	106
539	391	56	105
544	390	61	105
551	391	64	105
558	391	64	104
565	390	66	106
575	390	68	105
589	390	68	105
595	390	67	107
604	390	63	106
615	389	57	106
622	389	57	107
630	390	56	105
637	391	54	104
650	393	58	105
659	391	53	105
666	392	57	103
669	393	63	103
672	393	64	104
674	392	69	104
683	392	67	106
685	391	68	105
701	393	54	98
701	393	48	99
709	391	46	98
716	393	46	99
724	393	48	98
734	391	53	104
742	393	53	101
752	392	57	102
764	390	64	107
774	391	62	106
790	393	68	105
795	392	62	106
796	393	62	104
800	390	61	104
803	390	62	101
807	391	59	98
809	391	61	97
817	389	59	101
824	387	63	103
831	385	63	106
839	380	57	111
841	373	58	117
846	371	57	117
856	370	59	119
860	369	61	119
867	367	58	118
875	368	60	116
881	372	58	114
887	375	58	112
896	376	57	112
897	372	55	114
902	369	55	111
906	370	53	115
909	365	50	120
911	365	47	118
915	365	44	117
915	364	43	115
916	363	43	115
920	362	39	114
922	359	36	114
924	354	32	114
924	347	31	121
924	342	33	123
918	351	40	120
907	332	47	139
885	337	66	147
887	326	63	168
843	322	95	176
815	311	121	195
777	295	149	222
687	305	220	200
649	329	246	221
610	310	283	221
573	341	310	211
565	328	329	227
558	353	317	222
580	367	353	208
629	363	298	212
676	340	259	229
656	315	282	241
601	356	300	203
592	318	309	227
543	369	319	197
365	343	268	170
172	360	88	125
166	370	50	106
176	371	50	106
183	373	53	104
189	375	53	104
193	376	53	106
197	376	53	106
200	376	56	107
205	376	56	108
210	375	54	109
217	375	53	110
224	375	54	109
228	374	55	109
230	375	60	109
232	374	65	110
234	375	63	111
237	375	66	110
243	376	66	109
246	375	67	111
248	375	67	111
252	375	63	112
259	375	58	110
266	375	54	112
271	376	49	110
276	377	46	110
280	377	46	111
285	377	47	112
289	377	46	112
291	378	51	112
295	378	53	112
296	381	59	111
302	380	60	112
308	382	60	112
314	382	58	113
318	383	57	113
320	382	58	113
326	381	55	114
330	381	52	115
336	381	52	115
339	380	56	115
340	380	60	116
341	380	65	117
340	380	69	117
340	381	71	117
341	381	73	116
346	382	74	117
353	383	69	117
357	382	63	119
364	382	60	118
417	382	55	111
423	381	49	111
427	381	46	110
430	381	46	109
431	382	47	109
381	385	51	117
384	384	54	117
385	386	60	115
384	385	63	116
385	385	65	117
388	385	64	117
391	385	62	118
395	385	62	118
400	385	57	117
404	385	54	119
416	385	49	119
422	384	54	119
464	384	61	113
467	383	64	114
467	383	67	114
468	383	68	115
470	383	69	116
471	384	69	116
471	384	72	116
474	385	71	116
479	384	66	118
478	384	64	118
489	384	55	118
492	384	52	117
498	385	48	114
498	385	48	115
500	385	50	113
504	385	51	116
506	386	57	113
507	386	59	113
507	387	61	114
510	388	61	113
509	388	63	116
517	386	56	118
526	387	47	116
525	388	49	117
530	388	47	119
538	388	53	115
539	389	61	117
545	389	68	120
549	389	73	121
546	389	76	122
536	390	75	123
552	390	80	123
540	391	78	124
560	391	79	125
548	391	89	126
561	391	82	125
562	390	74	126
573	390	61	126
582	390	55	124
588	390	50	117
591	392	51	121
596	392	52	121
597	392	56	121
600	393	62	120
598	393	69	120
600	391	71	122
590	392	78	124
592	393	83	128
600	392	79	131
613	392	66	130
623	391	55	124
624	392	54	121
631	393	54	122
632	392	60	127
631	392	71	129
626	393	81	132
628	394	89	129
626	393	96	132
629	393	98	134
634	392	98	135
640	394	93	133
646	394	87	134
652	396	80	131
659	395	74	133
669	394	62	133
677	395	54	133
679	395	55	131
679	395	59	131
679	395	66	132
679	395	71	131
678	397	79	131
681	397	85	131
684	398	86	132
687	398	87	134
694	399	83	134
701	398	80	134
706	398	76	134
718	398	65	133
722	398	61	134
730	398	55	134
736	399	59	134
740	399	70	134
741	397	76	137
742	397	85	138
744	398	89	139
748	399	90	137
751	399	93	138
756	400	91	138
760	401	86	138
763	401	82	138
769	401	75	137
778	401	66	138
788	400	63	136
795	402	65	138
799	402	67	137
801	400	74	138
800	399	84	139
801	400	92	141
804	405	94	139
814	406	93	139
821	408	90	139
829	409	85	138
832	408	81	135
836	409	84	133
845	408	78	136
853	408	76	137
862	409	72	132
869	410	73	129
876	411	75	137
881	412	72	137
882	413	69	134
884	413	69	133
886	413	69	133
889	413	67	135
887	414	65	135
892	414	67	134
896	412	63	133
902	412	57	138
908	412	51	130
915	410	44	133
922	409	37	132
922	408	37	126
921	409	38	128
922	410	37	128
921	413	38	126
923	411	35	121
924	405	33	129
923	405	33	129
922	400	36	132
921	385	38	137
921	398	38	119
911	359	43	152
881	348	68	183
836	359	123	176
803	372	156	152
724	382	188	126
578	394	76	106
591	397	67	105
595	396	58	106
599	396	54	103
603	396	49	103
609	395	41	102
605	397	44	100
598	393	49	104
609	394	52	101
609	394	56	101
609	396	58	105
613	396	61	105
620	396	58	104
623	397	55	103
625	396	54	105
628	397	53	106
630	398	51	109
633	398	51	109
639	398	49	110
641	400	51	111
637	399	56	111
622	401	67	110
644	399	67	113
645	398	67	115
644	399	73	116
649	401	72	114
662	401	71	115
669	402	68	115
673	404	68	115
676	405	64	116
678	405	63	117
681	404	61	118
689	403	56	119
691	402	54	120
695	402	55	120
688	402	61	120
698	403	61	122
702	403	63	119
706	404	62	119
710	404	66	117
711	405	71	117
715	404	72	120
719	405	70	118
726	405	66	120
730	404	62	120
735	403	58	122
739	404	55	121
741	404	53	123
745	404	56	121
749	405	58	121
750	407	62	127
757	407	62	126
759	408	64	122
758	407	72	122
758	408	80	123
767	408	77	123
764	414	78	120
775	412	70	121
782	412	64	122
783	410	63	123
788	412	61	126
789	415	62	126
787	416	65	129
791	418	75	131
791	423	79	132
789	424	86	134
804	427	84	128
802	430	93	127
807	430	92	130
