1	202	281	191
6	195	272	199
8	193	275	199
8	194	281	203
13	192	277	201
18	194	279	201
21	194	269	201
21	192	258	205
28	193	255	200
42	197	229	198
83	146	156	255
110	109	129	284
118	77	140	290
141	54	128	277
133	56	161	203
108	42	214	183
136	42	195	163
114	51	220	157
117	80	230	158
140	93	209	158
166	77	175	169
171	64	156	167
165	62	153	161
154	61	152	157
133	52	160	162
135	49	145	171
137	48	137	168
137	48	141	164
138	49	140	162
141	55	136	159
150	54	128	165
162	54	121	166
181	54	124	157
193	50	135	166
200	50	137	155
201	49	137	148
203	46	133	147
200	43	129	160
197	40	130	163
188	40	137	150
186	42	138	146
185	42	138	146
183	40	138	144
181	39	151	141
169	41	157	137
164	43	150	134
170	43	143	134
174	41	139	132
180	40	131	132
184	41	130	141
186	45	121	148
184	47	118	154
182	52	116	153
184	57	105	152
181	59	123	156
153	97	155	128
129	113	135	124
117	131	107	114
105	141	100	110
92	144	99	115
85	142	93	120
81	141	91	125
76	141	94	128
73	144	94	128
73	150	93	124
76	158	91	119
80	160	91	118
84	161	90	118
88	163	90	120
90	166	94	122
86	170	102	130
85	174	110	133
82	171	125	152
82	173	136	166
80	166	148	176
80	152	155	186
81	135	163	191
81	116	165	180
75	89	184	184
72	77	197	173
74	52	205	162
79	41	200	133
96	40	183	126
102	42	183	116
111	43	178	106
116	45	176	109
118	50	177	119
119	53	178	138
124	68	172	155
128	78	151	188
117	99	138	179
94	101	137	180
91	95	133	176
91	95	133	172
88	98	133	171
82	105	138	167
76	117	151	161
74	120	154	164
78	117	149	169
85	114	140	174
90	114	131	177
98	102	128	193
122	111	145	180
111	114	176	174
110	113	194	144
119	119	191	117
121	142	187	127
135	146	160	151
143	165	160	160
137	158	166	203
132	131	140	256
119	134	154	247
116	141	161	241
119	141	159	246
131	143	145	247
137	136	131	261
145	125	108	277
148	121	103	278
148	118	109	284
148	120	114	284
147	123	120	278
156	127	119	271
159	122	133	277
166	128	129	267
173	122	131	270
194	127	202	269
195	120	188	285
202	122	161	287
205	128	161	284
205	124	174	283
208	118	181	282
221	117	184	259
227	119	192	255
219	113	181	301
216	121	180	278
212	132	173	273
212	140	163	267
199	130	179	275
199	117	182	280
172	80	194	270
133	54	127	273
108	52	140	263
64	49	185	249
26	40	233	267
22	90	253	257
60	120	233	222
102	121	227	223
134	110	258	273
165	108	238	290
198	129	199	275
218	130	186	275
224	134	169	275
227	138	164	277
179	139	177	280
158	129	152	276
297	92	117	312
134	114	137	283
98	81	158	302
72	63	180	285
37	43	216	244
65	72	180	202
75	66	178	245
91	122	179	206
97	136	199	234
122	189	174	223
145	170	132	264
152	162	121	295
151	170	118	299
150	183	117	288
153	171	115	294
153	150	112	304
150	124	113	315
149	82	114	333
146	68	140	327
151	43	182	279
162	40	187	269
166	38	196	280
151	43	141	292
143	59	163	282
149	102	167	253
148	147	175	245
148	183	173	235
145	196	143	237
138	197	132	272
131	215	152	259
126	209	140	263
124	189	133	287
124	163	125	302
124	129	118	297
123	92	121	303
124	78	131	317
129	106	131	303
131	118	127	293
116	124	135	262
99	145	155	252
92	176	173	235
91	187	183	230
89	190	183	233
80	193	197	238
74	186	214	264
52	181	223	292
12	184	250	291
2	193	226	270
9	206	184	212
1	217	195	249
0	210	186	257
1	215	210	221
14	206	221	214
7	202	202	211
3	203	190	211
5	196	180	158
3	153	184	229
3	121	200	260
0	92	229	281
205	190	170	265
209	190	153	226
207	187	139	231
206	188	121	234
200	188	120	243
194	185	115	267
198	197	105	265
184	178	117	277
182	187	122	243
192	188	110	234
184	185	110	237
24	61	244	216
11	70	260	215
17	81	267	209
9	97	296	193
6	116	304	171
9	129	283	160
22	149	272	162
56	147	236	268
63	151	263	278
71	167	259	269
75	169	282	271
70	173	316	282
63	156	364	310
199	142	314	205
251	136	302	201
277	129	314	207
315	87	310	246
347	93	282	226
380	86	249	226
397	89	231	223
404	97	225	226
398	107	231	241
381	128	248	277
367	144	262	284
342	176	278	280
311	198	272	250
301	181	253	253
289	197	325	273
281	187	339	289
272	182	342	286
291	192	320	280
283	174	337	296
288	191	308	281
286	195	325	278
290	183	322	289
291	177	333	297
297	188	310	282
301	190	309	285
305	189	309	283
307	170	309	308
310	202	300	277
319	165	304	314
319	164	255	310
331	153	214	318
341	156	215	313
361	141	196	297
376	119	193	304
385	95	186	313
397	49	182	373
400	43	177	273
404	47	163	205
376	43	181	185
302	43	244	163
257	43	272	185
211	43	280	212
183	42	278	218
170	46	261	214
153	49	253	213
147	53	219	208
160	213	206	259
230	194	181	264
282	175	160	261
312	126	170	240
322	111	192	232
101	91	100	313
74	120	120	312
50	145	202	263
26	132	261	271
23	123	325	282
41	119	345	282
80	141	306	298
109	169	291	253
51	216	281	209
11	222	227	215
0	212	187	225
2	200	171	259
0	182	134	239
0	179	139	222
1	179	162	151
2	185	178	149
4	196	199	122
2	212	224	106
15	234	233	115
26	248	241	142
17	245	273	187
71	236	243	215
111	218	224	236
161	211	208	220
168	213	195	221
154	204	199	225
140	211	192	236
148	205	209	228
141	207	204	231
146	206	209	227
151	197	207	238
207	201	170	226
179	199	189	233
209	195	165	251
220	203	157	244
192	200	177	249
175	200	183	258
141	193	213	254
135	196	218	248
133	187	221	263
121	182	233	260
117	175	239	264
113	182	245	250
107	179	250	254
103	184	247	244
99	171	241	258
100	180	237	244
97	161	233	263
96	168	236	256
99	172	232	251
97	170	238	249
96	169	240	256
99	167	236	263
101	166	235	263
100	168	236	260
107	165	229	263
108	167	228	259
115	157	223	259
127	151	213	265
139	146	210	272
154	147	199	269
160	151	195	257
154	147	201	262
138	156	213	252
129	147	220	260
124	166	236	240
124	158	240	258
129	165	241	253
134	162	236	258
136	167	233	257
130	174	231	247
123	178	233	248
119	180	228	238
116	180	218	244
113	177	213	244
104	175	216	239
91	177	229	238
85	178	231	241
83	161	234	250
87	160	233	250
90	155	235	249
99	156	232	245
106	154	231	243
111	136	230	263
113	139	232	250
115	127	230	261
124	127	222	258
134	126	213	264
137	125	214	261
136	124	215	265
140	130	213	258
135	130	218	254
124	143	227	254
118	137	231	268
119	155	227	261
116	150	225	262
113	159	228	259
114	160	228	262
111	165	231	263
113	166	229	254
118	168	214	263
143	167	179	264
164	158	136	267
159	169	149	260
150	167	158	261
147	176	169	253
136	179	196	255
130	178	207	257
129	181	218	253
130	177	225	256
128	180	232	255
132	182	229	234
137	181	221	256
138	192	215	234
136	187	215	226
136	189	216	245
137	193	214	201
143	195	205	208
149	191	199	203
171	194	177	240
188	194	160	215
217	196	156	229
219	201	160	241
207	198	183	226
189	200	199	239
181	196	211	233
175	196	221	232
173	204	223	212
171	202	222	221
168	201	223	223
171	200	217	233
175	196	204	236
175	197	195	236
168	192	205	255
168	195	204	254
153	190	218	238
157	199	209	245
126	190	233	243
103	195	249	242
93	200	249	245
96	197	239	260
97	202	224	254
97	194	213	264
97	201	209	251
111	207	190	243
118	206	179	240
130	213	160	229
142	203	142	243
149	204	136	243
153	210	155	235
156	203	166	242
170	193	163	248
184	192	163	234
181	184	170	240
170	181	172	244
169	175	174	251
168	175	192	246
163	177	210	246
159	175	218	250
155	175	225	246
157	175	217	243
157	174	207	246
159	171	203	254
159	169	211	250
162	166	228	250
168	158	233	253
176	168	238	257
185	168	238	253
187	174	247	242
187	177	240	238
186	176	227	231
180	174	197	238
175	168	221	253
166	174	239	247
158	173	243	240
154	166	235	245
146	170	217	237
147	167	211	231
147	168	226	238
149	171	229	254
145	168	207	249
141	169	209	243
119	172	209	246
104	168	218	251
95	180	224	243
92	160	181	257
102	166	161	245
109	161	151	251
114	161	149	247
113	162	152	239
124	177	142	229
134	169	132	243
151	170	120	254
184	182	110	248
182	193	108	232
184	194	106	235
183	192	105	242
179	195	111	246
167	202	122	240
166	207	141	233
122	210	143	228
101	212	152	219
79	212	170	198
61	216	173	189
41	219	196	204
20	204	183	204
16	209	161	208
5	209	138	229
0	209	107	257
0	208	107	203
0	219	119	187
0	219	137	177
0	225	167	174
0	227	182	169
7	230	196	163
9	235	221	179
47	240	204	196
111	227	175	197
133	219	155	182
122	217	180	202
117	210	198	209
117	208	231	233
120	205	224	226
119	208	223	209
119	207	223	201
135	204	216	200
154	202	203	208
158	206	212	210
152	203	234	218
151	207	241	224
151	208	250	227
151	204	243	234
150	203	214	243
149	213	199	229
149	205	189	230
148	204	188	229
150	200	182	242
152	198	176	246
158	197	168	247
159	204	168	236
156	210	175	226
155	203	174	233
157	202	169	250
148	208	173	228
143	206	176	219
135	203	181	225
135	199	177	227
150	192	148	237
156	194	136	242
163	197	124	245
164	198	120	253
154	200	131	247
144	206	138	243
143	210	139	237
142	206	136	242
145	192	137	251
156	183	146	246
188	185	118	254
188	186	129	271
191	181	135	277
191	174	148	266
194	171	154	266
196	170	155	270
193	175	159	269
190	177	164	268
187	183	169	263
184	193	173	249
177	203	184	243
174	197	188	256
185	188	172	257
195	193	160	254
221	187	133	255
225	184	140	247
224	184	135	239
208	180	141	229
204	177	152	223
191	180	162	217
186	180	172	210
185	193	171	191
196	174	161	202
193	183	162	172
194	180	209	165
201	187	161	161
207	189	144	151
218	184	130	154
222	173	135	177
225	168	144	189
229	159	162	199
223	162	175	192
217	160	170	191
210	163	159	179
193	158	152	171
186	168	148	141
187	139	145	119
199	136	129	107
204	135	116	109
210	132	108	120
211	115	108	138
206	101	104	158
195	88	110	175
163	81	141	187
147	85	157	182
132	97	166	160
128	96	167	144
123	93	162	132
119	89	161	126
118	91	150	117
114	93	144	108
116	95	134	102
115	99	131	98
115	104	127	95
116	108	127	99
118	111	129	96
121	112	130	96
124	113	131	97
126	113	129	95
128	112	133	97
132	112	129	93
137	112	130	96
146	116	132	106
161	126	123	109
180	120	116	132
184	135	139	128
185	148	170	121
181	147	193	122
183	142	199	134
184	137	199	154
182	135	215	165
178	127	207	181
189	117	209	203
197	111	172	207
201	117	141	196
197	115	126	182
195	120	110	176
198	125	104	163
198	132	105	150
199	133	107	146
200	128	108	148
199	122	108	148
202	121	105	143
202	121	108	139
205	128	111	134
209	130	109	130
203	134	105	125
197	137	106	118
185	140	113	124
167	136	122	131
166	135	124	130
167	130	133	131
162	129	140	122
159	127	153	117
158	131	159	117
157	132	166	126
158	136	145	138
156	133	148	148
160	124	139	164
152	136	140	161
144	151	142	149
142	180	141	117
144	190	139	118
154	184	132	131
163	189	129	133
157	190	143	133
154	180	176	137
148	168	226	145
149	177	238	136
146	187	237	149
140	171	236	170
125	164	272	185
100	160	308	212
92	172	319	211
223	168	224	220
251	181	196	213
256	192	193	210
268	208	183	206
291	207	163	214
317	211	136	219
338	215	109	219
349	216	89	216
355	214	79	223
358	230	78	201
360	241	90	219
359	227	100	235
349	217	106	232
326	196	126	238
251	197	196	238
266	177	168	245
224	192	215	223
172	193	270	206
134	185	273	195
103	177	217	176
89	184	227	153
80	189	226	150
68	197	227	159
64	208	227	179
78	224	196	202
101	218	278	171
139	219	251	191
184	218	192	202
173	230	240	194
295	201	133	232
317	223	128	216
319	224	149	216
328	208	153	234
329	214	151	217
325	220	137	210
323	223	114	197
305	220	122	196
279	197	136	216
84	221	161	155
86	222	167	145
83	215	190	148
87	201	202	177
100	186	257	212
127	193	233	199
156	204	196	192
156	200	177	205
162	164	160	243
146	180	164	233
147	194	168	215
135	204	207	208
129	200	221	180
114	199	229	187
103	186	175	197
92	173	135	196
92	166	124	197
85	159	128	190
79	167	139	179
83	175	158	170
93	178	172	161
267	152	158	209
236	149	205	200
232	160	214	189
196	163	247	176
206	132	235	204
227	129	214	209
230	123	208	220
234	121	237	224
237	130	257	192
312	120	234	210
310	121	232	201
354	119	199	218
364	125	183	206
394	123	153	198
415	97	145	208
416	49	173	239
401	56	203	210
395	61	217	167
379	39	220	167
358	40	216	167
348	41	215	167
346	50	217	155
364	70	197	134
336	92	215	120
325	112	225	112
216	114	192	155
237	105	237	153
267	85	227	172
283	92	226	181
291	91	198	187
295	70	183	221
288	62	185	224
259	59	202	209
279	62	186	240
278	66	187	231
285	88	188	220
280	93	185	211
298	105	161	199
298	100	159	201
296	108	155	189
288	104	151	189
281	102	147	189
232	88	184	199
240	85	169	199
212	71	189	198
240	77	147	178
226	74	144	179
200	86	165	165
180	94	187	152
168	96	197	143
161	101	202	136
157	108	203	115
161	93	203	126
166	93	187	129
168	88	188	137
167	87	189	136
171	84	186	142
174	79	195	149
178	84	186	146
185	88	186	138
190	86	188	138
195	84	183	142
204	80	172	147
215	84	159	139
212	84	126	140
218	94	123	131
219	74	104	142
203	78	120	137
189	85	135	122
180	87	142	112
180	86	136	114
181	84	146	128
182	89	125	133
188	88	114	140
201	90	107	141
201	86	116	149
197	88	107	157
205	90	92	169
214	94	85	167
212	102	89	163
215	104	86	166
212	119	84	158
203	126	93	153
197	131	98	152
193	135	101	152
192	134	101	156
195	133	103	158
198	139	102	155
208	136	98	153
214	135	100	153
221	131	100	154
222	126	105	156
222	115	109	156
221	104	110	158
224	87	109	155
242	71	99	156
242	59	105	155
262	42	116	162
254	38	113	157
232	46	131	134
218	36	144	146
217	52	137	131
218	44	140	138
213	35	132	146
209	41	111	144
211	61	107	124
205	67	112	110
209	73	113	115
206	72	133	119
207	86	127	115
207	84	123	111
212	86	127	114
214	81	125	116
208	69	134	122
213	59	145	123
230	51	136	136
204	70	148	117
197	47	150	142
199	59	169	137
196	68	184	120
206	79	185	112
218	107	171	88
214	99	166	95
218	102	159	91
220	100	155	91
223	114	156	79
258	116	124	82
247	121	125	87
216	128	120	86
203	133	120	85
187	146	120	69
183	129	118	82
171	134	131	78
167	137	108	75
168	144	99	66
169	142	98	68
169	146	98	65
171	146	99	65
175	150	100	62
178	151	103	62
176	150	109	65
174	159	117	61
176	158	121	61
181	156	118	63
187	152	118	69
193	147	114	75
198	139	116	81
205	137	113	82
216	133	104	84
228	122	92	94
243	134	90	84
244	136	99	80
249	151	106	75
236	164	117	79
228	170	120	92
204	156	133	109
186	154	131	108
160	152	132	108
140	161	125	106
123	167	119	94
113	170	109	77
83	175	126	75
56	175	148	85
39	174	161	93
24	175	175	100
29	175	175	110
33	175	180	118
57	176	167	123
84	174	156	128
113	177	137	122
134	182	114	102
154	180	93	96
158	183	87	87
148	177	114	91
131	176	144	92
124	181	148	93
122	179	146	100
123	180	138	115
133	174	123	135
146	174	105	154
161	173	93	173
174	175	83	172
183	176	89	165
200	167	92	169
223	150	95	173
235	133	107	189
245	132	108	189
267	131	89	195
279	137	86	178
287	142	89	169
288	137	99	172
290	134	111	170
291	138	120	158
293	133	125	155
297	122	127	163
290	132	136	150
290	111	137	166
280	124	145	155
266	129	152	147
276	131	133	146
284	133	145	145
282	136	170	127
281	136	180	111
282	133	193	108
282	129	200	114
273	126	207	115
278	130	195	113
272	131	188	106
272	132	188	101
267	132	187	98
267	131	177	99
267	131	170	102
267	131	163	105
259	130	162	114
257	132	153	127
245	134	164	119
240	137	172	111
237	134	166	126
233	131	164	141
207	132	185	149
211	133	177	152
191	134	185	147
166	138	187	145
149	143	184	133
137	151	169	122
133	150	151	129
135	156	136	134
133	156	129	145
133	151	110	156
121	152	128	155
110	146	143	164
109	143	150	166
116	148	144	160
125	148	133	158
135	150	120	158
148	147	109	161
148	151	110	156
142	154	122	156
134	151	138	162
118	138	163	166
125	126	172	167
108	137	201	150
238	109	109	178
256	112	109	177
275	121	109	175
298	121	102	186
317	136	96	186
323	141	98	180
333	152	98	174
329	158	114	169
341	169	110	168
339	160	117	182
334	153	132	183
332	153	139	179
338	137	136	186
342	127	134	181
342	117	137	179
342	108	144	179
333	103	158	181
331	104	169	177
332	103	171	172
328	104	175	168
324	108	177	169
322	103	180	170
323	104	175	167
324	107	169	161
324	107	166	160
324	103	165	162
326	102	168	156
331	102	171	146
343	97	179	143
349	95	185	136
352	94	169	132
352	92	180	133
342	88	187	136
344	92	197	133
340	88	203	139
341	87	179	138
341	90	165	138
337	88	163	149
333	95	163	146
331	86	166	151
328	94	165	147
328	82	160	153
324	84	155	160
318	87	153	163
312	99	153	155
305	98	153	155
302	100	152	153
299	104	147	152
294	104	143	155
288	102	142	157
283	99	140	163
279	101	135	164
276	100	129	167
272	99	123	170
272	102	119	172
274	103	107	174
274	104	96	170
270	100	89	176
261	102	80	176
257	102	78	179
255	91	80	198
247	107	95	178
229	104	119	186
206	106	136	186
221	121	120	178
254	130	102	172
262	127	109	169
286	133	120	174
284	125	143	161
319	117	133	158
341	122	126	146
329	126	141	136
309	122	158	129
277	124	191	126
277	116	181	133
251	119	190	131
256	110	173	139
243	115	166	132
242	116	153	130
221	116	157	126
198	109	160	131
197	110	135	124
179	91	127	138
138	77	138	137
119	84	133	163
127	81	129	153
127	99	104	122
143	119	83	111
143	101	83	145
129	115	102	150
115	105	124	160
99	104	143	141
84	101	157	125
78	85	151	125
78	87	162	114
77	92	164	105
78	88	167	101
82	98	163	89
89	100	153	95
102	96	158	104
119	93	152	153
139	79	149	171
149	80	146	161
153	77	158	160
161	82	156	154
164	99	158	154
162	104	161	143
159	105	160	133
162	103	156	129
168	112	159	144
180	113	153	147
180	116	151	154
180	118	154	151
158	119	182	138
201	148	163	137
106	135	181	93
77	129	162	95
57	122	158	94
29	114	182	115
10	101	208	132
0	95	223	132
0	97	148	108
0	100	112	89
0	101	105	84
0	101	111	92
1	104	129	101
2	118	145	99
6	135	165	100
29	150	185	97
52	156	164	100
70	156	179	115
89	154	234	121
106	139	174	139
121	132	162	146
121	134	164	132
121	140	163	118
119	146	165	114
117	151	167	111
116	152	167	115
114	152	162	117
114	153	157	121
115	152	151	126
115	151	144	131
115	151	140	134
116	152	136	134
114	153	136	133
115	157	136	129
114	158	136	128
109	156	132	129
107	159	121	126
110	162	117	124
124	159	108	133
133	146	113	145
140	134	131	135
152	115	144	145
163	100	158	154
201	87	151	165
223	83	161	157
250	86	158	137
274	88	155	124
285	95	148	115
289	101	137	123
292	108	125	131
280	120	124	134
260	147	130	120
251	163	126	110
253	171	120	119
247	177	123	133
253	174	128	147
274	177	135	148
289	166	134	157
298	160	137	160
303	162	147	152
305	158	146	154
304	159	146	149
302	160	147	147
297	161	148	146
294	166	147	142
290	166	146	146
287	164	144	148
285	164	143	149
282	166	141	145
282	164	137	144
280	162	138	149
277	165	142	149
273	168	147	144
270	168	156	137
265	166	167	133
253	165	191	126
231	160	110	134
206	162	105	117
177	154	114	117
156	151	107	114
143	151	94	106
136	155	98	108
131	156	100	115
128	161	103	117
131	161	99	120
134	167	96	120
139	165	90	123
146	169	90	121
153	168	90	124
165	178	107	121
177	192	113	113
186	193	127	110
222	188	121	130
255	157	152	149
282	149	129	149
267	143	159	140
253	138	176	137
245	138	182	129
222	144	194	129
203	153	198	120
206	156	188	100
215	158	160	95
226	157	145	92
223	156	154	90
198	157	187	85
170	166	231	85
304	156	120	106
329	165	101	104
349	162	84	117
364	168	66	126
367	166	64	153
367	165	67	163
371	169	74	142
364	167	96	127
349	152	111	146
334	142	117	136
160	180	135	129
180	175	140	128
221	154	148	139
258	143	144	133
288	130	144	132
315	115	135	125
317	112	126	117
311	113	128	116
304	118	121	112
293	128	125	105
281	128	130	104
259	130	132	114
220	139	144	127
189	156	159	126
166	173	134	116
151	177	108	118
140	176	84	132
143	169	67	150
130	187	67	126
125	184	82	127
126	191	95	121
135	187	104	124
151	189	108	124
170	194	113	125
264	181	109	152
241	174	109	144
244	173	91	149
246	168	92	144
247	168	97	143
240	164	105	145
238	169	110	138
232	160	118	142
212	158	139	138
206	160	149	126
206	161	152	124
213	152	138	127
229	146	126	126
243	135	135	130
252	127	145	132
245	115	152	139
264	106	136	136
253	91	135	141
253	91	133	130
248	77	127	130
243	76	131	121
231	66	147	117
213	68	174	106
276	51	125	119
290	39	125	123
303	36	128	137
326	38	121	126
322	44	136	105
353	33	114	94
360	25	111	82
362	25	112	74
361	24	115	76
356	28	113	84
334	48	120	86
313	62	129	100
299	67	126	108
273	69	132	109
223	62	150	118
218	57	110	121
210	38	113	149
198	48	153	138
225	35	172	140
266	27	153	147
238	34	171	143
231	51	182	136
225	93	139	104
228	111	159	91
204	124	208	85
166	145	142	74
160	144	126	73
148	151	83	76
123	149	87	82
98	151	109	76
86	152	118	72
85	153	124	67
98	154	138	63
128	142	125	84
152	138	106	98
181	145	95	100
216	134	73	108
236	132	70	101
245	125	94	90
250	114	109	81
258	111	108	74
255	98	115	76
261	92	99	83
265	96	87	89
268	108	84	80
268	115	81	73
274	116	74	79
272	114	75	85
270	112	79	86
277	111	73	87
277	109	72	90
277	107	71	90
277	106	70	91
283	109	66	88
286	117	68	81
290	111	64	83
291	103	66	85
292	96	70	91
283	92	78	83
282	91	85	88
289	91	85	93
307	77	72	93
310	85	75	104
317	69	72	117
313	94	87	99
308	89	88	107
237	109	142	85
241	101	141	92
242	102	151	91
308	105	101	86
319	111	86	78
317	117	83	71
318	122	78	63
321	123	84	62
321	122	80	64
321	131	81	55
304	134	95	57
302	129	100	65
297	133	110	66
255	132	138	64
258	108	133	84
272	126	137	100
253	100	136	94
252	104	130	93
253	117	124	82
256	108	117	90
259	108	108	90
255	137	115	78
254	136	109	69
255	138	106	64
260	133	103	68
261	119	108	81
257	122	100	88
253	127	104	89
243	135	120	81
237	140	124	74
243	124	113	85
231	115	134	92
223	101	135	113
235	103	124	115
226	108	123	106
239	186	98	115
244	144	100	132
222	116	131	119
244	151	115	116
262	124	109	96
261	164	101	125
274	153	113	129
279	156	120	105
285	163	119	80
287	168	125	84
297	171	125	78
292	175	131	72
318	171	113	86
322	172	118	77
334	167	109	78
328	170	112	71
334	169	112	66
330	170	113	67
319	169	124	63
312	167	131	65
309	159	132	73
300	166	140	66
288	159	140	73
278	179	103	119
289	162	137	100
276	164	122	102
286	167	132	130
262	109	137	123
259	172	145	104
259	162	126	120
253	180	135	128
245	175	149	97
248	168	120	117
249	180	127	108
253	170	109	140
249	174	124	145
237	171	128	105
238	171	130	97
247	167	121	103
241	158	126	87
245	149	128	69
257	150	120	74
292	154	89	81
298	160	82	59
310	163	72	53
326	162	57	51
329	162	54	47
330	163	53	44
331	162	53	43
333	161	53	43
333	162	53	43
333	163	53	42
333	164	52	42
336	164	51	42
336	164	52	42
337	164	53	42
337	165	54	42
339	164	54	42
342	164	53	42
343	163	53	44
344	162	52	44
345	161	52	44
346	161	52	45
347	160	52	46
347	160	52	47
347	160	53	46
346	159	53	46
346	160	53	46
345	160	53	47
345	156	53	51
344	154	54	53
343	149	55	63
341	125	60	95
323	121	64	76
319	112	59	62
306	102	65	69
298	99	76	69
289	86	84	74
278	86	95	80
288	87	90	88
282	82	87	96
280	88	87	79
292	90	78	82
292	84	82	88
295	89	82	75
290	88	79	67
290	103	78	54
290	102	75	51
288	103	85	49
287	97	85	58
282	86	90	61
280	83	94	60
283	71	96	61
273	54	94	70
265	32	109	74
252	23	114	65
249	20	114	64
253	20	112	72
249	19	119	76
262	21	103	90
268	20	100	96
270	23	94	97
273	26	79	96
275	33	74	90
272	37	72	91
274	34	71	95
272	37	75	96
275	36	77	102
277	40	87	101
283	44	84	105
285	42	86	108
288	47	86	108
288	59	93	103
277	54	87	107
273	63	98	105
269	72	99	93
266	81	104	107
261	66	113	97
255	61	122	97
261	47	118	111
263	31	125	114
258	27	125	98
260	25	119	94
256	19	123	90
255	18	124	85
255	15	128	76
253	14	127	72
254	13	126	67
253	14	126	62
252	14	125	58
252	15	124	53
254	15	124	52
256	15	121	52
256	16	122	55
254	15	125	60
251	15	124	65
250	18	128	74
247	17	132	82
244	16	139	87
251	24	137	82
270	37	116	76
280	47	116	67
285	50	119	78
295	52	125	78
304	58	131	81
318	70	125	73
327	73	131	76
336	70	132	86
345	69	135	96
358	71	131	104
361	73	127	115
368	80	123	120
375	85	115	124
380	95	107	128
389	101	101	127
393	107	90	130
394	124	85	125
390	142	98	125
379	143	106	154
359	169	101	162
353	196	98	166
350	218	97	135
341	238	91	119
328	261	92	106
324	277	83	104
299	281	96	109
239	345	123	73
280	332	97	73
228	358	118	57
244	351	113	64
286	348	94	68
216	360	114	57
329	283	104	89
268	273	93	114
256	266	84	120
271	264	103	134
312	143	105	128
241	127	133	127
274	264	113	112
272	252	122	120
259	276	138	114
303	273	115	114
310	273	103	112
295	278	106	110
244	346	143	70
268	357	127	64
273	348	117	71
269	370	128	53
259	372	134	53
214	379	177	50
180	379	121	90
184	373	121	94
211	363	129	80
215	352	88	62
224	349	64	61
228	331	61	77
233	318	59	87
239	293	53	107
279	274	61	113
248	249	76	125
274	218	82	148
231	246	84	133
228	248	89	122
244	238	79	123
251	230	87	96
254	214	99	92
287	187	80	111
302	161	79	124
306	156	93	109
301	158	103	83
291	156	125	57
274	163	140	53
247	172	103	60
231	183	96	75
197	196	92	73
182	194	69	94
167	188	65	114
146	180	76	104
130	170	89	82
119	159	101	61
114	147	111	59
120	140	124	70
154	139	112	78
183	131	103	89
216	116	86	117
235	159	100	86
255	178	91	83
278	156	104	113
281	147	102	131
311	179	82	109
343	178	63	100
365	166	51	115
366	159	62	110
363	157	78	98
349	168	97	76
341	169	105	69
330	171	110	69
304	172	120	79
290	167	117	93
288	154	105	123
290	143	82	133
284	143	73	140
269	144	75	135
255	150	89	124
256	155	84	109
262	155	86	106
250	145	94	102
260	161	98	76
272	150	86	86
278	146	82	88
281	143	74	94
281	146	72	102
278	151	76	104
280	153	74	102
283	150	66	106
279	150	64	105
281	151	64	102
278	147	67	102
270	141	81	95
267	137	94	88
271	139	94	77
268	133	93	77
267	134	80	72
270	137	69	63
268	135	64	63
257	132	69	62
258	131	62	65
257	142	63	55
252	148	68	49
253	154	64	48
256	153	62	51
252	150	65	55
246	150	60	56
237	149	68	59
216	146	65	66
215	141	59	74
214	142	63	69
235	143	51	68
240	149	51	62
248	141	51	70
250	145	79	61
255	145	83	56
266	144	77	56
277	144	69	60
273	141	66	63
282	142	54	59
283	146	50	54
286	147	49	53
287	147	49	51
287	146	50	49
289	145	52	51
290	144	53	49
293	145	50	50
289	143	53	50
293	142	51	50
290	141	55	50
290	141	59	51
294	140	58	52
296	140	61	51
295	141	67	49
298	139	70	50
300	138	69	49
303	137	68	49
301	137	70	49
300	136	70	50
304	135	65	50
302	133	64	50
306	132	59	50
306	131	58	49
306	131	55	49
306	130	53	49
306	130	52	49
306	130	51	49
305	130	52	50
305	130	51	50
306	131	51	51
306	131	52	51
306	129	53	53
306	130	52	53
305	129	54	53
307	130	52	53
307	130	53	52
307	129	53	52
307	130	52	51
307	131	52	50
308	131	52	51
308	131	52	50
308	132	51	48
307	135	52	44
305	139	55	42
302	139	58	43
299	139	61	42
299	140	61	44
299	140	61	43
297	143	60	41
295	143	61	43
293	143	61	42
293	143	61	44
292	143	63	45
289	143	66	46
289	141	65	44
290	140	62	44
285	138	65	45
285	136	66	49
286	133	75	52
285	134	76	55
283	130	74	54
282	130	76	52
285	130	72	51
287	132	64	47
291	134	58	45
292	135	54	45
291	135	53	46
291	136	52	46
289	137	53	46
288	138	57	47
288	138	54	46
288	138	56	47
289	139	53	45
287	139	55	45
284	141	58	46
285	140	59	48
279	143	63	51
279	139	65	52
278	138	63	53
278	139	62	52
280	140	60	50
279	140	60	50
284	142	54	46
281	147	55	45
281	148	58	47
275	144	62	52
276	140	60	55
285	144	55	49
284	150	54	45
288	149	52	45
289	150	51	43
289	150	52	43
287	150	53	42
287	150	52	43
287	148	56	44
287	146	53	45
286	146	53	45
282	146	54	45
281	145	58	45
278	144	61	45
275	141	61	45
275	136	63	49
272	132	75	49
269	127	81	52
274	119	83	55
269	112	94	60
271	98	81	71
270	95	87	65
265	85	95	69
263	71	109	71
254	67	121	67
253	56	121	74
255	49	121	77
254	43	122	76
247	36	127	75
248	26	128	80
251	20	127	79
244	17	134	78
248	15	131	76
247	13	131	76
249	12	134	74
249	12	130	74
252	12	129	73
249	11	134	73
250	11	133	72
250	13	134	70
250	13	134	71
250	13	134	71
248	14	136	72
252	14	132	72
249	15	136	72
253	14	133	73
253	13	132	76
251	12	136	77
250	14	134	75
255	13	138	89
251	15	137	106
256	16	115	119
254	16	119	131
254	16	128	143
245	52	141	128
249	83	125	110
251	108	116	101
253	128	112	99
251	153	111	87
251	169	108	86
255	191	101	80
252	209	98	83
246	229	100	70
266	195	92	100
226	261	106	64
222	270	102	66
214	281	100	73
200	290	104	67
186	291	113	73
159	304	131	71
149	299	156	77
135	302	171	83
124	309	187	76
105	315	165	80
93	326	154	74
84	350	133	59
77	354	114	50
71	357	111	48
67	353	109	50
66	351	104	51
63	354	96	49
59	356	90	48
54	358	83	46
49	361	80	43
44	362	82	44
42	363	78	44
39	365	80	43
37	367	89	39
36	372	98	35
36	375	84	37
37	374	90	35
34	374	81	42
