439	222	25	43
436	218	27	47
436	218	28	46
438	218	28	48
439	218	31	47
442	222	31	45
447	223	28	47
450	224	31	49
459	223	27	52
467	231	22	50
469	234	22	48
472	236	21	46
476	238	22	45
478	237	23	45
488	231	28	41
488	220	43	45
494	216	41	47
495	217	42	45
496	218	41	44
482	226	46	56
488	233	31	62
492	237	29	57
493	239	30	51
496	239	32	49
500	241	32	47
504	239	39	47
511	237	36	48
515	233	38	48
517	235	41	43
521	232	40	46
523	224	38	53
527	217	33	58
529	216	34	45
532	214	41	41
533	214	46	44
534	215	50	44
533	215	57	45
532	216	61	46
528	217	70	48
528	218	74	52
529	220	73	55
531	222	73	54
534	226	68	53
536	229	65	56
537	231	65	55
535	233	68	56
526	234	79	59
524	232	82	61
524	231	83	61
525	231	82	60
524	230	81	61
525	229	82	63
530	230	73	56
529	226	76	59
538	227	69	54
545	227	64	53
547	229	64	52
548	230	65	52
543	229	74	57
544	228	74	56
553	227	65	61
554	226	63	62
555	227	63	62
556	227	66	61
553	229	72	58
553	231	73	56
553	231	73	56
554	230	72	55
554	229	68	60
553	229	65	62
552	230	66	61
548	233	72	58
547	235	71	54
546	235	71	55
548	235	67	56
546	235	67	59
544	235	67	61
543	236	66	60
544	236	65	60
543	237	66	57
541	239	69	55
542	238	65	51
541	238	64	51
536	238	68	53
536	237	67	51
529	237	71	55
530	237	67	50
524	236	73	56
529	235	67	52
525	236	72	55
529	235	65	53
531	236	64	50
536	236	60	50
536	236	60	50
535	236	70	55
533	237	73	56
536	239	66	52
541	237	63	55
536	238	70	55
540	235	65	54
547	236	61	50
548	237	60	48
550	235	61	48
547	234	65	51
548	231	63	53
546	232	66	54
546	233	68	53
554	232	61	49
554	233	58	48
557	233	56	48
557	234	54	49
558	232	51	50
555	233	53	49
550	233	57	47
545	233	59	46
542	233	55	46
542	231	52	46
538	230	52	48
533	231	51	46
526	232	51	45
516	235	50	43
508	237	48	42
504	241	43	40
499	243	40	38
498	244	37	39
496	246	36	36
496	245	38	37
502	242	38	39
506	242	41	37
514	243	42	35
536	246	63	39
565	240	50	53
532	245	63	58
530	241	61	65
523	241	55	66
522	244	78	62
502	245	58	60
496	249	50	56
484	247	52	52
472	247	59	46
440	239	66	52
437	240	60	52
435	242	51	47
434	242	45	47
434	237	35	53
429	238	30	50
420	236	39	52
417	235	43	53
417	235	45	51
416	233	46	49
417	229	48	46
414	228	53	43
411	228	55	41
411	227	56	40
410	227	55	40
405	224	56	43
403	224	58	41
401	224	60	37
400	223	60	36
399	222	56	35
398	220	57	34
397	215	60	39
398	213	59	42
403	212	53	50
408	212	45	56
413	216	35	55
417	220	30	54
416	224	30	50
414	230	38	44
407	236	50	43
402	238	58	45
398	240	62	48
397	239	64	49
397	239	64	50
395	238	65	50
395	237	66	51
396	236	62	50
397	235	60	50
399	234	55	50
398	232	51	50
400	233	44	50
402	232	39	51
400	231	36	49
395	229	43	52
393	233	54	47
389	226	64	54
386	225	66	52
385	225	70	55
382	221	71	55
381	218	71	58
383	216	63	60
387	210	54	64
395	216	38	58
400	220	32	52
401	215	30	56
401	216	35	52
390	221	52	46
384	222	59	48
377	223	65	48
363	224	70	52
363	222	67	54
354	221	66	60
351	220	62	59
348	221	59	59
344	227	60	57
340	227	62	57
332	224	75	58
332	223	67	57
342	224	47	54
352	225	35	54
350	222	39	54
347	220	63	55
342	219	70	55
343	217	67	52
346	210	63	55
346	202	59	61
345	199	56	61
349	198	47	61
351	199	40	59
351	205	37	54
352	207	33	53
351	206	39	57
348	219	50	47
349	224	54	43
348	228	61	46
348	228	68	52
351	227	71	57
358	230	68	56
364	231	64	53
374	232	61	53
387	230	56	53
405	228	52	52
419	229	44	52
431	231	39	49
436	227	37	53
462	227	33	55
472	240	38	44
478	240	38	45
488	239	53	47
519	241	62	51
517	237	60	54
505	228	47	58
507	232	46	56
501	230	51	53
487	231	65	51
484	234	67	53
477	230	68	52
474	229	67	52
470	230	68	51
466	229	69	53
464	229	67	55
461	228	60	56
461	229	58	55
461	229	52	53
465	232	44	57
466	235	39	51
467	237	35	50
461	236	41	52
457	233	48	53
453	235	60	49
451	234	62	49
451	233	61	50
452	234	60	50
448	236	63	49
445	240	60	47
440	238	64	53
438	239	58	53
435	242	55	53
429	244	55	47
428	243	54	50
422	244	62	53
419	246	63	51
418	248	61	49
419	249	58	48
418	248	58	48
417	247	56	49
414	247	58	48
412	246	59	49
408	246	62	50
405	246	66	51
403	246	68	51
403	245	67	50
405	245	64	50
407	244	62	50
409	244	61	49
411	244	62	49
413	244	63	49
416	244	62	50
420	244	61	50
423	244	59	50
426	243	57	51
428	243	56	51
431	242	54	52
435	241	53	53
439	243	57	50
442	242	57	49
446	243	56	49
451	243	53	49
454	242	51	49
460	242	47	48
462	242	48	47
462	243	51	47
459	241	56	49
454	239	61	52
450	238	64	53
448	238	65	53
443	237	66	54
445	238	66	54
448	241	60	51
452	242	56	49
456	242	53	48
458	243	55	46
457	244	59	46
458	245	61	47
455	245	63	49
456	245	58	52
456	244	56	51
457	244	54	51
457	244	53	50
456	244	54	51
455	243	55	51
455	241	55	53
455	242	52	52
455	242	51	52
452	243	55	49
449	243	59	48
444	243	64	50
446	244	60	46
442	241	63	52
445	241	59	54
443	241	52	53
444	244	49	52
442	244	51	52
436	244	63	52
435	244	65	52
439	244	59	51
439	242	56	52
438	242	55	52
438	245	60	51
434	244	64	53
433	244	62	54
435	244	56	54
438	243	53	54
439	243	53	55
434	242	61	49
435	243	62	50
436	240	63	50
438	236	62	49
437	235	66	50
437	233	67	53
443	231	62	56
445	231	60	56
447	230	60	54
447	229	64	50
447	229	65	48
449	228	63	47
449	228	64	46
449	228	64	46
447	230	65	46
441	230	62	48
432	232	68	51
419	233	70	53
413	232	72	55
403	232	73	58
397	231	72	57
394	230	68	59
390	231	69	57
385	231	66	55
383	227	68	58
382	226	67	58
382	227	64	56
385	230	64	55
402	239	52	54
393	239	65	56
397	241	66	54
407	241	62	53
413	241	59	50
424	236	59	51
431	230	61	51
437	227	64	51
442	222	70	51
444	220	73	51
447	220	74	47
450	220	72	48
452	223	66	45
454	225	58	44
447	227	57	48
443	234	57	48
433	237	60	51
426	238	64	53
422	239	63	54
417	240	66	53
415	242	65	52
413	244	61	51
413	245	61	50
412	245	63	49
411	246	63	48
412	245	64	48
413	246	61	48
414	244	63	51
417	243	60	53
417	243	61	53
420	244	62	52
422	244	62	52
426	244	61	51
427	244	60	51
429	244	60	51
430	244	61	52
431	244	61	52
434	245	62	49
436	244	61	48
438	243	60	49
440	242	60	50
441	240	60	51
443	237	57	52
445	236	54	50
447	239	54	49
447	240	58	50
448	242	58	47
450	241	59	47
455	240	56	45
456	241	56	43
458	242	56	41
459	243	55	41
459	243	56	41
459	244	57	44
457	245	58	45
456	243	57	48
454	244	55	50
452	245	53	47
449	246	51	47
446	246	51	45
438	246	55	48
431	245	56	49
428	246	56	44
425	247	58	45
422	245	57	48
419	248	56	44
414	249	58	46
411	249	61	47
409	250	59	47
409	249	57	47
408	249	57	48
406	249	57	48
405	249	57	48
406	250	56	46
407	250	55	46
409	251	52	45
411	251	52	45
410	252	54	44
410	251	56	46
411	250	54	49
414	248	50	49
417	250	50	49
418	251	48	48
420	250	49	48
420	247	52	46
421	245	54	45
420	243	56	43
422	241	55	43
425	241	54	43
427	239	52	45
432	238	54	45
437	236	56	45
442	235	55	44
447	235	56	43
457	233	54	43
466	230	58	44
478	229	59	42
489	225	59	44
498	223	55	45
509	218	58	48
517	218	67	48
524	212	64	54
527	209	65	57
530	206	66	59
532	206	67	59
533	208	66	62
535	207	64	70
530	214	67	69
528	219	74	67
521	223	86	66
492	233	78	53
478	240	76	50
467	244	67	48
446	247	80	47
426	245	75	51
408	244	71	52
397	241	71	52
390	238	69	53
385	235	65	54
382	233	63	56
378	232	64	55
378	231	66	54
382	233	65	54
388	234	67	54
399	236	67	53
416	237	63	53
434	239	59	52
452	239	64	51
474	233	67	51
488	226	72	53
507	216	75	54
538	206	59	49
537	183	58	54
582	192	58	52
588	192	55	44
601	190	55	41
605	188	58	40
604	189	63	40
605	191	60	41
600	194	63	44
593	194	58	48
563	212	65	52
577	249	63	50
584	249	71	51
618	241	52	61
645	245	58	56
658	240	63	56
675	234	57	57
684	222	59	59
688	215	58	59
693	208	55	57
694	205	51	57
690	204	51	55
688	208	48	51
686	212	44	47
677	218	44	49
666	226	46	50
654	233	50	50
635	241	56	53
616	240	58	56
597	240	57	61
552	246	79	55
540	222	68	74
564	193	54	61
567	189	54	60
567	184	63	50
574	186	71	47
575	184	73	45
579	183	69	44
575	185	67	48
567	185	70	56
534	204	70	59
525	209	64	52
553	246	62	48
578	245	58	51
606	240	60	53
628	238	58	54
641	232	59	52
647	224	60	53
657	217	58	51
668	212	53	49
674	211	51	47
678	209	49	47
681	208	48	47
680	209	49	46
682	213	50	45
682	218	52	44
680	222	54	44
679	228	53	42
677	233	52	42
674	235	49	44
670	239	49	45
664	240	49	44
659	238	52	46
653	236	55	45
652	235	56	44
655	235	51	40
656	235	51	40
653	234	50	40
649	234	52	40
638	234	57	45
636	236	53	48
633	241	51	48
631	246	53	47
633	252	47	47
628	256	54	46
626	258	55	46
625	260	55	44
623	259	55	44
620	253	52	46
619	250	50	46
620	242	48	45
619	238	46	44
619	233	45	43
618	228	45	40
616	224	44	39
612	222	48	36
611	222	48	34
610	219	46	38
605	213	48	46
596	204	50	56
586	207	49	57
595	232	50	53
610	251	45	66
616	304	46	42
612	314	50	45
595	314	61	49
591	299	62	56
584	271	65	53
589	252	61	60
594	202	54	77
578	144	60	98
571	103	65	82
573	72	58	72
567	60	56	67
564	55	62	67
535	56	88	44
535	58	76	48
523	70	64	48
528	90	56	53
539	117	48	53
526	173	60	47
572	203	57	58
549	228	80	60
556	243	90	62
566	248	86	68
581	263	82	70
589	274	82	71
593	279	82	74
596	281	90	73
596	279	97	74
598	271	99	72
599	256	94	75
596	246	101	73
593	238	105	78
593	230	106	77
591	223	108	75
590	218	108	73
590	214	107	70
592	214	96	62
588	212	102	61
582	211	105	60
578	211	105	60
578	216	97	54
575	216	96	57
570	216	96	62
559	214	99	77
550	213	100	78
545	214	98	80
537	216	99	80
531	215	102	81
524	215	105	86
519	226	106	76
515	228	100	75
511	225	94	77
506	222	86	76
496	221	87	70
483	223	92	68
477	222	96	61
471	217	98	64
467	211	91	65
466	206	75	69
463	206	76	69
456	206	80	66
447	209	91	63
446	212	79	61
450	214	82	62
444	215	98	53
446	215	97	51
450	213	83	53
450	215	87	51
456	217	83	47
463	218	78	45
468	220	81	53
477	222	75	55
475	220	84	58
477	219	92	61
478	221	92	56
501	218	78	59
511	217	74	54
515	216	73	54
516	215	81	55
518	214	78	56
516	219	73	51
522	219	67	51
521	218	78	53
519	220	81	52
518	223	81	54
519	228	76	57
517	233	77	50
513	234	78	54
517	245	79	55
519	245	82	55
531	244	82	58
541	244	85	60
550	242	86	64
559	243	88	68
562	243	90	72
567	248	90	73
570	254	89	73
574	261	88	71
576	270	88	72
580	276	87	70
579	280	88	70
590	285	78	68
589	288	77	65
589	287	75	63
591	295	67	61
591	293	68	61
589	292	72	61
587	291	74	62
586	288	73	63
584	287	73	64
582	289	73	62
579	288	73	60
574	286	75	61
568	283	78	59
564	278	79	63
563	277	79	61
562	275	77	58
562	271	74	60
561	270	73	60
561	270	74	59
560	270	74	61
559	269	75	60
557	269	78	60
557	268	80	63
556	268	79	62
556	266	80	65
559	264	78	66
563	264	75	66
561	262	73	66
561	262	70	64
552	258	87	61
551	259	87	60
551	262	85	56
547	262	84	57
553	263	77	57
553	263	74	57
556	265	72	57
554	264	80	58
554	262	84	62
562	260	76	65
569	254	67	69
570	257	59	61
588	259	42	64
588	259	36	61
593	264	38	53
591	255	46	58
593	257	52	58
600	262	51	55
609	268	43	51
614	271	39	56
610	269	49	53
600	268	58	54
593	256	63	57
592	248	63	54
591	240	62	56
592	232	59	46
593	224	54	45
596	219	50	36
600	217	47	33
608	213	43	38
620	220	44	42
631	237	52	42
637	247	64	47
646	255	66	57
654	272	66	61
658	280	75	62
657	274	74	69
645	266	77	71
633	247	82	67
620	225	76	67
611	208	77	65
606	196	80	62
594	194	85	59
599	194	73	57
599	200	64	54
607	210	51	57
601	224	52	57
586	245	51	63
599	260	54	60
618	273	54	71
623	280	53	65
628	286	52	59
634	289	50	57
641	292	46	56
636	283	50	59
629	273	52	53
625	268	54	51
622	262	55	52
621	257	55	53
616	252	57	53
613	250	59	49
605	246	60	48
605	245	57	47
603	241	61	49
601	238	62	54
594	230	62	58
589	221	62	59
582	211	61	59
577	202	64	58
573	191	65	53
569	187	66	45
560	183	73	43
555	181	78	44
559	182	73	43
567	190	57	47
571	205	47	50
577	217	46	48
587	230	50	49
592	239	51	47
599	246	51	51
603	249	55	53
605	249	61	52
603	250	62	51
602	250	62	48
605	251	59	47
604	251	59	47
604	250	58	47
602	248	55	45
604	248	52	44
605	248	50	42
600	246	54	45
597	247	58	47
595	246	60	49
592	246	56	50
578	246	63	51
571	246	58	52
561	246	59	53
551	246	59	52
536	241	61	54
519	243	67	52
504	244	65	49
498	244	65	47
488	243	65	47
478	242	61	48
476	242	57	50
472	243	54	51
470	245	55	49
464	245	59	48
458	245	61	49
455	246	59	46
453	247	56	45
450	246	57	46
449	246	59	48
448	245	61	50
447	244	65	51
453	244	63	52
459	244	62	52
462	243	62	51
471	243	60	53
478	242	57	51
484	243	58	49
488	241	58	48
495	242	57	46
500	239	59	46
508	237	57	49
512	238	59	44
518	235	57	45
521	234	58	45
526	234	60	44
528	234	63	44
533	234	64	44
550	232	52	45
553	232	62	46
553	236	59	44
562	231	55	49
563	232	55	49
562	233	55	48
562	232	55	48
567	230	55	51
568	233	60	50
569	233	62	51
570	233	63	51
569	233	65	49
571	233	65	49
574	237	61	46
575	238	61	44
576	232	64	51
577	232	65	52
576	233	66	53
576	232	67	53
576	233	69	52
576	232	69	53
576	232	69	53
577	233	69	53
576	233	69	53
575	232	69	54
576	232	70	54
575	232	70	54
575	232	70	54
574	231	70	53
574	230	71	54
572	229	72	54
572	228	73	55
572	228	72	55
572	227	71	55
570	226	71	55
570	225	72	55
569	224	72	55
568	224	72	55
567	222	74	55
568	223	72	55
566	222	74	55
565	222	74	56
565	221	74	56
565	222	74	56
564	222	75	56
564	222	75	57
565	222	76	58
566	224	74	56
566	223	76	57
567	224	77	58
568	223	79	59
571	221	78	61
574	221	77	61
574	221	77	61
577	221	77	60
578	220	78	60
579	219	81	59
582	218	82	60
584	217	82	59
585	217	81	59
586	216	82	59
587	216	79	59
588	223	78	51
588	224	77	49
588	226	77	47
589	226	76	46
589	227	73	46
587	227	72	44
590	223	77	51
588	212	84	63
588	211	84	64
588	211	84	63
587	212	84	63
586	213	83	63
582	213	84	64
581	213	84	63
575	223	78	54
572	229	75	48
573	227	73	50
569	224	78	51
567	222	80	52
565	221	80	52
563	220	81	53
561	220	81	52
557	217	80	56
555	210	85	63
554	208	87	64
554	211	82	61
552	212	83	58
551	205	86	68
550	204	83	68
546	212	75	60
549	209	75	59
550	210	68	62
551	211	59	63
552	213	45	62
551	220	47	57
550	222	43	56
545	219	38	53
543	217	51	59
540	213	63	61
537	210	76	60
538	212	79	60
548	220	67	54
554	225	63	51
559	229	61	50
561	229	61	53
560	229	64	53
555	228	71	52
552	218	77	60
550	216	80	62
549	214	79	64
550	215	75	64
551	215	72	63
552	214	69	64
554	214	68	65
556	214	68	63
560	215	67	61
561	217	66	60
565	216	67	62
568	216	67	61
569	217	68	60
571	217	68	59
575	220	66	55
580	220	62	55
581	222	62	52
583	222	60	51
584	222	59	50
586	222	58	50
587	218	56	53
584	215	58	53
585	212	59	54
585	214	60	52
590	215	55	49
594	214	50	47
592	211	51	47
590	209	51	48
588	206	52	48
584	206	52	47
581	204	52	48
575	201	56	47
571	197	57	50
564	193	62	53
555	188	67	55
547	184	69	56
546	184	65	56
545	184	62	57
536	187	65	54
533	185	62	55
521	186	66	53
512	179	60	59
499	176	66	56
502	177	57	60
487	175	67	58
484	173	61	57
485	178	71	53
479	176	70	57
476	175	68	57
476	175	68	57
478	178	66	54
473	176	71	55
477	177	67	56
474	175	69	57
477	177	65	56
472	176	68	56
476	178	64	55
471	177	70	55
476	178	63	55
471	177	69	55
476	178	66	54
470	176	72	56
476	179	66	53
474	179	69	53
476	180	70	52
477	179	72	53
481	179	72	57
472	177	77	58
500	175	60	64
499	172	60	66
503	174	60	64
504	179	57	59
500	179	61	58
501	180	59	56
495	180	62	52
480	165	68	63
479	159	74	66
483	153	71	68
481	149	72	70
487	148	71	68
487	145	76	63
490	145	74	59
484	149	88	52
487	146	85	55
488	143	83	55
489	138	86	54
498	131	80	57
500	141	81	46
509	130	71	53
510	146	73	42
510	160	71	34
510	152	71	33
516	153	68	33
515	152	69	30
519	149	67	30
518	143	67	35
516	127	66	43
517	128	68	44
517	126	69	46
517	105	69	59
516	105	68	57
520	109	66	57
518	107	67	57
519	107	67	55
520	106	66	57
519	120	68	49
517	107	64	52
514	119	67	41
515	121	61	35
514	123	63	31
511	120	65	37
507	129	67	40
503	131	70	43
501	134	69	48
500	152	72	42
500	162	69	39
502	156	60	57
499	160	62	61
501	169	63	59
499	175	65	59
495	185	71	54
492	191	78	50
491	196	76	52
494	197	74	47
489	204	81	53
488	200	80	52
491	196	76	48
496	194	73	44
495	199	77	48
499	192	68	44
500	189	67	42
504	187	63	47
504	187	65	45
505	187	64	43
508	186	61	42
508	185	60	45
507	177	62	52
508	180	64	45
508	178	66	42
511	170	68	43
508	182	73	38
511	171	74	35
514	173	68	33
512	176	70	28
513	174	68	29
509	175	74	34
517	160	65	39
518	167	66	36
534	167	53	33
526	168	63	35
520	167	69	42
519	167	70	48
516	169	72	51
515	174	72	54
521	178	66	58
517	178	70	55
512	182	75	55
513	183	74	60
512	184	73	63
512	187	73	63
511	189	73	64
509	192	74	63
508	196	73	59
506	196	73	59
505	194	72	61
503	195	74	60
502	196	72	58
501	197	73	56
500	197	71	56
499	196	70	55
497	197	69	54
493	202	70	50
494	201	68	52
494	200	66	54
492	201	69	54
486	213	74	47
485	213	76	44
486	212	73	45
493	207	69	52
494	197	62	58
493	197	68	60
487	193	71	54
486	190	69	52
485	190	68	49
485	190	68	48
486	189	67	47
484	188	68	47
486	188	66	46
485	188	66	46
485	188	65	46
487	187	64	44
486	186	65	44
485	185	65	44
484	184	66	45
483	182	66	46
480	180	69	47
484	174	67	51
485	168	67	56
485	166	67	57
486	162	67	60
485	161	67	59
488	159	66	59
488	157	67	59
489	157	67	59
490	156	67	58
492	156	62	59
493	159	60	57
491	161	61	55
489	161	62	56
489	161	63	56
486	156	65	62
487	157	65	57
485	156	66	56
485	154	65	56
485	154	66	55
484	151	66	57
482	151	64	57
483	148	68	57
484	146	70	57
483	145	72	59
482	144	74	59
484	144	75	58
486	142	76	59
489	141	75	58
491	140	76	58
493	136	76	61
495	137	76	58
497	137	76	57
499	137	76	57
500	137	76	57
502	137	77	57
505	137	75	56
508	136	73	56
512	135	69	56
513	134	70	56
514	129	75	59
513	124	80	64
514	121	84	67
514	120	85	67
515	123	75	64
515	134	74	53
517	141	69	45
520	141	67	44
521	130	70	54
524	124	70	59
523	124	73	59
522	123	74	59
521	124	74	59
522	122	74	59
523	121	73	61
524	120	74	61
522	119	76	61
524	117	75	62
520	115	77	62
519	112	77	64
520	110	74	64
519	108	74	62
519	107	73	64
517	104	75	63
516	101	76	58
510	138	81	36
506	136	88	35
517	131	77	41
481	119	79	43
477	106	69	54
473	102	78	60
454	103	66	59
451	103	61	58
448	107	66	56
447	109	65	54
445	112	68	52
448	109	67	54
449	108	68	55
450	108	68	56
451	106	68	57
452	106	68	57
452	107	67	57
452	109	70	56
456	109	71	58
460	109	73	62
463	111	70	62
467	108	66	67
463	109	71	70
463	112	80	69
464	117	83	68
468	120	80	66
470	124	78	63
473	129	74	59
473	131	74	57
474	133	72	55
475	134	71	54
475	135	69	54
476	136	67	54
478	137	67	52
479	137	56	51
480	135	60	52
481	137	60	49
486	137	62	48
486	135	63	48
487	136	63	46
488	137	64	45
487	137	66	45
488	138	69	49
489	138	69	52
489	139	68	52
488	143	68	51
487	142	69	56
485	145	69	56
485	146	66	58
484	148	69	58
479	149	71	56
479	152	72	55
476	151	69	57
478	153	69	55
478	153	68	55
474	156	70	52
474	151	68	56
468	147	69	56
467	145	68	56
469	144	67	55
471	141	64	55
465	139	68	56
463	136	65	56
467	134	64	55
470	132	62	56
463	128	66	54
470	125	66	55
467	119	65	55
465	114	62	55
470	112	62	54
471	108	55	55
467	106	62	40
471	101	58	49
469	99	63	38
469	99	61	50
475	95	55	52
477	95	52	54
477	93	51	54
480	90	50	54
484	93	45	53
480	93	48	52
481	92	42	57
484	94	39	62
481	107	46	56
463	117	67	52
463	118	66	62
465	135	68	64
467	163	68	59
468	186	70	59
465	209	70	58
467	222	72	70
468	248	78	68
464	268	71	62
464	288	65	58
463	307	58	54
464	304	52	60
461	308	57	59
464	313	69	59
463	311	73	55
462	309	74	58
464	305	71	60
465	305	71	57
460	303	73	48
462	301	71	54
466	294	72	53
466	293	70	51
465	292	71	50
465	291	70	48
462	289	72	49
460	287	74	49
462	283	73	52
461	279	75	53
459	273	78	55
459	269	78	56
461	263	78	56
462	255	76	59
466	250	72	59
469	240	66	57
466	235	70	59
467	228	70	65
467	224	70	63
470	220	65	56
476	218	58	54
473	217	58	55
472	217	60	53
468	218	67	53
465	219	69	54
464	220	70	53
465	221	69	52
464	221	70	51
464	227	67	46
465	218	67	53
472	218	62	58
476	218	58	58
476	220	56	56
477	221	55	55
472	221	61	54
466	221	70	55
466	223	71	52
465	224	71	52
468	225	68	51
468	225	69	51
467	227	66	50
467	228	64	50
462	229	66	50
459	229	66	52
452	232	67	52
446	232	60	52
439	233	59	51
422	232	64	52
410	229	67	53
398	225	70	54
387	221	70	56
383	218	65	56
378	214	64	57
372	211	65	56
370	210	65	55
368	209	66	55
367	209	69	55
368	210	72	55
372	211	69	54
383	213	64	54
391	214	60	50
400	213	54	50
409	211	52	52
414	209	52	52
420	207	48	55
427	203	48	58
431	201	47	60
432	203	48	59
434	205	50	56
436	208	54	53
438	209	59	54
438	210	65	53
441	209	65	54
445	209	66	54
445	211	72	52
454	212	67	52
509	202	62	56
491	197	70	52
477	191	74	54
466	184	72	52
456	178	72	52
446	177	74	54
432	178	70	50
426	177	76	50
422	178	74	49
421	180	72	48
421	180	69	50
425	180	67	51
431	182	67	51
441	182	71	54
451	181	77	56
484	185	78	54
496	187	91	55
494	228	89	55
485	227	79	54
469	228	76	54
451	228	79	59
426	226	71	58
415	220	67	57
405	215	69	57
398	209	69	55
398	206	66	54
398	203	66	55
399	201	65	56
402	200	64	56
407	201	68	54
415	202	70	56
418	203	67	57
411	204	63	69
391	247	67	58
401	251	60	58
405	251	57	56
388	250	66	52
393	248	67	57
482	209	68	53
484	216	77	46
471	230	58	62
467	234	59	57
469	231	54	58
466	232	41	57
466	230	34	56
465	228	31	53
462	226	27	55
456	227	30	53
448	231	36	50
442	230	43	51
437	231	51	52
433	231	57	53
434	231	60	54
438	228	73	58
442	226	73	58
454	224	66	57
462	223	66	56
476	217	58	60
489	212	54	64
495	210	53	64
498	208	54	65
498	206	61	63
502	206	66	64
497	205	74	58
496	203	76	57
496	203	78	54
495	205	79	51
494	204	77	52
496	203	69	57
493	203	69	61
489	204	70	64
483	208	77	61
486	213	79	63
479	214	77	57
478	219	72	55
478	220	66	55
476	222	67	54
474	222	66	54
474	223	65	53
471	225	67	53
471	225	68	52
473	226	66	52
471	226	69	54
470	226	68	57
472	227	71	55
480	223	68	58
480	224	73	56
484	223	71	56
489	222	64	57
493	224	64	57
495	225	71	55
493	225	75	56
502	225	73	57
504	229	65	60
505	230	63	57
515	236	79	55
506	221	63	64
502	222	71	61
498	222	76	59
497	223	79	59
495	223	81	59
496	225	79	56
502	235	67	48
498	226	76	53
496	228	74	52
498	227	69	54
498	229	67	53
497	229	62	53
497	230	57	54
495	231	52	56
498	232	57	54
497	232	56	57
496	232	57	55
496	232	58	55
492	240	66	45
493	237	66	49
491	238	67	48
495	233	66	54
497	232	66	55
500	235	67	53
501	232	64	56
506	232	65	55
509	234	69	52
514	234	70	52
521	230	68	53
534	226	59	55
541	227	59	55
547	225	61	54
553	222	66	54
552	221	75	52
558	220	77	51
563	220	68	53
567	219	67	52
570	218	72	55
572	216	71	57
576	216	68	59
578	216	68	58
577	217	68	58
571	218	73	56
571	220	73	54
572	221	67	53
573	221	64	53
561	223	72	51
561	224	69	52
562	223	64	55
560	223	64	56
558	222	66	58
558	224	64	55
553	224	67	52
551	224	64	50
550	224	61	49
549	223	62	49
548	222	59	51
548	224	59	52
548	223	55	54
550	224	50	53
552	225	48	53
552	225	46	54
554	227	46	52
551	231	48	52
549	233	50	49
552	236	61	50
571	236	70	52
550	235	83	52
571	234	69	52
568	232	72	53
565	232	75	52
547	232	65	55
542	234	55	53
541	236	53	51
540	237	49	50
539	238	51	51
536	237	52	52
535	237	51	50
533	236	50	49
534	234	49	49
534	230	46	50
535	227	44	50
537	225	42	51
537	221	41	51
539	218	43	52
539	215	49	49
540	213	53	48
541	212	52	47
544	210	54	46
547	210	57	46
550	211	61	44
549	209	58	49
550	208	61	52
544	212	68	52
539	212	71	54
536	212	71	54
534	212	64	55
532	215	63	55
528	215	63	56
524	216	65	51
522	215	67	51
522	214	67	49
522	213	68	48
524	213	71	47
524	213	72	48
525	213	72	52
528	216	66	52
529	219	63	53
527	223	60	53
525	225	60	56
521	229	62	55
513	230	63	56
501	230	69	56
494	230	73	56
487	231	75	58
485	230	73	56
486	229	70	56
484	228	72	53
484	227	72	52
483	227	72	51
485	227	75	54
487	231	71	53
489	227	72	55
495	226	66	59
498	228	64	58
499	228	63	59
494	228	67	59
491	228	71	58
488	228	70	58
486	227	72	58
485	227	71	59
485	227	79	60
483	227	82	58
485	226	77	58
490	224	72	58
497	222	61	59
504	223	56	55
505	222	57	57
510	224	58	53
508	223	66	57
505	226	69	51
507	225	66	53
509	223	64	57
513	229	66	51
515	228	68	53
520	226	65	58
519	227	69	56
525	230	67	54
530	230	61	57
540	230	57	58
543	230	59	56
540	232	65	54
544	233	65	53
547	233	67	55
548	232	64	53
554	228	67	57
555	225	66	60
557	225	69	54
560	223	73	52
560	221	75	51
559	221	77	49
560	221	76	48
559	221	75	50
557	223	67	52
550	222	72	54
552	224	65	53
546	227	64	52
543	228	62	53
539	230	62	53
534	231	61	53
529	235	62	52
523	235	57	54
519	237	55	54
520	240	49	53
519	242	40	57
520	243	36	56
518	247	34	55
517	251	33	52
518	253	31	48
521	251	28	49
525	248	25	49
526	247	24	51
525	246	24	48
526	245	23	48
527	245	23	48
527	246	23	47
526	245	22	49
525	245	22	50
526	247	21	51
525	246	19	52
526	245	19	53
525	255	19	45
526	254	19	46
530	245	20	48
535	244	21	49
540	236	21	48
534	219	27	36
537	213	30	34
546	206	31	35
551	196	36	36
553	182	44	40
551	176	46	44
550	150	50	42
547	133	62	46
545	121	71	50
543	109	76	57
542	105	81	60
541	102	84	61
540	102	85	64
545	105	84	63
549	109	83	64
553	113	81	60
559	120	76	55
564	124	75	52
568	127	76	52
567	126	78	54
569	121	81	57
571	114	87	65
574	108	91	65
580	103	93	66
588	100	93	68
600	101	90	67
612	105	91	62
630	109	76	62
640	115	74	69
661	121	63	82
647	154	68	63
658	170	74	72
656	180	76	71
648	207	77	77
652	220	78	74
620	222	81	70
617	228	73	63
