24	281	96	156
23	278	95	160
24	277	94	162
22	276	93	162
22	275	92	163
23	275	93	164
22	275	92	164
23	275	92	164
23	276	93	164
23	276	93	164
23	276	93	164
23	276	93	164
23	276	93	164
24	274	94	165
24	273	94	166
24	271	94	168
23	270	93	169
23	270	93	169
23	268	94	172
20	267	97	172
17	267	99	173
14	267	105	174
8	268	110	174
18	268	97	174
13	270	100	172
17	268	96	174
14	267	98	175
16	265	95	176
13	266	97	177
17	265	96	177
16	265	94	179
18	265	95	177
22	266	92	177
21	268	94	175
22	267	98	174
24	270	101	172
27	270	105	172
21	271	103	171
45	268	95	173
19	269	96	173
60	265	90	176
56	265	95	176
58	264	97	177
61	261	95	179
61	260	100	180
57	259	102	181
62	260	94	181
59	259	99	180
72	258	91	181
19	267	85	172
17	269	86	171
20	269	86	171
23	269	86	171
28	267	88	173
39	263	85	179
44	259	85	182
41	264	80	175
50	265	74	174
49	264	77	174
52	264	89	177
50	264	103	175
51	269	99	169
105	264	105	174
58	265	82	176
59	266	91	173
63	265	92	176
58	265	89	177
69	268	99	171
129	267	101	176
122	256	106	187
63	263	94	177
66	266	93	175
71	265	89	174
71	264	90	176
70	262	93	178
77	263	97	178
75	261	96	181
72	259	92	184
75	259	89	183
76	260	87	183
75	259	87	183
75	259	87	183
78	258	92	185
73	257	95	186
71	257	92	186
73	257	91	187
74	256	93	188
71	255	93	189
73	256	88	188
73	255	89	188
75	255	88	188
73	254	89	189
75	254	86	189
77	254	89	189
75	253	91	190
75	253	90	189
77	254	89	189
76	254	91	189
76	254	92	189
75	254	91	190
76	253	90	191
75	253	91	191
76	254	89	191
75	254	88	190
76	253	88	190
76	253	87	190
75	253	88	190
75	253	87	190
75	254	88	189
75	253	88	190
76	253	89	189
74	254	91	189
75	253	89	189
75	254	89	188
76	253	88	189
75	254	89	189
75	254	89	189
74	254	89	189
73	254	89	188
73	253	89	189
73	253	89	190
72	253	89	189
73	254	89	189
71	253	89	190
72	254	89	189
72	255	89	188
72	254	88	188
73	255	88	188
74	256	88	187
75	255	89	188
76	256	89	187
79	257	89	185
82	258	88	184
86	258	87	183
85	259	90	183
86	260	90	181
90	258	87	183
90	258	87	182
96	257	86	184
99	257	85	183
100	257	86	183
101	257	86	184
102	257	87	183
104	258	85	183
105	259	85	181
106	259	85	180
107	260	87	179
106	261	92	178
109	261	97	179
109	261	99	178
110	263	106	177
110	268	109	172
112	274	118	163
112	281	119	156
0	263	58	184
0	265	54	181
0	265	52	181
0	267	50	172
0	267	49	174
0	266	49	175
0	267	51	175
0	268	54	173
0	267	59	174
0	267	64	172
0	267	64	173
0	267	65	173
1	267	66	174
1	267	66	175
2	267	67	175
1	267	70	175
1	269	70	173
3	268	72	173
4	270	74	172
7	269	74	173
11	270	72	173
14	270	71	172
16	270	71	172
18	271	71	171
17	270	73	171
21	271	71	171
19	271	73	170
19	271	73	170
20	271	76	170
19	271	79	171
21	270	89	172
19	270	98	172
22	269	97	172
22	269	98	171
22	269	98	171
22	269	98	172
23	269	97	172
23	269	99	172
24	268	97	172
25	267	93	173
24	268	88	174
22	267	88	175
21	268	85	175
20	268	80	175
21	268	69	176
22	269	64	175
20	269	63	175
20	269	63	174
18	269	64	175
15	268	66	174
13	268	67	175
12	268	67	175
8	267	69	175
7	267	70	175
6	267	71	175
3	267	73	176
2	269	75	174
1	268	75	173
0	269	72	174
0	270	71	172
0	270	64	173
0	270	66	172
0	270	64	171
0	270	62	170
0	270	60	170
0	269	61	169
0	269	58	170
0	270	56	170
0	271	52	169
0	273	53	166
0	275	53	166
0	275	55	165
0	275	56	166
0	275	56	168
0	274	58	167
0	275	58	168
0	274	60	168
0	274	60	171
0	273	61	170
0	273	60	171
0	273	60	169
0	274	58	169
1	275	59	167
0	274	62	170
0	273	64	169
1	274	66	169
1	274	69	169
1	276	70	167
2	275	71	166
4	275	73	166
6	276	80	164
9	274	84	165
7	275	91	166
7	275	93	166
8	276	98	165
17	276	89	164
22	276	89	163
26	279	83	161
37	280	76	159
41	279	74	161
49	279	69	161
47	278	68	162
47	279	72	162
42	279	73	162
38	279	79	163
28	276	87	165
25	278	91	164
22	278	93	164
20	277	97	165
20	279	99	165
21	278	97	166
34	278	90	165
39	278	88	164
49	277	80	164
51	279	81	163
49	278	85	163
51	279	81	163
51	279	82	162
50	279	83	162
50	280	83	160
47	281	94	161
46	281	93	159
47	282	94	159
49	284	98	157
35	286	112	154
42	287	129	155
50	285	131	162
72	286	137	159
57	288	140	155
106	285	120	162
73	277	147	171
218	288	87	154
239	289	65	153
243	290	60	151
241	291	61	149
241	290	60	150
240	290	61	149
241	290	59	151
236	291	64	149
240	291	60	150
241	291	59	149
241	291	60	150
240	290	62	149
240	290	62	150
241	290	63	150
244	289	64	151
243	290	69	150
241	289	75	152
244	290	71	151
245	290	70	151
241	291	73	150
247	290	71	151
243	290	74	151
242	289	73	152
242	289	75	151
243	288	76	153
243	288	77	152
242	288	79	152
241	287	78	153
239	287	71	153
240	288	64	151
239	289	63	151
237	289	63	150
237	289	63	151
238	289	62	151
238	289	61	151
238	289	61	151
239	289	60	150
239	290	59	150
239	290	59	149
240	290	59	149
240	290	59	149
241	289	59	149
241	290	58	149
241	290	58	150
241	289	57	150
241	290	57	149
241	290	57	149
240	290	57	149
241	289	57	149
242	290	56	149
242	290	55	148
241	289	56	149
242	289	55	149
242	289	55	149
241	290	55	148
242	289	54	149
242	291	54	149
242	290	54	149
241	290	54	148
240	291	55	147
241	291	56	147
241	292	56	146
241	291	56	147
240	292	57	146
241	293	60	146
238	293	64	145
241	296	72	143
237	293	77	146
232	292	85	147
228	291	97	147
202	289	101	151
128	256	86	183
21	255	82	186
22	255	80	186
24	256	79	187
22	259	83	182
23	264	86	177
27	263	81	179
30	262	80	181
28	263	85	178
34	262	81	180
29	265	92	174
36	263	90	179
137	288	107	151
193	291	86	150
204	293	82	147
194	293	85	148
190	292	91	149
201	291	86	149
205	291	84	150
216	292	76	149
217	293	77	147
219	294	76	147
220	294	77	147
219	294	77	147
224	294	75	148
228	294	73	147
231	294	72	147
231	294	72	146
235	295	70	145
239	295	68	146
238	294	70	149
235	295	73	149
237	294	74	151
225	291	83	155
209	292	96	153
100	248	97	198
101	245	99	199
103	244	106	202
110	244	116	204
115	243	137	203
121	242	144	204
121	242	137	206
140	244	145	202
152	245	135	202
168	247	137	199
155	245	135	202
162	243	132	204
160	243	130	204
175	242	121	204
178	240	118	208
182	238	118	209
187	237	113	210
184	234	114	214
190	234	114	214
187	235	115	212
194	233	115	214
191	234	115	211
191	233	117	214
194	233	117	213
196	233	109	211
196	232	111	214
193	231	111	215
190	231	111	214
193	232	108	213
202	232	102	213
201	234	102	212
199	236	100	213
194	234	109	215
193	237	111	209
189	231	116	216
188	230	118	216
186	229	121	216
187	227	122	217
188	230	121	213
192	253	122	192
193	242	106	197
199	265	106	182
209	268	106	173
219	275	93	160
205	270	108	173
197	258	108	186
200	252	124	192
200	248	128	195
188	224	112	221
212	251	118	196
210	239	113	201
245	256	115	191
254	273	108	174
259	266	103	179
247	262	116	185
248	261	102	186
229	258	119	189
243	273	117	177
248	275	120	172
245	253	133	199
234	258	140	186
273	269	116	178
267	257	123	186
236	239	116	205
247	231	113	213
239	232	111	213
245	230	106	213
244	238	110	206
250	247	105	195
259	248	102	195
266	252	103	193
237	244	116	198
242	252	111	187
225	265	124	175
275	277	120	162
277	270	112	169
281	270	111	170
283	266	106	173
300	266	93	173
294	265	97	173
310	262	86	176
308	264	88	178
305	265	92	177
311	266	86	176
297	267	96	174
280	264	109	174
143	271	72	169
145	275	75	165
139	273	69	167
152	272	73	167
140	272	66	167
150	272	73	170
139	272	66	167
141	271	64	169
140	271	63	170
140	270	64	170
141	271	64	171
142	271	66	170
144	271	71	170
147	273	82	166
147	267	79	174
154	269	88	172
156	275	114	169
284	269	104	173
287	265	107	177
284	263	110	178
285	262	109	179
292	263	103	179
302	262	98	180
307	264	101	179
454	278	93	170
450	279	86	168
445	279	91	167
451	280	88	167
444	279	84	163
439	280	81	161
433	280	83	161
425	280	89	160
425	280	87	160
424	280	85	160
424	281	80	160
421	281	81	160
416	280	82	159
412	280	77	160
409	279	73	160
403	279	66	162
398	280	69	163
398	280	74	168
375	281	91	160
220	279	83	166
232	279	75	163
233	279	73	162
233	280	74	160
240	280	74	161
241	280	76	162
245	281	77	162
248	281	79	163
249	282	81	163
253	280	80	163
254	281	79	159
258	282	79	160
261	281	78	164
267	281	76	161
267	278	81	163
275	275	86	166
289	277	97	164
337	281	89	159
329	280	90	160
325	278	97	164
334	279	90	162
329	279	90	164
340	278	85	165
337	278	84	164
336	277	86	166
340	277	84	166
336	282	86	159
339	276	81	166
337	273	83	169
334	279	85	162
326	282	89	160
328	300	90	143
329	290	91	154
322	278	102	166
322	261	103	183
320	254	113	190
318	228	118	216
318	213	128	233
307	268	106	176
303	270	91	178
301	268	92	178
294	267	89	176
292	268	92	173
288	269	94	172
281	269	100	173
276	269	103	173
263	269	110	171
266	267	102	174
262	266	102	175
258	264	100	178
261	263	89	177
259	265	81	176
256	264	82	175
242	265	95	174
233	265	102	176
213	265	134	174
216	263	113	179
207	264	126	176
208	264	117	178
208	263	110	177
206	263	103	179
204	261	82	182
200	260	77	182
195	260	80	181
184	259	86	182
175	258	92	182
163	259	102	184
157	260	103	181
151	259	105	184
148	260	106	183
145	260	104	183
140	260	104	184
140	260	99	185
134	262	103	190
139	258	82	185
136	256	79	185
133	257	77	185
131	254	78	190
114	258	114	185
106	262	109	182
166	298	155	170
105	257	116	195
80	254	101	192
80	261	110	183
76	261	113	182
76	262	112	182
76	262	109	182
74	261	112	183
71	261	116	183
70	261	116	183
68	261	122	182
68	261	125	182
67	263	130	180
68	263	135	180
70	265	140	179
74	265	143	179
76	269	151	176
77	269	159	176
81	271	151	174
85	271	150	175
95	270	136	176
111	266	124	179
124	264	117	182
133	263	111	183
142	260	104	186
138	258	104	189
136	250	117	197
141	259	126	186
142	241	118	202
141	223	132	222
141	208	136	238
140	218	146	225
144	235	156	208
152	244	149	201
163	244	137	200
165	243	128	200
171	251	124	190
168	258	119	182
168	260	105	181
165	258	102	184
174	256	105	186
170	253	113	191
165	260	115	182
174	254	129	186
155	266	115	175
164	266	128	175
163	271	127	171
161	274	113	165
158	272	135	168
144	277	111	164
142	283	118	158
128	285	112	155
108	288	110	152
93	291	123	149
89	292	109	151
77	293	112	148
62	293	115	149
49	293	107	150
39	292	105	151
33	292	98	150
28	292	94	148
13	295	105	146
9	296	104	144
4	305	103	138
0	249	57	184
1	282	50	159
0	286	50	154
0	291	51	149
0	294	53	148
0	288	55	153
0	267	55	174
1	245	56	195
0	244	60	193
1	244	61	193
3	258	66	181
12	306	81	134
5	245	60	193
10	264	71	176
4	269	78	166
2	250	76	187
4	245	75	193
3	244	74	197
5	244	73	197
3	245	71	197
3	241	71	201
4	243	70	199
6	244	71	199
9	255	72	185
6	245	78	195
6	250	78	190
3	247	83	191
0	252	87	185
0	248	86	190
0	245	87	194
0	244	84	198
0	245	78	197
0	246	76	194
0	249	71	193
0	252	69	190
0	255	66	186
0	257	66	186
0	255	66	187
0	258	57	182
0	255	45	186
0	264	40	178
0	273	31	172
0	301	28	144
0	322	26	122
0	329	25	116
0	327	25	117
0	367	27	77
0	373	25	72
0	366	24	77
0	346	23	99
0	340	24	106
0	342	24	104
0	345	24	99
0	345	24	100
0	342	24	104
0	339	25	103
0	338	23	99
0	334	24	100
0	332	22	102
0	327	22	107
0	329	24	105
0	332	24	102
0	333	24	101
0	332	25	102
2	337	27	99
0	331	28	103
3	325	28	110
2	326	30	112
3	336	40	101
38	274	60	167
27	256	71	185
25	257	74	187
24	258	72	185
21	260	72	184
21	260	70	183
20	262	70	183
18	263	71	181
18	265	69	180
17	267	68	177
17	268	67	176
17	268	66	176
17	267	65	176
17	267	64	177
17	265	64	178
11	264	69	179
14	260	68	183
12	259	70	183
5	259	75	184
10	263	71	180
11	265	78	176
12	269	86	172
8	270	99	170
11	272	102	168
17	274	104	166
16	275	107	167
12	273	112	168
19	272	107	170
31	269	95	172
44	267	84	176
54	266	78	177
58	268	77	176
60	269	81	174
64	269	94	173
67	273	116	168
63	270	123	170
67	271	119	170
73	275	122	165
77	274	114	167
88	273	106	168
89	271	101	168
93	271	103	170
95	270	103	171
99	270	104	170
110	271	104	169
115	269	105	172
115	269	91	172
112	270	86	172
109	268	80	173
112	267	81	173
111	267	79	173
111	268	80	173
110	268	81	173
109	268	81	173
109	268	82	172
108	268	81	172
110	268	83	173
107	268	84	173
110	269	85	171
112	271	92	169
110	274	108	167
116	279	114	160
110	283	115	157
103	284	113	155
83	283	125	156
79	282	122	160
79	282	114	160
78	282	108	160
75	281	95	159
78	277	104	162
78	275	118	166
77	274	109	168
72	273	97	169
69	274	100	165
69	273	81	166
61	277	87	164
51	277	95	163
45	278	98	162
39	279	103	162
41	278	99	163
40	278	99	163
40	278	96	163
37	276	100	165
35	275	98	166
33	274	94	167
34	273	91	166
35	273	88	168
34	273	89	168
34	271	89	169
35	272	91	169
34	273	92	168
35	274	94	167
33	274	97	167
32	274	100	166
29	273	100	166
29	273	103	167
32	272	105	168
47	270	91	170
61	269	81	172
13	271	83	170
71	267	73	175
65	266	76	175
8	270	87	171
18	268	83	172
77	267	73	176
73	266	76	175
74	265	78	177
13	270	88	171
17	268	91	174
17	268	93	172
16	269	94	172
18	269	92	171
20	269	90	172
22	269	90	173
28	269	84	173
30	269	84	173
33	270	81	171
33	270	82	173
34	270	82	173
34	271	83	172
35	270	85	172
34	272	87	170
36	271	85	171
36	271	86	171
37	270	85	171
38	269	87	172
41	269	85	171
43	269	84	172
45	270	85	172
48	269	85	172
50	270	85	171
53	269	88	171
111	266	77	174
114	267	75	171
116	268	74	170
115	268	75	171
108	269	83	171
108	268	83	174
117	266	78	175
104	268	83	173
131	267	72	173
76	271	79	169
131	268	76	177
126	268	78	177
123	269	82	178
130	270	85	176
128	271	91	175
128	271	93	177
122	271	97	179
125	271	93	177
135	271	89	177
145	270	85	175
150	270	78	173
140	269	83	173
149	271	77	171
147	269	76	172
151	269	76	171
150	269	77	172
154	270	75	169
151	271	76	169
157	270	71	169
162	271	68	167
165	272	66	168
168	273	65	167
168	273	66	166
170	274	67	165
171	273	67	164
170	272	69	165
113	276	77	163
112	277	78	163
111	278	82	161
109	279	87	160
107	280	87	159
108	281	87	159
108	280	89	159
106	279	97	161
103	280	101	160
104	279	105	160
104	280	104	160
104	280	107	161
101	280	108	161
113	279	122	161
101	279	106	164
189	280	105	158
102	283	108	160
182	282	109	158
178	280	113	162
179	279	112	162
178	276	103	165
179	274	96	167
173	271	93	170
128	278	84	165
171	274	96	168
140	276	84	167
161	276	98	167
141	280	121	162
140	280	109	164
146	280	112	163
144	278	106	164
166	280	109	161
171	278	93	165
166	277	86	166
161	277	90	166
197	275	84	167
200	273	85	168
206	271	84	172
167	274	98	169
202	270	87	171
164	274	104	169
5	219	97	232
6	221	96	227
4	221	103	226
3	221	110	227
2	222	114	228
1	223	122	226
4	227	122	223
3	228	123	221
3	229	125	219
1	230	128	216
0	231	131	215
1	231	132	215
0	231	129	215
2	230	126	215
3	230	123	215
3	231	119	214
3	232	110	213
4	234	109	213
5	236	106	211
5	240	106	207
6	240	101	206
6	241	91	205
10	240	86	206
10	240	87	204
12	239	88	204
12	239	90	205
12	239	96	205
13	241	98	202
12	245	103	199
11	245	106	198
12	247	109	196
13	249	111	193
12	249	112	193
12	249	114	193
13	251	112	193
16	251	109	193
21	251	106	193
25	250	103	193
28	252	95	193
33	254	88	191
34	254	81	192
36	257	78	188
35	259	79	186
35	260	77	185
