383	313	16	42
382	315	17	39
381	314	17	39
381	314	17	39
381	313	17	40
381	313	18	40
381	314	18	41
381	314	18	41
380	312	19	42
381	313	19	42
382	313	18	42
382	313	18	41
383	314	18	41
382	314	19	41
383	314	18	41
383	314	18	41
383	315	18	41
384	315	17	41
384	314	18	41
384	315	18	41
384	314	17	40
384	315	17	41
385	315	17	41
385	314	17	41
385	314	18	41
385	315	18	40
385	315	17	41
386	315	17	40
386	316	18	40
385	316	18	40
386	316	18	40
386	315	19	40
386	316	19	41
386	315	20	41
386	315	21	42
387	315	20	42
387	315	20	42
386	315	19	42
386	315	20	42
387	315	20	42
388	315	20	42
387	315	20	41
388	315	21	42
387	315	21	42
388	315	21	42
388	315	20	42
389	315	20	42
389	315	20	42
389	316	20	42
389	315	19	42
389	316	20	42
390	315	20	42
389	316	20	42
390	316	20	42
389	315	20	42
390	316	20	42
390	316	21	42
391	316	20	42
391	317	20	42
391	316	20	42
391	316	20	43
391	316	20	43
393	315	20	43
393	316	20	43
394	316	20	44
394	316	20	44
393	316	20	44
394	315	21	44
395	314	20	45
395	315	21	44
395	315	21	44
396	315	20	44
397	316	20	43
397	317	20	42
397	315	20	43
397	316	20	43
397	316	20	43
397	315	20	43
397	315	20	43
397	316	20	43
398	315	20	44
398	317	21	43
398	315	21	43
399	316	21	43
399	316	21	43
399	317	20	43
400	317	20	43
399	317	21	43
403	316	20	43
404	315	20	44
405	315	21	43
405	315	20	43
405	314	21	44
406	315	20	43
407	315	20	44
407	316	20	44
408	316	21	44
409	317	20	44
409	316	20	43
409	316	21	44
409	317	21	44
409	317	21	44
409	318	21	44
409	318	21	44
410	318	20	44
410	318	21	45
410	318	21	45
410	318	21	45
410	318	21	45
411	318	21	45
411	318	21	45
411	318	21	45
412	317	21	45
412	318	21	45
413	318	21	45
413	319	21	44
413	319	21	44
414	318	21	45
414	318	21	44
415	318	21	45
416	318	20	45
416	318	20	46
417	318	20	46
417	318	20	45
418	317	20	46
419	318	20	45
419	319	20	46
419	318	20	47
420	319	20	45
420	318	20	46
420	319	20	46
421	318	20	46
421	319	21	47
421	317	21	47
421	317	21	48
421	318	22	48
421	318	21	47
422	318	22	47
422	317	23	47
423	318	22	47
423	318	22	46
423	318	23	46
424	318	23	46
424	318	23	46
424	319	23	46
425	318	22	46
425	318	22	47
426	319	21	47
426	318	21	47
426	318	21	49
426	318	21	48
426	318	21	48
427	318	20	49
428	318	21	48
428	317	21	49
428	317	21	49
429	317	20	49
429	318	21	49
428	318	21	49
429	318	22	48
429	319	22	49
429	319	22	49
430	319	22	48
430	319	22	49
431	319	22	49
430	319	23	48
430	319	23	49
432	318	22	49
432	318	22	48
432	318	23	49
433	318	23	48
433	319	23	49
433	319	23	48
433	319	23	48
434	319	22	48
434	319	22	48
434	319	22	49
434	319	22	49
435	319	22	49
435	319	22	49
435	320	23	48
436	320	22	49
436	320	23	49
436	320	23	49
437	320	23	49
438	319	23	49
438	320	23	50
439	320	23	50
440	320	22	50
440	321	22	50
440	320	21	49
441	320	22	50
441	320	22	50
441	319	22	50
442	320	23	50
442	320	23	51
442	320	23	50
442	320	24	50
442	319	24	50
442	319	24	51
442	320	25	51
442	320	25	51
442	320	25	51
443	319	25	51
443	321	24	50
444	320	24	50
444	320	24	51
445	320	23	51
445	320	24	51
446	320	23	51
445	319	24	51
445	319	24	52
445	320	24	52
445	320	24	52
445	319	24	52
446	319	24	52
446	320	24	52
446	320	24	52
446	320	25	52
448	320	24	53
448	320	24	52
448	319	24	52
448	320	24	52
448	320	24	52
449	320	24	52
448	320	24	52
449	320	25	51
449	320	25	52
449	320	26	52
450	320	25	52
450	320	26	52
450	320	25	52
450	321	25	52
451	321	25	52
452	322	24	51
452	321	24	52
453	321	23	52
454	321	23	52
454	321	23	52
455	321	24	52
456	321	23	53
456	321	23	52
457	321	24	52
458	321	24	52
459	320	24	53
460	322	25	52
461	322	23	53
462	323	24	51
462	322	24	52
462	322	24	52
463	323	24	51
465	323	23	52
466	323	22	51
466	323	22	51
467	323	23	51
468	324	22	51
468	323	22	51
469	324	23	51
469	324	22	50
470	323	23	50
471	324	25	50
470	323	25	50
471	323	25	51
469	323	26	51
468	321	24	51
467	321	23	50
468	322	22	48
467	321	19	47
468	319	19	48
470	316	21	50
468	317	22	50
469	317	21	50
469	317	21	50
470	319	20	47
472	316	19	47
474	309	19	49
476	305	20	49
479	300	20	49
480	292	20	51
482	290	20	50
484	284	21	50
484	282	20	50
511	281	23	53
513	280	22	53
514	277	23	54
517	276	25	54
519	277	24	52
519	272	24	56
521	273	25	55
491	270	23	54
495	267	21	52
499	267	20	46
504	257	20	52
506	250	19	50
509	243	19	50
509	236	19	52
508	232	20	52
506	229	21	51
505	227	21	54
503	227	22	54
504	227	22	53
499	226	23	53
499	226	21	52
499	224	23	53
499	222	22	52
499	219	22	53
500	220	21	53
500	221	21	53
495	223	22	54
491	226	22	54
487	230	22	53
485	231	22	51
482	232	22	51
479	230	23	52
476	228	24	51
473	228	23	53
470	226	24	54
468	229	26	54
464	233	25	54
461	240	24	52
461	245	22	52
460	249	21	53
461	254	20	51
458	259	21	49
455	261	21	52
453	263	21	53
451	262	22	53
451	261	22	54
452	261	22	52
453	259	22	53
452	260	23	54
451	261	22	55
451	262	23	55
451	262	23	56
481	260	25	56
479	260	24	54
479	257	24	56
479	256	24	55
483	254	25	54
484	253	23	56
453	255	24	54
454	256	23	54
456	257	23	55
492	255	24	56
493	257	24	55
495	257	24	55
496	258	23	55
497	255	23	56
497	255	23	55
461	256	23	54
462	256	23	52
463	255	23	51
464	255	22	53
463	255	22	52
463	255	23	52
463	256	23	51
463	256	22	52
462	257	23	52
463	259	23	53
463	261	23	52
463	265	23	51
462	266	24	52
460	267	24	53
457	268	24	53
455	268	24	55
453	268	25	54
448	268	25	55
448	265	25	56
448	266	24	56
446	264	24	57
445	264	25	56
446	264	25	57
443	264	27	57
447	263	25	58
446	263	25	57
447	262	25	57
447	261	26	57
447	263	24	55
447	263	25	57
446	263	26	56
448	264	25	56
447	264	25	55
448	264	26	56
449	263	26	56
448	264	26	56
450	264	26	57
449	264	26	57
449	264	26	57
450	264	26	57
449	264	27	57
449	265	27	56
450	264	27	57
450	263	27	57
450	263	26	57
449	262	28	56
449	261	28	57
450	261	28	57
451	262	27	56
452	262	27	56
492	259	26	58
493	262	24	57
456	264	24	59
494	263	25	59
495	264	24	60
495	264	25	61
496	266	24	58
460	269	23	59
459	269	24	56
458	270	24	56
458	270	25	56
459	270	24	56
460	271	24	57
460	271	24	59
461	271	24	57
461	271	25	58
460	271	27	58
460	271	26	57
460	271	26	57
458	271	28	58
457	271	27	59
457	272	27	58
455	272	28	59
454	273	29	59
454	273	29	59
454	273	27	59
455	274	28	60
501	272	26	59
499	273	25	60
497	273	27	61
495	274	27	60
495	273	25	60
495	272	25	61
492	270	26	60
494	271	26	60
493	272	26	59
493	271	26	59
492	272	26	59
492	273	28	57
492	274	27	59
492	275	27	60
493	276	28	59
497	276	26	58
497	277	26	59
498	276	27	59
498	275	27	60
499	275	27	60
501	275	27	60
500	275	28	60
502	275	32	59
503	275	31	61
505	275	30	61
505	276	31	61
506	276	29	61
509	278	28	60
511	276	26	60
511	276	27	62
512	276	27	61
512	277	27	61
511	276	29	61
509	276	30	61
465	285	25	56
468	286	24	54
470	284	25	57
468	283	27	57
469	280	28	61
470	279	27	62
469	278	28	66
470	280	27	63
470	279	27	65
472	279	28	67
471	280	27	64
471	280	28	63
472	280	28	62
472	283	28	63
472	280	28	66
477	284	29	65
475	282	32	68
472	287	30	64
476	287	30	65
472	285	30	63
469	283	30	64
470	281	27	66
466	281	26	63
465	283	26	60
460	283	24	58
457	284	25	56
457	284	24	55
454	283	24	57
452	282	25	57
450	281	26	57
447	279	26	56
447	276	26	56
443	276	26	55
444	276	25	56
442	276	24	56
441	278	24	56
442	279	24	53
437	281	23	55
436	280	24	56
435	282	24	55
434	282	24	57
434	283	24	56
433	284	24	56
431	286	24	56
429	286	25	55
428	287	25	56
426	287	26	55
424	287	24	56
423	287	24	55
421	287	24	55
420	287	23	56
418	288	24	54
416	288	24	55
414	288	24	55
413	287	25	55
411	287	25	54
407	287	28	54
407	286	28	54
406	289	29	52
405	290	28	53
403	289	28	55
397	289	30	54
392	288	29	55
388	286	28	56
385	285	29	56
385	284	28	56
380	284	30	57
380	287	29	56
380	287	28	56
376	286	30	56
375	285	30	55
374	284	29	55
372	285	30	54
370	284	26	54
369	287	26	54
368	287	25	55
368	289	25	55
369	288	25	54
369	289	25	53
368	290	26	56
367	290	26	55
365	290	26	54
365	291	26	54
363	291	27	53
362	291	27	53
362	291	27	54
361	290	27	54
361	289	27	56
361	289	26	54
360	289	26	54
359	289	26	54
360	289	26	53
360	290	27	53
360	290	27	53
361	290	26	53
361	291	27	54
362	291	26	54
363	290	26	54
364	290	26	54
365	290	26	55
366	291	26	55
367	292	27	54
371	292	25	56
373	294	26	56
375	295	25	55
375	296	25	55
376	296	25	55
378	296	24	55
379	294	25	56
378	294	25	55
380	292	25	55
381	293	24	56
381	293	24	54
382	294	24	55
383	294	24	55
386	295	23	55
388	297	23	54
389	299	23	55
390	299	22	56
391	301	22	55
391	301	22	55
393	302	22	54
393	301	23	54
394	302	24	54
394	300	23	55
394	298	24	55
394	297	24	55
394	296	24	56
395	296	23	55
395	296	23	54
394	296	23	54
393	296	25	53
393	295	25	54
394	294	24	54
394	293	24	54
394	294	24	54
393	295	23	54
393	295	23	51
391	295	23	50
388	294	24	50
386	294	24	53
385	294	24	53
383	293	25	52
381	294	23	52
381	294	23	51
378	296	23	51
374	297	23	52
370	302	23	48
367	305	23	49
363	308	22	48
361	309	21	50
361	310	22	50
362	312	23	50
356	314	23	49
351	317	23	50
391	315	24	56
384	315	25	58
431	310	22	53
424	308	22	53
419	307	22	53
419	308	22	54
418	311	22	53
418	313	21	53
414	313	22	53
410	312	22	53
402	315	21	50
397	317	21	53
394	317	22	51
392	317	22	52
390	319	20	50
382	318	22	52
375	315	22	53
367	314	23	53
356	311	24	54
342	311	24	53
334	308	25	54
326	304	23	53
315	300	23	52
303	294	23	52
293	287	23	53
286	283	24	52
285	278	24	53
283	274	23	55
279	272	23	55
278	271	22	55
277	272	23	56
279	274	23	56
276	272	23	57
276	269	23	56
269	263	23	57
257	259	23	54
243	256	24	53
222	250	23	52
217	247	23	52
216	246	24	52
215	243	23	53
213	241	24	51
212	238	22	51
204	229	25	54
198	220	25	53
192	213	24	52
189	208	23	52
185	205	23	52
183	204	23	53
183	203	23	53
185	203	24	53
187	206	22	51
188	206	22	52
193	207	21	53
199	205	21	53
204	202	20	54
209	198	22	55
209	196	23	54
210	196	22	52
211	198	22	51
204	199	22	52
193	197	22	53
190	198	21	52
184	195	22	53
181	197	22	51
186	195	21	52
185	196	21	53
190	199	21	53
195	205	21	51
201	207	22	51
206	207	22	53
214	207	22	53
216	206	22	53
217	204	21	54
218	202	21	54
215	199	21	53
211	197	21	53
199	196	21	52
195	193	21	53
192	192	22	53
191	191	22	54
194	192	21	53
196	193	21	53
196	194	22	54
197	195	22	55
196	196	22	55
199	199	22	52
202	199	21	54
207	202	23	54
212	202	22	53
216	201	22	55
221	201	21	52
221	195	22	57
225	196	23	55
225	193	23	56
233	191	22	55
241	187	23	54
249	174	23	54
246	171	24	53
245	170	24	55
241	171	24	56
241	169	24	59
241	175	24	57
238	183	22	56
237	185	21	59
235	193	21	58
234	195	20	58
239	202	21	52
245	201	21	53
252	200	21	53
258	194	22	54
264	189	21	54
268	183	21	55
266	179	20	53
263	175	21	53
259	173	22	53
259	172	22	53
258	172	22	52
258	172	21	52
257	172	21	53
258	173	22	53
258	174	21	53
258	174	20	53
256	175	20	54
256	176	20	53
255	177	21	53
256	177	21	52
256	177	21	53
257	177	21	53
256	177	21	52
254	176	21	53
252	174	21	53
251	174	21	53
252	173	21	53
252	172	22	53
251	174	22	54
252	177	22	54
251	180	22	54
251	184	22	55
250	187	22	55
248	190	21	56
248	191	21	56
246	191	21	57
243	195	19	53
240	196	20	52
238	195	21	51
238	192	21	53
238	189	21	53
235	186	21	53
232	185	22	52
228	182	21	53
223	182	22	52
218	181	23	51
214	179	24	51
208	180	23	53
205	181	24	53
201	184	23	52
196	186	24	53
192	188	24	53
187	191	23	53
182	192	23	52
176	192	22	52
169	194	23	53
161	195	23	53
152	195	23	52
143	196	23	52
139	196	23	53
134	196	22	52
129	194	23	53
121	192	23	54
114	189	22	53
106	187	22	52
100	185	22	52
95	184	23	54
88	184	23	53
82	186	23	53
80	187	23	54
80	188	23	54
79	189	24	53
80	187	23	54
79	184	22	54
77	182	23	52
75	180	22	52
74	179	24	53
72	179	24	53
69	179	23	54
65	180	23	53
63	181	22	54
61	181	23	54
61	181	23	54
62	183	22	53
61	183	23	54
59	184	23	54
54	186	23	53
47	187	24	53
40	187	24	55
39	188	24	54
39	189	24	53
39	189	24	53
39	188	23	53
40	188	24	53
39	188	24	53
38	187	23	52
37	184	24	54
35	184	24	54
28	184	25	53
22	185	25	53
15	183	27	56
9	186	25	53
3	185	26	55
1	185	25	56
2	182	26	55
0	181	26	55
0	181	20	57
0	184	16	53
1	189	16	46
24	191	22	55
17	194	25	56
12	198	24	56
15	197	24	59
7	199	23	59
7	202	20	56
1	200	22	58
0	199	21	58
0	198	17	59
0	197	14	58
0	198	12	55
0	198	14	50
2	200	15	47
7	201	24	51
7	200	29	63
8	215	36	64
6	222	41	70
7	232	37	76
3	219	51	75
4	218	65	79
8	222	52	89
13	235	47	85
18	229	59	76
5	230	61	87
14	276	83	88
0	246	76	98
0	262	73	102
0	263	75	110
0	262	76	116
0	273	85	113
0	277	82	109
0	288	80	110
0	288	88	131
0	277	100	114
5	246	90	117
177	254	52	112
184	257	55	109
186	260	56	110
190	263	57	108
200	268	57	107
205	272	60	107
208	273	60	108
211	276	60	108
215	277	60	109
217	278	59	108
218	278	60	108
222	279	60	109
228	279	61	110
234	278	58	111
238	281	57	110
240	280	56	110
240	281	56	110
241	282	55	109
242	284	54	109
241	285	53	109
236	285	56	110
231	285	55	110
229	289	56	109
227	290	55	110
225	291	54	111
223	291	56	112
221	292	56	111
218	295	55	110
213	294	55	110
208	294	58	112
208	290	59	116
215	287	57	116
220	285	56	114
226	291	56	111
228	284	61	115
229	283	62	113
227	282	62	113
223	279	61	115
215	281	63	115
203	283	63	114
188	288	63	116
265	285	53	118
246	289	54	119
237	289	57	119
235	288	56	120
235	287	55	120
238	287	54	121
238	288	56	119
237	290	55	121
234	292	55	119
285	291	67	116
282	292	68	116
276	286	70	121
272	281	71	124
264	277	74	125
266	275	76	122
231	278	68	124
231	279	70	123
234	281	64	121
239	280	62	124
244	281	59	123
249	281	55	122
252	280	55	124
250	281	56	123
251	282	55	125
246	282	57	124
241	283	59	123
234	286	60	119
227	285	60	120
221	283	60	122
213	281	60	122
202	281	60	122
194	282	59	123
183	284	60	127
178	286	59	125
72	303	59	123
67	302	64	123
61	302	66	125
57	303	66	125
53	303	65	127
51	302	63	128
50	303	61	127
48	303	60	130
46	302	62	130
45	301	61	130
45	301	61	130
47	303	61	130
48	304	64	126
47	304	69	127
45	305	72	127
35	304	74	129
29	301	74	132
19	301	76	132
13	301	73	130
10	300	69	132
10	301	66	131
10	301	64	131
10	302	62	133
9	302	64	134
99	295	68	131
96	294	67	132
91	295	72	132
90	294	70	134
0	308	60	135
0	308	56	137
0	306	51	138
1	309	46	135
0	308	46	136
0	308	49	136
0	308	55	138
0	309	59	138
0	309	62	139
0	310	61	137
0	312	59	138
0	312	52	140
0	311	50	140
0	310	51	135
0	310	52	136
0	310	47	136
1	311	45	139
0	310	43	140
1	312	36	139
0	307	31	134
0	311	28	131
0	315	28	126
0	308	29	104
0	312	26	105
1	337	24	105
0	335	24	107
1	339	25	105
1	339	29	109
0	313	32	138
0	316	38	137
1	318	38	138
1	317	41	141
1	318	43	140
0	319	42	139
0	316	41	141
0	317	39	138
0	316	41	140
0	317	46	137
0	316	50	138
0	316	56	135
0	312	56	138
0	315	59	136
0	311	60	137
0	310	56	140
1	311	52	140
0	314	43	139
0	312	33	140
0	327	31	121
55	297	56	128
82	291	83	135
74	293	79	135
15	298	78	144
14	300	77	141
13	301	77	142
15	301	78	144
19	303	74	145
26	302	70	144
31	300	68	146
84	296	74	144
83	297	79	145
88	298	80	142
89	297	85	142
94	297	85	140
95	298	87	139
100	298	84	142
88	299	88	144
106	298	76	142
88	302	81	139
102	299	68	142
95	298	66	146
90	297	71	146
57	303	76	146
60	303	68	147
59	305	67	145
79	303	65	150
78	304	75	142
70	306	80	138
55	305	80	139
46	308	80	135
34	306	74	144
24	305	80	141
32	303	67	140
25	301	65	147
21	300	63	150
1	305	52	151
1	311	48	142
2	305	51	145
0	305	62	139
0	296	67	141
0	297	66	148
0	296	57	148
0	313	49	131
0	340	45	97
0	322	44	58
0	326	38	46
3	312	31	51
1	321	33	50
0	320	35	50
0	315	36	59
0	327	31	77
0	343	34	72
0	310	34	78
0	297	34	78
36	290	34	64
30	295	30	55
22	290	27	52
1	296	27	47
0	293	18	51
1	296	21	42
0	289	20	55
0	286	20	57
6	301	34	54
0	326	33	64
8	337	45	61
14	350	52	86
25	370	77	99
30	363	109	105
9	337	121	144
24	274	105	125
36	249	92	110
43	256	87	105
48	271	66	90
23	247	75	82
25	197	39	58
21	203	26	52
15	206	22	50
9	211	19	45
4	213	18	46
1	213	19	45
1	210	19	47
1	210	18	47
0	210	19	46
0	209	18	47
1	210	16	44
1	217	18	36
1	220	19	39
7	218	22	45
3	229	27	43
4	227	24	41
0	222	19	42
4	223	24	38
3	219	21	42
10	210	25	44
2	213	25	44
7	209	23	55
48	207	21	44
46	209	20	44
42	207	20	48
40	206	21	49
37	208	21	49
38	209	20	46
39	210	19	44
39	209	19	44
37	208	19	46
36	212	20	43
66	212	19	48
60	214	20	47
56	216	20	46
48	214	20	46
46	217	19	42
42	216	19	41
40	212	19	46
38	211	19	46
36	213	19	46
35	214	19	45
32	214	18	43
27	215	18	44
21	213	19	46
19	217	18	46
15	217	19	49
15	221	18	46
10	221	19	45
1	220	16	45
17	219	19	41
6	219	20	42
0	217	16	49
0	217	14	49
20	227	18	41
14	228	21	38
7	227	22	41
2	229	21	42
4	232	17	43
5	233	16	42
38	236	18	42
35	238	19	43
37	238	20	43
38	241	21	44
39	242	21	44
39	242	22	43
40	242	23	44
73	243	20	45
72	242	22	45
90	240	21	43
77	234	21	42
69	229	24	39
70	227	21	39
53	225	21	37
35	226	20	38
26	227	21	37
12	230	20	40
2	231	18	41
0	232	16	41
1	237	17	44
0	237	17	52
0	243	17	49
0	249	19	47
0	247	17	46
0	247	17	54
0	243	15	43
0	239	13	43
0	239	12	40
1	238	11	40
0	238	11	41
2	237	11	42
0	237	11	42
1	236	11	45
1	238	12	44
0	240	14	42
0	252	18	38
33	248	24	44
27	251	23	40
20	250	22	41
9	248	21	44
0	250	18	42
1	250	25	43
4	251	33	49
7	260	39	48
0	318	23	52
0	322	23	39
1	321	19	44
0	321	17	46
0	328	16	49
0	327	14	54
0	325	13	60
0	326	14	57
0	327	20	44
0	354	19	52
0	356	26	63
0	331	38	60
0	332	45	56
4	334	49	71
9	333	48	70
14	332	49	64
18	328	50	58
21	335	48	67
20	335	50	61
16	334	52	59
17	333	53	68
17	335	48	100
10	335	57	139
5	333	73	153
2	335	87	159
0	334	94	161
0	334	100	169
3	338	95	167
4	345	87	162
5	361	72	150
8	362	68	145
8	350	68	154
9	341	68	155
10	338	67	159
3	343	74	154
0	338	69	158
3	334	67	163
3	342	74	151
7	335	87	150
5	334	91	161
11	337	91	146
5	333	97	159
6	326	84	173
5	345	82	156
3	341	78	159
4	353	72	154
3	345	66	155
3	340	60	158
