305	238	48	105
310	237	49	99
316	234	49	98
320	233	50	98
324	233	49	97
327	232	50	97
330	230	49	97
333	230	50	98
334	230	52	98
336	229	52	98
337	230	52	98
337	228	52	99
336	229	52	99
335	228	51	99
334	229	49	98
333	229	49	98
332	230	49	97
331	230	49	97
331	231	49	97
331	231	49	98
331	231	49	97
330	231	50	97
330	232	50	98
329	231	49	98
329	232	49	98
329	232	49	98
328	232	50	98
326	232	51	98
326	232	50	97
325	233	50	98
323	232	49	99
322	233	49	99
321	233	49	98
320	234	49	97
319	237	49	97
318	240	49	97
317	242	50	98
316	249	51	99
315	258	55	99
315	266	58	106
316	277	63	109
314	286	67	111
312	275	71	134
310	293	75	128
309	315	75	118
307	321	74	118
309	327	73	118
309	332	74	114
309	335	75	112
307	333	76	115
305	333	75	114
304	332	72	110
301	327	71	111
295	322	69	108
288	322	70	105
279	315	71	108
276	309	73	108
275	304	67	109
273	298	63	111
273	291	60	116
272	288	64	114
270	283	69	116
269	283	78	115
269	284	84	113
271	277	85	115
272	277	85	117
272	278	85	115
273	277	85	115
275	272	82	118
278	273	77	117
280	267	68	121
281	271	63	116
280	264	61	121
276	281	62	108
276	271	61	112
277	255	65	92
276	249	63	104
274	264	62	99
268	260	67	101
274	250	68	104
275	252	64	103
282	252	58	103
285	248	60	104
288	244	64	106
298	245	58	103
311	244	51	104
313	245	56	101
316	241	56	102
321	239	54	103
324	239	54	99
324	234	55	100
323	232	54	102
323	232	51	99
322	230	51	99
320	228	51	100
317	223	55	103
319	209	53	113
320	209	55	112
324	201	56	119
325	191	58	122
332	191	57	116
334	188	60	111
336	190	63	109
340	186	61	113
341	189	61	105
341	185	59	107
341	185	57	104
340	183	56	105
335	181	55	106
333	178	54	108
330	174	54	113
330	174	54	116
328	172	55	120
329	179	53	115
329	178	53	115
327	182	55	113
329	191	55	105
331	193	54	101
335	195	53	100
333	196	54	100
333	200	54	97
332	200	53	98
329	202	50	97
325	202	52	97
322	201	52	99
325	202	49	98
325	202	49	97
326	195	50	102
332	196	46	98
336	197	44	97
338	195	47	96
339	193	50	96
341	193	51	96
342	193	52	95
343	192	52	96
343	195	51	93
340	196	49	92
335	194	49	94
330	199	49	95
324	197	50	96
322	202	52	92
320	199	52	94
318	199	56	98
318	200	58	99
323	201	57	100
331	202	52	99
338	198	52	103
341	203	52	100
343	197	54	106
344	201	59	102
342	191	61	112
341	196	63	112
339	194	60	110
335	209	58	96
331	208	49	96
322	204	51	98
316	213	58	98
313	210	62	97
313	201	57	101
313	192	55	109
314	191	57	110
318	188	57	111
323	189	59	107
329	186	64	112
344	190	61	102
349	188	67	96
353	185	68	93
359	182	67	93
362	181	72	91
365	178	70	93
364	176	72	95
364	176	71	94
366	178	64	94
364	179	57	91
361	178	50	92
358	177	46	93
355	174	43	96
351	174	44	95
348	175	44	95
347	172	44	97
343	176	48	94
344	176	48	97
343	175	50	99
345	177	50	97
347	179	52	100
347	183	53	99
346	186	56	98
347	186	54	98
347	184	53	101
347	188	52	98
346	185	52	107
345	189	53	111
339	206	63	97
342	192	58	113
342	205	58	111
342	211	63	108
345	216	62	102
351	217	56	103
354	227	53	93
358	225	50	95
358	220	50	100
360	225	50	93
361	228	50	88
362	230	51	92
364	243	50	88
366	247	46	90
364	256	44	86
363	259	44	84
363	263	43	81
361	263	40	81
357	259	42	83
354	260	43	81
353	257	45	83
352	255	45	87
351	254	46	88
351	254	47	87
352	261	45	81
353	260	44	82
355	259	46	85
356	259	46	85
359	262	43	83
364	266	39	81
367	270	38	81
369	271	38	81
367	266	45	82
367	262	49	82
367	255	49	87
368	252	49	87
369	250	47	85
369	246	46	86
369	238	49	89
366	237	51	86
363	232	54	89
361	232	56	88
361	233	54	85
361	231	51	86
358	234	48	87
357	234	45	87
356	238	44	85
355	234	44	88
354	233	43	89
354	232	42	92
353	234	42	90
352	237	43	89
352	240	43	86
354	243	42	82
357	242	40	84
360	238	40	88
361	232	43	92
363	226	43	96
363	222	45	99
364	222	46	96
366	221	46	92
370	218	46	91
370	214	49	92
370	212	50	92
371	213	50	91
372	214	49	88
373	215	48	86
373	219	48	85
374	218	47	86
374	220	46	85
374	223	44	83
372	221	45	86
371	221	45	86
369	221	45	87
368	223	46	86
367	225	46	86
366	224	45	88
365	225	44	87
364	222	43	89
363	225	44	87
362	226	45	88
361	228	44	86
360	226	46	90
359	229	46	88
358	227	46	90
359	228	47	91
359	229	48	90
360	228	48	91
361	228	50	90
363	228	49	90
365	226	50	91
369	224	49	93
373	224	48	92
378	222	46	94
383	223	44	95
387	223	42	91
389	223	43	92
391	224	43	90
392	221	43	92
393	218	44	95
393	218	44	94
392	219	44	92
388	219	48	93
385	220	51	91
380	221	52	91
376	220	48	94
372	222	48	92
366	220	46	97
360	220	47	92
353	221	47	96
348	221	48	91
345	223	49	91
339	227	51	88
334	228	50	91
328	232	55	86
325	231	59	89
323	230	62	91
323	231	62	91
322	232	61	92
321	231	57	98
325	231	61	94
329	231	56	97
340	230	53	96
345	225	52	96
352	224	49	99
359	224	46	99
367	222	46	101
374	224	45	95
379	223	45	93
384	223	44	95
389	223	44	94
392	224	43	93
396	226	42	91
397	232	41	84
399	234	39	84
400	233	39	85
398	234	41	81
396	235	42	79
393	234	42	79
389	234	40	80
386	233	41	81
382	236	43	79
378	234	42	82
375	232	44	84
372	231	46	84
370	232	47	84
369	231	48	86
367	232	48	88
366	235	49	86
366	238	48	84
366	238	47	85
367	242	45	81
370	242	44	81
372	243	44	79
375	245	43	78
378	246	43	76
379	249	44	73
381	249	43	74
382	250	43	75
384	250	42	74
384	248	43	77
383	248	44	78
382	246	42	82
380	249	43	80
377	247	41	85
373	250	44	82
369	251	42	83
365	254	43	80
359	248	44	85
355	254	44	81
348	256	47	79
343	257	49	77
340	256	48	78
335	254	50	80
332	250	52	83
331	252	52	82
330	251	51	83
329	248	50	87
327	250	52	86
326	256	53	85
331	253	51	92
335	254	50	89
339	255	47	88
341	259	44	84
341	260	46	84
342	262	44	85
343	260	43	88
344	259	44	89
344	259	45	89
343	257	46	90
343	260	47	89
341	261	49	88
339	263	52	87
337	266	54	84
335	268	55	82
335	262	58	86
334	265	54	87
331	260	53	92
329	258	50	96
328	260	48	93
327	270	48	86
324	263	50	87
324	272	49	84
321	266	49	86
321	277	50	80
321	274	48	82
320	257	48	96
320	270	50	87
320	264	48	92
320	276	48	85
319	265	49	91
316	271	52	87
317	244	50	111
314	261	56	94
316	254	53	104
319	245	50	112
317	266	54	90
321	263	47	97
322	259	47	101
322	256	48	104
321	273	49	87
322	268	49	90
323	263	48	95
322	277	50	84
324	270	48	89
324	265	46	95
324	253	47	106
325	253	48	107
325	246	47	110
324	264	47	93
322	267	49	89
321	272	50	86
318	265	50	91
317	267	52	92
314	275	54	85
311	272	52	89
309	277	55	81
306	281	51	83
305	282	50	81
304	284	51	81
303	287	50	79
302	288	52	81
302	291	51	80
302	293	49	81
303	295	48	78
303	296	47	79
305	297	45	79
307	299	44	78
308	301	43	79
309	301	46	80
311	304	46	80
312	306	45	79
312	306	45	78
311	305	45	79
312	305	46	78
313	305	46	79
313	303	47	78
314	300	46	77
314	299	46	77
314	297	47	77
315	295	45	76
313	294	47	77
313	293	47	79
313	293	47	78
313	293	47	77
313	293	46	77
312	292	47	77
313	292	47	76
313	291	46	77
313	291	46	77
312	290	46	79
313	288	46	79
313	288	45	80
312	288	45	80
312	288	43	85
310	284	47	90
306	299	50	81
305	294	51	83
304	291	52	88
305	277	54	99
307	267	54	112
307	290	55	96
309	303	54	91
314	296	51	96
316	312	49	88
319	305	46	94
321	317	46	85
322	320	46	86
322	319	47	87
322	320	47	83
323	321	45	82
324	319	41	81
324	320	41	82
324	320	39	81
324	321	39	81
324	320	37	80
321	320	37	77
317	319	38	77
312	319	48	82
307	327	49	79
301	330	43	77
296	330	44	82
288	331	50	82
281	327	52	78
277	332	52	75
275	327	54	61
270	341	54	73
268	336	57	76
265	332	61	79
264	334	68	78
267	331	72	78
277	329	68	77
289	327	64	79
307	324	56	81
325	320	51	84
341	307	51	94
359	309	48	91
372	314	52	83
394	309	50	83
410	303	51	86
425	310	77	76
434	284	67	102
435	288	76	95
435	304	92	83
432	305	103	81
423	298	111	89
416	291	88	96
415	291	67	95
416	288	61	99
413	298	64	93
416	314	89	77
417	310	80	81
414	310	67	87
408	317	71	83
380	317	94	86
346	316	66	88
331	322	75	91
318	313	83	92
290	309	80	99
259	307	73	99
233	332	60	88
217	333	55	81
204	337	51	76
193	339	52	73
186	339	49	77
176	337	60	77
174	336	61	82
172	336	60	83
169	338	65	81
172	339	71	80
178	342	79	76
172	347	98	71
216	347	73	76
248	349	55	82
272	352	47	88
290	344	45	110
308	335	52	99
324	347	57	84
342	350	57	81
352	353	64	75
370	351	70	72
406	360	83	75
411	356	72	78
406	357	72	81
405	357	73	85
406	358	72	92
405	358	74	92
403	361	73	92
400	368	71	87
392	375	82	78
385	381	62	78
367	378	54	85
357	378	51	87
336	373	55	95
319	361	53	104
297	386	61	82
278	402	57	91
266	390	54	122
247	378	62	92
229	377	53	95
213	397	51	79
200	391	49	83
190	392	45	78
181	398	43	72
175	398	42	70
171	397	43	67
168	395	44	70
166	390	48	75
165	393	49	72
165	393	51	70
170	396	51	69
174	388	56	76
187	395	55	74
208	401	48	71
225	400	45	73
241	400	46	74
260	392	47	87
273	386	52	134
282	388	60	122
296	388	68	82
315	353	59	108
329	373	66	86
335	369	65	94
355	369	63	109
363	372	63	96
367	368	60	90
371	365	61	87
377	372	61	83
381	375	58	81
383	376	54	80
381	375	50	79
377	375	47	74
374	374	46	75
370	374	44	75
367	366	40	86
357	366	41	84
350	361	45	87
340	346	46	101
329	340	50	104
323	367	53	84
315	367	51	81
311	369	49	76
303	370	52	71
295	359	48	79
285	362	49	74
277	349	50	82
268	349	51	81
264	349	48	85
255	357	49	73
250	362	42	74
245	362	39	77
240	364	39	69
237	362	38	73
233	366	38	75
231	372	39	70
231	371	38	73
229	372	40	74
227	373	45	75
229	372	50	77
231	370	57	80
246	360	54	87
256	363	53	85
272	354	51	102
288	305	54	134
297	297	65	136
318	288	84	129
321	298	76	135
347	317	65	119
367	346	55	101
420	363	73	84
412	360	71	84
412	353	66	92
411	358	71	85
405	355	88	85
391	349	106	88
383	339	101	91
383	318	83	98
387	328	88	100
372	304	73	108
378	318	74	102
441	360	68	79
443	368	60	72
439	370	55	69
434	369	49	74
430	371	47	75
431	375	43	71
429	373	42	74
427	373	44	73
421	373	45	73
418	377	44	74
415	375	43	75
413	375	39	76
413	375	35	76
407	375	38	78
403	364	39	90
398	352	40	101
400	353	38	102
400	345	37	116
398	359	43	94
395	358	51	91
395	364	60	82
393	367	49	94
387	369	50	83
387	361	50	88
379	367	48	87
374	371	47	79
370	371	49	77
365	367	50	81
361	360	51	91
357	360	51	90
350	343	47	106
347	366	48	86
343	356	46	89
337	359	47	85
331	348	47	92
325	345	52	93
318	337	52	101
313	333	53	104
311	334	53	103
304	339	50	95
300	335	49	93
299	337	46	94
296	330	47	91
293	330	48	93
287	336	51	83
286	334	48	81
286	339	46	85
285	331	45	87
284	332	48	91
283	331	52	90
283	312	58	102
290	338	51	97
297	345	50	83
305	341	47	87
315	340	48	92
325	336	58	89
333	328	53	92
352	336	72	85
360	332	62	87
365	326	57	89
373	326	58	88
376	325	63	88
379	322	67	90
381	320	69	90
383	319	71	91
386	317	68	89
389	313	63	93
387	312	62	96
385	313	69	92
376	311	85	91
346	286	67	98
338	285	72	102
330	285	72	104
317	294	67	96
305	299	55	94
295	307	53	83
282	305	50	80
271	305	47	75
262	303	46	72
255	302	40	70
249	303	40	67
243	304	41	63
240	302	40	62
237	305	41	59
237	303	40	60
236	303	40	60
236	303	41	60
239	295	46	61
247	291	50	64
252	302	50	69
261	313	50	64
275	317	49	64
295	313	43	70
308	304	44	77
322	310	48	73
338	308	53	68
359	299	51	75
360	290	66	66
366	277	71	75
420	300	64	100
420	290	60	108
419	280	66	117
418	266	74	124
426	252	78	89
427	249	75	85
429	251	74	81
427	253	75	81
422	254	75	74
418	258	72	75
408	268	70	72
406	290	60	109
394	300	77	102
383	309	87	84
354	285	72	100
348	293	67	99
328	304	67	93
312	302	65	103
304	301	60	108
295	295	84	119
288	275	95	94
277	281	115	100
271	274	114	99
275	264	122	99
276	185	74	151
273	195	71	139
276	201	61	134
276	193	55	139
275	203	52	127
272	201	53	127
268	201	56	130
269	199	56	132
266	195	57	138
268	191	59	141
273	188	58	139
279	187	55	123
288	177	53	108
292	176	51	100
300	176	45	97
309	171	42	97
311	172	42	87
316	163	40	101
311	168	49	96
316	163	57	117
335	167	81	118
344	161	82	122
349	185	78	129
360	246	72	103
369	276	68	72
381	276	53	72
386	274	49	74
389	276	47	79
390	282	47	80
386	291	48	81
372	295	57	78
373	300	53	88
369	312	55	83
362	322	51	79
352	323	49	72
344	326	45	81
333	323	46	86
324	323	50	85
312	317	55	83
307	306	61	91
301	307	71	85
297	313	68	85
295	310	71	76
290	305	80	69
293	297	79	76
290	296	87	72
293	294	88	72
292	294	85	71
292	294	85	71
291	298	79	80
291	298	72	83
296	304	73	85
301	302	62	94
306	302	59	97
315	304	59	97
320	309	65	93
337	300	63	103
337	312	75	91
361	316	71	82
371	297	70	84
381	294	64	82
382	286	68	75
387	282	67	69
390	276	72	75
401	271	66	78
408	276	65	73
409	271	64	74
410	270	64	78
410	268	64	82
409	271	60	85
410	284	57	85
407	299	55	82
395	313	53	73
394	316	47	83
381	308	54	91
373	302	81	86
363	265	82	80
342	218	55	119
329	200	49	125
329	199	43	111
328	197	44	110
327	204	50	100
330	212	52	102
326	199	60	120
292	293	94	82
284	295	99	77
283	294	103	75
281	296	103	76
279	295	104	76
279	297	106	76
283	293	109	79
309	199	62	134
310	193	60	119
319	188	64	105
323	188	49	101
327	185	48	97
332	182	45	105
337	185	51	98
371	185	65	120
326	279	99	99
331	299	97	92
357	299	76	85
365	289	72	76
375	288	72	72
394	294	65	70
397	292	64	66
402	292	61	63
402	291	60	63
397	292	65	62
404	296	60	60
404	302	54	63
399	306	51	66
394	309	50	70
380	314	54	72
372	305	56	85
364	300	63	89
347	302	71	92
329	300	75	92
318	296	73	92
313	304	70	90
306	302	75	84
302	302	69	90
295	304	75	90
290	301	84	81
282	303	88	79
283	298	95	76
280	294	104	73
280	296	100	73
281	287	103	77
281	284	103	75
280	280	103	77
306	193	66	133
312	186	69	123
319	181	63	117
324	176	59	126
327	175	57	131
332	176	58	135
335	170	59	130
359	172	61	151
359	170	67	140
354	280	93	95
372	284	71	74
382	269	63	77
388	224	59	98
392	196	60	90
394	170	56	90
389	155	59	76
389	137	57	66
375	126	63	52
375	119	61	60
381	115	56	65
377	115	57	66
375	114	58	67
373	114	59	67
368	121	61	71
349	139	69	66
344	142	72	62
344	145	74	59
342	144	76	59
337	144	80	58
334	142	87	56
334	144	90	61
333	144	88	63
334	146	77	64
330	146	83	60
341	146	78	61
348	152	70	58
343	149	66	65
349	165	64	58
346	173	61	55
345	177	67	56
344	178	74	56
344	177	79	57
342	180	80	56
340	183	84	54
340	185	85	50
339	184	83	51
341	186	84	49
340	186	85	50
360	185	73	52
369	184	69	55
378	186	66	54
385	183	71	55
403	184	73	56
436	161	76	96
471	180	76	88
487	187	76	85
445	191	88	83
468	202	79	94
446	204	93	83
453	225	79	103
441	226	83	93
463	224	78	95
474	233	78	84
482	241	74	78
490	243	66	75
498	247	64	77
502	243	64	76
505	236	63	80
506	241	64	79
509	241	65	76
509	248	68	71
510	245	72	76
508	235	70	84
507	236	71	83
508	232	72	90
508	219	74	95
507	214	78	104
505	206	80	112
500	200	88	109
506	203	83	109
502	194	85	109
505	196	80	103
492	192	86	83
488	179	64	89
481	185	65	92
479	183	60	112
474	189	53	104
470	216	58	94
469	225	66	79
469	223	60	86
469	221	63	89
472	209	68	111
475	205	75	126
465	201	88	120
459	206	89	116
459	204	92	128
480	203	85	108
478	197	82	107
476	197	85	106
478	199	80	108
483	195	73	112
480	202	71	114
471	194	77	118
476	206	72	108
478	197	71	120
481	202	67	119
481	196	71	121
481	197	69	124
477	192	73	129
484	185	81	123
483	191	81	116
478	191	86	120
429	184	114	141
466	195	99	127
483	185	99	127
479	184	95	120
434	184	112	126
433	192	111	134
488	184	95	132
456	178	107	129
468	182	102	134
459	182	104	137
471	186	97	125
459	183	101	139
469	190	93	138
500	185	86	137
457	181	107	132
433	189	112	130
386	202	91	130
392	196	84	97
387	194	63	78
387	202	59	65
388	210	57	52
390	211	58	52
389	213	59	50
392	208	58	57
399	195	59	67
402	190	44	67
398	186	39	69
395	187	41	66
393	185	39	66
392	185	40	63
390	185	39	62
389	182	39	60
387	182	39	55
385	181	41	54
381	182	44	52
379	184	47	50
373	184	52	49
367	186	58	47
367	186	57	48
369	189	55	47
372	191	54	48
382	192	51	53
388	191	50	56
390	195	53	56
394	195	54	57
398	195	61	62
405	191	54	67
415	192	60	69
414	185	58	69
411	182	63	64
412	189	72	56
430	184	81	70
440	181	81	71
462	167	64	69
465	165	62	66
437	160	71	76
437	155	73	93
427	157	79	91
427	150	75	95
423	136	72	89
432	135	68	83
437	131	67	83
427	126	62	82
433	124	54	82
433	125	50	79
427	128	52	73
421	125	53	77
422	123	52	81
420	123	52	81
421	123	53	82
417	125	53	81
417	122	52	82
416	125	53	81
416	127	51	73
416	125	48	80
420	127	47	74
422	126	44	80
425	127	43	83
425	123	42	80
423	129	47	81
426	128	45	84
400	133	69	81
403	124	69	86
417	131	53	90
433	132	52	88
433	142	53	83
436	147	56	72
440	150	51	74
444	148	49	70
444	148	47	73
446	130	42	90
446	132	43	86
449	140	45	80
448	128	42	91
444	138	47	79
445	141	54	79
450	143	50	78
454	147	48	72
455	145	49	74
457	147	50	73
460	139	50	79
459	138	48	77
464	132	47	73
460	127	47	76
451	124	45	78
452	125	45	76
450	121	43	82
451	120	43	83
452	123	47	84
445	127	51	83
444	125	46	79
447	129	47	79
447	126	46	82
447	126	44	83
447	128	46	77
449	133	48	76
446	132	48	74
449	132	50	74
431	128	53	87
434	130	55	86
431	129	56	87
435	128	56	87
434	128	57	88
433	127	57	88
433	127	57	88
432	126	58	89
435	127	57	87
434	127	57	89
432	127	59	88
435	128	57	86
433	128	57	89
430	126	59	89
435	128	57	87
433	128	57	90
429	128	60	92
428	127	61	91
428	128	60	89
430	128	58	88
431	127	57	87
428	129	58	86
431	129	56	87
422	127	58	86
430	132	56	84
430	127	58	86
424	127	59	88
430	129	55	87
427	127	59	86
430	128	57	86
424	128	59	87
431	129	55	85
422	127	57	85
431	131	56	85
429	127	58	86
426	127	58	87
432	128	53	87
423	127	57	85
432	129	53	86
431	128	54	86
428	128	56	86
428	127	55	88
426	125	56	89
429	129	55	86
424	127	58	87
428	129	56	86
427	127	58	87
432	128	55	87
427	127	60	86
426	128	61	87
426	129	63	85
429	129	64	86
427	130	68	87
428	130	69	89
428	129	66	90
427	129	65	91
429	131	66	90
426	129	67	92
427	128	66	91
423	125	60	92
431	132	64	85
429	132	68	84
434	139	70	81
455	137	69	80
456	142	70	77
454	142	72	75
465	143	68	76
464	140	71	78
471	140	69	79
472	145	69	76
469	143	72	79
459	140	83	77
464	139	82	81
464	136	85	77
460	143	85	80
465	144	93	70
464	141	84	74
463	141	90	76
454	140	93	71
444	141	87	69
447	142	77	70
456	141	84	72
473	126	70	83
463	130	66	83
471	122	61	89
471	118	65	91
467	118	86	94
417	109	78	78
419	111	66	77
420	113	64	79
415	112	59	67
411	111	58	69
411	109	60	65
414	112	64	67
410	106	68	72
412	104	71	72
408	104	72	71
419	102	66	72
412	101	71	73
413	96	79	83
415	101	79	81
470	152	65	106
468	147	62	120
466	145	67	110
464	139	60	125
463	134	62	128
457	135	63	123
469	107	68	103
463	111	72	101
459	121	73	97
451	120	80	101
443	113	83	106
432	118	95	107
422	124	101	119
412	119	106	113
418	120	96	106
410	126	102	108
407	128	98	103
406	131	93	100
411	132	91	101
407	132	97	98
409	137	90	108
387	146	89	101
379	150	95	104
410	136	91	101
415	129	92	88
423	132	92	76
421	132	89	73
426	133	91	71
421	129	93	73
417	133	97	74
415	136	96	71
416	127	93	80
405	128	88	87
407	128	96	83
416	109	80	102
414	106	80	119
414	93	78	108
412	96	76	120
352	159	102	94
346	166	106	102
349	156	102	103
331	164	103	148
338	164	97	149
340	169	93	135
361	157	110	109
396	148	94	99
402	143	82	85
407	148	79	86
424	146	68	96
414	153	73	80
415	149	69	82
417	156	68	73
425	147	68	79
421	145	73	87
430	134	68	111
431	137	71	116
429	148	81	110
427	155	82	121
426	156	81	96
426	162	78	105
424	162	76	124
427	161	77	107
429	151	80	98
434	146	76	104
428	147	73	107
433	146	79	115
424	154	96	124
423	155	96	114
402	156	100	88
401	160	78	94
413	147	60	107
419	143	61	109
418	148	59	117
413	148	62	107
406	148	66	118
411	150	75	96
411	142	65	99
414	143	70	98
372	158	85	89
368	151	101	82
415	160	87	87
410	162	87	91
403	137	73	111
401	146	74	94
401	153	62	86
404	157	51	127
399	152	60	104
404	148	78	71
400	136	62	93
433	168	65	80
408	166	67	77
369	165	76	64
392	167	68	76
410	157	64	100
402	146	61	100
406	156	51	112
406	161	50	105
410	167	49	98
414	170	46	93
417	171	42	89
411	174	46	86
405	168	53	91
408	160	66	98
378	167	58	103
366	179	67	79
350	176	69	79
377	164	109	89
447	179	66	107
443	180	67	85
411	160	76	101
419	174	71	92
406	180	70	80
405	182	71	78
401	189	85	73
403	183	83	80
415	185	70	73
427	189	60	74
430	186	53	72
433	190	56	69
438	184	55	72
444	184	51	76
444	179	53	76
443	167	56	78
435	159	68	96
450	135	60	113
452	141	68	110
457	157	71	99
451	173	80	75
445	175	82	74
433	173	92	69
431	171	82	78
429	171	100	67
417	172	94	66
420	179	105	66
414	176	90	77
409	186	96	71
419	189	102	74
423	192	95	70
426	195	83	61
446	191	72	60
442	191	70	58
446	190	63	56
441	191	64	53
445	189	60	58
443	188	63	57
440	188	63	61
439	187	63	60
441	185	61	62
440	185	61	58
438	183	57	56
440	184	56	63
433	184	56	68
431	176	78	58
437	167	74	55
425	168	59	85
421	165	65	82
431	156	64	88
425	155	69	87
428	149	66	86
426	150	71	81
419	148	76	80
423	147	74	78
426	147	73	80
429	142	75	65
433	141	70	61
434	140	67	56
435	139	68	55
427	139	73	55
432	139	68	60
440	134	66	62
440	134	68	61
444	133	67	59
447	129	69	59
446	130	72	63
447	125	76	67
448	122	86	72
445	120	87	79
431	121	98	82
440	113	113	75
460	112	113	70
460	118	98	77
454	116	114	79
465	118	110	75
476	142	100	68
450	146	95	88
456	141	92	86
454	147	90	79
471	167	90	72
464	171	77	75
458	187	71	75
442	193	82	77
430	179	86	93
428	174	95	119
446	237	88	101
418	248	115	85
356	239	93	86
360	247	100	79
356	247	94	90
341	251	81	120
348	319	74	74
342	338	66	79
341	358	58	88
330	395	60	85
316	434	83	63
297	439	101	62
312	434	84	64
314	433	72	62
322	421	54	64
326	418	53	63
334	413	43	70
337	415	40	66
338	418	42	65
337	418	46	70
340	417	49	74
342	415	53	90
342	425	59	93
344	420	65	101
345	436	71	85
350	429	68	88
347	439	67	78
352	444	73	73
347	445	85	67
347	445	92	67
346	441	97	68
344	440	105	72
348	438	104	71
346	447	110	66
347	445	102	64
351	450	96	64
353	449	96	65
382	440	72	75
355	448	90	69
354	438	77	79
354	430	75	82
356	423	72	70
353	424	74	62
352	436	77	62
348	443	87	61
348	442	81	56
348	451	90	60
345	451	87	56
349	441	87	57
345	447	87	61
346	450	90	50
349	446	79	58
349	443	82	64
347	451	86	60
349	444	80	65
348	452	91	57
351	448	90	62
352	440	87	70
349	435	93	70
350	428	88	75
353	428	80	66
367	422	74	56
386	399	56	70
403	391	44	80
409	363	45	83
388	315	67	80
377	276	70	77
389	238	80	102
459	229	78	112
453	224	78	116
447	226	79	111
371	242	84	81
364	246	85	78
364	252	80	75
363	250	80	71
362	249	77	71
363	233	67	93
363	218	72	104
360	214	64	115
360	216	56	116
360	214	54	105
354	217	55	97
358	222	64	75
360	221	70	84
372	231	87	85
361	210	78	84
365	212	65	93
381	250	87	83
383	202	68	119
392	224	80	97
398	211	73	112
383	236	85	95
385	239	71	92
393	217	57	104
401	208	53	117
409	200	71	122
408	172	81	122
464	206	67	133
489	192	80	139
461	204	70	143
463	192	70	136
446	204	72	127
404	190	109	126
456	205	73	137
442	200	77	135
419	221	95	121
458	198	63	140
460	188	59	154
432	180	76	164
372	236	72	114
372	253	62	114
371	254	60	115
368	265	68	105
367	268	78	89
357	251	66	94
368	252	67	86
356	251	66	82
361	247	68	80
361	248	71	74
368	251	60	73
371	247	57	79
370	247	59	84
371	245	64	89
377	240	66	101
379	293	78	64
380	282	62	73
393	294	67	65
411	289	63	66
428	265	69	82
443	248	74	97
440	210	73	118
424	204	80	92
448	187	74	120
446	188	80	123
452	191	78	117
458	204	78	126
458	202	80	126
454	209	83	124
445	207	86	127
444	196	84	138
436	192	84	136
430	179	91	86
427	186	76	90
423	174	73	96
430	186	90	93
418	192	65	132
412	236	62	111
404	246	59	112
400	268	63	88
387	260	65	89
378	263	70	90
363	270	72	77
356	263	68	81
346	271	63	75
331	274	67	70
324	263	59	80
312	260	65	81
305	262	64	80
298	270	65	70
295	268	64	69
294	273	63	65
293	272	62	65
295	271	62	64
293	272	64	62
297	270	63	62
303	270	62	61
310	269	60	62
318	267	55	65
320	265	56	67
320	262	59	73
320	257	64	76
308	236	77	91
300	209	63	115
296	213	68	115
294	215	72	118
278	239	93	94
273	264	101	78
272	268	93	78
281	264	83	84
297	229	78	116
302	229	79	112
310	238	74	108
316	233	77	113
322	231	92	111
334	253	104	90
355	253	90	86
370	245	85	86
367	231	90	94
363	230	87	92
348	224	94	89
371	238	78	95
366	240	81	86
325	238	109	88
309	225	104	108
283	231	106	97
266	237	105	84
261	239	94	84
260	243	89	86
252	248	87	82
255	249	80	80
258	240	96	86
258	235	109	90
275	232	105	91
291	224	100	96
307	215	114	98
365	221	91	100
372	214	92	89
376	209	91	92
370	210	102	83
367	211	101	80
360	206	109	89
360	204	109	92
340	211	82	85
327	211	75	77
304	224	80	65
284	224	95	65
276	224	94	67
273	231	93	63
264	233	101	62
264	228	112	68
274	218	118	81
291	221	97	81
316	215	95	87
362	207	81	92
382	210	82	88
396	206	85	90
417	205	91	87
440	220	90	91
439	210	89	83
438	216	95	92
434	195	99	97
425	189	102	98
400	202	108	94
378	197	94	97
353	212	92	87
332	223	96	75
295	225	97	71
266	224	96	75
251	216	103	81
224	217	101	80
214	207	104	85
210	200	107	92
216	190	109	98
204	200	104	91
212	200	98	88
222	199	90	97
229	205	82	99
238	212	77	97
265	197	62	114
262	201	77	105
265	192	90	118
279	194	86	123
299	202	73	107
316	191	70	107
326	177	66	115
353	180	61	110
366	198	61	86
376	189	60	90
380	187	68	86
388	185	68	91
388	172	85	96
376	185	79	127
391	153	127	112
376	120	92	138
381	118	74	178
379	95	97	157
381	91	111	157
386	104	91	163
392	81	154	99
387	81	159	79
377	81	165	82
395	116	84	144
394	112	92	139
395	120	86	143
394	113	94	139
387	84	155	84
383	84	167	83
384	85	160	84
394	86	158	85
402	90	142	89
409	89	145	77
429	87	127	87
411	90	142	82
420	88	136	84
409	88	147	82
407	87	148	78
421	88	134	87
411	95	144	93
449	131	82	121
446	136	77	116
446	135	74	107
448	140	68	109
446	135	63	108
448	137	67	103
444	137	65	100
442	138	67	93
440	131	76	113
433	138	83	99
431	123	98	107
414	109	110	114
441	95	105	87
459	96	91	82
450	102	88	84
415	129	77	106
439	105	92	85
424	103	101	89
437	101	92	96
393	110	115	94
410	96	122	89
428	109	110	91
401	104	82	84
402	113	83	78
342	138	103	69
369	133	106	94
412	136	92	107
347	136	81	109
385	149	88	99
363	134	74	113
352	124	71	127
352	140	64	139
353	137	63	142
328	154	68	123
314	167	76	112
302	158	71	118
294	158	77	113
288	161	84	108
287	162	83	106
287	164	81	98
287	168	80	100
289	164	77	106
289	166	73	112
295	171	66	121
302	174	62	124
323	172	52	130
328	173	53	130
331	172	59	133
334	171	68	133
324	161	77	128
327	162	83	127
322	164	80	122
333	154	82	120
331	156	80	107
328	152	76	110
359	139	80	115
339	157	77	119
341	153	74	124
342	152	72	123
329	159	75	126
345	145	78	137
355	142	69	147
350	144	62	150
347	152	60	147
333	172	63	131
317	172	72	140
325	171	64	136
322	164	75	150
310	174	68	121
316	174	71	124
312	169	66	142
308	167	73	129
311	175	77	122
309	171	69	129
310	173	70	129
314	177	68	126
319	179	65	135
327	171	59	143
329	174	61	138
335	177	65	134
342	170	67	137
345	168	68	132
341	169	74	133
337	161	77	119
339	169	75	120
333	171	77	119
335	173	74	121
331	176	76	112
333	165	77	119
371	165	87	140
487	183	76	125
492	187	77	129
489	182	73	130
491	182	79	132
489	179	75	133
489	181	75	132
489	179	74	132
487	181	75	128
483	180	85	125
483	178	80	125
465	177	88	135
436	171	108	145
292	212	86	125
291	210	72	123
288	207	71	121
283	213	79	111
285	205	80	103
274	204	76	114
280	204	77	106
285	197	76	111
282	194	69	140
285	201	70	128
290	204	68	125
295	209	66	123
312	242	67	96
313	200	67	127
308	189	82	135
299	172	90	131
327	159	103	128
308	166	90	134
317	166	124	116
324	141	102	132
352	156	98	122
353	156	104	124
347	157	111	165
361	181	132	156
441	198	95	128
451	187	98	136
480	181	94	124
479	188	93	116
468	188	97	111
334	282	80	70
329	284	71	69
319	285	66	69
312	283	66	71
301	286	86	69
297	283	106	73
296	238	75	115
292	215	78	114
286	218	83	116
288	204	81	115
296	214	75	116
292	215	78	118
299	226	74	121
297	229	73	119
298	274	82	85
318	281	89	76
333	281	90	81
343	278	81	81
356	277	77	81
359	263	71	81
319	193	65	114
324	184	83	142
310	188	85	123
310	191	82	114
317	182	84	130
311	196	81	117
320	190	87	124
319	179	85	138
316	190	82	129
332	183	95	139
334	159	123	134
483	183	102	143
475	182	99	142
485	181	96	136
487	186	94	127
476	178	98	122
477	180	106	106
419	155	123	118
302	268	109	83
309	278	100	75
304	281	96	71
312	282	88	66
312	278	84	70
298	275	83	75
302	278	95	71
312	279	87	67
327	279	75	68
330	282	67	65
333	282	71	77
335	273	65	77
350	268	66	75
343	275	66	69
343	268	66	84
327	294	73	63
329	295	72	60
336	290	68	63
329	290	64	60
336	288	65	63
336	289	57	60
351	259	65	88
338	263	90	83
344	264	66	83
341	276	57	75
338	274	64	75
326	282	77	71
329	280	75	71
335	280	73	70
331	281	77	71
311	286	87	69
320	266	89	96
321	280	97	75
307	185	80	140
298	179	89	130
292	182	86	145
299	206	86	143
307	196	81	146
315	258	85	92
335	274	93	74
342	276	84	80
345	285	88	79
375	261	68	79
385	264	74	82
389	246	80	88
372	258	94	83
383	259	91	82
382	261	93	83
365	273	104	82
392	257	119	93
355	267	99	78
378	266	107	90
330	278	117	91
356	266	84	88
361	275	78	75
360	276	73	76
348	288	79	81
337	279	82	82
327	276	92	77
322	282	91	77
312	282	100	79
307	281	102	78
289	295	116	86
310	281	101	84
313	283	102	78
305	285	121	86
314	278	104	77
307	288	99	75
315	280	93	78
306	281	95	78
311	278	89	76
294	276	94	77
300	267	85	87
308	267	74	91
338	260	68	95
334	256	63	90
340	254	63	87
331	269	71	82
353	245	68	91
353	241	73	91
345	247	76	84
353	257	92	89
354	248	80	91
346	258	87	86
349	264	86	89
349	252	83	94
336	265	76	85
337	257	66	91
335	254	59	97
339	261	68	88
325	273	77	86
315	275	87	82
327	276	79	80
325	269	84	88
326	267	95	94
318	268	93	89
293	188	67	127
291	161	72	137
283	144	77	162
275	151	82	142
277	150	76	157
280	153	74	172
284	149	75	181
286	147	77	152
294	144	85	197
303	221	98	125
297	161	77	160
304	134	77	169
311	108	90	159
296	84	99	133
305	91	93	124
300	86	88	123
301	86	85	112
284	99	91	139
288	103	93	130
279	110	99	132
278	97	88	123
304	103	106	149
280	128	93	150
271	142	88	143
297	132	85	191
317	250	115	106
311	270	117	87
316	273	102	80
312	271	102	84
308	277	108	82
306	280	115	85
258	295	165	111
280	264	146	116
238	249	131	122
261	261	156	115
290	231	155	155
262	263	155	103
302	268	104	92
288	264	106	96
294	241	101	124
298	259	107	106
324	248	98	113
331	226	98	130
330	253	134	112
341	223	113	119
341	221	139	123
328	204	170	133
374	171	133	154
364	56	130	148
376	21	121	120
388	17	111	109
383	36	106	122
383	18	110	102
387	22	103	100
391	22	101	97
394	17	92	97
383	35	106	104
382	30	109	106
388	16	109	100
388	38	107	112
374	30	108	110
400	22	106	107
397	14	103	105
399	36	101	110
400	23	99	103
404	22	98	99
406	18	106	93
402	14	104	93
415	26	103	95
417	22	108	101
420	26	109	105
425	17	110	101
432	16	101	99
421	31	112	113
413	15	121	112
392	47	130	130
374	40	141	153
398	14	154	136
427	16	132	119
437	13	118	113
444	12	115	100
460	16	108	102
467	5	104	89
459	7	107	91
468	6	106	99
467	17	108	103
477	8	108	93
473	13	104	100
477	9	103	98
476	16	100	110
476	7	105	94
477	16	103	111
473	8	108	94
472	8	106	107
472	17	110	122
468	11	113	110
475	3	100	94
474	8	102	102
471	3	104	87
472	3	97	91
465	9	101	97
459	5	111	86
463	9	102	96
457	4	109	87
457	13	107	97
453	7	106	88
425	24	117	107
415	16	131	106
417	21	127	117
413	10	132	108
406	19	129	116
400	17	137	109
398	56	110	145
369	18	160	176
359	34	159	175
345	44	155	152
329	19	178	151
288	45	220	152
331	71	192	211
385	204	138	171
385	219	141	136
414	206	119	150
395	200	130	156
280	264	122	107
273	260	106	106
270	272	99	110
226	287	142	110
232	260	152	121
200	263	164	123
205	261	172	130
180	258	178	130
201	242	169	151
184	250	187	130
189	244	176	142
199	234	175	172
216	248	211	143
226	248	197	137
247	251	174	127
260	268	200	151
234	232	179	144
227	243	159	142
267	249	154	128
267	247	165	148
259	251	167	136
271	228	141	143
277	238	134	136
286	241	125	139
290	243	116	133
294	224	108	142
296	216	105	141
301	221	104	137
303	212	101	142
303	216	110	134
309	215	105	140
309	211	102	146
309	218	104	148
310	212	101	154
307	215	101	150
303	221	101	149
301	225	107	150
291	223	110	144
281	228	107	151
291	233	114	147
258	236	98	141
257	243	107	139
250	243	136	136
236	239	116	136
234	237	141	134
220	236	113	147
219	240	89	144
232	240	154	131
214	232	112	150
213	241	93	147
231	243	126	139
219	246	101	144
228	244	119	142
232	254	106	137
256	252	146	128
260	235	143	137
269	249	145	125
277	247	134	124
279	247	130	124
281	246	124	131
285	256	114	122
284	248	90	143
287	243	94	143
286	245	91	146
288	246	92	146
287	246	89	147
287	248	94	138
284	248	89	140
281	246	85	139
283	239	93	144
276	243	113	138
283	248	130	127
282	252	130	119
259	246	119	134
262	248	138	130
262	250	145	122
244	246	121	134
246	248	128	131
249	248	144	129
238	246	101	142
239	249	102	137
238	249	98	140
247	249	115	140
243	248	113	143
246	258	118	138
250	256	99	156
269	244	136	140
262	255	104	173
263	262	91	171
280	270	105	180
272	270	93	186
271	268	109	175
278	280	102	184
276	277	114	183
275	267	114	202
278	300	110	179
279	295	120	184
276	276	130	184
281	300	127	175
278	274	125	184
279	314	115	166
282	304	117	173
274	269	135	153
282	264	108	163
283	264	107	161
280	258	106	153
280	255	115	134
283	225	106	129
281	199	95	132
284	170	96	134
290	112	79	169
285	97	80	165
283	62	75	163
285	33	78	175
278	38	83	152
278	23	85	154
281	17	84	148
283	16	84	141
287	17	88	142
287	17	89	140
293	16	90	145
295	23	116	155
319	51	115	179
300	54	92	191
297	48	88	211
295	78	92	205
294	85	91	194
290	103	93	183
277	193	116	143
282	200	115	133
279	219	114	134
279	228	116	137
277	251	111	154
269	240	118	134
269	265	107	193
258	265	119	199
247	263	137	203
250	290	119	202
272	259	145	191
259	220	161	160
276	218	142	158
297	187	142	160
262	284	111	178
271	270	121	173
271	270	106	179
270	243	123	148
278	251	103	151
278	254	106	139
283	235	101	137
283	236	105	132
283	228	101	135
284	222	103	129
291	184	94	137
284	178	102	146
291	164	99	143
287	160	99	149
287	156	100	151
285	158	101	152
284	172	104	147
282	179	106	148
278	183	107	148
278	193	106	150
277	215	107	147
273	216	101	156
272	243	101	161
270	250	116	146
276	243	131	136
274	239	136	140
285	228	127	142
290	210	133	153
287	223	126	150
281	189	129	156
280	202	136	156
282	220	131	151
280	201	137	158
296	213	138	153
462	175	111	161
459	179	114	156
464	183	111	168
467	188	108	164
473	198	110	159
471	222	111	167
468	215	114	154
466	195	118	150
463	149	105	165
461	156	121	155
458	151	117	164
454	163	115	142
457	174	108	133
462	170	109	147
455	177	104	162
453	183	108	146
458	170	110	163
452	176	109	162
449	244	106	158
441	238	113	154
440	234	115	151
435	218	116	153
444	199	110	148
438	195	113	158
444	192	114	158
439	198	115	150
453	184	108	148
455	191	110	152
458	187	111	146
461	195	116	138
462	200	116	147
469	200	118	155
482	195	104	174
477	195	111	176
479	155	102	208
468	161	116	213
471	255	130	171
450	193	135	220
414	179	161	200
353	162	119	191
355	173	106	161
358	173	93	154
360	184	98	147
366	198	94	142
376	212	89	152
378	209	87	169
382	218	82	183
381	237	83	174
382	294	85	170
380	300	82	173
374	331	89	167
375	344	82	164
370	351	74	164
366	364	73	152
362	363	73	147
360	357	73	143
359	351	73	133
357	330	75	121
359	301	80	131
359	288	94	119
358	267	80	125
357	237	101	118
369	218	86	126
364	189	85	141
368	153	76	164
365	158	78	156
371	135	75	168
362	131	92	193
370	166	104	181
355	189	108	168
358	217	106	143
371	236	93	134
379	243	89	152
377	257	110	158
345	276	129	146
380	219	121	163
370	217	110	153
357	205	102	135
358	212	91	128
356	212	85	126
349	218	91	126
344	197	98	116
339	179	104	141
459	177	105	128
464	188	109	124
465	191	111	120
467	185	109	124
466	196	109	139
455	128	84	173
452	126	89	157
426	128	103	165
327	195	99	153
313	219	98	137
323	208	76	123
318	221	83	122
325	223	78	118
325	222	77	123
324	215	79	132
322	240	76	128
322	243	72	126
317	247	72	133
311	260	74	130
285	281	96	112
271	277	97	110
279	276	107	102
271	281	106	94
241	291	128	114
238	278	139	109
219	267	143	152
197	262	161	149
175	240	149	171
153	170	135	224
164	170	137	222
151	170	147	219
151	193	158	208
151	178	160	226
151	151	159	233
120	205	179	218
166	219	165	211
174	255	171	172
183	264	155	172
211	266	148	154
227	277	142	127
286	266	125	112
299	278	123	99
326	278	127	111
322	254	119	117
333	140	108	176
279	22	156	132
289	17	161	133
292	17	159	131
281	14	155	133
286	23	153	126
305	12	143	139
316	18	147	145
324	23	147	136
338	21	129	132
337	18	128	134
339	24	131	125
347	20	137	131
363	37	143	142
367	18	137	141
364	25	143	139
372	21	131	129
375	22	132	124
378	21	128	140
379	19	116	134
387	20	106	122
427	93	135	106
397	70	142	114
410	69	145	104
412	66	137	116
423	70	142	112
425	67	145	115
432	67	144	114
441	84	142	125
457	102	129	135
466	93	122	109
474	93	123	105
507	96	107	112
510	113	113	136
514	120	129	182
502	150	164	203
489	148	160	215
501	146	164	218
497	143	170	206
490	156	163	194
513	164	167	217
498	160	163	212
495	171	157	189
499	170	146	186
505	175	137	177
509	165	134	185
504	168	139	178
503	170	135	175
505	162	128	180
513	158	122	182
504	152	128	195
497	162	136	187
500	166	131	182
504	171	122	172
512	163	114	184
512	173	117	174
519	167	113	176
520	147	116	188
514	142	115	198
510	147	120	197
507	143	125	215
504	142	129	236
498	151	133	219
500	157	132	208
502	151	129	215
498	130	129	250
492	170	139	200
498	165	126	186
499	162	131	179
503	138	131	205
494	149	134	203
490	172	145	220
486	170	139	211
484	173	138	187
495	165	126	185
491	173	130	175
495	163	122	202
491	163	123	199
492	163	119	196
490	164	120	188
486	170	122	183
489	165	117	191
489	161	115	189
485	170	115	183
490	170	112	173
495	163	113	180
489	178	121	165
491	171	111	167
486	172	112	166
487	178	112	161
494	163	100	167
481	187	108	158
479	184	111	157
489	181	107	160
499	183	107	160
504	177	105	164
510	182	102	173
508	193	116	171
495	201	120	170
512	198	112	166
503	200	118	154
515	203	112	159
519	197	109	157
508	199	117	151
524	200	105	154
517	188	110	156
520	196	105	150
524	201	105	150
522	197	105	151
522	197	105	154
522	199	104	151
526	197	101	156
524	199	103	156
525	198	102	157
524	198	102	158
528	198	100	159
525	198	102	155
523	195	105	161
518	196	109	156
510	194	114	160
515	186	112	173
510	196	113	160
505	198	119	154
507	194	116	155
508	194	112	152
509	196	113	160
506	206	112	146
497	211	122	139
496	207	118	145
485	212	122	146
488	213	120	140
482	217	118	139
490	223	111	149
483	207	108	138
492	205	96	152
490	217	102	142
485	211	103	146
494	207	101	141
488	207	106	143
481	182	113	166
472	190	124	153
480	199	129	146
456	206	131	136
505	248	118	130
533	237	94	148
532	218	90	162
534	219	90	158
538	220	90	146
538	224	92	133
540	220	91	136
544	228	89	147
537	193	89	161
535	203	93	154
536	180	79	168
532	205	93	142
532	171	80	163
531	191	93	159
528	201	98	152
530	199	97	159
534	200	99	160
535	199	95	169
536	185	92	176
525	212	107	150
534	160	89	187
531	181	92	177
527	189	100	163
526	192	103	163
522	193	105	160
524	192	108	180
526	201	105	177
526	175	101	192
523	184	103	183
525	197	111	182
523	203	110	185
531	173	95	194
524	192	103	173
531	194	104	183
516	210	117	166
535	157	89	206
528	184	99	176
524	195	105	174
532	206	106	180
531	183	94	166
523	196	108	155
536	201	106	175
526	204	103	163
531	189	93	172
531	206	101	161
524	239	105	153
522	239	108	148
520	234	110	150
527	213	105	164
500	195	100	149
515	178	93	168
514	185	104	205
473	234	137	204
427	223	155	220
419	214	130	230
389	237	132	174
389	247	121	173
368	255	119	168
393	241	106	168
401	276	92	144
402	276	88	141
406	288	86	136
408	285	86	130
398	279	98	134
393	277	94	137
394	297	89	123
390	291	85	129
367	266	116	145
378	244	146	119
464	242	107	118
461	238	112	128
462	251	105	116
477	260	110	117
486	255	121	143
492	249	125	159
500	236	123	176
463	235	157	159
502	238	135	162
490	239	148	175
477	239	170	167
501	246	153	167
494	236	147	163
505	253	139	151
490	245	137	163
491	247	142	154
489	252	138	150
469	239	137	163
460	239	135	154
470	233	118	151
470	214	106	144
506	188	88	138
503	197	80	129
523	191	68	134
528	194	65	128
530	194	59	122
533	198	55	115
534	198	53	115
535	199	52	108
538	199	49	102
534	199	53	99
534	200	52	100
532	200	52	107
534	201	49	109
533	201	50	106
536	201	49	105
533	204	50	104
535	201	51	111
534	202	51	110
536	201	49	97
532	202	50	105
536	204	49	90
537	208	48	80
539	208	48	75
542	199	44	49
546	201	39	37
550	204	33	29
525	186	62	63
514	221	76	103
530	241	88	149
523	233	100	155
519	233	101	149
529	218	83	163
530	203	78	167
531	201	75	141
532	201	70	148
532	201	70	121
536	199	59	138
537	197	62	113
537	197	58	118
538	197	54	100
539	202	53	98
539	204	51	90
536	206	52	76
527	213	63	94
514	194	73	139
497	186	91	165
499	188	103	199
495	227	125	167
496	200	124	202
500	205	129	188
485	198	133	188
483	194	145	192
481	208	147	174
491	206	138	189
489	215	132	166
476	197	126	176
476	197	129	169
479	214	127	160
461	206	137	166
460	211	147	171
477	222	137	177
484	202	115	191
482	191	115	202
443	218	139	185
478	167	122	234
476	163	126	232
474	162	126	229
472	158	125	228
463	178	127	215
481	169	127	221
490	161	119	227
500	162	110	227
503	169	107	222
499	197	100	196
511	183	90	203
502	189	91	194
509	192	89	195
511	186	82	191
506	190	79	189
505	193	84	178
500	196	85	169
490	213	90	167
495	204	92	179
497	194	84	188
493	200	86	177
498	188	86	181
495	200	83	177
503	174	87	166
508	194	76	173
498	199	81	156
498	203	80	153
500	198	79	150
494	204	82	143
492	195	85	151
490	204	87	151
490	202	86	143
498	196	82	138
504	195	82	140
498	195	81	137
507	193	79	144
506	189	83	150
497	187	79	149
504	181	83	162
504	178	81	156
510	173	79	153
509	173	78	156
506	171	79	157
500	175	83	155
504	176	83	158
501	185	83	153
495	187	87	153
490	196	91	144
489	197	91	143
490	201	89	144
487	205	88	145
486	204	89	142
492	202	86	141
488	201	91	135
483	199	90	142
492	201	88	146
494	200	90	145
489	195	92	151
484	198	94	147
481	199	93	148
492	195	88	150
488	200	84	161
493	191	83	164
493	202	82	159
481	203	83	158
495	192	89	150
481	218	81	153
470	265	87	107
489	200	78	145
469	231	87	139
472	200	87	152
459	243	92	117
469	200	83	141
464	199	92	149
454	243	91	111
456	242	84	108
461	189	96	122
451	180	89	151
471	184	94	137
469	183	111	128
478	183	102	138
474	181	100	137
479	182	99	138
480	181	100	131
478	184	103	130
468	184	104	132
437	177	109	130
442	189	112	142
456	190	111	141
485	183	103	150
453	189	123	145
403	196	110	142
399	205	104	142
362	248	120	98
376	249	127	93
389	227	114	120
385	234	115	113
408	229	103	121
395	267	111	89
403	280	105	79
395	277	97	85
420	271	89	86
432	291	65	82
437	289	63	76
438	301	68	77
431	277	87	83
344	282	94	70
299	212	69	110
298	211	78	111
297	210	74	109
304	217	77	111
297	211	83	117
298	203	83	129
298	202	86	130
305	186	85	154
320	231	105	120
328	251	121	117
313	263	137	94
322	261	118	91
347	228	92	123
353	288	130	96
374	209	124	115
422	227	97	135
414	222	98	132
393	190	114	139
427	196	103	132
406	202	113	134
402	200	100	126
447	214	83	131
416	209	103	125
479	193	91	145
466	193	90	148
418	228	109	120
437	226	91	123
417	224	107	131
416	220	112	126
397	207	149	120
433	214	104	126
462	220	86	130
433	217	97	122
462	225	93	135
443	231	109	129
454	225	111	144
477	212	110	150
485	203	101	164
485	212	107	164
474	231	120	139
469	244	124	127
461	242	121	130
436	238	130	133
366	225	159	120
391	228	146	128
317	234	110	103
321	229	89	101
332	219	89	115
342	218	105	111
332	194	92	108
365	168	147	166
378	181	168	159
404	209	128	127
413	206	133	128
432	188	103	150
425	166	132	179
423	179	166	188
378	129	188	215
363	77	187	347
357	22	206	460
339	12	214	465
342	10	211	478
346	16	206	474
355	15	200	473
351	13	203	475
355	16	200	472
359	19	199	473
366	20	192	469
375	30	178	458
385	37	164	431
385	37	166	455
388	40	167	448
389	41	166	448
387	39	168	450
383	38	176	452
380	35	180	449
379	34	185	457
371	31	187	459
370	28	183	465
364	28	189	470
360	23	194	472
347	19	199	475
342	24	181	448
356	21	190	449
349	20	200	474
351	15	191	476
355	14	187	480
357	12	193	480
351	15	198	474
359	25	189	463
357	22	189	470
354	26	189	464
358	34	189	455
345	34	198	456
351	36	201	454
343	30	202	460
347	28	203	462
351	22	200	471
350	15	195	476
349	17	191	470
349	19	195	465
344	23	200	461
350	20	195	464
343	18	199	466
348	21	197	465
350	24	193	452
343	19	196	443
317	21	227	464
312	22	231	452
311	25	233	438
324	26	230	449
332	24	214	457
345	26	203	458
341	23	208	465
352	23	202	467
319	22	234	471
348	24	212	472
347	23	211	467
356	24	199	465
366	25	182	462
371	28	180	459
373	28	180	459
373	29	178	460
373	29	179	459
374	29	176	458
374	30	174	455
373	32	175	453
372	32	175	453
374	32	175	453
371	32	177	453
372	33	174	452
370	33	176	452
370	33	176	453
368	35	176	449
371	36	172	443
370	39	177	440
368	35	178	444
372	39	178	437
368	35	181	443
369	35	183	443
365	33	187	448
364	30	186	453
363	32	191	449
361	32	191	446
365	34	190	443
367	34	189	448
367	30	184	450
371	30	182	452
373	29	177	451
374	30	174	449
376	31	170	445
376	32	169	444
377	36	167	440
374	35	170	439
376	37	166	438
374	38	172	438
372	37	172	438
372	37	168	436
374	39	169	437
369	38	171	437
372	37	166	441
372	40	162	431
368	40	173	440
370	39	167	439
373	42	159	432
365	42	170	437
367	42	169	437
367	43	169	436
366	44	167	435
366	46	167	430
369	46	165	424
371	47	161	432
371	49	163	428
373	49	160	425
374	50	155	422
370	51	155	423
369	53	155	418
369	51	154	419
372	52	155	418
370	50	164	420
369	50	173	424
373	50	173	427
374	52	170	422
376	50	170	421
373	51	173	420
374	50	171	421
376	52	166	414
376	55	170	410
376	57	167	402
375	55	173	411
375	50	176	420
377	50	177	419
378	50	176	418
384	51	170	413
387	54	169	414
382	50	172	416
384	52	174	415
384	52	173	415
387	54	173	414
387	56	173	413
392	58	167	406
389	58	171	410
395	63	166	396
392	70	168	378
398	95	162	361
399	94	167	330
401	112	148	285
394	126	159	152
455	150	115	112
458	157	90	101
426	137	86	128
459	155	91	109
422	133	76	133
424	137	82	120
429	135	81	118
440	136	87	114
427	134	80	130
439	135	90	115
422	128	88	100
410	127	84	72
426	137	71	89
452	154	63	107
466	178	62	98
462	177	63	90
444	151	70	98
448	145	73	108
445	139	77	115
445	141	85	115
446	137	80	116
447	139	82	110
451	140	85	112
454	138	85	108
454	143	83	117
457	142	99	103
445	139	87	126
447	136	97	110
450	138	94	119
454	139	100	126
461	142	98	128
458	141	96	118
441	137	98	126
449	136	106	110
474	192	68	139
459	158	94	90
437	146	95	104
429	139	92	101
420	134	82	105
431	155	84	97
440	161	83	104
439	153	99	108
432	144	86	121
478	145	81	85
466	148	82	83
468	147	81	80
458	162	70	87
468	149	74	78
464	155	64	76
451	177	69	76
455	163	67	88
460	157	69	76
461	158	59	73
466	159	57	70
466	158	55	66
466	158	53	65
467	151	53	64
466	157	56	78
461	178	61	87
456	175	70	87
459	168	69	96
463	167	66	93
462	163	61	90
461	160	62	78
461	161	56	77
464	155	51	67
464	156	48	65
466	156	46	63
465	156	44	61
467	154	43	67
465	152	45	67
466	151	47	65
464	148	48	68
461	145	50	70
461	144	52	71
465	148	52	69
464	155	53	67
457	155	56	68
443	147	66	72
464	164	58	76
461	165	59	71
464	155	55	72
455	155	59	68
458	154	59	70
459	154	57	69
459	155	59	72
458	154	55	67
461	157	54	67
453	156	56	63
458	159	59	71
456	159	61	68
457	157	59	69
458	156	57	68
461	159	54	69
456	159	56	67
457	156	56	68
457	157	54	69
457	159	54	70
452	159	55	69
451	160	58	67
452	159	57	66
452	162	58	63
450	162	58	63
450	156	59	67
454	158	59	67
448	165	65	63
448	180	64	84
443	174	76	88
440	180	80	74
443	176	77	95
436	178	79	99
433	179	66	98
449	171	67	102
439	160	75	79
450	166	64	79
452	161	63	82
438	155	68	89
442	147	62	78
425	154	73	86
424	154	75	88
426	155	72	86
425	158	72	83
420	154	64	87
424	161	65	86
423	163	65	83
422	162	66	85
421	165	67	87
419	160	70	91
412	162	78	97
413	160	77	107
414	163	80	102
408	165	81	107
420	171	75	105
405	178	88	113
421	172	80	127
433	150	87	154
425	168	102	102
429	160	84	112
433	157	88	95
437	155	84	74
446	164	74	116
443	153	87	76
456	145	68	63
445	157	67	75
454	157	71	72
447	152	74	75
443	153	78	75
442	157	78	82
436	149	87	84
434	159	91	88
406	176	104	129
437	148	93	89
439	161	89	94
452	146	76	81
448	152	72	77
442	158	75	80
445	148	74	77
451	145	71	76
445	144	74	64
447	144	67	64
442	142	71	63
444	142	71	68
450	142	71	59
458	146	55	67
459	142	54	64
454	156	48	101
464	153	54	101
450	152	63	101
444	154	71	114
450	151	69	126
448	158	73	130
468	148	67	152
481	141	65	132
478	146	67	131
485	149	62	144
475	142	70	141
482	145	66	146
473	143	78	146
479	139	72	150
481	141	71	143
484	140	70	146
487	143	67	144
484	146	72	139
480	160	76	134
475	157	82	142
488	160	79	132
488	149	72	167
489	149	82	102
476	172	68	157
490	159	71	175
491	159	112	132
505	176	69	198
509	174	90	140
512	155	74	191
506	147	72	201
492	135	80	155
504	141	81	128
477	141	73	153
470	130	83	102
474	136	80	95
474	123	79	85
470	133	78	95
475	121	74	86
475	119	72	70
482	119	66	62
484	121	58	60
480	119	61	59
470	121	54	63
468	123	52	70
464	117	51	71
463	117	51	76
460	116	50	87
456	116	50	89
453	117	54	85
453	106	49	96
453	102	47	101
452	91	46	94
448	88	47	84
453	85	45	82
450	88	48	78
455	82	49	78
450	82	56	85
439	95	69	84
441	152	65	109
436	180	69	82
430	170	74	84
437	121	62	108
436	183	77	75
429	166	75	91
434	158	79	93
431	167	77	95
428	166	84	88
436	147	81	100
431	164	81	97
431	156	85	98
442	123	73	112
442	121	60	101
445	124	62	103
449	121	63	87
454	129	65	97
452	126	68	98
457	122	64	97
462	121	63	98
463	123	66	98
463	123	68	101
463	125	69	108
458	124	72	115
449	124	74	112
450	120	73	114
459	121	76	119
462	124	75	116
467	126	71	114
459	124	74	108
464	119	76	103
461	124	74	97
468	124	70	101
464	128	69	108
445	162	81	89
468	123	63	124
447	172	76	89
450	181	76	77
448	182	74	81
456	189	67	71
459	187	55	78
455	184	50	83
455	182	43	87
449	183	46	85
448	188	47	88
441	169	61	87
443	174	65	91
444	167	78	102
459	132	74	126
439	126	88	136
444	127	96	150
452	124	97	143
449	120	86	158
446	127	87	145
450	179	74	131
456	169	75	105
460	152	69	112
458	160	77	104
459	161	76	102
464	163	74	100
465	166	67	99
463	158	69	114
462	164	67	112
461	161	70	114
453	159	78	118
443	198	64	116
443	189	69	115
441	200	68	114
437	191	77	107
437	201	70	106
437	193	64	111
439	205	61	108
443	211	53	106
446	227	56	97
449	239	57	87
452	256	58	78
456	262	65	75
468	255	65	86
465	265	88	80
499	250	65	99
509	238	60	108
506	253	70	95
516	234	66	113
520	191	72	159
518	181	81	167
518	163	84	184
528	145	82	206
527	143	88	209
522	145	97	206
513	156	109	199
508	160	115	191
510	164	115	174
503	175	121	176
511	175	116	171
511	178	117	179
527	167	104	192
520	174	110	192
520	169	110	200
515	175	113	196
535	176	97	199
543	159	80	217
534	142	79	238
520	148	90	231
522	156	80	222
517	145	77	236
517	138	74	242
513	145	73	241
511	144	75	243
504	146	79	244
499	151	85	240
494	153	89	238
489	157	94	240
486	155	94	240
486	152	94	246
484	159	94	233
483	165	96	175
494	168	85	162
504	166	69	178
505	171	66	163
506	181	64	158
506	184	64	176
510	182	62	201
506	180	70	176
511	181	63	168
510	184	66	174
513	184	69	178
508	187	76	176
496	175	85	157
499	168	81	193
511	177	87	239
507	171	95	237
507	157	92	245
510	147	86	254
508	148	86	247
506	144	83	244
504	134	79	250
502	126	75	252
501	134	71	240
496	123	69	248
491	118	67	248
486	125	64	240
482	120	63	246
474	129	65	236
472	128	66	226
469	120	69	175
472	110	64	174
468	123	61	153
464	156	60	118
466	156	53	112
463	147	51	122
435	115	76	143
443	132	68	135
428	113	88	99
436	112	79	111
432	108	84	91
428	110	83	89
439	118	79	96
424	115	87	90
414	125	90	107
415	113	91	110
412	131	103	125
411	128	108	132
454	145	81	156
469	154	71	141
461	147	77	148
463	200	82	145
464	156	77	148
485	158	66	144
461	161	87	139
498	160	60	148
496	145	62	135
500	151	60	136
504	155	58	141
503	157	58	137
504	156	57	139
506	154	57	144
505	157	57	140
507	154	57	139
506	155	57	144
508	157	57	138
502	154	59	146
506	162	58	140
505	159	60	137
505	161	60	139
500	156	62	137
499	171	65	132
508	153	58	148
505	157	56	150
499	160	61	132
494	163	63	135
492	167	65	132
500	166	59	137
502	172	55	134
501	173	56	140
497	174	57	141
495	175	58	139
492	177	57	144
490	180	54	147
485	179	54	148
428	147	78	76
431	146	75	72
441	138	75	79
436	139	81	76
435	133	82	81
444	141	75	77
439	140	72	73
443	142	68	73
445	147	67	68
439	139	64	74
438	142	68	71
440	141	68	72
437	139	70	79
433	140	65	71
433	143	59	67
430	139	57	68
430	143	57	65
427	141	59	67
424	144	62	65
422	141	64	69
419	146	73	68
416	156	75	63
407	163	72	62
406	171	79	58
394	187	80	52
390	194	77	57
385	211	78	53
388	223	69	58
386	235	55	67
388	241	64	74
379	240	96	92
454	198	67	150
417	174	92	172
422	157	95	197
423	162	102	189
420	142	106	189
451	119	81	228
458	115	76	204
435	136	99	185
408	159	113	199
393	232	125	154
365	238	120	124
399	272	99	107
408	294	76	88
407	306	69	76
409	302	68	71
408	297	66	67
407	293	65	58
414	288	82	62
418	282	86	67
411	282	81	62
415	276	72	69
416	271	73	68
419	267	79	68
424	258	74	75
421	258	76	72
439	236	65	81
433	241	69	72
436	235	64	70
439	230	62	74
441	224	65	67
442	217	68	60
442	211	71	54
443	207	72	55
446	207	69	55
448	204	68	57
450	208	66	57
454	214	61	58
457	219	58	61
460	227	52	80
459	233	55	69
458	232	51	76
459	234	53	109
455	222	59	107
454	229	62	116
448	256	67	87
451	255	64	84
454	277	62	64
458	279	57	57
461	280	54	62
462	274	56	71
459	273	62	72
462	269	66	78
462	279	71	79
464	269	70	88
459	265	73	92
457	256	75	100
456	251	81	97
456	170	77	154
455	172	82	163
454	169	86	164
455	171	90	159
460	156	83	142
470	149	74	128
470	128	72	140
467	132	76	155
462	123	83	145
465	136	75	187
473	164	81	186
476	143	75	169
483	144	73	182
451	165	93	187
448	159	96	191
484	152	79	207
470	134	76	185
475	164	83	195
455	154	96	188
474	158	85	200
469	128	82	205
477	141	85	176
466	157	82	187
463	128	84	190
463	128	87	170
458	145	92	178
451	119	90	188
421	117	104	129
432	113	95	153
444	109	87	226
438	110	89	212
433	110	91	203
433	111	93	176
447	108	78	227
437	94	87	225
434	106	87	213
431	106	94	213
409	102	113	194
424	109	107	193
401	105	132	89
361	108	122	72
360	109	108	68
387	114	96	68
390	103	89	78
386	108	106	69
394	112	106	70
388	103	113	75
399	105	103	75
439	113	94	78
419	107	94	93
405	127	91	108
414	111	103	98
410	100	101	87
432	128	70	154
434	210	65	149
435	212	67	128
438	205	68	129
435	186	72	141
438	197	75	133
436	207	83	127
450	199	66	155
450	129	70	173
444	113	79	165
447	110	82	183
454	125	82	159
460	123	81	158
465	130	79	164
471	128	81	156
476	139	79	155
482	144	76	153
487	133	70	179
492	136	71	177
493	131	72	165
489	140	79	169
496	135	86	174
501	132	84	170
499	133	85	166
500	147	88	149
504	150	91	159
503	153	94	167
506	160	98	211
502	168	105	212
504	171	107	219
505	191	108	222
503	187	111	226
497	175	119	145
507	189	104	141
510	182	101	151
509	179	99	128
502	175	104	104
503	179	101	104
501	176	103	83
511	191	105	103
504	182	105	95
513	192	99	96
522	195	91	99
529	191	88	88
547	204	72	116
524	196	92	104
525	197	96	91
537	191	86	84
530	196	89	96
529	194	92	85
539	197	82	97
539	195	80	100
534	194	83	93
537	197	80	89
535	198	79	84
536	200	80	89
538	201	79	94
536	205	83	96
537	208	79	104
526	210	87	107
522	204	87	108
527	209	81	110
512	233	98	100
508	224	102	98
509	216	101	113
505	212	106	147
516	206	98	158
521	195	100	149
517	193	101	143
516	178	108	141
509	178	93	162
510	166	89	165
506	155	82	154
498	152	77	164
490	153	82	161
485	145	84	154
476	148	84	156
475	126	82	163
446	177	100	130
441	159	102	135
425	167	107	126
404	206	107	115
402	206	96	123
398	206	87	116
408	218	84	118
414	228	79	107
404	203	85	122
415	213	75	116
427	225	66	100
427	226	60	100
429	211	63	112
432	213	69	113
396	179	79	89
396	177	66	95
401	186	64	92
402	194	62	92
402	207	56	89
409	215	68	84
410	218	57	91
412	216	60	96
416	217	70	104
399	222	70	100
407	223	73	99
412	224	66	105
408	222	65	104
410	224	68	106
413	222	72	108
412	221	68	117
410	221	69	116
411	219	73	113
413	225	75	118
414	227	74	105
416	232	73	88
415	250	73	95
418	252	74	90
419	256	74	92
419	246	77	83
414	240	79	85
408	235	81	83
408	234	78	87
406	228	73	88
406	229	64	90
401	225	66	92
391	225	72	91
383	228	79	89
380	227	82	90
377	229	86	91
382	230	86	92
381	230	76	90
384	230	78	98
392	225	74	102
401	225	73	99
407	228	78	102
403	222	81	109
396	227	91	111
387	223	102	107
383	225	103	110
396	221	90	103
393	225	79	102
389	224	75	104
392	239	70	109
389	243	73	99
391	244	76	93
387	244	77	94
388	239	75	102
387	236	76	104
386	234	82	100
374	234	93	103
378	239	87	109
374	234	89	102
384	238	78	106
384	246	75	99
382	248	76	94
380	241	73	105
380	241	84	108
377	239	89	110
381	238	90	116
381	245	98	115
379	240	99	117
382	239	102	113
379	238	98	109
383	240	95	104
388	240	100	96
393	239	125	95
390	241	132	95
398	239	128	95
404	241	120	90
405	240	104	92
406	242	86	98
418	243	71	94
417	244	72	94
416	243	77	97
410	243	85	95
416	243	81	92
416	243	82	91
417	243	82	91
424	243	79	90
420	242	81	90
423	240	81	90
427	239	76	91
430	240	71	89
430	240	70	88
427	240	74	88
429	237	77	93
426	238	76	90
430	237	77	91
428	239	75	90
428	242	70	97
430	239	69	96
431	240	64	102
433	240	63	105
430	239	65	106
428	241	66	98
422	240	67	97
417	243	66	97
408	245	70	91
406	243	68	93
402	244	71	93
392	246	76	87
390	243	72	91
386	244	71	90
386	245	68	92
382	241	68	93
377	245	70	94
372	237	72	103
363	247	76	99
358	242	80	105
345	243	89	105
341	238	92	111
338	237	92	114
337	235	89	117
338	230	87	120
337	228	88	121
338	216	83	131
336	211	85	136
335	201	91	129
341	194	93	128
341	194	94	133
344	187	100	141
350	188	99	118
354	188	93	135
362	189	93	121
375	191	97	126
400	188	81	117
416	191	73	114
432	187	80	114
436	188	78	110
443	186	81	111
448	192	86	110
454	181	82	121
459	180	78	123
460	177	74	123
464	186	76	117
471	179	87	118
474	173	89	122
476	173	93	121
475	174	90	120
476	175	80	121
479	178	71	118
478	180	84	118
466	187	91	114
456	191	98	114
447	197	99	111
436	206	83	113
434	215	85	114
423	222	85	119
412	226	90	112
381	236	100	112
364	246	109	111
356	253	106	112
342	252	119	113
329	262	134	99
321	271	125	99
312	274	118	108
307	273	125	112
294	275	123	113
296	281	114	106
302	278	108	101
286	285	91	132
295	274	100	152
260	288	100	179
249	291	100	181
241	296	94	215
230	300	101	203
213	287	111	138
216	290	106	132
213	291	102	135
208	294	103	133
209	294	95	131
215	291	86	134
220	289	84	154
221	317	87	197
221	283	93	207
217	275	101	231
214	273	109	228
214	269	123	221
229	250	195	118
233	244	190	122
234	246	180	132
233	250	185	115
232	243	167	116
245	255	150	113
249	259	151	108
289	259	114	111
285	261	114	111
303	255	114	113
233	267	130	110
239	268	141	109
239	272	142	109
234	277	121	113
242	270	115	118
236	272	113	114
240	271	108	120
248	266	110	117
242	264	108	107
251	265	98	95
259	264	93	92
265	259	82	94
259	253	92	96
238	247	106	105
241	245	99	111
241	242	97	124
250	237	89	130
256	219	85	124
265	204	80	141
266	206	94	113
261	188	101	96
260	178	110	102
256	171	127	98
262	169	127	98
263	159	132	92
265	149	139	103
281	140	141	123
366	198	139	144
356	176	133	157
358	180	131	159
363	191	139	143
241	71	164	93
245	68	165	81
240	60	135	81
237	53	153	76
239	41	159	83
236	37	137	86
236	31	151	82
242	27	166	80
240	22	175	83
246	20	179	82
247	24	128	83
255	26	103	77
261	26	102	70
262	24	91	72
261	29	78	73
264	21	122	50
265	21	114	57
265	21	112	59
267	21	111	62
271	20	110	64
272	21	111	71
274	21	106	67
273	20	106	67
276	21	99	60
270	24	98	67
266	23	107	77
262	23	93	77
260	25	90	74
253	23	83	72
252	23	80	71
252	24	84	69
245	22	76	68
253	23	87	67
331	27	84	99
366	24	121	80
364	21	132	79
403	23	100	78
400	29	97	74
406	26	86	75
409	29	95	73
417	28	83	74
381	138	59	82
381	131	59	129
380	126	64	130
380	110	58	139
378	113	65	128
378	98	57	134
377	98	60	131
375	102	60	122
367	103	61	122
361	101	61	121
352	104	60	122
345	108	59	126
337	113	63	131
335	118	62	135
341	122	57	126
335	127	67	127
312	135	83	127
308	136	76	137
310	141	89	132
267	150	99	125
268	146	88	133
285	152	84	120
284	151	84	126
288	149	84	136
300	147	93	141
312	150	128	144
322	156	123	149
318	147	118	152
318	146	126	156
324	135	122	163
319	133	125	167
307	127	134	164
326	127	123	173
315	127	129	162
313	126	128	196
323	118	126	167
333	123	117	182
338	113	116	165
339	126	119	160
342	105	115	166
346	118	116	168
353	108	115	158
357	119	115	161
361	115	116	147
366	120	106	145
369	116	114	138
365	123	113	132
373	125	118	142
379	119	130	146
