17	380	31	64
19	377	28	72
21	377	29	72
26	376	28	72
29	375	30	73
32	373	32	75
35	373	33	74
40	373	33	74
44	374	33	74
49	375	34	73
52	376	40	76
56	375	40	79
59	375	43	82
56	369	47	94
52	362	53	99
50	360	59	108
48	358	57	104
46	355	58	108
46	353	60	115
49	348	67	122
52	343	70	136
51	343	74	137
46	311	79	171
45	314	82	170
48	316	80	167
49	309	79	174
49	304	79	179
49	302	78	180
50	305	76	178
50	302	78	182
52	300	77	182
54	302	77	182
54	307	76	174
54	306	78	178
58	307	76	176
57	312	78	171
62	316	75	165
64	310	73	172
66	312	74	170
67	312	72	170
68	312	72	169
69	316	71	164
72	329	67	154
73	326	68	152
76	329	66	152
77	328	62	152
78	318	61	161
80	324	56	158
82	317	54	162
82	308	56	173
84	316	57	166
87	315	55	167
88	312	54	168
89	310	55	169
88	313	59	166
89	321	58	160
91	333	56	150
91	333	56	149
92	334	56	149
93	333	53	149
92	333	52	150
94	331	49	145
94	327	50	152
94	325	50	153
94	322	51	158
94	319	52	161
94	320	52	161
93	320	53	160
94	322	54	158
95	319	54	161
95	303	56	177
93	303	58	178
95	310	58	171
95	306	61	178
95	313	62	171
95	314	62	170
95	315	64	169
94	313	65	172
94	313	68	172
96	312	66	173
96	312	58	172
97	313	56	170
99	316	58	167
101	316	61	169
100	314	62	171
99	314	67	170
101	314	68	170
103	315	71	167
102	316	66	167
106	315	71	169
108	316	68	166
109	324	69	159
109	317	70	166
107	322	69	160
112	319	70	164
113	319	72	166
113	317	75	167
113	316	76	167
113	315	79	169
114	315	75	168
114	314	79	169
116	314	78	169
116	313	79	170
116	313	81	169
117	313	81	170
117	312	80	172
118	312	79	171
117	311	81	172
118	312	78	169
116	314	76	167
117	316	74	167
117	315	75	168
116	314	75	168
116	314	74	169
117	314	72	171
116	314	74	169
115	314	76	169
114	313	78	170
115	314	78	171
111	314	80	170
110	313	79	171
110	313	72	171
110	316	62	165
108	317	55	163
108	316	51	163
108	317	47	162
108	314	47	164
107	313	49	167
105	313	53	169
106	314	56	166
99	311	59	170
97	315	63	167
96	314	66	170
95	314	68	170
96	319	66	160
93	317	70	167
92	312	71	171
92	317	72	164
89	314	76	170
86	319	81	164
82	316	89	170
81	317	93	169
81	321	95	165
79	330	99	156
81	333	94	154
79	346	81	140
79	347	76	139
82	351	77	134
78	354	77	132
83	356	72	129
81	359	70	126
84	360	68	127
80	360	72	125
88	359	69	127
82	356	70	129
77	353	73	133
79	349	71	137
75	346	72	139
78	338	71	147
76	338	71	146
79	326	70	158
75	322	78	163
78	319	81	166
77	316	79	170
76	316	79	169
77	315	76	169
78	315	75	168
78	318	73	165
77	315	78	168
76	316	80	167
77	315	84	168
76	310	87	176
77	308	90	178
78	310	91	177
79	315	91	171
79	319	92	167
78	316	96	170
79	315	95	171
82	315	94	170
86	313	91	171
95	316	81	169
102	315	75	168
106	315	73	168
109	316	70	165
112	316	69	168
115	316	67	165
119	317	64	165
121	318	63	164
120	319	65	164
123	317	64	165
124	316	64	165
125	317	65	165
127	316	63	166
128	317	65	165
126	317	68	166
127	316	69	165
129	316	70	164
132	316	68	165
133	317	67	164
132	316	70	164
132	316	71	165
133	315	72	165
134	315	71	165
135	317	68	165
137	320	66	161
137	318	66	162
140	316	65	165
139	315	67	166
140	315	66	167
140	314	66	167
140	315	67	166
141	316	68	165
141	314	71	168
143	311	74	170
145	308	73	172
147	309	72	172
151	309	73	174
147	310	76	171
150	309	78	174
150	309	76	173
152	309	76	173
153	309	75	171
155	310	74	170
156	311	74	170
159	312	74	169
162	312	80	168
158	312	81	172
159	314	82	167
162	318	81	162
162	320	86	161
163	324	87	158
164	324	89	158
163	322	89	160
166	324	85	158
168	323	83	157
169	315	83	165
168	306	85	174
172	298	87	185
176	290	82	189
175	280	84	200
173	271	93	207
176	265	96	209
174	272	92	209
177	266	96	204
173	269	96	204
183	276	93	197
183	279	92	198
200	279	83	202
212	277	70	206
211	296	67	186
215	304	63	177
216	309	64	171
210	310	65	164
210	310	69	161
212	311	68	164
215	309	67	166
215	306	65	170
208	308	70	169
202	311	75	162
149	335	56	124
150	347	46	109
152	350	41	105
151	350	41	106
151	350	42	104
149	349	40	105
148	348	37	105
147	343	38	111
144	342	40	112
141	344	43	111
140	343	42	108
138	346	41	104
137	345	41	107
134	344	43	106
131	346	45	105
130	344	47	106
129	351	47	100
127	354	46	98
125	355	48	98
123	354	42	97
122	355	42	98
121	355	40	97
119	355	40	99
120	356	40	98
120	356	38	98
118	356	39	98
116	359	40	97
112	359	42	93
112	360	41	92
110	361	42	93
107	361	42	91
104	360	43	93
101	360	44	92
99	359	45	94
97	357	42	96
95	357	42	99
93	358	41	94
89	358	42	100
87	358	44	99
85	357	44	100
84	357	45	99
82	357	47	99
81	358	47	99
81	359	46	99
82	358	43	99
81	358	40	100
80	358	39	98
80	358	38	99
79	358	38	100
79	358	38	101
78	358	38	101
78	358	38	101
76	358	39	101
75	358	40	100
74	358	40	100
73	358	40	100
72	358	41	100
71	358	40	101
70	359	40	100
70	359	40	100
69	359	40	98
68	358	41	99
65	358	42	97
65	358	42	99
64	358	43	98
63	358	44	99
62	359	43	97
61	358	45	97
61	358	44	98
60	359	44	98
60	359	44	99
60	358	45	99
59	359	44	100
59	358	44	99
59	358	44	98
59	358	44	98
59	359	43	98
59	359	42	99
60	357	42	100
58	357	41	100
59	358	41	100
59	356	42	100
58	358	41	100
59	356	42	102
57	358	43	100
57	358	44	101
56	357	45	101
56	357	45	102
56	358	45	102
57	359	45	100
57	360	44	100
57	361	43	99
58	361	41	97
58	361	40	96
57	362	40	97
56	362	40	97
57	363	39	94
56	363	39	96
55	363	39	94
55	363	39	96
54	364	39	95
53	363	39	95
51	364	39	95
50	365	39	95
48	365	40	94
47	365	42	94
46	366	42	93
44	367	43	92
42	367	44	92
41	368	45	92
40	368	46	91
41	370	45	89
39	372	46	87
39	372	45	87
39	373	45	86
38	373	44	86
38	373	43	86
38	372	43	86
38	374	40	85
39	375	40	84
38	373	40	84
39	374	40	83
38	376	40	83
38	375	40	84
38	375	42	85
37	375	45	84
34	376	43	84
35	375	42	85
34	376	42	84
33	376	44	83
32	376	46	83
30	376	46	84
28	375	47	85
28	377	46	84
27	376	46	84
25	376	47	84
25	378	48	84
21	378	50	83
21	377	47	84
18	377	47	83
15	377	48	83
13	375	44	83
11	375	48	83
12	374	47	85
11	371	48	87
11	370	46	88
11	368	45	92
10	366	45	93
11	363	44	96
11	364	43	94
12	362	40	97
11	364	37	97
11	365	37	95
12	367	35	94
10	368	35	94
10	368	35	93
11	368	35	93
9	367	36	94
9	366	36	95
9	364	36	97
9	363	36	98
9	363	37	99
9	362	36	99
9	362	35	99
8	363	36	99
8	359	36	102
8	357	37	104
7	358	38	105
7	352	40	110
8	355	38	107
8	354	39	109
8	356	38	106
9	352	38	110
10	355	38	108
9	354	39	108
9	354	38	108
10	352	38	110
11	350	36	111
10	350	36	111
9	354	36	107
9	355	37	103
8	357	37	102
9	360	36	100
9	363	34	96
10	364	34	96
9	365	34	95
10	366	34	95
9	366	35	95
9	365	34	97
10	364	35	97
8	364	35	97
10	364	35	97
10	363	35	97
10	364	35	97
11	364	35	97
10	363	36	96
12	363	34	96
11	363	35	96
12	362	35	98
10	361	37	98
11	361	36	99
11	361	36	99
10	361	38	99
9	360	41	101
7	360	41	100
8	360	40	101
8	361	40	101
9	362	39	98
9	363	38	99
9	363	38	98
9	362	37	98
9	360	36	100
9	360	36	100
9	360	36	101
9	359	36	101
10	359	36	101
9	359	37	101
9	359	38	101
10	358	39	102
10	359	40	103
11	358	41	101
12	358	42	103
11	358	43	104
12	358	44	102
14	357	43	104
15	357	42	103
16	357	41	104
15	357	42	104
17	356	42	103
18	356	41	103
20	357	40	102
22	357	40	102
22	358	40	102
23	358	40	101
23	358	40	102
24	358	40	101
24	358	40	102
26	358	39	102
26	358	42	102
27	357	42	103
26	357	43	104
28	357	41	104
29	357	42	103
30	358	42	103
31	357	43	103
31	358	44	104
31	357	45	103
31	359	45	102
33	357	44	103
35	359	44	101
34	358	45	101
36	359	45	101
37	358	45	100
38	358	44	100
39	358	43	100
40	357	43	100
42	357	42	100
41	358	42	99
42	357	41	99
41	358	42	99
43	358	41	98
42	359	41	98
43	359	40	99
42	358	42	98
43	358	40	100
42	358	42	99
44	358	41	100
42	358	42	99
43	358	41	100
42	358	41	99
42	359	41	98
42	360	40	97
41	361	41	96
42	361	39	95
41	361	39	96
41	361	38	96
41	361	39	96
40	360	39	96
40	360	39	96
40	360	40	96
40	361	38	95
39	361	39	95
39	362	39	93
40	363	38	93
39	363	38	93
37	363	38	93
37	363	38	94
36	362	38	93
34	361	37	94
33	361	38	94
32	361	39	96
32	361	38	95
32	361	38	95
30	361	38	95
30	362	38	93
30	362	38	92
29	363	38	92
29	364	38	91
29	364	38	92
28	364	38	92
28	364	38	91
27	364	38	92
28	364	37	90
28	364	36	90
27	364	36	89
27	364	36	88
27	364	35	88
27	366	35	87
26	365	35	86
24	366	34	86
23	366	35	86
24	366	34	85
22	366	34	85
21	365	35	86
20	364	35	87
20	364	36	88
18	364	36	86
19	365	35	86
18	365	35	86
18	365	36	86
17	363	36	87
16	361	37	90
16	359	36	91
14	357	37	92
14	356	36	94
14	355	36	95
13	354	37	96
13	354	37	96
14	355	35	92
14	358	34	90
12	362	34	88
14	366	33	83
14	367	32	82
14	367	33	82
14	367	32	80
13	367	32	81
14	367	32	82
13	367	32	81
12	367	33	83
12	367	32	84
10	367	33	83
11	367	32	83
10	368	32	84
9	369	32	83
10	369	31	82
9	369	32	82
9	369	32	82
9	370	32	82
8	369	32	82
7	370	32	82
7	369	31	80
8	369	31	80
7	370	31	81
8	370	30	82
8	369	30	81
9	369	30	80
9	369	30	81
8	369	30	81
8	369	30	80
8	369	29	80
8	370	30	80
8	370	30	79
7	370	30	80
7	370	30	81
7	370	30	80
8	370	30	80
6	370	31	80
8	370	31	81
7	370	31	80
8	370	31	79
8	371	31	79
9	372	30	77
8	373	31	78
9	373	30	76
8	375	32	75
10	375	30	74
8	377	31	73
8	378	34	71
7	380	35	69
6	383	36	67
6	382	38	69
5	385	40	66
5	385	41	65
4	387	44	63
2	387	42	64
3	385	43	67
3	393	46	60
2	394	44	59
1	397	43	56
3	397	42	59
1	396	44	57
4	395	42	59
2	394	43	59
3	391	41	61
3	393	43	59
4	391	43	61
3	387	42	64
5	387	43	64
5	386	40	65
4	381	40	69
7	380	40	70
7	378	37	73
8	376	36	74
9	374	35	74
8	374	33	74
9	372	34	76
10	373	33	76
11	370	32	78
11	367	32	81
12	366	33	84
13	365	31	83
13	365	30	83
14	364	30	85
14	362	30	87
17	360	29	89
16	361	29	89
17	365	29	82
17	365	30	83
18	364	30	83
20	362	31	87
22	360	31	88
22	361	31	87
22	363	32	84
23	363	33	84
23	366	33	81
25	369	32	78
26	371	32	77
26	371	31	75
26	371	32	76
28	371	31	77
27	371	30	77
28	371	30	77
27	370	29	78
28	371	30	78
27	370	29	78
27	370	30	78
27	370	30	79
27	370	30	79
27	370	30	79
26	370	30	79
26	370	31	79
26	370	32	79
24	370	32	79
24	370	33	80
24	370	33	80
23	370	34	81
24	371	34	80
23	371	34	80
23	371	34	80
23	371	34	79
23	372	33	79
23	371	32	79
23	371	31	79
23	372	31	78
23	371	31	78
24	372	31	78
23	372	31	79
23	372	32	79
24	372	32	79
24	372	33	79
24	372	34	79
25	371	35	80
26	371	34	80
28	370	34	79
31	371	34	80
30	370	35	81
32	370	36	81
34	370	35	81
34	369	34	80
37	370	33	79
38	369	33	79
39	370	33	79
39	370	33	78
40	370	34	78
41	370	35	78
43	371	35	77
44	371	35	77
44	371	35	77
45	373	34	76
46	372	35	76
48	372	34	77
50	372	33	76
51	372	33	75
51	373	34	75
52	373	35	75
53	372	35	76
55	372	35	75
56	372	35	75
57	372	36	76
58	372	37	77
59	373	37	77
61	372	36	77
62	373	36	77
63	374	36	76
66	375	34	75
67	374	34	75
69	373	34	75
69	373	35	75
69	373	35	76
71	373	34	77
73	371	34	79
75	372	34	78
76	372	34	77
77	371	34	77
78	371	32	77
79	371	31	76
80	371	32	75
81	372	32	76
82	371	32	77
82	371	33	77
82	371	34	76
84	372	34	76
84	371	35	77
85	370	35	77
86	370	35	77
85	370	35	77
86	369	35	77
85	371	36	76
87	370	36	78
85	370	38	76
86	370	37	77
88	370	36	77
88	370	36	77
88	369	37	78
90	370	37	78
91	370	37	78
90	370	37	77
90	369	37	78
91	369	37	78
93	369	37	78
94	369	35	77
95	369	35	77
95	368	35	77
97	369	34	78
98	369	34	77
99	369	33	77
99	369	33	77
98	370	35	78
97	370	36	78
98	368	36	79
99	368	37	79
99	369	37	79
99	368	38	79
99	368	38	79
99	368	39	78
100	368	38	79
100	368	38	79
100	368	37	79
101	369	37	79
100	368	37	78
101	368	37	80
101	368	38	79
102	368	38	79
101	368	39	78
100	368	40	79
100	368	40	79
101	367	40	80
101	367	39	80
102	366	39	81
102	367	38	82
102	366	38	83
102	366	38	83
102	366	39	83
102	366	39	84
102	366	38	83
101	366	39	84
102	366	39	85
101	366	38	85
100	366	38	85
99	365	39	85
100	365	39	85
99	365	39	85
99	365	38	85
98	365	38	84
97	365	37	84
97	365	38	84
96	365	38	83
94	365	38	82
94	365	36	82
93	365	37	82
92	366	37	82
89	366	37	83
89	366	37	82
89	366	37	82
88	366	36	82
86	367	36	80
85	366	37	80
84	366	38	80
83	365	40	81
83	366	40	81
81	365	40	82
77	364	44	83
77	366	44	82
76	364	44	84
75	364	44	85
76	364	43	85
75	365	42	84
73	365	44	87
73	365	42	87
71	366	44	86
67	366	46	86
67	366	46	85
64	365	47	86
63	365	48	86
62	365	48	86
59	366	45	85
54	363	44	88
53	364	41	87
51	362	42	89
49	361	42	89
47	361	43	89
45	359	43	90
42	359	46	89
39	360	49	89
37	356	51	92
33	354	51	95
32	354	51	94
30	353	53	97
30	353	53	97
29	354	51	96
29	353	51	98
28	351	47	98
25	352	50	96
24	351	51	96
24	351	51	94
21	350	51	95
19	351	48	94
18	352	47	92
17	355	47	92
16	357	44	90
14	359	42	88
14	360	42	87
13	361	41	87
11	362	39	87
9	362	41	87
7	363	42	89
8	363	41	88
8	362	39	92
7	362	36	93
4	362	35	93
2	362	34	92
2	362	33	92
0	363	31	91
1	363	29	89
