4	248	102	244
8	254	93	236
8	257	92	236
9	259	92	234
8	261	94	231
8	260	97	229
9	262	100	226
10	262	100	225
9	263	103	224
8	263	105	227
8	264	108	227
9	268	108	223
9	272	111	218
10	273	115	217
11	274	123	217
16	275	122	216
25	276	118	215
27	278	113	211
30	282	122	207
39	288	118	199
53	289	97	201
70	287	87	203
78	291	74	200
82	283	72	210
86	287	75	206
89	285	81	210
89	278	91	217
88	293	107	198
81	299	129	194
79	298	142	195
84	294	140	199
90	293	133	201
94	292	129	203
99	292	127	204
108	294	118	203
128	285	107	212
139	289	98	207
150	293	94	203
163	295	88	201
175	299	83	198
181	295	81	201
185	297	95	200
186	298	107	201
188	300	111	198
188	305	126	193
194	302	118	197
198	304	119	193
207	299	107	197
219	297	94	199
225	298	88	196
230	296	84	198
241	295	82	198
257	295	85	199
254	293	89	201
246	289	99	202
253	290	99	202
251	290	104	201
264	290	102	202
271	292	117	201
274	288	120	202
281	292	120	200
284	294	122	196
293	292	122	200
301	292	121	200
313	290	110	201
330	291	94	202
340	291	92	201
352	290	85	202
356	290	89	202
364	289	85	203
371	290	84	203
375	290	90	201
380	293	99	198
382	293	102	198
384	293	107	198
384	285	115	208
388	285	113	207
393	285	109	207
396	282	113	210
407	272	113	221
421	279	102	212
436	278	97	213
448	269	87	222
460	263	83	227
463	267	86	225
469	274	81	217
474	264	89	230
476	282	102	209
478	285	118	205
478	298	122	190
481	291	125	198
483	290	125	201
486	289	124	201
492	284	121	209
503	284	114	209
518	280	101	213
530	279	93	211
537	280	91	211
544	280	88	210
556	279	85	211
563	280	84	211
568	280	85	212
571	276	94	216
573	280	102	212
576	282	101	209
578	281	105	212
578	276	110	218
581	261	111	232
588	267	104	224
595	274	102	217
606	271	94	220
617	271	90	218
629	277	91	212
639	278	91	211
642	276	89	212
643	276	90	212
646	277	92	212
646	276	96	212
644	275	112	212
647	276	124	212
651	279	119	208
654	279	121	207
665	280	113	207
666	281	110	205
676	280	101	206
683	280	98	205
687	279	95	205
691	279	93	205
695	279	95	204
697	279	97	205
699	279	98	206
701	279	99	205
700	278	106	206
700	278	107	208
703	279	103	207
703	278	104	207
705	279	102	206
707	279	99	206
711	278	94	207
718	277	87	209
720	275	87	216
721	275	88	227
721	263	91	242
722	240	103	271
727	191	142	321
713	192	127	314
706	195	123	315
702	191	128	321
680	187	142	322
672	186	152	323
668	190	154	320
657	188	161	320
641	196	168	310
628	204	166	306
617	195	152	314
609	199	140	309
602	206	135	301
591	212	124	292
578	213	126	297
558	210	133	297
547	207	137	302
537	205	142	302
522	203	147	303
511	203	157	305
502	204	164	309
497	205	158	306
484	210	160	301
467	212	133	299
461	216	140	296
450	215	131	298
439	216	137	297
427	216	147	299
406	218	169	290
395	216	173	294
394	218	161	291
392	222	151	288
387	226	137	284
355	227	135	283
344	230	133	280
335	229	135	283
330	228	139	284
316	229	140	285
308	224	146	286
296	227	149	279
288	228	154	280
278	234	155	276
269	234	154	275
263	241	141	267
254	239	136	271
248	242	121	267
241	240	113	268
230	239	115	270
230	251	113	251
193	238	132	272
206	247	117	258
199	243	118	263
202	250	102	252
192	257	100	250
183	296	99	216
169	264	104	249
164	288	111	226
152	247	108	264
117	245	118	263
113	243	114	264
113	246	121	262
100	246	132	263
78	262	156	247
72	271	151	238
72	263	136	246
84	274	110	235
38	264	120	244
46	261	121	248
33	254	125	255
22	263	131	245
39	252	113	258
37	261	111	245
39	264	109	245
34	270	114	241
29	265	107	247
31	268	94	242
24	273	96	237
24	277	100	236
25	277	93	235
15	271	93	242
10	270	91	245
9	272	91	243
8	271	88	244
6	275	93	240
4	272	91	242
1	276	97	240
2	276	90	238
1	278	92	239
1	278	93	240
3	280	91	237
3	283	81	234
5	284	76	235
5	283	73	240
4	284	77	238
5	282	78	239
5	285	76	235
4	285	77	236
3	290	74	229
1	296	77	223
1	298	82	219
3	297	81	219
2	298	79	219
3	302	75	214
3	299	67	217
3	301	65	215
4	303	63	213
5	296	59	222
4	301	64	214
4	304	62	213
2	303	66	215
4	305	66	211
3	308	64	208
3	310	62	207
2	310	66	205
2	310	66	202
3	310	63	206
5	311	66	207
3	306	62	213
4	307	63	210
4	304	58	214
4	303	61	212
3	301	65	216
1	299	73	218
2	295	70	221
2	293	70	223
2	291	69	228
3	290	69	220
3	285	67	227
3	284	64	227
3	288	58	223
3	284	58	228
3	288	57	224
3	287	57	223
3	302	49	208
2	305	49	196
2	329	45	179
2	328	42	175
2	329	39	174
2	317	39	180
2	340	39	162
2	335	37	167
2	329	36	174
2	331	36	168
2	334	38	167
3	338	39	160
3	333	41	166
5	335	45	161
5	317	50	175
0	299	47	199
6	293	49	214
1	295	59	201
3	286	58	201
1	279	53	210
0	271	47	229
1	260	46	238
0	256	43	248
0	257	40	243
0	263	35	232
2	271	35	217
2	271	35	176
2	262	33	183
1	265	35	178
2	259	37	183
3	255	38	193
2	256	37	209
2	264	37	232
2	264	37	224
4	259	42	194
3	266	38	192
3	281	35	198
3	281	38	193
3	278	37	189
5	276	40	179
3	271	40	184
5	275	41	181
4	269	43	190
4	273	40	188
5	275	41	187
2	277	43	177
5	277	42	183
3	287	46	171
5	287	51	178
2	299	57	157
0	285	53	181
0	281	48	177
2	281	41	177
0	279	34	178
2	276	32	183
0	275	30	191
2	292	29	184
1	304	30	176
1	322	28	167
1	318	26	169
2	317	27	171
2	312	27	178
4	303	30	193
3	297	34	202
3	286	35	216
3	276	36	231
4	274	39	235
3	277	42	228
0	277	52	227
2	283	48	225
2	281	46	226
0	281	49	226
2	279	50	229
2	280	48	226
1	278	49	226
1	277	51	230
2	278	56	233
2	277	58	235
3	276	57	235
2	276	59	236
3	275	58	236
2	275	60	239
2	276	68	235
3	276	69	234
3	276	70	233
3	276	70	233
3	276	68	234
3	277	75	231
4	276	78	232
2	277	81	232
4	277	84	233
9	275	89	233
5	274	97	234
5	274	106	233
6	272	110	235
9	272	100	234
9	272	104	234
13	273	97	238
21	268	92	242
26	266	91	246
33	266	88	242
35	264	92	245
34	261	101	250
25	258	112	254
27	253	114	256
2	250	138	261
13	250	133	260
12	247	139	264
13	245	144	267
13	254	142	256
14	245	141	268
25	244	135	269
36	245	126	268
41	242	123	271
52	241	113	272
61	243	104	271
66	243	105	272
71	242	100	273
74	243	99	273
77	243	95	271
79	239	97	276
80	237	121	278
85	238	118	274
87	248	125	265
88	238	129	275
97	238	136	275
102	231	137	280
120	229	129	281
131	228	119	283
139	229	117	287
142	228	126	286
153	227	121	286
155	227	112	288
156	226	114	283
163	224	112	290
167	225	115	289
174	227	111	286
176	227	118	288
183	225	111	290
186	224	114	292
194	222	114	294
203	222	115	295
205	222	125	295
216	220	123	295
226	218	118	300
230	218	123	300
241	215	123	298
245	215	122	299
247	214	137	301
250	213	138	304
254	214	139	303
257	213	150	303
259	211	154	306
269	210	153	307
287	209	136	305
302	208	122	306
315	210	117	307
320	209	123	307
327	208	120	308
333	208	121	309
347	207	118	308
354	207	125	309
356	206	139	309
362	204	138	310
364	204	149	311
360	205	161	313
380	201	156	318
390	201	151	315
404	201	144	315
418	201	133	318
432	200	125	318
444	197	121	321
454	195	117	326
462	194	111	324
468	195	115	323
473	195	119	324
476	196	125	322
476	199	153	317
479	195	156	324
482	196	163	323
490	195	161	322
515	193	145	323
530	195	124	318
552	197	120	319
568	206	118	305
582	209	124	303
598	221	124	294
595	192	136	319
596	188	141	323
597	184	135	328
597	184	154	328
600	186	152	327
603	189	156	323
610	186	158	324
619	185	144	324
625	183	148	328
634	183	135	324
661	187	123	315
603	250	123	248
602	241	120	257
599	248	114	248
598	261	112	232
596	263	115	230
594	264	114	231
593	264	113	231
593	267	111	228
591	267	109	230
591	270	105	225
590	273	103	222
584	269	105	223
584	267	107	226
583	267	107	225
582	268	107	225
583	270	108	223
582	276	111	217
581	272	110	221
581	274	109	218
580	276	109	216
579	275	110	217
580	278	108	215
578	273	109	220
577	279	110	214
579	279	106	215
578	278	108	215
578	278	108	215
579	279	107	213
578	279	107	213
579	281	106	212
579	280	106	212
579	281	106	211
579	281	106	212
579	280	106	212
580	281	106	212
579	281	106	211
579	280	105	212
579	281	106	212
579	280	106	213
579	280	106	212
580	276	105	216
581	284	103	208
581	280	104	212
580	281	106	211
579	280	106	213
579	280	105	213
579	280	106	212
579	280	106	213
579	279	107	213
582	276	104	215
580	278	105	213
579	278	107	213
582	282	104	211
581	280	106	212
580	280	106	213
580	280	105	213
580	280	106	213
580	280	106	213
580	280	106	212
581	279	105	214
581	280	106	212
580	280	106	212
580	280	106	213
580	280	106	212
580	280	106	212
580	280	107	212
581	278	105	214
581	277	106	215
581	277	105	215
581	278	105	214
581	277	105	215
582	280	105	212
581	278	105	214
581	278	106	214
581	278	105	214
581	279	106	212
581	279	106	214
582	277	105	215
581	276	106	215
582	276	106	216
581	280	106	212
581	276	106	216
581	276	106	216
581	280	106	212
580	279	105	214
580	278	106	214
579	279	107	213
579	280	107	211
579	280	107	212
579	279	107	213
580	279	106	212
578	279	109	213
577	279	109	213
579	281	108	210
577	281	109	211
577	281	109	211
576	279	109	213
578	281	108	210
576	279	110	213
578	281	108	210
577	280	110	212
577	280	110	211
574	276	113	216
573	281	114	211
575	274	111	218
574	286	114	205
576	284	112	207
574	282	115	210
574	274	113	219
568	278	118	214
578	277	105	217
576	278	107	215
578	280	104	213
578	283	105	209
583	283	101	207
586	277	99	215
586	280	99	210
587	280	98	210
588	280	99	211
588	274	99	216
587	274	101	216
588	272	101	217
588	274	100	214
586	276	102	212
584	276	101	213
583	279	101	209
580	279	101	210
577	282	105	206
577	281	103	207
576	268	105	219
572	263	109	223
571	259	107	228
566	272	102	216
569	267	94	220
566	269	93	216
654	229	88	254
642	231	94	255
638	234	96	253
625	241	102	244
553	282	90	206
630	242	91	243
610	246	98	240
579	254	115	233
606	255	93	233
557	283	87	204
549	285	96	203
553	279	89	211
553	284	89	204
547	289	94	199
546	285	90	203
552	282	84	206
544	285	92	203
545	284	87	204
546	286	87	202
544	288	88	199
538	289	97	198
540	291	93	198
546	289	89	198
547	292	90	196
544	294	91	195
541	293	94	196
540	293	96	196
541	291	95	197
536	294	101	195
534	295	104	194
532	295	103	194
531	290	101	200
528	282	101	207
529	289	96	199
526	287	92	201
522	284	95	204
520	287	94	202
517	280	95	207
519	290	92	198
516	283	94	205
513	289	95	199
509	287	99	201
506	291	101	197
502	287	103	202
502	292	102	197
495	285	105	204
494	292	104	198
482	291	111	198
491	300	102	188
487	274	100	214
494	289	96	200
484	279	98	209
478	286	92	202
475	276	94	213
472	279	96	208
474	290	99	200
475	281	100	210
475	291	105	198
484	286	97	205
491	284	90	206
490	273	86	217
487	291	87	194
489	282	80	206
487	289	79	201
488	282	74	208
483	275	75	218
482	265	76	227
481	279	77	216
479	263	80	228
475	282	82	211
473	266	83	224
468	286	87	205
469	263	86	227
465	290	88	200
467	264	85	226
466	288	86	201
468	262	84	227
469	285	82	203
468	260	82	227
465	286	84	201
466	261	83	226
464	279	85	209
463	280	84	208
464	277	84	210
463	279	85	208
462	277	86	209
462	273	86	214
461	277	87	209
461	275	85	212
460	272	84	213
459	272	82	214
458	269	79	217
459	270	76	218
459	271	74	215
458	269	77	217
458	271	77	216
458	270	78	214
460	273	81	213
461	269	81	213
463	273	84	210
465	268	87	216
465	280	93	203
469	263	94	218
468	283	103	195
471	271	99	211
470	285	102	194
467	281	107	201
469	281	108	201
471	280	107	201
472	284	107	198
471	286	108	196
479	280	102	202
489	280	94	202
500	268	88	212
501	276	88	203
507	270	99	208
511	273	102	209
516	274	102	207
514	275	113	207
516	273	114	211
515	273	122	212
517	272	127	211
525	279	125	204
526	285	131	196
531	281	136	203
538	277	129	205
541	278	124	203
546	286	122	196
552	281	118	201
557	278	113	206
570	274	99	208
573	272	98	209
579	276	94	204
584	280	92	200
584	276	94	206
587	280	96	202
588	275	98	208
592	265	101	219
594	269	104	212
594	269	112	214
598	268	109	214
601	272	107	211
605	276	107	206
610	277	101	207
611	276	103	207
613	277	105	206
616	273	107	208
618	276	107	203
618	276	108	202
620	275	107	204
621	274	106	205
624	274	105	205
626	276	103	204
625	274	106	206
623	281	105	199
621	275	107	204
619	278	107	201
619	280	106	201
608	278	113	203
602	279	114	202
605	273	107	208
607	278	99	202
605	280	95	200
602	282	95	197
604	277	90	204
602	280	92	200
605	281	88	199
603	282	90	198
603	280	87	200
601	281	88	199
598	283	89	196
598	283	87	195
600	287	85	191
600	287	80	191
601	289	78	188
598	287	79	191
596	287	80	191
595	287	79	191
593	286	81	191
499	287	81	189
504	285	80	192
498	275	90	202
505	286	93	192
582	285	91	194
586	286	86	193
584	287	88	191
584	287	88	191
582	285	91	194
584	286	90	193
582	289	93	191
582	288	93	192
577	290	96	190
577	288	95	193
577	289	93	192
576	287	92	193
578	291	88	191
576	292	86	189
574	291	86	190
565	292	89	189
563	295	88	187
561	293	92	189
554	294	102	190
549	299	111	184
548	299	111	184
548	300	117	184
548	292	118	192
549	292	113	193
549	290	99	196
549	294	97	192
543	294	89	191
544	293	86	191
541	292	87	192
535	293	86	192
527	286	93	199
531	287	89	198
526	289	88	196
523	292	91	196
510	285	101	202
502	301	111	186
499	295	109	194
494	286	114	205
491	300	114	187
489	294	113	195
488	294	109	194
486	297	109	192
483	294	101	196
480	294	100	196
478	292	101	197
474	285	96	206
470	284	89	204
465	290	85	199
464	283	82	206
458	282	85	205
453	285	87	202
448	292	91	194
446	283	92	203
439	288	97	201
436	291	99	199
431	296	102	194
422	291	108	200
424	292	105	199
415	295	112	197
416	292	107	201
415	292	107	201
415	287	102	205
422	284	96	207
416	285	96	204
419	282	95	208
415	282	93	207
416	280	88	211
410	280	91	212
402	282	99	209
397	283	101	208
399	287	94	204
400	286	91	206
396	283	93	211
392	286	93	208
390	284	93	210
390	285	91	210
387	284	91	211
386	284	96	212
383	281	94	215
381	280	94	216
377	280	96	218
376	279	96	219
373	279	96	219
372	279	93	218
374	278	90	219
372	279	90	217
371	279	88	218
370	278	90	219
372	277	88	220
373	277	88	220
372	276	88	221
372	275	88	223
370	275	89	223
368	275	93	223
367	275	94	223
366	275	95	224
365	274	98	225
365	274	100	224
365	273	101	225
364	273	100	225
365	274	101	225
368	274	100	226
370	274	101	225
372	273	106	226
372	272	106	226
378	273	113	225
380	272	115	227
380	272	115	227
386	272	112	227
385	271	109	228
387	271	106	227
388	272	107	226
389	273	106	226
394	272	104	226
394	272	105	226
395	272	105	226
396	272	103	227
397	272	101	227
402	272	96	227
404	272	93	225
406	273	92	224
408	272	91	225
407	273	91	224
409	273	91	225
409	273	95	224
409	272	97	225
406	273	101	225
406	272	100	227
405	272	101	227
404	272	102	228
402	272	102	227
401	272	101	228
403	271	98	228
403	271	98	227
401	270	98	228
401	270	97	228
399	271	100	228
396	270	103	228
392	270	104	229
388	269	105	230
382	271	109	229
389	270	108	230
391	271	102	228
384	268	107	230
393	268	107	231
372	271	120	227
386	270	112	228
380	270	116	228
384	271	114	227
376	272	119	225
383	272	115	225
383	271	118	225
374	270	126	226
391	269	121	228
394	268	119	228
393	267	125	229
394	266	129	230
395	267	128	230
396	266	122	232
400	263	123	235
402	265	117	234
402	264	120	236
405	264	119	234
410	263	117	236
413	262	121	236
415	263	120	235
415	262	120	236
418	263	118	236
423	263	114	236
428	263	112	236
430	263	112	237
433	263	111	237
435	263	109	236
437	263	110	236
438	262	110	237
439	263	110	236
438	262	114	237
439	263	111	236
438	262	113	238
439	263	112	237
439	262	111	238
440	261	109	238
440	261	108	239
440	261	104	239
439	260	106	239
439	261	103	238
440	260	102	238
441	260	102	238
440	260	101	238
440	260	103	238
440	260	101	239
440	260	102	238
440	260	102	238
440	259	101	239
440	259	102	238
440	260	102	238
440	260	102	238
440	259	102	238
439	260	102	238
440	260	102	238
440	260	103	238
441	260	103	238
440	260	103	238
441	259	101	238
441	260	101	238
442	260	101	238
442	260	101	238
443	260	100	238
444	260	99	238
444	260	99	238
445	260	98	237
445	260	99	237
446	261	99	237
447	261	98	237
448	262	98	235
449	262	98	235
450	262	99	235
451	262	98	235
452	262	97	236
453	261	99	237
455	260	97	238
455	261	99	236
457	261	100	236
457	261	99	237
457	263	99	235
458	263	98	234
458	263	100	232
460	264	101	232
462	264	102	231
465	264	104	226
467	262	103	230
470	262	103	228
469	262	102	230
472	263	101	230
471	262	103	230
470	263	106	231
470	264	111	230
467	264	117	231
464	263	122	231
459	263	127	231
450	263	132	231
443	257	138	237
340	229	102	262
346	227	95	263
349	226	96	262
350	226	98	263
352	226	99	263
355	223	99	266
357	224	99	266
359	228	103	262
364	229	103	261
364	230	104	261
367	234	105	256
369	232	105	260
372	230	105	263
377	228	107	264
373	229	106	263
384	225	106	267
383	223	103	269
381	221	108	271
385	221	111	271
384	222	119	270
381	221	127	272
379	217	127	277
372	215	136	279
362	210	143	283
360	209	146	283
355	208	149	284
363	208	149	285
360	212	168	279
363	211	181	284
365	212	173	281
371	212	173	284
376	208	163	289
397	210	155	289
398	218	153	279
403	216	148	281
404	222	146	273
407	222	142	272
401	233	148	262
396	243	150	253
385	250	160	247
414	256	136	243
423	257	127	240
434	259	115	239
435	258	114	239
433	259	117	239
432	259	117	240
433	259	117	240
435	257	115	242
436	258	115	241
436	259	116	241
435	258	117	242
433	258	119	242
433	258	120	242
433	258	121	241
432	259	121	241
432	260	122	240
430	261	122	239
428	262	123	238
428	262	122	237
428	263	122	236
426	264	121	235
424	265	121	233
423	266	123	231
423	267	119	232
421	267	134	232
418	271	123	228
414	267	123	233
412	270	117	229
408	270	113	228
411	270	111	229
411	268	111	231
412	267	110	233
413	266	110	234
416	265	109	234
419	264	105	235
423	264	103	235
426	263	103	236
427	264	102	236
427	264	102	237
428	264	104	237
430	263	106	238
430	263	105	238
431	263	103	238
433	264	102	237
436	263	100	237
439	264	97	236
442	263	95	237
446	262	92	240
450	262	93	239
453	261	97	240
453	261	100	240
457	260	103	240
460	259	114	240
461	256	120	244
465	255	121	245
465	256	118	244
466	256	119	245
468	255	116	246
471	254	119	247
472	255	121	246
473	255	123	246
476	255	121	246
477	254	122	247
478	254	120	246
479	253	118	246
482	253	114	246
486	253	107	246
491	254	103	245
490	254	105	244
491	254	105	244
492	253	105	245
492	253	106	245
490	254	106	244
491	253	105	246
490	251	106	247
491	251	105	248
491	250	106	248
491	251	106	248
490	249	109	250
490	249	110	251
489	249	111	251
493	248	112	253
488	248	110	253
490	248	109	253
493	247	108	253
492	248	107	252
492	249	107	252
490	249	108	252
488	249	105	251
491	248	107	251
486	250	109	249
489	248	109	251
485	249	110	250
488	248	112	251
485	250	113	251
487	249	118	251
484	248	113	253
485	251	115	249
483	252	110	248
484	252	108	247
485	255	106	244
483	254	108	245
487	256	103	244
483	253	110	246
486	255	104	245
484	256	106	244
485	256	103	244
484	255	107	243
485	257	104	243
485	257	105	243
486	256	105	243
484	256	106	244
486	257	105	244
486	256	106	244
484	256	111	244
485	255	105	246
485	256	106	246
486	256	105	245
485	257	106	244
484	256	107	245
484	256	106	245
484	256	107	244
483	256	108	244
481	256	108	245
481	256	108	246
480	257	105	245
480	258	103	243
478	258	102	242
476	260	99	241
475	260	98	241
473	261	98	240
470	262	99	240
468	261	100	240
466	261	101	239
465	262	101	240
463	260	102	241
462	260	104	240
460	261	105	241
457	261	106	241
456	261	110	241
453	260	111	241
450	260	115	239
449	261	115	237
448	261	118	236
447	260	117	236
447	260	118	236
447	261	118	235
449	260	116	235
452	259	108	236
455	260	103	236
456	260	104	237
457	260	101	238
458	260	98	237
457	261	98	236
458	261	97	236
457	262	99	235
458	262	99	235
457	264	99	233
456	263	101	234
456	265	98	231
455	265	101	230
453	267	103	227
452	266	105	227
451	266	104	227
449	267	107	227
449	265	109	229
449	262	108	233
448	261	110	233
448	261	108	233
448	262	107	232
450	264	109	230
451	264	105	230
453	265	103	229
455	267	101	228
458	269	101	224
461	271	99	222
463	272	96	221
466	277	93	214
464	269	94	223
469	279	93	211
472	275	88	216
475	278	89	214
476	273	88	218
479	271	88	220
481	278	87	212
480	267	88	224
482	280	87	210
484	267	85	223
485	281	87	210
487	274	86	217
486	273	89	217
487	278	91	212
484	280	95	210
478	278	100	213
473	281	111	209
462	279	117	211
466	276	108	214
458	279	117	211
445	273	125	218
440	267	129	225
437	267	133	225
435	264	134	227
436	285	131	204
444	282	117	208
452	281	110	211
468	276	95	215
476	271	86	220
476	276	88	214
476	270	89	220
473	273	92	215
471	274	95	215
469	276	96	213
468	273	95	217
467	281	90	208
468	272	85	218
466	267	80	223
463	279	79	211
465	264	77	227
462	273	79	220
463	271	79	222
460	274	80	219
459	273	81	219
458	275	82	216
456	274	84	218
454	272	87	218
452	282	89	206
453	272	89	221
447	282	91	208
446	274	93	217
441	284	94	206
441	281	96	209
439	285	97	204
438	279	99	211
432	291	103	198
432	285	103	204
431	291	103	197
437	284	99	204
426	289	111	199
429	287	109	203
429	287	108	202
428	288	109	201
430	286	107	203
430	289	107	200
430	287	106	202
431	286	105	203
432	286	104	204
432	286	106	204
433	286	104	203
433	286	104	203
434	285	103	204
434	280	107	209
434	276	108	213
435	274	105	215
436	277	104	212
434	280	104	208
436	283	105	205
437	284	103	204
436	284	105	205
438	291	103	197
438	287	103	202
440	284	104	205
441	288	101	202
442	275	104	215
442	285	103	203
441	289	101	200
444	275	100	215
443	286	101	202
444	278	99	212
445	288	98	201
445	279	99	211
444	284	98	205
444	283	98	206
444	284	98	206
446	273	99	216
444	285	99	204
445	279	100	211
445	284	97	204
444	282	100	207
447	286	96	203
445	281	99	209
446	284	97	205
445	282	100	208
444	283	99	207
445	285	99	205
445	281	100	209
446	285	99	205
445	281	100	210
446	283	98	207
446	285	99	206
445	277	101	214
445	283	100	206
446	281	98	209
446	281	99	208
446	279	99	211
444	278	100	211
443	282	101	206
441	285	103	204
442	288	103	201
441	281	105	208
444	284	100	205
446	273	100	218
447	281	98	209
439	274	107	218
436	284	106	208
455	282	88	210
458	262	89	229
457	272	90	216
457	278	90	210
456	271	89	219
453	279	92	210
454	270	93	220
451	276	93	214
450	275	93	215
448	273	96	216
448	280	93	208
446	277	92	213
444	280	90	209
443	277	90	212
440	281	94	208
434	283	96	206
429	285	94	204
425	286	96	203
413	287	104	203
411	289	101	200
405	289	105	199
392	287	116	202
393	289	116	202
391	287	118	203
394	287	114	203
399	290	110	200
400	291	108	199
400	294	107	197
398	293	107	198
396	293	107	198
395	292	106	198
393	294	107	196
390	294	105	196
385	296	105	194
383	294	99	197
378	294	96	195
375	295	94	192
373	295	93	192
371	294	94	195
367	292	94	196
360	295	98	195
356	292	99	199
352	291	99	201
352	289	97	202
350	289	96	202
350	289	94	203
348	288	94	203
344	288	97	202
342	288	99	202
342	287	97	203
339	287	100	202
337	288	101	202
335	289	102	201
334	289	103	200
332	291	105	198
331	290	106	200
330	291	106	200
329	291	107	200
328	290	110	201
328	291	111	201
328	290	112	202
327	290	115	202
328	290	111	204
327	290	111	203
328	291	110	203
328	288	108	204
329	289	105	204
328	290	104	202
328	290	102	202
329	288	102	203
328	289	103	202
329	288	104	204
331	288	101	204
333	288	97	203
334	288	95	203
336	286	92	206
336	287	93	207
335	288	94	208
336	288	92	208
336	288	91	211
341	286	94	213
334	282	95	223
341	283	98	221
335	282	92	221
341	280	97	228
344	271	103	235
351	252	109	257
349	205	110	305
348	208	112	305
347	208	112	304
340	209	115	304
330	209	122	304
325	209	127	301
319	210	132	302
319	208	131	304
314	207	133	305
308	208	140	306
305	208	141	308
304	206	140	308
304	206	139	310
302	207	133	309
302	206	131	306
302	208	126	307
300	209	123	302
294	209	113	306
287	212	124	303
273	211	126	302
265	210	117	305
272	215	113	300
270	213	110	302
274	218	116	296
240	211	126	303
251	238	122	277
247	235	123	277
231	221	127	295
231	230	128	285
221	233	137	281
220	223	137	293
219	231	135	282
213	230	134	285
207	240	138	275
210	230	141	286
205	221	146	292
195	218	144	297
193	209	140	310
191	213	146	303
189	209	142	309
191	211	140	304
191	212	139	305
193	214	135	304
193	214	133	302
198	215	125	300
201	215	122	299
202	219	122	293
201	219	123	295
197	221	127	292
198	220	124	292
196	222	125	291
197	220	124	293
196	218	122	296
194	216	122	297
196	218	119	295
195	217	119	301
196	218	116	295
192	217	121	299
193	218	121	295
192	217	126	297
191	220	131	293
192	224	128	290
192	220	127	298
193	219	131	299
195	217	124	301
197	219	131	296
202	216	141	299
191	215	148	300
189	214	165	301
182	196	174	318
191	200	158	315
189	184	160	334
196	179	148	335
197	175	146	339
202	171	144	340
203	163	149	353
203	161	147	352
206	161	145	354
207	160	145	358
208	164	150	352
212	165	149	343
222	170	138	343
235	175	128	334
248	174	123	336
259	176	122	338
264	178	116	338
267	173	121	341
272	177	123	337
276	178	127	337
276	184	138	328
276	178	147	335
279	176	149	335
283	171	150	338
286	178	148	331
288	171	154	337
292	181	153	327
296	177	152	333
300	177	150	333
307	175	143	335
321	167	132	339
329	167	129	339
335	168	127	338
338	167	130	344
341	173	133	333
342	172	138	332
342	173	148	332
346	178	150	326
348	180	153	321
347	177	160	325
352	177	170	325
361	175	169	326
377	180	163	324
387	179	156	327
383	181	161	326
393	184	169	321
401	186	172	315
406	187	166	313
414	192	166	306
427	187	157	313
437	192	156	307
424	185	177	314
449	197	159	304
438	186	175	314
455	191	163	312
457	191	156	310
472	197	143	305
480	199	146	301
484	200	141	296
487	200	151	297
489	194	164	305
491	189	158	312
489	187	161	314
493	189	164	314
497	179	176	325
512	183	173	315
517	187	153	312
526	188	166	306
539	191	151	306
545	186	163	310
568	193	146	305
576	184	136	311
586	183	135	313
584	191	134	304
582	196	146	298
584	198	156	295
583	197	159	300
585	199	162	301
587	199	170	299
589	203	171	295
600	204	173	294
605	203	175	295
616	206	169	290
640	209	156	283
656	209	145	284
674	210	132	284
681	208	132	283
686	204	137	289
689	203	139	290
693	203	142	288
696	204	139	288
698	204	147	287
700	204	155	290
701	209	162	289
701	206	158	292
700	207	165	290
706	213	164	286
714	213	170	286
731	217	151	282
743	213	153	281
766	210	131	283
780	215	115	278
788	215	108	284
794	217	120	281
801	214	116	279
804	214	131	283
811	211	124	282
811	210	137	284
815	210	139	282
818	213	139	278
822	211	136	282
832	211	126	283
838	213	121	279
845	211	114	283
854	211	104	282
876	210	81	267
882	212	75	270
890	209	65	275
892	209	63	281
894	208	60	284
899	203	55	291
895	203	61	289
897	200	54	277
905	189	45	290
909	190	40	284
911	213	41	264
909	242	42	228
912	241	39	232
914	245	37	228
913	257	39	207
903	294	48	171
897	300	52	163
896	297	52	166
893	299	54	165
887	293	60	166
888	294	58	171
887	294	59	169
887	293	59	168
888	296	58	167
886	298	60	165
888	301	61	162
885	305	60	155
889	300	60	161
884	300	62	157
886	303	61	159
890	305	59	156
890	292	58	167
881	302	64	159
890	304	59	157
891	292	57	167
884	302	60	162
890	301	58	158
888	301	59	161
886	304	61	153
888	301	60	159
887	301	60	158
889	302	59	160
888	298	59	161
888	305	59	159
891	299	57	161
889	299	55	167
891	296	58	163
886	299	58	166
888	303	60	158
888	298	59	161
887	304	59	160
891	295	59	166
888	299	57	166
887	301	60	156
887	304	60	160
890	294	59	167
884	296	61	169
889	295	61	164
882	294	63	167
890	268	62	194
901	210	49	244
908	179	44	278
896	230	59	228
897	210	55	249
891	190	60	270
889	183	62	276
889	160	65	302
881	136	75	336
870	126	89	354
850	147	109	354
849	148	105	366
825	139	127	390
815	125	142	405
802	136	152	392
806	138	146	391
795	134	153	393
796	150	152	377
801	150	144	379
796	148	130	378
791	158	122	366
781	153	121	375
766	150	128	379
759	143	133	387
745	149	144	379
733	150	151	379
706	150	180	378
697	149	186	378
679	149	204	376
677	155	206	375
668	154	218	376
664	159	212	372
654	158	208	371
646	154	200	377
649	159	182	369
642	155	170	370
642	159	156	364
639	157	154	371
642	158	154	365
644	159	144	366
638	158	137	364
639	168	127	356
612	180	142	344
610	182	143	342
608	210	140	320
600	200	146	321
606	172	140	348
599	165	141	357
600	164	138	357
598	167	136	356
594	170	138	352
582	166	140	350
583	166	132	353
579	168	134	351
576	169	136	350
577	172	136	348
566	176	147	345
552	177	164	343
554	176	163	344
560	174	163	345
559	177	167	341
560	176	167	342
569	177	166	342
572	178	162	340
575	181	159	333
575	178	156	336
578	181	150	333
579	181	144	330
582	186	137	326
582	183	135	332
584	184	130	327
586	188	127	327
585	192	127	322
585	194	126	318
584	198	128	314
574	201	135	313
575	205	131	305
586	211	123	298
580	214	124	295
575	217	127	296
577	218	126	293
577	218	126	295
579	219	125	292
578	219	126	293
576	220	129	293
577	219	127	297
580	219	124	296
580	222	126	291
556	225	138	298
534	222	153	299
474	229	145	294
486	231	138	293
499	232	135	290
505	231	136	291
513	233	141	288
515	234	132	285
590	239	114	274
587	241	122	267
595	241	117	263
606	246	112	255
596	246	121	258
556	245	141	271
555	243	150	277
561	243	136	277
566	244	139	276
571	244	143	273
571	241	145	273
574	243	151	270
573	244	150	271
578	245	140	270
586	241	146	273
576	242	144	273
549	244	116	265
532	248	120	258
535	255	110	245
531	259	117	243
521	258	129	243
509	255	141	246
519	255	133	249
514	254	132	248
512	252	130	250
511	252	126	249
507	252	124	250
505	250	122	253
502	249	123	254
497	249	123	253
494	249	123	254
491	250	122	253
490	251	123	252
489	252	121	251
488	252	121	252
487	253	118	251
485	255	112	247
484	255	106	246
481	257	108	241
478	257	102	243
478	258	102	243
475	257	101	244
469	256	97	248
467	255	101	247
463	255	100	247
460	256	104	244
456	256	105	244
454	256	107	244
452	257	110	243
447	256	114	243
444	255	116	246
442	256	119	246
438	256	123	247
436	256	123	247
431	256	123	248
430	257	124	249
423	255	118	249
418	256	116	245
409	255	123	247
406	256	118	245
404	255	119	245
398	254	122	247
393	255	119	245
393	255	116	244
388	255	112	246
389	257	112	242
387	258	109	242
388	262	102	236
385	264	97	236
385	266	91	232
383	270	91	230
378	270	92	230
373	272	100	226
369	273	96	218
360	275	99	223
359	276	97	224
357	277	95	221
352	279	98	219
349	281	101	217
347	282	105	217
344	284	106	215
339	284	111	215
333	286	113	215
331	287	113	213
325	290	116	211
324	292	114	209
320	295	114	206
307	293	122	207
310	294	117	205
304	297	115	203
305	298	106	201
303	298	99	201
303	301	91	198
299	303	91	196
297	302	92	197
296	302	91	196
294	302	88	197
289	303	91	196
288	303	90	195
286	303	88	194
282	303	87	193
280	305	86	192
276	305	86	189
275	304	84	191
270	304	85	186
270	302	86	196
268	300	87	197
265	301	83	197
265	300	86	196
263	299	86	196
262	303	88	194
260	303	92	192
255	300	96	195
254	299	99	198
250	295	99	202
251	291	98	206
250	295	104	200
242	293	116	204
237	292	105	205
229	287	97	210
220	287	101	209
214	286	105	209
211	289	99	207
209	292	100	203
207	292	102	203
204	293	102	201
204	302	99	191
206	297	93	198
199	298	97	195
195	296	92	199
193	300	89	196
188	300	92	194
186	296	87	196
192	299	83	196
178	298	88	199
184	298	82	196
180	302	92	192
168	300	97	194
174	312	95	182
160	314	96	180
158	309	98	185
154	313	98	180
153	321	93	174
150	312	91	186
138	305	95	192
142	306	95	190
136	305	101	192
145	305	99	194
121	298	89	201
121	297	101	202
121	303	113	196
113	306	110	191
106	299	112	199
106	303	100	194
103	303	91	193
97	303	92	193
89	300	99	196
89	302	97	193
92	300	92	196
95	308	87	187
90	299	91	198
89	302	91	194
84	308	91	187
72	303	99	194
62	310	101	189
58	299	100	202
57	303	95	196
78	309	95	187
47	301	84	201
47	303	92	198
41	298	89	204
30	296	110	201
63	300	113	192
71	301	98	197
9	269	94	269
1	254	86	278
