534	292	86	85
533	290	89	82
531	287	89	82
532	285	89	81
527	279	86	79
530	271	87	79
530	273	92	101
487	281	129	128
426	271	186	118
418	261	201	110
406	258	196	98
415	244	187	106
410	233	166	112
419	232	165	115
441	239	181	113
462	243	168	116
486	255	148	105
501	271	141	92
514	282	160	83
535	284	156	86
552	280	164	103
538	283	90	86
535	286	88	82
530	286	87	82
527	285	89	82
524	286	90	83
522	285	90	83
521	285	91	83
520	285	91	83
520	285	92	83
521	284	92	83
523	284	92	83
526	285	91	83
530	288	90	83
532	290	89	83
534	289	88	81
537	289	89	80
539	290	124	99
513	274	117	106
465	269	164	108
430	256	192	121
425	253	202	115
425	256	201	105
545	284	89	86
548	288	86	81
551	288	84	80
551	282	85	85
491	265	142	106
522	278	141	124
546	285	142	126
551	288	158	128
542	285	97	86
544	287	84	83
538	288	84	82
537	287	85	82
535	287	85	83
533	286	85	83
532	285	85	83
531	286	85	83
533	286	85	83
534	287	86	83
535	287	87	84
537	288	87	83
538	289	101	81
537	284	117	90
522	290	134	127
506	289	142	130
487	286	151	133
483	282	147	132
488	281	137	130
479	283	142	127
490	281	130	128
488	282	130	126
489	283	130	128
496	282	124	129
496	283	122	128
499	283	120	126
501	283	119	125
502	285	120	125
505	286	116	125
507	288	113	124
510	290	113	125
510	292	116	122
510	291	120	124
511	290	122	124
513	291	126	130
513	291	124	130
512	292	121	127
513	292	116	126
512	292	114	127
516	294	115	133
517	293	116	127
518	293	103	93
520	293	102	96
519	291	104	93
519	291	104	87
520	289	104	88
519	288	97	90
520	286	95	90
523	285	97	88
530	288	100	84
544	292	96	85
556	292	92	83
563	289	112	85
571	284	125	94
577	283	136	99
585	283	134	102
590	285	158	100
584	280	153	105
583	277	184	113
581	283	188	111
576	286	189	105
574	285	152	107
568	291	139	99
567	293	96	89
562	293	119	99
555	279	99	94
559	279	117	96
564	280	138	140
550	276	153	140
541	277	163	134
530	280	171	123
538	281	168	118
545	281	169	116
551	279	172	124
556	275	175	135
557	275	181	143
565	274	177	149
576	273	174	150
585	272	172	148
595	271	169	147
608	270	164	147
617	268	155	147
632	266	137	145
642	262	129	147
647	258	130	158
647	265	145	154
651	267	149	151
652	271	151	148
628	273	171	143
603	284	192	122
590	296	141	96
589	304	115	93
603	304	98	96
608	306	110	100
609	307	133	123
613	306	119	130
614	309	112	133
614	313	107	134
611	315	110	135
598	318	126	132
597	319	133	128
597	318	135	132
599	320	135	128
600	322	136	123
600	321	133	113
594	314	119	109
517	280	113	85
524	289	106	75
523	296	108	69
523	304	108	59
526	316	110	50
531	319	102	49
531	322	100	54
533	324	96	70
629	314	91	96
632	312	99	98
635	312	114	104
635	309	136	117
637	308	148	121
636	307	153	121
639	307	155	121
640	308	159	117
642	309	164	115
649	311	165	119
651	312	169	111
654	315	170	109
658	317	172	107
571	309	87	120
589	273	84	106
589	260	111	90
594	222	120	103
613	197	121	118
636	184	101	119
666	180	129	114
681	186	140	100
690	190	168	103
715	195	163	134
658	311	160	115
655	312	158	105
651	311	148	105
649	311	144	107
643	311	151	111
636	310	162	116
629	308	167	116
622	306	166	120
618	305	164	118
610	306	165	119
604	305	166	125
600	305	163	131
596	306	156	134
599	305	150	138
597	307	148	138
596	308	147	138
594	310	144	138
592	312	141	137
593	314	135	136
591	316	134	134
588	317	136	133
582	318	135	128
580	318	135	127
575	317	136	126
568	314	141	127
565	301	142	131
590	296	130	138
521	262	113	75
512	245	114	84
504	238	110	92
499	241	96	90
489	248	91	87
476	249	95	88
471	251	90	92
469	256	90	90
470	255	91	92
472	258	90	91
474	260	88	91
473	262	88	91
475	262	89	90
474	261	90	90
475	261	90	89
476	261	89	89
477	261	90	89
478	261	90	88
481	261	89	87
484	262	88	87
484	262	89	86
486	263	88	86
486	263	90	85
487	263	90	85
487	263	90	84
488	263	90	84
488	263	91	84
489	264	90	83
491	264	90	83
494	265	88	83
498	267	86	82
503	268	88	82
511	269	99	88
517	270	92	92
523	274	80	89
530	280	77	89
530	290	119	80
549	290	108	124
542	292	119	128
549	295	118	128
551	298	119	127
549	300	114	124
547	302	111	125
546	304	110	127
544	307	110	124
544	308	108	124
540	307	111	123
543	303	108	129
545	305	109	125
544	303	110	126
544	302	111	125
544	303	114	124
545	304	116	123
546	302	117	124
545	300	118	127
543	303	118	125
542	303	118	124
543	304	118	123
545	301	117	126
549	302	115	124
553	301	111	125
559	296	103	130
561	300	93	128
566	291	81	136
570	293	84	135
566	288	91	138
561	291	93	132
558	282	98	138
550	275	109	142
546	267	117	143
547	265	119	141
548	263	119	137
549	260	121	136
543	248	128	141
540	244	132	141
540	243	133	144
539	242	135	143
540	243	135	142
541	244	134	141
545	245	128	138
553	246	118	135
556	248	114	131
561	251	109	126
569	253	103	126
575	256	98	125
574	258	97	124
570	256	101	125
564	254	108	126
550	246	122	136
546	244	124	140
541	242	127	148
539	243	128	161
542	242	123	165
533	243	128	164
538	236	119	154
556	234	106	141
562	233	99	143
561	234	94	138
561	231	92	140
560	227	94	139
558	222	100	141
556	216	104	144
559	210	110	146
565	205	108	150
567	194	110	174
570	191	114	183
580	183	107	170
589	178	100	156
597	179	93	153
592	184	101	172
586	177	112	185
584	183	114	184
593	182	107	165
598	173	98	162
601	182	88	151
596	179	95	167
596	180	96	156
606	173	91	155
618	173	81	154
622	176	69	149
616	179	74	153
602	180	85	153
608	173	86	170
611	173	87	158
622	173	78	153
626	173	72	150
638	180	60	162
640	177	55	187
646	175	59	108
642	179	63	91
645	185	65	123
646	194	73	136
640	211	83	128
635	201	89	141
626	211	100	139
609	210	119	145
602	214	135	144
597	217	141	143
593	220	144	190
593	214	139	222
585	220	146	149
581	226	148	141
578	228	150	140
575	229	147	141
569	235	149	139
563	237	148	143
558	245	148	140
555	249	145	141
553	251	142	142
554	253	134	142
550	257	131	139
545	262	128	136
542	266	130	132
538	268	131	134
532	272	136	134
515	266	153	144
525	259	149	155
508	264	165	157
490	285	118	153
488	295	105	126
490	305	119	109
485	292	85	120
481	306	73	103
472	305	67	101
462	307	70	103
455	304	79	116
450	300	83	120
448	300	86	123
447	302	89	124
446	303	99	128
444	303	118	129
446	307	125	124
448	312	127	121
449	313	129	124
447	313	135	128
454	312	133	128
459	313	131	126
462	313	131	127
464	316	130	124
468	320	126	122
469	322	126	122
470	324	125	121
472	326	120	118
470	326	118	118
473	330	109	114
471	333	102	110
473	331	94	113
478	329	88	119
476	329	90	120
478	330	86	121
477	326	87	125
474	326	91	124
473	325	92	126
472	321	96	129
474	320	101	126
469	316	109	131
465	316	114	129
461	309	126	133
457	302	137	141
455	300	143	141
453	295	148	135
452	286	150	141
452	285	149	142
452	284	149	140
455	284	151	136
461	284	148	138
461	286	147	139
462	288	136	137
465	289	134	134
469	292	134	132
479	297	123	130
482	299	112	128
497	301	91	129
502	297	73	130
509	293	71	129
493	292	90	135
489	289	104	136
476	292	128	137
465	286	136	143
457	284	155	143
451	280	153	145
445	278	152	145
452	279	145	143
451	283	135	137
451	291	116	131
456	289	96	138
462	291	88	139
464	292	76	137
464	291	74	139
462	292	72	137
461	292	71	139
461	294	72	137
456	297	78	138
456	292	78	142
454	297	83	133
454	300	84	130
455	310	89	123
458	313	91	125
464	312	96	127
469	313	108	128
480	298	117	139
479	284	133	147
487	267	135	145
483	253	144	136
481	249	141	110
482	231	137	101
482	216	141	111
489	208	142	118
493	206	139	124
503	205	130	126
513	216	120	120
514	236	120	102
514	244	124	96
516	263	108	86
524	289	111	86
523	322	116	96
614	327	112	152
609	334	112	166
606	336	114	161
605	346	114	163
610	409	105	144
604	340	108	131
608	340	107	131
615	332	105	141
621	321	108	137
627	326	101	127
630	319	101	131
632	318	98	132
631	310	102	152
630	302	104	150
629	296	110	139
623	298	114	138
622	283	115	143
618	287	115	138
614	275	112	156
608	260	113	157
604	270	113	142
600	258	111	143
598	264	109	128
597	252	110	135
591	250	116	130
587	245	117	130
588	244	113	126
587	241	111	130
584	237	113	131
583	237	115	126
581	235	112	125
580	233	112	124
578	232	111	123
578	232	111	122
578	232	111	121
578	232	111	119
577	230	113	122
577	228	114	123
577	227	115	124
577	226	112	128
582	226	107	133
591	224	99	135
598	226	89	133
601	224	84	133
604	224	85	131
605	223	88	132
605	220	90	134
607	220	92	135
608	216	95	142
607	215	99	145
606	212	103	142
604	212	108	142
604	213	109	139
602	215	112	138
598	213	117	148
591	211	120	149
586	212	128	157
582	209	129	145
579	210	133	138
575	210	135	139
571	209	136	145
569	208	135	146
568	208	135	147
567	207	136	145
565	207	135	145
559	210	142	147
565	210	136	145
561	214	137	145
564	216	136	142
560	218	135	136
562	219	135	133
559	219	132	132
558	217	128	132
559	215	125	132
561	213	121	137
563	206	120	137
563	206	120	127
565	203	119	127
566	201	116	127
568	201	112	127
566	199	111	127
566	199	111	126
564	199	113	126
563	198	114	128
563	198	113	129
564	201	115	131
563	205	115	132
563	209	115	130
562	215	115	125
560	220	122	122
556	226	128	122
554	231	132	123
551	239	129	118
552	245	130	108
551	255	127	101
553	260	122	96
551	267	116	90
546	275	117	83
544	277	120	85
545	284	115	82
543	275	103	90
548	266	88	103
547	260	85	107
550	262	78	105
551	265	83	102
550	281	85	86
550	289	89	78
554	277	93	89
556	277	95	94
559	277	90	101
565	278	84	111
568	276	91	117
569	280	89	117
568	275	96	132
566	280	100	136
566	279	112	139
567	282	112	138
568	279	113	141
572	278	108	140
575	275	104	143
579	273	100	141
582	274	95	140
582	272	92	143
581	271	93	144
582	271	94	145
577	272	103	142
574	272	110	138
574	268	115	140
575	276	118	127
577	273	121	120
581	276	121	106
586	286	123	92
580	295	101	85
577	304	118	70
583	303	124	69
580	333	85	58
592	349	75	55
599	358	81	61
608	371	86	61
619	378	79	78
621	279	83	126
608	284	97	122
647	296	90	191
650	298	111	196
652	291	127	205
641	290	130	190
627	279	100	133
621	299	89	119
616	312	111	115
614	326	132	120
612	367	152	123
613	391	159	123
617	422	163	127
620	433	163	112
628	458	172	96
667	467	150	86
706	467	138	87
710	479	134	76
714	493	122	64
711	486	122	73
709	486	122	75
708	486	120	76
709	486	118	75
708	487	117	75
706	487	120	78
705	487	120	84
704	488	122	85
703	489	120	85
701	489	123	85
702	489	123	84
701	489	124	85
701	488	124	85
702	489	123	84
702	488	123	85
703	488	121	84
705	488	120	85
705	489	121	85
703	488	123	84
702	489	124	83
702	489	124	83
701	489	125	83
701	490	124	83
701	489	124	83
701	489	124	83
701	489	124	83
702	489	124	84
702	488	124	84
704	488	122	84
704	488	122	84
704	488	123	84
703	489	124	84
702	489	123	83
703	489	123	83
703	488	122	83
702	488	123	84
704	489	123	83
704	488	122	84
704	488	124	84
704	488	123	84
704	488	123	85
703	487	123	85
703	486	122	85
704	487	123	85
703	487	122	85
704	487	122	85
704	487	122	86
704	486	122	85
704	486	122	86
704	487	122	87
704	487	122	86
704	486	123	86
704	486	122	86
704	486	122	86
704	486	122	85
704	487	122	86
704	486	121	86
704	487	122	87
704	486	121	86
704	487	123	86
705	486	121	86
705	486	121	87
704	486	121	86
704	486	122	86
704	487	122	86
704	486	121	85
704	486	121	85
704	486	121	86
705	487	121	86
705	486	120	85
705	486	121	86
705	486	121	86
705	486	121	86
705	486	121	86
706	485	121	87
705	486	121	87
706	486	121	87
705	485	121	87
705	486	121	87
705	486	121	87
705	486	121	87
705	485	121	87
705	486	121	87
705	486	120	87
674	381	150	146
646	357	187	150
619	326	176	161
598	320	152	147
582	304	150	153
565	293	153	151
549	280	159	150
534	272	165	141
529	264	155	138
522	258	163	135
512	252	151	135
518	251	135	130
509	248	113	132
514	246	104	134
514	247	127	131
502	251	161	131
491	253	170	132
478	270	160	113
470	273	171	111
493	288	146	125
463	280	158	138
452	268	119	164
447	265	93	172
418	267	108	147
383	267	138	130
372	265	137	123
368	288	134	80
379	271	129	86
387	256	128	90
405	251	120	91
426	247	105	99
435	247	106	113
450	243	104	133
461	242	96	141
473	238	96	148
482	239	96	142
484	238	96	124
499	267	88	119
481	240	66	86
485	245	56	70
487	246	51	66
493	247	48	67
491	255	56	65
495	256	76	73
514	260	109	69
512	257	117	68
518	258	112	66
520	258	114	61
521	259	117	58
519	259	118	56
517	259	120	54
510	260	128	54
515	253	119	57
514	250	116	66
519	249	113	70
535	247	98	69
541	248	92	69
531	250	99	73
535	247	93	78
523	255	95	71
491	261	124	68
481	265	140	75
475	266	141	77
474	274	106	70
467	278	103	61
473	279	104	60
474	279	114	56
478	274	120	59
482	266	129	67
489	265	130	69
485	267	121	66
483	282	114	53
485	282	116	48
489	278	119	54
491	276	119	57
494	268	123	62
487	271	120	64
488	270	122	59
488	271	119	61
489	271	121	61
491	268	129	67
489	264	136	72
486	261	134	72
484	263	134	73
480	265	137	68
485	264	133	66
482	258	138	80
476	256	144	78
476	254	146	78
480	249	144	85
482	246	137	88
486	241	130	94
488	238	110	97
487	238	109	96
490	235	110	95
494	237	116	93
499	245	114	85
507	255	115	76
511	263	116	72
513	264	115	73
514	269	115	69
514	269	112	68
515	273	114	65
512	282	120	53
507	279	126	55
503	278	130	58
494	285	137	53
489	286	98	54
485	288	102	50
482	287	90	49
484	286	87	51
486	284	92	51
486	284	132	51
484	281	135	54
485	281	126	61
488	277	110	62
487	276	115	63
488	272	111	64
490	273	114	65
489	271	120	66
488	270	124	68
490	269	122	70
494	265	119	73
496	263	113	74
498	262	117	78
499	264	120	74
497	269	116	70
495	270	117	68
497	268	113	71
500	268	107	68
496	271	112	67
500	273	106	65
503	270	103	67
503	270	95	66
502	274	109	63
501	276	107	61
500	277	93	63
506	277	97	60
508	278	100	61
510	278	91	61
513	272	90	69
508	263	101	78
508	261	100	80
508	261	107	79
512	270	99	71
510	275	108	63
505	279	113	61
498	279	119	63
494	280	122	60
492	279	124	61
490	276	129	65
490	275	117	62
489	276	120	66
491	275	128	64
495	275	121	64
501	270	117	69
509	263	111	76
511	259	114	79
515	258	117	74
526	260	116	68
535	261	115	66
541	259	119	75
548	254	125	79
555	250	121	87
564	248	114	93
572	248	107	96
574	247	103	101
575	244	97	105
579	258	93	94
584	266	109	88
592	289	116	69
603	300	122	71
611	307	123	78
613	312	129	84
613	316	126	87
613	318	126	87
612	319	124	88
610	320	126	88
609	321	121	86
610	319	89	89
611	318	83	93
614	314	73	103
629	317	73	103
635	326	53	98
641	330	50	102
644	335	50	101
642	340	53	100
642	343	51	98
645	342	47	96
640	341	49	98
633	338	55	96
623	328	59	100
609	321	67	101
595	319	91	98
576	315	100	96
520	310	161	97
523	307	143	93
530	297	132	102
527	292	134	100
530	292	129	97
530	285	125	102
528	286	137	102
525	284	135	102
524	285	128	104
521	293	127	106
523	297	125	107
528	300	124	103
532	304	127	97
533	313	130	91
537	317	124	93
520	321	138	94
526	323	134	92
520	328	137	95
515	329	144	95
511	329	148	96
502	329	157	98
496	326	157	106
487	326	163	112
487	326	163	111
495	327	155	108
493	329	153	104
497	329	147	107
488	329	153	107
488	322	157	112
487	314	154	117
491	306	152	124
490	298	149	130
491	292	154	130
496	288	155	126
494	288	158	120
498	289	152	116
505	293	150	115
510	295	141	115
513	298	139	112
518	299	134	107
521	297	133	105
519	295	137	103
518	293	139	106
511	291	142	107
505	287	145	109
501	286	149	106
506	284	140	102
506	282	145	100
509	278	138	102
508	277	147	104
510	278	145	105
511	279	142	104
513	280	147	104
515	282	149	101
522	279	141	101
532	278	135	103
540	273	132	108
549	269	129	111
559	265	123	112
571	263	118	113
578	262	113	112
584	264	107	110
588	265	103	109
593	268	99	108
595	272	98	107
595	276	98	107
595	279	99	107
593	281	100	107
591	283	99	106
588	283	104	106
586	283	109	107
583	279	113	109
581	274	122	112
584	269	132	113
592	263	139	98
603	253	140	111
598	244	150	129
598	236	165	132
612	238	153	118
627	241	143	108
625	248	140	103
621	253	140	98
613	259	143	95
607	262	139	97
602	264	135	105
594	263	133	109
579	262	133	107
557	254	139	103
481	223	123	102
485	227	143	103
491	227	151	113
500	231	151	164
504	233	139	162
509	237	140	157
516	252	148	140
528	253	149	140
532	253	146	140
518	257	159	136
513	257	161	139
499	259	146	127
568	302	126	97
580	305	111	95
591	297	112	105
599	279	109	119
619	272	110	107
657	262	116	93
664	241	121	97
668	239	140	90
674	240	145	91
698	242	123	92
705	244	123	93
709	243	123	94
715	244	121	96
719	245	125	101
722	246	130	107
728	250	126	106
727	253	128	107
726	253	130	108
726	255	128	106
725	259	124	102
724	259	123	98
722	259	124	97
722	260	125	97
721	262	123	95
721	263	121	90
720	264	116	87
725	259	110	89
730	245	93	97
732	232	81	87
719	217	76	88
711	210	61	83
690	207	65	82
662	213	81	80
633	219	100	87
626	228	97	104
628	239	118	108
643	257	127	94
666	270	136	88
685	271	141	93
698	273	135	99
709	277	128	101
716	277	123	106
722	276	118	111
725	285	116	108
729	298	114	99
733	307	111	95
739	311	108	94
745	311	106	93
754	312	103	92
762	314	101	89
777	318	91	85
786	319	86	90
792	322	81	90
793	329	80	82
785	333	84	81
773	338	91	76
756	336	100	80
737	334	109	82
717	334	112	82
692	329	121	92
665	325	134	99
641	333	142	92
635	335	129	96
628	338	123	95
632	343	111	89
631	343	106	87
636	343	99	88
629	347	95	85
617	373	97	63
593	391	99	57
575	407	101	50
563	412	101	56
552	413	96	66
545	411	88	68
543	408	81	74
573	382	59	97
548	324	78	112
530	300	92	99
539	263	105	111
532	188	120	146
525	168	148	127
479	132	189	143
443	126	219	149
448	116	219	161
441	120	227	150
410	129	236	145
390	142	231	161
362	151	229	210
348	174	196	196
295	245	233	157
485	248	149	162
342	308	202	168
334	334	179	206
