58	320	67	152
56	327	70	141
51	333	72	140
47	337	76	141
48	337	77	142
54	329	82	146
57	323	80	143
63	316	81	138
74	312	75	138
80	306	71	139
88	300	68	139
99	295	61	139
116	285	61	140
128	281	62	138
147	278	66	135
166	272	60	138
187	267	62	141
248	271	71	130
270	271	75	129
301	266	72	130
321	254	75	138
335	248	76	141
360	241	74	141
377	239	72	141
394	236	69	138
410	226	64	140
424	222	59	138
445	219	55	137
449	219	56	133
449	216	59	134
444	215	65	139
433	224	62	136
422	231	73	135
422	237	75	134
420	245	75	134
424	250	76	137
430	258	73	136
441	266	72	137
452	271	69	135
458	271	73	133
463	265	74	134
467	264	72	136
485	264	64	136
491	268	64	134
506	270	63	138
520	279	63	133
530	281	64	131
542	277	60	134
554	260	53	138
554	252	53	133
550	248	56	131
543	250	54	130
526	255	56	132
522	257	55	130
517	259	55	130
513	258	55	130
507	253	57	130
497	249	58	129
495	249	56	131
492	249	54	131
489	250	54	129
484	248	56	131
470	251	57	130
460	253	59	127
448	255	59	125
439	256	61	125
434	255	58	125
432	255	59	124
434	255	59	123
445	253	58	123
457	254	54	121
459	252	54	122
453	251	53	123
438	249	55	125
420	249	57	127
400	251	58	126
384	252	57	128
361	256	53	126
342	259	53	125
325	258	56	127
306	259	59	128
287	259	64	127
265	259	66	127
247	255	71	130
231	256	73	129
217	258	73	128
209	258	74	128
196	258	74	127
188	256	75	131
181	256	73	131
175	258	73	130
172	259	73	128
170	260	72	128
169	260	71	127
168	261	71	128
167	262	72	128
168	262	72	128
169	263	71	128
169	263	71	129
166	264	70	131
163	264	74	130
160	264	76	131
160	265	78	131
163	263	76	134
167	263	72	136
171	262	69	137
175	262	67	139
182	259	66	143
204	250	91	152
207	248	92	156
209	246	84	157
208	244	79	160
204	244	69	159
189	245	75	157
183	249	74	152
177	248	76	154
188	251	65	151
188	258	59	141
180	262	56	136
170	264	59	134
163	261	63	137
161	263	60	133
157	263	60	132
153	264	61	133
152	265	59	134
154	264	59	133
153	264	58	135
155	265	61	133
160	264	61	132
162	264	64	133
169	263	61	133
172	263	62	132
175	264	62	133
180	261	61	134
180	260	61	135
182	260	59	136
181	259	59	136
181	258	59	138
173	259	59	137
165	258	62	138
155	257	62	138
147	257	63	139
137	257	63	141
120	257	66	140
111	257	65	142
102	257	65	141
94	258	67	142
88	258	69	141
85	258	65	143
84	257	60	143
84	258	59	143
83	257	63	142
83	256	66	143
89	255	69	144
91	254	74	143
94	254	76	145
100	255	76	145
104	254	75	144
107	254	74	144
111	254	72	144
111	254	73	144
111	253	73	146
108	252	73	149
102	251	72	150
98	251	71	151
93	251	68	151
87	252	66	150
81	252	66	151
77	253	61	150
73	254	59	147
65	254	63	147
59	256	69	146
58	257	69	148
58	255	69	150
58	255	69	150
57	243	71	165
56	245	71	159
54	248	70	153
47	244	70	159
33	236	80	170
16	225	94	183
14	223	83	196
10	221	89	190
9	221	87	189
8	221	85	186
5	222	84	187
5	225	82	180
3	222	81	182
0	217	81	194
0	219	78	192
0	221	75	193
0	221	73	194
0	220	70	194
69	250	70	149
67	253	66	143
67	254	64	144
65	254	64	147
63	256	64	141
63	257	63	143
55	257	68	142
65	257	61	147
67	259	59	143
73	261	56	138
76	262	57	135
78	262	58	136
30	254	89	145
30	227	106	176
34	213	115	208
39	218	116	204
46	214	116	203
57	211	107	209
65	212	103	211
69	212	107	212
72	218	113	205
87	237	106	184
102	256	97	162
135	254	75	151
152	259	68	132
165	263	73	126
184	264	69	128
193	264	73	126
204	264	76	126
216	265	72	125
247	262	64	125
260	245	65	141
270	243	71	144
283	250	77	138
296	247	81	141
317	251	83	136
341	254	75	136
362	252	68	139
378	252	66	137
397	251	84	137
416	246	69	143
426	241	73	146
433	237	81	149
441	234	88	154
449	236	81	153
459	233	79	153
471	233	71	153
482	245	66	140
487	246	70	138
488	246	73	139
539	258	57	124
545	257	58	122
550	257	58	122
555	254	56	124
560	254	59	125
563	255	70	124
566	256	72	121
569	258	76	120
570	260	79	119
574	262	76	117
579	262	73	116
583	262	69	116
589	260	63	118
598	258	55	118
601	255	54	121
606	254	55	120
610	254	58	121
615	254	63	121
618	255	66	120
621	255	65	120
623	257	63	119
626	258	63	118
628	257	63	119
632	256	61	120
635	256	61	120
637	255	62	121
639	255	64	121
641	254	66	122
644	253	66	123
646	253	66	122
649	253	67	123
654	252	67	122
656	251	68	123
656	251	71	121
657	250	72	122
656	252	74	121
653	254	81	119
650	255	85	119
644	257	88	118
642	257	87	119
638	258	83	120
630	259	75	120
623	259	74	121
618	259	71	120
615	260	67	120
611	262	64	120
603	260	65	120
600	261	65	120
592	261	67	121
589	262	66	121
585	261	68	122
579	263	71	122
576	262	72	123
573	263	74	123
572	264	74	123
572	265	74	122
573	265	73	123
574	266	72	122
574	267	72	122
574	266	73	122
575	267	73	122
578	268	71	122
580	268	71	122
584	270	70	121
589	271	69	119
591	273	67	119
599	272	77	121
608	273	78	119
617	271	80	122
626	266	74	126
634	261	67	131
643	258	57	134
647	258	54	133
652	256	52	136
648	257	57	135
648	257	58	133
644	259	64	130
644	257	67	132
643	257	69	131
642	258	71	130
638	258	76	130
627	259	72	128
628	257	75	129
617	260	80	126
617	260	77	126
616	262	71	125
616	262	63	126
620	263	61	126
623	265	61	123
625	267	56	122
622	266	57	123
627	267	55	123
628	266	54	124
562	263	52	128
560	263	56	128
560	263	56	127
561	262	56	127
562	262	59	129
563	263	61	127
564	264	64	127
567	265	66	127
569	268	69	127
571	269	75	126
576	270	75	125
579	270	82	126
663	270	58	125
669	270	59	128
675	271	59	130
680	271	60	129
681	271	61	129
691	270	59	130
697	270	56	131
642	272	66	126
653	271	59	129
696	269	59	130
690	265	62	131
663	265	64	129
666	260	78	133
661	260	93	132
656	260	93	131
653	261	89	131
646	259	85	133
646	260	79	133
642	264	72	130
643	265	70	128
645	261	67	132
649	262	68	133
653	263	67	132
654	260	69	134
648	258	80	136
654	268	87	125
666	272	85	117
673	277	86	112
680	277	87	111
686	278	88	112
692	275	89	114
701	271	85	119
721	269	72	118
737	264	63	124
750	251	59	137
759	255	59	132
768	256	61	130
773	255	65	132
775	255	75	130
776	255	83	130
777	253	88	133
777	253	91	134
776	254	89	133
774	254	90	133
772	254	88	133
772	253	84	133
771	251	83	132
773	249	82	135
776	248	76	135
680	253	58	125
679	253	59	125
680	255	59	125
680	258	60	124
680	259	61	123
686	260	58	123
690	261	56	122
697	262	54	122
701	262	51	120
702	261	51	121
704	261	51	122
702	260	54	124
699	258	56	124
691	256	62	126
685	254	66	127
686	255	66	128
688	252	65	129
691	251	63	129
690	253	63	127
684	256	65	124
678	256	66	124
667	260	70	121
663	260	73	122
658	261	77	122
653	263	74	121
654	264	73	122
650	264	67	123
646	264	57	121
650	261	59	123
651	258	61	126
654	257	61	126
657	257	66	127
659	257	65	129
660	260	65	126
667	257	62	127
668	257	63	126
678	258	55	127
688	261	46	123
691	266	45	118
687	271	49	112
693	266	47	117
694	263	45	120
692	281	45	102
695	278	43	104
683	272	52	110
677	268	54	114
669	264	53	120
664	262	49	121
649	268	49	115
637	265	52	118
625	273	56	110
615	268	58	115
604	271	60	112
589	269	67	115
584	272	65	110
577	271	66	111
575	260	65	121
573	259	67	123
574	258	66	123
576	258	64	122
581	257	61	123
589	257	58	125
594	250	60	133
605	253	59	129
614	254	56	127
619	261	56	121
623	256	57	127
628	259	55	123
634	258	53	125
635	253	55	130
636	256	53	127
637	256	52	127
640	257	46	126
638	259	47	125
631	263	48	121
625	262	49	120
617	268	49	115
608	266	49	116
596	265	52	119
591	264	51	120
586	263	51	120
579	263	54	120
573	263	58	119
564	262	66	119
563	262	69	119
562	261	76	119
562	263	81	118
562	266	85	115
564	268	89	113
567	270	89	110
570	275	90	105
573	276	94	103
579	276	97	106
586	279	99	103
588	278	104	104
589	278	107	104
590	278	105	105
589	276	104	108
588	269	94	113
581	268	88	112
561	261	89	123
556	260	85	123
550	260	83	122
525	256	90	127
524	257	78	127
524	263	70	123
522	261	67	126
531	262	56	125
525	263	52	124
520	263	52	125
519	262	50	128
517	263	51	128
516	264	52	124
519	264	55	124
519	266	55	120
520	269	57	115
522	272	56	112
522	276	58	110
523	278	59	108
523	278	61	106
522	277	63	106
521	276	63	106
517	277	68	105
504	279	80	104
498	277	81	106
491	271	83	113
475	260	76	129
430	244	74	149
436	236	78	153
437	239	77	153
445	238	78	153
445	235	74	154
444	240	75	156
444	240	73	157
444	242	71	156
442	250	69	150
447	253	63	147
442	247	69	154
403	265	60	124
397	270	59	119
388	273	63	116
381	271	69	118
368	274	74	114
352	260	78	127
343	266	78	115
333	255	77	126
316	252	75	130
288	246	79	146
161	280	90	118
152	283	72	115
141	283	72	117
129	283	77	118
120	283	83	117
116	282	85	116
107	282	91	117
99	282	94	118
92	281	96	121
89	282	88	120
87	283	79	118
90	282	69	121
89	279	67	123
87	278	67	124
84	274	69	127
74	273	75	128
66	273	81	127
62	273	83	128
55	276	85	126
50	278	85	125
42	283	85	121
35	286	85	117
30	289	82	114
24	291	78	113
19	291	78	114
15	288	68	117
12	285	73	122
10	280	66	127
5	275	62	133
7	265	65	144
10	251	61	160
12	242	74	166
12	238	71	167
11	236	69	170
13	235	67	168
15	235	65	163
17	239	66	158
17	244	72	152
19	248	80	151
21	251	87	151
24	256	93	146
27	265	95	138
31	272	94	131
36	274	93	128
45	277	90	126
50	276	94	127
51	275	101	128
49	276	106	127
53	275	105	127
52	273	108	129
55	273	100	129
54	270	101	131
64	269	91	131
80	269	73	133
80	268	71	133
96	267	68	133
93	265	68	135
89	266	74	136
82	266	77	136
80	266	76	137
73	267	72	135
71	266	76	136
64	265	81	137
66	263	90	140
58	263	91	140
51	263	82	140
42	261	76	143
32	261	76	142
24	261	75	143
12	263	78	141
1	263	85	142
0	264	79	142
0	265	75	142
0	266	72	140
0	265	69	141
0	265	67	141
0	268	60	138
0	268	52	138
0	269	44	137
0	266	33	141
0	267	30	140
0	295	29	106
0	299	27	97
0	310	24	94
0	308	23	87
0	308	21	91
0	311	23	87
0	307	22	90
0	307	22	91
0	303	20	91
0	279	25	75
17	275	43	79
98	282	48	114
121	272	46	126
120	273	51	128
120	271	59	127
123	272	71	127
124	272	77	127
125	272	82	127
127	273	85	127
130	274	87	126
133	275	88	125
137	275	87	125
140	273	85	126
146	274	82	124
153	272	77	126
161	273	74	124
170	276	67	121
181	289	56	107
188	272	50	124
192	276	47	119
193	271	48	124
192	273	53	122
187	273	64	122
181	277	71	117
175	273	80	123
168	271	87	126
163	271	86	124
159	272	87	126
159	272	81	126
158	272	80	126
160	273	73	125
165	272	65	126
174	271	53	128
177	271	49	126
178	273	47	124
176	278	53	120
176	278	59	118
176	282	70	114
177	281	77	116
177	279	78	117
181	284	80	112
185	283	83	111
193	284	81	110
204	283	77	112
216	283	73	112
245	282	60	109
258	294	52	100
269	287	54	104
270	293	65	97
269	279	74	110
277	277	84	114
281	279	93	114
292	276	90	116
307	280	84	111
322	279	75	111
360	278	58	114
372	280	58	112
377	279	65	111
384	271	73	118
394	274	79	112
410	276	75	109
425	271	66	115
440	274	57	110
451	274	55	110
451	271	61	111
465	268	65	116
470	265	73	117
473	268	78	114
480	269	77	114
476	266	78	117
482	264	74	118
476	263	73	119
555	254	58	125
547	249	57	131
528	249	62	132
521	245	65	136
477	252	67	131
473	247	63	135
480	253	63	131
506	247	61	137
479	253	58	130
481	255	56	127
483	252	54	130
487	254	53	128
490	254	52	126
497	255	59	125
510	255	53	123
515	256	58	122
519	256	60	122
524	255	58	123
535	251	72	126
533	254	76	124
533	253	66	127
539	255	62	123
576	263	57	112
575	265	58	113
539	259	61	123
538	260	60	121
534	261	57	121
531	257	58	125
527	258	55	125
524	258	53	126
526	255	53	129
520	255	55	128
520	254	60	129
490	257	76	124
479	255	84	125
466	260	92	121
457	262	100	119
445	257	109	123
436	253	110	127
429	252	113	130
431	252	106	130
425	250	106	131
414	247	99	136
402	247	87	135
389	243	79	140
383	243	71	139
381	254	61	129
372	254	60	131
356	253	64	132
339	252	74	134
330	251	79	136
322	249	87	139
317	249	90	141
316	257	92	132
212	269	96	128
226	272	97	124
239	274	98	122
254	271	99	122
273	269	96	121
286	270	95	117
301	267	89	117
316	265	84	119
323	266	88	118
328	270	89	114
337	266	93	116
341	267	99	115
346	268	102	112
350	269	92	112
349	269	91	113
349	271	91	110
348	270	92	109
349	270	91	110
350	268	88	112
348	265	89	115
347	264	92	115
348	261	90	118
348	268	86	112
351	270	84	109
355	266	78	113
360	265	69	113
368	249	65	129
374	240	62	140
380	233	64	148
383	230	65	152
381	227	74	155
380	225	73	159
379	224	75	158
378	224	77	159
380	224	76	158
381	225	78	158
376	223	78	157
387	223	71	157
392	219	69	160
389	218	69	163
400	222	62	160
393	219	66	164
396	219	64	164
389	218	70	167
381	220	75	167
378	216	81	171
372	210	86	180
362	205	97	186
354	203	106	193
352	202	110	193
378	206	96	187
380	215	93	182
382	216	85	178
368	230	80	164
366	234	75	163
361	240	63	156
356	244	61	148
353	245	62	145
348	245	64	142
342	243	69	146
337	243	72	146
330	244	75	145
323	244	75	145
316	246	75	144
308	246	75	144
299	249	77	143
292	250	77	143
286	251	76	141
282	251	74	140
278	251	73	140
275	251	70	139
274	251	66	139
274	250	62	142
273	251	59	141
270	251	58	142
263	251	61	140
256	250	66	142
252	250	71	142
247	250	79	141
244	250	84	143
242	250	88	143
240	250	88	144
239	250	87	143
239	250	84	144
241	250	81	145
247	251	74	142
253	251	66	142
260	250	58	142
265	250	52	142
267	251	51	141
268	251	53	141
270	250	59	140
271	251	66	140
273	251	70	141
274	251	70	141
282	252	71	140
284	250	72	141
293	251	69	140
296	252	72	140
301	251	73	141
310	250	71	141
319	249	67	142
331	251	61	140
341	247	62	142
350	251	63	137
361	251	71	138
366	249	77	138
372	248	82	141
377	248	79	140
381	247	82	140
387	246	84	141
388	247	82	141
390	246	82	141
394	246	81	142
396	246	80	142
400	246	74	142
402	246	68	140
404	247	63	139
406	245	59	140
407	246	59	140
405	247	61	139
401	245	63	140
399	246	65	140
397	246	65	141
396	247	62	141
395	248	60	141
394	249	61	141
393	250	62	140
395	251	61	141
397	251	59	141
402	243	64	153
407	239	72	158
406	234	88	168
412	232	91	175
403	232	83	175
400	234	83	172
402	238	79	169
402	234	72	172
405	234	72	169
418	236	61	165
420	234	61	159
428	248	57	146
431	261	53	130
431	261	54	131
434	260	56	131
438	264	56	129
436	262	57	131
436	262	57	131
433	262	59	129
430	262	61	129
428	261	62	130
425	258	64	132
423	257	65	131
420	259	66	129
418	259	65	129
414	254	66	133
413	255	64	131
411	259	64	128
410	258	61	129
406	256	62	131
408	258	57	128
402	262	60	125
404	261	57	124
401	266	58	119
401	259	57	126
394	259	58	124
393	261	55	125
389	262	56	124
389	260	54	127
384	265	57	122
381	263	60	121
382	264	64	120
449	264	59	116
452	263	56	114
442	263	58	117
436	262	60	120
430	262	63	120
435	261	61	119
433	260	60	122
440	261	56	120
441	260	56	120
443	260	56	120
444	259	53	121
447	260	53	121
448	261	52	121
449	261	53	120
454	262	52	120
455	263	50	119
457	264	50	119
458	266	50	117
383	259	52	130
383	257	56	131
381	263	58	127
377	260	61	130
375	259	65	130
374	255	67	135
374	252	68	140
375	255	67	138
370	258	69	136
367	258	69	135
372	259	70	134
368	256	73	137
383	255	61	137
382	259	59	133
380	261	58	131
379	261	58	131
377	263	59	130
375	261	59	132
374	263	60	130
372	263	60	130
370	263	61	129
368	261	62	131
368	261	62	131
367	262	64	130
367	262	67	130
366	263	69	128
367	265	70	127
368	265	71	127
369	265	71	127
372	269	69	122
373	270	71	122
379	270	69	122
384	269	66	125
391	267	63	127
400	266	61	128
406	263	61	129
413	258	60	132
415	257	59	131
417	255	60	131
416	254	60	130
416	253	59	131
418	253	58	129
423	254	59	127
424	257	59	128
422	259	58	125
415	260	61	127
408	259	60	126
404	255	59	127
404	253	56	126
402	249	57	128
401	250	58	126
403	250	61	127
408	250	62	127
415	250	61	128
421	250	60	129
426	252	59	129
430	252	57	130
432	252	58	130
433	251	56	131
433	252	56	130
435	253	56	129
436	252	59	129
439	249	60	131
447	248	60	133
454	246	62	134
459	250	64	132
471	244	62	140
477	246	67	138
482	245	76	140
483	250	73	137
481	254	68	132
471	255	69	133
469	257	71	132
467	260	72	131
468	263	73	127
472	261	70	127
463	264	73	125
473	261	63	126
468	261	67	127
468	262	67	129
450	262	67	129
441	265	73	127
439	262	75	129
441	264	72	130
444	262	65	129
441	262	63	130
440	262	59	132
435	263	57	131
427	266	57	126
413	263	61	129
409	262	62	133
408	264	57	131
414	266	53	131
409	266	57	130
404	265	58	132
400	265	58	131
402	265	55	131
406	265	53	131
403	265	53	129
396	267	56	132
395	268	56	130
392	268	57	131
391	268	58	132
390	268	60	132
393	268	61	132
398	267	63	133
411	266	63	134
418	267	64	133
426	267	65	133
432	265	65	135
441	265	64	133
451	263	61	131
457	262	62	132
463	262	62	132
466	262	62	133
468	261	61	134
471	261	61	134
472	261	61	134
473	261	60	134
474	261	59	134
475	262	58	134
475	262	59	135
473	262	60	134
472	264	60	131
470	264	59	130
470	265	58	130
470	265	57	131
469	266	56	132
469	266	55	131
468	266	55	132
465	265	55	132
462	263	55	134
459	264	55	133
456	266	55	131
452	265	54	132
449	264	53	132
446	263	53	134
445	262	54	138
442	262	58	142
441	257	63	151
435	254	67	160
443	247	84	169
437	243	82	176
439	244	77	174
438	241	67	173
439	243	71	167
446	245	67	163
440	248	67	162
434	246	75	166
436	246	78	170
434	243	79	169
433	238	90	181
418	237	99	183
388	232	124	188
389	234	122	189
397	237	116	185
390	232	117	195
389	234	105	190
419	241	96	169
425	246	97	167
432	247	86	165
445	252	68	151
446	254	63	148
450	257	64	143
448	259	65	142
450	260	64	140
450	259	65	141
449	259	67	141
451	259	65	141
451	257	65	145
450	255	65	146
450	255	65	148
451	253	64	147
454	253	63	145
455	253	63	146
455	252	66	147
455	251	69	145
458	251	71	146
460	250	72	146
464	249	71	147
468	249	70	147
469	249	69	147
472	249	69	148
472	248	69	149
472	249	68	149
481	248	72	150
540	257	79	136
536	257	77	138
531	258	78	136
475	244	76	155
471	242	74	158
465	242	77	157
471	246	79	152
474	248	78	150
482	249	70	149
501	254	67	142
507	259	68	135
503	257	73	135
506	258	74	136
503	260	77	134
507	261	74	132
503	261	75	130
501	261	77	129
501	261	75	128
497	261	75	128
490	260	75	129
491	259	69	129
483	258	63	133
480	258	61	133
477	259	61	133
476	259	61	131
475	261	62	129
466	263	68	127
465	263	65	125
460	262	61	126
454	264	58	126
454	259	54	133
450	253	54	140
448	251	57	143
446	255	58	140
441	246	61	147
440	256	63	138
433	259	66	136
428	261	68	136
424	262	69	136
421	265	68	134
417	265	69	133
414	267	64	133
412	269	64	131
407	266	64	134
406	265	63	136
405	264	61	137
400	265	61	137
400	265	60	136
397	266	61	133
396	266	61	132
392	265	64	133
387	264	67	134
391	266	65	132
386	266	67	132
385	264	68	135
385	263	68	137
383	262	67	138
384	262	65	137
385	262	65	137
385	262	68	137
384	264	73	135
384	263	77	135
384	264	82	134
384	264	85	134
383	264	88	133
383	263	89	134
383	262	88	135
383	262	87	135
383	262	86	136
383	261	85	138
387	260	81	138
396	261	72	137
405	266	65	131
412	264	62	133
413	269	64	128
415	271	73	124
416	271	69	122
418	270	71	123
423	272	69	121
425	271	69	123
432	270	64	125
440	273	60	122
444	274	60	123
446	275	68	125
449	278	75	123
449	280	78	121
453	283	82	121
456	285	82	118
461	287	78	118
466	288	73	118
469	289	70	120
473	292	65	122
481	294	63	121
480	294	64	125
483	295	61	127
485	299	62	125
491	301	61	125
490	300	60	126
496	301	57	124
492	302	59	120
500	301	61	121
499	296	60	123
502	294	63	123
506	292	63	123
507	293	60	120
508	292	59	120
508	289	58	119
508	288	57	118
512	286	57	117
513	286	59	115
527	287	54	114
507	286	63	118
518	285	60	117
504	284	60	120
504	285	63	120
499	285	60	121
498	285	56	122
497	285	55	124
495	285	56	124
494	284	57	124
493	284	59	124
494	282	61	126
492	281	63	126
492	283	63	126
492	282	63	128
491	282	64	127
487	283	65	126
485	282	66	126
474	280	80	126
463	281	93	126
465	281	94	127
469	282	87	128
468	284	87	125
461	290	90	119
463	289	86	121
465	294	82	117
466	291	77	118
467	292	72	120
469	292	65	118
469	287	63	120
469	286	58	121
469	287	54	121
464	287	56	118
459	286	55	119
459	287	54	118
451	286	57	120
446	282	63	123
431	276	72	132
407	273	84	134
404	273	81	133
408	272	79	134
413	275	81	131
412	274	78	130
419	281	74	128
420	277	74	131
422	274	73	134
423	278	72	129
423	275	71	133
425	274	68	134
425	273	67	137
424	273	67	138
425	271	60	136
420	272	58	138
422	270	58	141
425	272	56	136
422	270	56	137
420	270	60	140
416	272	61	137
415	272	61	137
417	275	65	134
419	275	68	135
423	275	69	133
435	274	64	132
444	271	68	134
448	269	71	136
459	267	68	137
467	266	66	135
472	265	69	133
473	263	68	134
469	264	63	135
469	262	69	136
456	262	70	138
435	263	72	140
410	265	75	139
398	268	72	138
381	269	67	140
376	269	69	140
360	278	74	131
343	278	62	133
341	280	58	131
342	283	57	127
347	284	57	127
355	281	60	127
390	271	82	136
373	274	73	133
379	277	64	130
380	277	61	129
380	278	60	127
374	278	63	127
367	279	66	127
359	279	69	127
350	276	71	132
337	282	68	128
332	279	77	131
325	278	77	133
322	283	77	128
318	282	75	130
309	285	68	126
310	279	57	133
313	277	60	138
331	272	64	144
331	271	67	144
331	268	71	147
331	268	75	148
319	270	83	149
332	267	72	149
334	264	74	150
338	263	71	150
330	262	75	152
336	261	71	153
293	276	61	138
290	275	61	140
284	277	60	135
280	280	58	134
274	284	61	129
267	286	61	125
263	285	59	126
250	287	65	126
242	289	70	122
237	292	71	122
226	297	80	117
215	295	89	118
205	297	101	114
202	299	104	112
200	299	105	112
200	303	105	112
199	307	104	109
195	303	103	112
201	304	92	111
202	302	87	114
201	302	85	112
206	303	86	113
209	302	88	116
205	298	92	122
197	297	83	121
234	285	76	140
226	274	84	153
226	272	78	153
225	273	75	152
209	288	90	135
217	282	86	139
208	282	97	142
201	274	103	150
206	268	107	158
215	268	104	156
217	267	103	158
222	268	99	155
224	264	96	159
229	262	92	162
238	260	83	161
243	259	79	161
245	261	75	158
239	270	80	146
242	277	81	137
242	280	73	131
239	279	77	134
228	278	67	137
216	276	71	140
205	270	80	147
176	267	80	153
154	266	82	158
127	265	84	160
100	267	90	160
82	264	81	164
65	262	83	165
46	263	85	165
34	262	89	166
28	261	92	168
36	269	88	162
49	263	83	170
57	262	92	170
67	265	95	169
84	268	102	167
98	267	104	170
103	268	105	167
108	266	105	168
107	266	103	170
102	266	97	172
93	264	90	176
83	262	90	178
65	263	88	178
46	265	85	174
28	263	81	175
15	268	82	169
8	270	77	168
2	267	75	170
2	264	77	171
1	266	79	170
0	270	86	169
4	272	92	169
16	271	94	172
31	273	92	170
39	267	95	180
54	267	94	179
69	270	89	175
96	271	82	169
98	276	69	163
89	277	68	164
79	281	69	155
29	269	87	176
8	262	88	186
0	260	82	190
88	274	80	158
76	274	78	160
55	277	85	157
0	287	61	143
0	287	49	144
0	287	56	150
4	277	62	161
11	276	70	167
10	262	74	181
16	267	88	181
21	256	103	192
35	254	122	194
50	251	116	198
61	250	112	196
73	252	111	192
86	251	114	191
99	252	109	185
99	250	111	188
96	246	112	194
88	246	116	191
80	241	114	195
76	237	110	199
74	240	105	194
79	241	99	193
99	242	92	191
104	244	86	189
119	244	107	190
127	235	119	197
130	232	129	198
143	231	133	199
154	232	135	196
169	232	133	194
177	233	125	193
182	235	108	190
188	239	94	186
177	242	73	181
167	258	63	159
164	261	66	158
159	262	62	153
158	265	62	149
158	266	61	149
159	265	61	151
166	264	62	152
173	266	63	151
175	264	63	152
178	265	64	151
173	264	67	151
165	264	68	154
157	263	72	155
148	263	76	155
142	263	80	155
142	264	79	158
148	264	79	158
163	264	73	156
173	264	72	157
179	265	73	157
184	264	72	157
182	265	76	156
182	265	82	156
184	263	86	157
186	264	84	158
181	264	90	159
174	263	97	160
168	261	95	163
160	261	92	162
148	260	90	164
135	263	89	162
128	263	90	161
127	264	89	162
128	265	89	162
133	265	88	163
148	265	82	162
157	263	82	162
164	264	79	162
168	265	77	160
168	264	75	161
161	263	74	162
153	262	75	163
143	261	76	163
131	263	76	163
121	267	72	161
113	273	68	157
108	268	67	160
108	268	67	161
109	268	74	161
117	266	75	165
129	266	76	164
135	266	76	165
136	267	73	164
132	265	73	165
127	264	73	167
113	265	76	168
101	265	79	169
94	265	74	169
94	265	71	168
91	266	68	168
92	268	70	167
98	268	76	168
106	266	82	170
122	268	94	169
138	268	103	169
160	267	108	168
179	267	109	166
197	266	104	167
210	264	103	166
222	262	100	166
236	260	92	165
245	260	83	165
251	260	80	167
250	259	77	166
241	260	76	166
208	263	80	166
190	264	82	168
176	266	82	166
165	266	84	167
161	268	88	165
161	269	93	167
168	268	99	169
181	267	97	170
200	266	94	171
219	266	92	171
254	262	89	172
273	260	83	171
287	259	74	168
298	259	66	167
300	260	64	165
293	260	64	168
281	262	69	168
266	262	76	170
251	262	86	173
240	263	93	174
236	263	94	175
234	266	95	172
235	267	100	173
244	268	101	173
251	267	99	174
272	265	101	175
297	262	92	177
320	259	87	176
339	255	89	175
361	251	81	174
401	246	71	176
412	240	66	180
412	242	65	179
406	240	69	183
390	246	71	179
371	253	70	175
351	260	82	171
330	260	91	176
315	260	101	176
303	267	108	171
301	268	99	171
303	268	91	169
307	268	89	166
318	267	83	167
332	263	71	168
345	261	59	173
347	258	62	175
333	256	81	180
315	253	81	184
297	252	86	181
259	259	88	177
234	254	93	184
208	259	89	181
187	260	101	184
177	261	102	183
162	262	111	187
153	269	115	176
144	271	115	174
134	274	120	171
122	274	123	175
112	272	92	175
107	274	81	171
104	275	81	170
102	275	79	170
92	275	80	174
82	277	78	168
80	279	74	167
77	281	81	166
78	283	81	165
80	283	84	167
86	286	82	165
96	290	79	162
107	293	81	162
118	298	85	159
127	300	91	161
137	302	98	161
146	302	102	164
153	302	108	163
165	304	110	160
175	303	117	159
202	299	105	159
213	298	112	158
225	297	115	156
237	298	116	153
259	296	106	152
269	294	111	153
294	291	104	152
302	286	106	155
311	282	101	155
322	283	91	154
325	283	84	151
316	283	74	151
308	283	66	151
297	285	64	151
283	289	64	148
272	291	62	150
253	298	61	142
244	300	58	143
238	303	57	141
235	305	59	142
235	307	66	145
245	312	66	137
253	309	66	139
264	310	66	138
272	308	68	138
284	307	70	138
306	308	76	136
328	309	79	135
345	309	77	134
361	309	73	132
371	307	74	134
385	306	70	134
392	304	69	134
401	302	65	135
407	302	62	134
410	301	62	133
413	298	61	135
414	297	60	137
415	297	61	135
414	297	64	134
405	299	63	132
389	304	64	127
371	305	65	129
351	307	64	128
327	312	65	124
307	314	64	123
283	315	62	128
269	315	61	129
262	313	60	131
261	313	60	131
260	311	59	132
272	313	59	130
280	314	62	129
290	309	63	133
302	310	64	132
313	309	65	130
331	307	62	131
344	306	62	129
352	302	65	131
363	301	61	130
368	300	61	128
370	299	62	127
368	300	64	127
362	299	65	128
354	304	62	125
344	305	60	126
331	308	60	124
319	311	60	125
308	315	61	125
299	315	61	125
292	315	64	127
289	313	66	130
288	314	74	129
292	314	79	129
298	311	83	128
306	311	88	128
322	307	89	129
329	306	93	129
337	303	94	130
345	301	93	131
351	300	91	131
354	298	87	132
354	299	79	133
349	298	72	134
337	297	72	137
327	297	71	139
318	299	66	139
312	300	65	140
308	300	65	140
308	301	64	139
312	301	65	140
328	302	61	136
339	300	66	135
354	300	66	132
366	300	68	132
375	294	70	135
388	290	69	138
392	288	67	138
399	288	64	136
402	285	65	137
404	286	65	136
409	283	68	136
413	282	70	137
416	282	73	137
419	281	75	138
422	279	75	139
424	279	73	138
424	282	71	136
425	282	66	136
422	282	64	136
419	282	61	137
415	282	61	137
415	281	63	138
420	280	64	138
423	280	66	137
424	279	69	138
417	282	76	135
409	281	81	135
402	282	82	136
396	283	82	136
386	284	81	139
373	287	81	138
364	290	80	138
356	292	75	136
350	292	71	136
346	291	64	137
335	291	65	136
332	293	67	135
329	292	70	135
329	290	72	136
329	289	79	135
333	288	86	137
338	286	88	136
340	286	89	135
339	287	90	134
338	286	86	135
331	288	73	135
322	288	70	134
313	293	66	132
302	290	60	136
287	291	58	135
269	295	57	134
257	295	59	134
244	294	66	136
234	297	70	134
226	295	78	138
225	295	78	137
225	294	81	138
228	295	83	137
233	294	83	137
239	293	79	138
248	292	74	139
248	289	73	140
250	289	68	139
250	288	60	140
241	288	60	139
224	289	64	140
207	290	66	141
198	289	61	143
190	289	59	143
181	293	58	139
174	294	57	140
172	294	56	140
167	294	59	142
168	293	60	143
164	292	65	143
160	291	73	144
166	289	73	147
176	287	73	148
187	284	71	149
195	283	72	148
208	281	69	149
210	282	68	147
205	281	69	149
198	280	68	150
191	282	66	148
181	283	66	148
165	283	67	150
150	283	70	150
136	285	70	151
123	285	67	152
112	287	67	152
104	288	67	152
100	289	68	153
99	288	71	152
98	287	76	154
100	286	81	156
107	283	83	158
113	283	85	160
122	282	87	160
127	281	92	160
135	281	93	159
150	281	82	159
154	281	74	156
153	281	72	159
146	279	71	160
132	280	74	160
112	279	72	163
97	279	75	162
77	278	82	164
63	278	84	165
51	278	86	164
45	279	80	163
43	278	80	165
43	278	81	165
40	279	85	165
42	279	87	166
51	280	89	166
61	279	87	168
74	280	84	167
82	280	85	168
89	279	85	169
98	279	82	168
100	278	82	168
103	278	79	169
105	277	79	169
105	276	77	169
100	276	77	170
95	276	75	170
89	276	75	171
80	277	75	171
71	277	76	173
61	278	74	173
54	279	74	172
48	279	72	171
46	280	69	170
45	281	69	171
43	281	72	170
44	280	75	172
46	279	79	174
55	278	78	177
65	278	77	176
78	279	73	175
83	279	70	173
84	280	70	173
76	279	75	174
68	278	76	175
52	277	82	176
35	276	84	179
20	275	87	181
2	274	87	182
0	273	71	183
0	275	54	179
1	274	41	179
0	273	36	177
0	267	32	178
3	267	29	181
0	270	31	178
6	292	32	155
0	293	34	147
5	312	40	127
0	300	36	138
90	307	64	128
76	302	69	133
58	301	72	135
45	302	68	138
36	305	68	137
29	308	65	136
25	309	65	136
26	310	67	134
28	310	68	134
32	311	69	138
39	314	79	133
47	314	80	134
55	315	84	132
62	317	87	131
70	318	87	130
2	301	71	164
0	298	80	168
0	294	82	174
1	290	84	177
0	286	80	180
0	282	74	180
0	282	74	179
2	281	67	180
0	280	61	182
0	280	51	184
0	279	46	185
3	280	51	182
2	289	61	160
1	312	66	138
3	309	64	142
2	294	67	161
0	275	71	185
1	275	73	191
0	278	71	188
0	280	87	188
6	279	101	191
16	281	109	195
30	282	107	193
52	285	110	190
78	283	108	189
99	281	108	189
120	276	89	191
135	274	85	190
147	273	80	189
154	271	83	187
158	271	89	186
157	270	91	187
152	270	93	187
146	270	97	188
139	268	99	190
137	269	97	190
132	271	95	188
129	270	92	191
127	270	85	189
124	273	84	186
120	275	85	187
110	276	94	187
114	279	99	187
119	282	108	185
126	281	114	185
142	282	113	186
154	282	111	185
166	282	110	185
180	279	110	187
193	277	108	186
204	275	104	184
211	270	101	187
215	267	98	187
218	266	96	186
219	265	89	187
216	266	88	186
211	266	88	188
206	269	87	186
201	269	87	188
195	270	85	187
190	271	84	186
183	272	84	184
171	272	87	183
158	271	90	184
147	273	90	183
133	276	92	179
127	274	90	183
123	273	87	183
118	275	84	183
116	276	83	183
117	277	79	184
118	279	77	183
119	280	79	182
124	282	77	182
127	283	79	183
139	286	78	180
147	286	79	182
156	285	79	182
165	286	81	180
174	286	85	179
184	286	89	177
196	286	89	176
209	284	88	178
220	284	88	177
233	284	83	174
241	280	82	174
251	281	80	171
258	277	79	172
265	273	74	172
267	274	75	171
267	274	77	170
262	271	80	172
256	274	79	171
248	274	78	171
241	274	80	172
233	273	78	173
220	277	74	170
211	277	71	170
200	277	72	169
191	280	74	168
184	279	71	169
179	279	68	167
179	277	72	171
177	278	73	170
179	278	75	171
180	278	79	169
189	277	77	173
199	281	75	169
208	286	75	163
219	287	75	162
229	285	81	163
247	285	80	162
253	283	84	164
264	281	83	164
270	280	83	163
272	278	84	165
275	277	84	164
276	277	83	164
270	277	89	163
260	279	95	161
248	282	98	160
224	290	112	153
207	295	116	150
188	301	126	145
171	300	127	145
155	300	127	145
132	303	135	146
119	304	137	144
100	298	126	148
85	297	110	149
77	294	98	154
63	288	83	160
52	286	80	161
40	284	77	162
27	283	74	163
13	282	73	165
0	283	65	165
0	284	50	164
1	283	40	167
0	285	36	157
1	280	36	150
9	304	78	118
17	291	76	134
12	286	85	130
173	301	79	139
182	302	80	138
182	302	78	141
183	302	75	141
183	302	75	140
183	304	76	140
184	304	78	140
188	304	81	139
201	303	75	139
211	303	70	140
214	302	69	141
221	301	66	140
235	301	59	141
237	301	62	142
244	300	61	142
250	300	61	140
255	300	63	141
259	302	68	138
260	303	76	137
260	305	83	136
268	307	84	134
276	310	85	132
290	311	82	133
298	312	85	132
308	311	85	134
318	310	87	134
326	307	91	137
334	301	94	141
338	298	91	142
340	297	91	142
345	295	85	144
350	295	78	144
363	296	68	142
367	295	68	141
369	296	70	142
368	295	72	142
368	296	75	142
366	295	76	142
365	293	80	144
362	294	82	143
357	294	86	144
356	294	86	143
354	294	86	141
350	291	82	143
347	289	73	145
340	289	66	145
332	287	65	145
322	286	64	146
317	285	65	146
312	287	68	144
307	285	74	147
306	287	77	145
304	288	81	145
303	289	86	147
305	289	87	146
309	289	85	147
314	290	79	146
319	290	76	145
323	290	74	145
325	288	69	146
326	288	68	146
325	288	66	145
328	288	65	145
327	289	69	143
327	289	70	142
328	290	71	141
327	291	73	141
328	293	73	139
328	295	73	137
329	297	71	134
328	299	65	132
327	300	62	131
324	304	63	126
324	307	62	123
323	308	64	122
322	311	65	119
321	314	65	116
317	314	68	116
310	313	72	116
307	315	70	114
300	315	74	114
300	316	69	113
298	318	67	111
286	315	73	112
281	316	71	113
277	315	71	114
271	314	71	115
268	314	67	114
267	313	65	115
266	317	62	114
264	316	62	115
261	313	65	118
253	306	71	125
263	313	62	121
262	307	66	126
267	306	65	127
269	302	67	131
273	297	69	134
279	301	69	131
287	307	65	127
286	296	71	137
290	293	74	140
296	290	75	141
300	290	81	141
305	290	81	141
309	289	81	142
311	288	83	142
313	288	82	141
314	287	82	141
313	287	82	141
312	285	81	142
311	286	79	140
308	284	78	142
304	283	74	142
300	282	71	143
295	282	74	142
290	282	73	140
287	282	74	141
280	283	73	140
276	282	73	141
272	282	76	140
269	282	77	141
266	281	78	144
263	283	79	144
264	285	81	145
269	286	79	146
281	285	71	146
287	285	71	144
302	287	64	141
311	286	61	141
315	284	62	142
321	285	59	140
323	284	59	140
331	285	60	140
338	284	58	140
341	282	59	143
346	283	56	139
349	281	54	141
349	281	56	142
349	279	58	141
348	281	61	139
344	282	66	138
339	280	69	144
336	281	70	143
332	280	69	144
332	281	67	142
333	281	64	143
333	284	62	141
328	284	60	143
322	285	62	139
320	285	63	140
317	288	65	136
313	285	66	140
314	286	66	140
314	287	67	140
317	286	66	140
319	286	67	142
322	285	67	144
330	286	64	141
332	287	64	141
335	288	62	142
341	288	58	142
346	290	56	138
350	291	58	138
351	292	61	136
353	291	70	138
344	292	73	139
345	295	76	136
347	295	76	136
346	292	76	138
343	291	78	140
343	292	78	138
345	292	75	137
348	291	69	137
353	291	63	137
358	291	58	138
361	291	56	137
363	291	55	138
357	291	62	136
357	290	67	138
356	289	69	137
354	289	73	137
353	291	73	136
356	291	70	136
361	290	65	137
365	291	63	136
366	291	64	134
373	292	61	133
379	292	61	132
387	292	59	130
394	292	59	132
400	292	59	131
407	293	59	132
420	292	60	132
426	290	62	133
433	290	60	133
441	290	59	132
445	290	61	133
447	290	58	131
450	288	55	133
453	290	54	132
455	290	52	131
454	290	54	131
448	285	56	136
444	273	55	151
439	264	59	161
430	258	66	169
424	252	74	181
412	249	85	184
402	255	80	178
392	266	79	160
385	279	77	147
378	288	72	142
371	304	71	128
366	299	63	130
364	302	59	131
360	300	60	130
357	298	61	132
353	298	62	135
348	299	63	135
345	302	60	128
344	298	61	132
343	298	59	135
340	298	62	134
338	299	64	134
336	300	64	133
336	298	63	134
335	298	64	133
329	297	63	134
326	298	61	133
323	298	59	134
321	299	55	134
320	297	53	134
319	296	51	137
319	296	50	137
318	294	50	139
318	293	51	140
317	292	53	141
317	291	53	142
318	292	54	142
320	292	52	141
321	292	51	143
321	291	53	142
323	291	52	142
324	292	52	141
324	292	53	141
325	292	53	140
324	292	55	140
323	293	58	140
322	293	61	140
321	292	66	141
319	291	70	142
317	292	73	141
316	292	78	140
315	291	83	140
314	291	84	142
313	290	88	143
313	289	88	143
313	289	88	142
314	288	85	143
314	289	82	144
314	289	80	144
315	288	77	144
315	288	73	145
314	289	73	145
313	288	73	145
311	288	73	146
309	288	74	146
306	289	76	146
304	288	78	144
300	289	81	143
297	288	83	144
295	289	86	144
294	289	87	143
293	290	89	143
296	290	90	143
310	290	79	144
319	291	78	144
423	315	60	117
434	315	53	115
437	315	52	113
440	316	51	114
442	316	52	113
441	317	56	112
442	317	60	113
445	316	59	114
447	316	58	112
450	317	58	112
451	316	60	111
453	315	61	113
452	313	62	114
452	311	63	116
450	311	63	116
447	311	60	115
443	310	59	116
442	310	59	116
441	311	59	116
439	311	60	116
439	309	57	117
435	311	55	117
434	311	57	116
433	310	55	117
432	310	56	116
431	310	56	116
429	311	57	116
427	311	57	116
426	311	57	116
425	310	57	116
424	310	56	118
420	309	56	118
417	309	55	119
414	307	54	122
414	306	54	123
413	305	53	125
416	306	49	122
415	307	48	122
416	307	47	122
417	307	47	121
418	308	47	120
421	309	48	119
424	310	47	115
428	309	48	117
431	309	52	116
436	308	54	118
392	300	65	128
390	292	68	137
390	293	70	136
394	292	67	133
393	293	71	134
251	300	72	134
256	297	71	137
257	297	74	137
260	296	75	138
262	295	75	139
262	293	74	139
267	295	71	138
268	293	70	139
270	292	69	140
272	290	68	141
271	288	69	143
271	286	69	144
271	285	69	145
273	285	70	146
271	284	73	146
271	283	71	146
269	282	74	146
267	282	76	146
264	284	78	143
262	288	77	139
258	294	79	135
253	303	81	126
249	302	82	128
245	300	84	129
241	295	84	135
235	299	85	131
226	286	89	144
220	278	86	151
212	279	77	149
201	279	70	149
194	280	65	150
186	258	67	172
179	257	68	171
174	258	65	171
167	258	61	174
160	256	59	176
154	259	60	177
148	268	61	169
139	272	66	166
127	278	76	160
111	284	91	154
96	294	102	145
89	300	109	141
87	300	105	140
86	303	97	139
85	305	82	139
83	304	70	142
80	302	64	143
66	302	70	143
49	301	82	144
33	302	98	144
21	303	109	144
13	304	118	144
11	306	121	142
11	308	120	141
17	308	110	140
20	309	100	138
25	309	88	140
29	304	82	145
34	302	80	148
37	300	77	149
38	299	76	148
39	298	76	148
39	298	76	148
38	300	78	148
39	302	78	145
41	303	77	144
42	305	77	142
42	306	77	140
41	310	78	137
40	311	78	134
35	315	79	130
33	315	79	129
28	317	81	127
23	316	81	129
17	315	81	130
2	312	86	133
2	311	79	134
0	308	71	137
0	306	61	139
1	306	51	140
1	307	44	139
2	306	37	139
2	339	33	108
0	338	30	110
1	335	28	105
0	330	26	107
1	324	29	117
3	324	38	115
8	313	41	129
3	307	35	131
3	301	41	119
0	304	38	129
6	303	44	126
107	296	57	137
101	296	85	140
89	297	101	140
86	297	103	141
83	298	108	143
88	307	105	136
86	303	108	139
86	305	107	139
84	305	100	137
81	305	97	139
76	305	95	140
74	305	95	141
73	308	93	140
73	314	94	133
82	314	85	132
77	315	90	133
82	316	85	131
84	315	82	134
103	319	66	129
115	324	57	122
116	326	57	120
109	323	60	123
115	325	59	120
103	325	69	122
104	323	64	126
109	323	64	125
118	325	56	120
115	325	65	120
93	309	67	138
80	301	63	143
84	298	73	147
84	298	95	149
82	298	116	145
73	303	122	141
65	299	96	148
69	307	88	137
63	306	88	138
63	311	87	133
70	306	85	139
60	305	92	141
63	313	88	135
60	314	93	136
62	318	94	134
0	302	53	157
1	305	46	150
1	304	48	151
0	304	52	151
1	305	53	150
0	304	52	152
0	303	51	153
0	303	52	153
0	305	50	151
0	304	48	153
0	302	43	155
0	308	34	147
0	333	33	124
11	329	61	128
3	319	65	137
0	321	61	138
0	318	55	141
0	319	50	140
1	323	44	136
0	321	37	139
0	322	32	138
0	321	28	141
0	318	26	140
0	315	25	138
0	315	25	124
0	318	25	111
0	317	28	113
1	315	33	133
2	316	43	138
0	314	56	136
0	315	66	135
1	315	74	135
3	315	83	132
3	310	90	140
4	301	92	148
0	299	49	145
0	301	53	143
1	300	59	143
3	299	68	143
9	299	74	143
16	299	78	142
23	300	82	141
31	299	81	140
40	300	77	140
53	299	76	139
59	298	77	139
69	298	76	139
78	296	75	141
91	296	70	142
108	296	64	141
121	295	59	141
131	295	59	139
142	294	58	140
150	294	58	139
156	294	60	138
162	294	61	137
165	296	67	137
171	297	72	135
176	297	73	135
186	299	74	135
190	298	74	136
197	300	73	136
205	300	71	136
212	302	69	136
224	303	65	135
234	303	62	136
244	304	59	134
251	302	55	135
257	303	55	137
261	304	57	134
264	303	62	134
264	303	72	135
265	302	79	135
265	303	84	134
264	301	88	135
264	301	86	134
262	300	86	133
260	299	88	133
260	299	85	134
262	299	81	134
265	299	77	133
268	298	72	134
273	297	67	134
277	298	62	134
278	297	61	134
278	297	64	134
276	297	68	133
276	299	70	132
275	301	71	130
276	301	71	129
276	302	70	128
276	302	70	128
273	302	71	129
274	302	68	129
273	305	65	126
272	304	66	128
271	303	65	128
270	303	66	129
269	301	65	129
268	300	65	130
267	300	66	130
264	301	64	129
261	299	67	129
258	299	68	129
251	297	74	131
246	297	79	131
243	298	82	131
241	300	85	129
240	301	85	128
239	303	84	126
237	303	89	128
233	304	92	125
231	304	93	125
228	305	92	125
227	303	89	127
224	301	87	129
224	301	82	131
223	302	76	130
223	301	71	131
224	298	65	133
227	295	57	137
227	294	53	138
226	296	53	136
224	295	54	136
220	296	56	134
221	296	58	135
217	295	65	137
217	294	64	139
220	294	64	140
223	295	68	140
225	297	72	139
229	299	72	138
232	300	75	136
235	300	72	136
237	302	75	136
238	303	87	135
239	302	88	136
247	300	83	140
254	302	77	138
273	304	71	136
280	303	70	138
288	305	72	136
292	303	77	136
299	302	73	136
311	303	86	133
320	304	88	132
328	304	85	129
334	306	85	127
339	306	86	126
344	302	87	130
346	302	93	131
348	300	97	131
352	297	93	133
358	297	89	135
361	301	85	131
359	302	88	127
355	301	76	131
351	298	67	134
345	298	67	134
342	297	69	134
336	297	65	136
330	297	63	136
316	298	70	136
311	298	66	137
304	299	67	138
286	298	66	141
280	300	66	134
275	300	67	137
269	303	62	136
263	307	61	133
258	300	65	140
252	296	67	143
247	296	70	145
242	292	71	149
240	290	72	152
234	288	73	154
230	288	73	157
229	289	74	156
225	290	73	157
216	292	77	155
203	294	82	151
191	302	90	144
181	292	98	155
170	293	106	154
164	292	107	156
154	293	110	155
149	291	105	159
143	292	100	159
136	294	95	157
131	295	91	157
123	297	92	155
107	297	102	153
88	300	117	153
67	304	137	151
42	306	151	148
28	310	158	145
20	312	158	146
13	318	163	140
9	320	162	139
7	322	160	136
5	317	161	139
2	320	153	139
1	319	140	140
0	316	123	144
0	319	119	142
0	320	111	138
59	325	132	128
72	326	112	127
81	327	93	129
3	314	73	140
0	312	69	145
1	310	62	145
1	312	61	141
0	311	58	139
0	315	55	137
1	319	57	140
0	319	61	145
0	320	62	143
0	320	66	142
0	319	70	143
3	319	72	142
10	317	70	141
20	319	70	138
27	320	72	136
35	316	69	140
46	314	69	141
49	308	76	145
53	299	78	153
58	287	81	164
65	278	78	171
71	264	77	183
78	259	78	184
82	259	76	176
89	260	76	173
96	259	72	168
104	259	69	167
110	263	67	167
116	279	64	156
120	284	64	153
123	290	65	152
127	303	64	141
130	306	63	139
130	312	63	133
131	313	60	131
133	314	58	129
135	313	57	130
137	309	58	129
139	305	58	133
139	304	60	134
139	303	61	133
137	302	64	134
135	302	67	133
132	304	73	133
132	303	76	133
131	304	80	132
134	305	78	131
142	305	71	132
150	303	66	133
154	303	65	133
156	302	67	133
159	301	67	134
162	300	67	134
166	300	67	133
168	304	66	130
169	303	67	131
172	304	66	129
176	304	66	128
179	307	69	122
178	307	72	124
176	311	78	121
176	311	88	120
173	312	99	121
173	314	98	119
171	311	98	120
170	309	97	122
169	307	95	123
168	308	91	123
169	307	87	121
179	307	80	121
190	299	92	129
207	295	81	137
205	295	77	137
217	298	66	136
231	296	59	136
237	297	55	133
238	299	59	130
241	307	68	124
241	310	75	121
246	310	73	119
249	311	74	119
255	312	77	119
259	308	75	126
260	321	73	115
268	320	69	111
280	316	76	118
302	305	68	128
225	321	71	120
321	301	69	131
329	304	73	127
336	302	69	128
342	302	75	131
344	303	78	132
344	294	81	140
378	292	71	138
372	293	71	136
379	292	72	139
383	293	74	139
379	293	75	141
384	293	71	141
384	291	77	143
386	290	81	144
385	290	79	145
394	291	76	146
389	292	76	147
392	294	71	145
379	292	65	147
381	288	64	148
383	288	63	148
386	287	66	145
378	285	68	151
402	284	95	148
422	283	88	158
419	283	99	166
417	278	107	167
423	276	105	178
429	270	104	182
430	264	106	189
436	259	109	194
444	259	133	197
451	256	124	200
457	255	136	205
346	273	101	184
340	269	110	188
331	270	81	175
328	280	67	164
318	282	60	143
314	286	67	138
308	284	74	141
304	283	74	142
299	283	74	145
294	283	75	144
287	288	74	140
284	288	75	141
278	288	75	140
274	289	71	141
267	290	70	139
263	287	66	144
314	284	62	144
313	281	60	146
313	281	63	146
310	280	64	147
311	281	62	145
307	281	64	146
307	279	64	148
304	278	61	148
305	277	58	153
312	276	58	153
305	278	64	151
304	279	63	149
306	280	63	151
306	278	59	155
301	280	63	154
301	279	61	155
301	281	59	152
302	281	57	153
306	281	57	151
313	280	55	152
313	282	56	150
314	280	55	149
312	280	56	151
310	281	56	151
301	281	63	153
303	281	59	151
306	283	59	148
310	285	59	148
313	285	61	147
311	285	65	149
306	286	71	148
304	285	75	149
305	284	76	150
305	285	76	148
300	287	79	148
323	288	63	145
322	286	66	146
322	284	65	148
324	284	65	148
323	284	65	149
320	284	65	150
318	284	69	149
314	284	72	149
317	284	70	149
315	284	72	149
318	284	70	150
324	284	67	149
331	285	59	148
336	286	59	146
341	286	58	143
349	288	58	144
345	287	55	143
346	288	58	143
346	287	56	143
343	286	57	143
338	286	63	146
347	284	62	147
337	284	63	146
345	285	66	146
349	285	63	146
350	287	62	147
356	288	64	146
360	288	65	146
359	287	65	146
360	286	61	146
363	286	58	145
366	287	65	143
368	284	64	145
367	285	65	146
366	285	69	146
366	284	66	147
357	288	73	143
364	286	73	144
355	289	80	142
358	286	77	144
356	286	80	145
353	286	84	145
349	286	88	145
347	287	91	145
355	287	85	144
360	288	83	144
364	288	81	146
365	287	82	147
366	287	83	145
369	287	83	146
366	286	87	147
371	286	87	147
372	286	89	147
379	286	87	147
381	287	85	147
380	285	88	147
384	284	88	147
383	286	93	145
383	284	92	146
390	283	92	147
459	268	86	168
469	277	76	158
456	281	81	151
468	283	71	149
469	286	61	146
455	286	66	144
450	287	69	141
443	284	76	144
441	282	79	146
439	283	80	145
440	284	79	144
438	287	79	140
434	289	84	138
435	290	85	139
434	288	88	141
436	289	82	139
406	292	87	136
401	292	89	136
398	291	90	136
399	287	87	139
400	287	84	138
402	286	81	140
403	287	78	138
404	290	74	135
400	293	75	134
400	292	72	134
395	293	72	134
391	294	72	132
388	293	72	133
384	294	74	131
381	293	76	133
374	293	81	133
367	295	88	134
360	294	96	136
359	298	96	132
356	292	96	139
356	297	92	134
354	293	89	138
353	295	88	137
350	299	87	132
348	300	82	131
342	301	81	129
339	296	75	135
339	295	68	137
334	296	69	137
332	298	71	136
330	299	70	135
328	300	70	134
326	302	68	132
325	303	65	130
324	302	64	130
318	300	67	131
314	291	69	141
308	288	75	145
298	286	85	148
293	291	88	144
292	303	88	132
292	301	86	135
291	301	82	135
285	302	82	135
277	305	84	132
271	297	85	139
262	302	89	134
254	301	95	136
252	301	96	135
251	302	98	135
261	299	90	137
265	299	87	138
267	298	81	139
272	298	79	139
254	299	90	138
260	303	84	134
264	301	75	137
260	302	73	135
264	304	72	133
267	304	70	134
268	302	64	136
270	302	62	138
271	303	60	136
272	304	59	134
271	303	57	134
267	304	60	132
264	304	61	133
261	302	62	136
256	304	61	134
251	302	63	134
245	303	64	135
242	302	62	137
234	302	60	136
231	305	60	134
224	306	59	133
219	299	59	141
148	305	57	132
144	304	55	131
140	304	52	132
127	306	59	130
116	306	68	132
108	304	71	134
104	305	72	133
100	306	73	132
96	305	78	133
94	307	81	132
93	307	83	132
92	308	86	134
92	309	84	134
91	310	82	134
90	309	80	134
88	308	75	135
86	306	72	137
85	305	66	138
82	304	63	138
76	304	64	139
72	304	66	137
68	303	67	139
64	302	67	138
58	303	68	140
53	303	69	138
49	303	71	138
45	303	73	139
39	303	77	140
34	303	77	142
31	302	72	144
29	302	67	144
27	302	66	143
26	301	66	143
22	301	70	145
22	301	70	146
20	301	73	146
20	301	73	146
20	301	73	146
22	301	70	146
22	303	70	144
22	301	71	145
23	300	69	146
23	300	68	147
22	297	63	151
20	297	63	149
18	296	65	151
15	297	68	149
12	297	71	147
9	296	75	151
3	295	78	151
1	295	77	151
1	294	74	153
0	294	72	154
0	295	63	154
0	297	56	149
0	298	50	147
0	297	45	153
0	298	43	152
0	297	39	151
0	298	40	149
0	298	38	150
0	298	39	149
0	299	40	147
0	300	42	145
0	299	44	145
1	301	45	145
1	297	47	151
2	298	49	150
0	296	47	152
2	298	44	148
1	295	40	152
1	296	41	152
1	299	42	148
1	301	43	144
2	308	41	141
2	314	39	129
0	320	36	118
1	323	35	114
1	318	32	120
3	326	30	112
0	331	31	106
0	330	29	100
3	330	27	102
1	335	31	96
0	335	36	94
3	330	41	104
3	326	39	111
1	339	41	106
1	315	37	131
0	305	36	130
0	313	35	121
5	303	38	124
14	321	46	110
18	315	47	119
16	332	52	100
15	333	53	104
12	323	55	115
10	324	55	115
8	307	54	129
8	270	44	139
8	260	42	165
4	268	50	131
3	270	40	137
3	262	38	152
3	268	35	140
2	274	33	132
3	272	30	133
3	277	29	127
4	281	28	125
1	277	30	116
5	285	29	117
0	285	35	102
3	289	36	108
2	281	40	107
0	285	37	110
3	287	36	130
1	275	35	121
2	277	32	125
3	284	39	116
0	276	31	136
1	273	35	119
2	270	31	132
3	272	31	125
6	276	37	122
4	272	39	122
6	271	42	114
8	274	39	120
10	269	44	119
8	268	60	115
123	285	73	151
141	285	73	152
143	285	75	154
145	284	75	153
147	284	72	153
148	285	71	153
149	284	71	153
149	283	71	153
149	284	69	153
149	283	65	154
151	283	64	154
152	282	63	155
153	283	63	157
154	283	62	155
155	284	60	157
153	285	61	158
150	284	62	157
147	284	63	160
145	284	64	156
141	284	66	158
135	284	70	157
133	283	71	159
130	283	75	159
128	282	77	160
125	281	80	160
122	279	83	162
114	280	87	163
109	279	90	164
103	279	93	165
99	277	93	166
94	275	89	167
88	273	88	167
85	275	86	164
85	274	85	166
86	275	83	166
86	273	83	170
83	271	76	168
85	272	73	165
84	272	69	166
84	272	64	165
80	272	66	164
80	272	64	166
79	271	64	165
79	272	67	168
83	272	65	167
87	272	65	167
89	272	63	167
91	270	63	166
94	271	65	169
97	271	66	165
98	272	67	165
98	272	67	165
94	272	70	164
92	272	72	166
90	272	75	168
89	271	75	167
87	271	77	166
85	270	80	168
80	271	83	168
77	271	86	169
73	271	86	169
68	269	85	170
64	269	87	170
64	268	83	171
62	269	81	170
63	270	78	169
63	268	79	171
61	263	79	178
56	263	83	179
54	265	81	178
51	267	80	177
50	269	79	175
45	268	80	175
43	270	79	173
40	267	77	174
37	270	74	171
36	272	71	170
34	274	72	167
31	275	74	168
31	275	74	168
33	276	71	167
36	277	66	167
38	279	64	167
41	280	63	166
44	279	61	168
47	277	61	169
49	277	61	169
51	278	60	169
51	277	58	169
53	276	59	169
56	275	58	169
59	274	58	168
64	273	57	167
68	273	57	165
70	274	58	167
68	274	60	167
67	275	60	167
69	274	59	168
71	274	58	169
71	274	60	170
72	274	59	170
73	275	59	170
75	275	59	169
76	275	60	170
78	276	62	170
81	276	63	167
85	276	63	167
90	277	62	168
94	278	61	168
97	279	61	168
103	278	62	169
106	279	65	168
108	279	65	168
111	279	65	167
113	277	65	166
113	277	67	166
110	276	70	166
111	274	68	166
110	274	69	167
108	274	68	168
103	274	72	168
100	273	72	169
95	273	71	169
94	274	71	168
92	274	71	168
87	275	74	168
83	274	74	168
78	274	76	168
75	273	77	169
74	273	78	169
73	275	80	168
74	277	80	168
77	277	77	168
79	277	77	169
81	278	77	168
84	281	77	166
89	282	76	166
91	285	78	165
103	288	72	162
104	288	78	160
106	288	80	159
109	287	82	160
112	286	84	161
121	285	78	162
120	284	81	165
121	282	81	166
120	282	80	167
119	281	80	167
115	280	82	168
112	279	84	169
110	281	85	167
107	279	85	166
104	279	85	166
101	278	87	166
99	278	88	166
97	278	88	168
95	277	89	168
94	276	90	170
95	277	89	171
100	276	85	173
108	276	77	173
111	277	75	173
113	277	73	172
117	278	70	172
118	278	69	171
119	276	73	171
119	278	73	171
119	277	73	171
118	277	75	171
114	275	80	171
109	277	87	170
105	279	91	168
102	280	99	166
100	279	103	166
98	278	106	168
95	277	108	171
96	278	105	168
98	277	97	170
101	279	87	167
108	280	81	165
113	277	78	168
115	279	82	166
113	277	85	167
111	279	87	166
106	278	92	166
104	279	96	166
102	279	98	164
101	281	100	162
100	282	102	161
101	281	100	162
103	282	95	160
116	284	84	159
129	282	72	161
135	280	68	162
138	283	75	158
139	284	79	158
137	282	85	161
139	289	90	155
143	291	94	154
150	294	93	151
158	295	92	151
172	303	87	144
190	303	79	144
205	300	69	148
216	308	70	140
229	311	64	137
241	311	64	137
246	310	66	139
252	305	68	142
256	311	70	134
260	312	71	133
265	305	81	142
272	304	80	143
282	304	75	140
287	298	80	148
305	296	66	147
222	314	72	126
230	308	74	131
236	303	73	134
243	303	70	134
248	302	77	133
264	302	77	133
271	307	80	126
275	305	76	128
287	302	73	131
294	303	80	134
322	303	68	136
327	302	62	136
327	304	67	130
324	307	69	131
328	305	69	131
363	302	62	131
366	296	61	136
369	292	60	139
366	287	64	143
366	291	66	142
366	289	68	145
365	286	68	147
370	288	73	144
375	291	71	141
372	291	73	143
374	290	70	144
378	289	69	143
376	295	69	138
375	293	69	140
379	294	68	139
378	292	70	140
376	293	69	139
378	292	67	138
376	292	68	137
377	292	66	136
376	294	63	136
379	292	59	135
376	290	58	140
378	290	58	137
373	289	58	143
372	293	55	140
367	295	56	140
378	294	54	137
371	298	53	134
381	294	54	128
373	294	55	133
377	294	54	133
374	294	54	133
377	294	55	125
364	295	61	135
378	296	66	127
377	297	70	127
381	298	74	126
387	300	71	123
386	301	77	120
387	302	78	121
388	303	81	121
390	302	78	123
386	300	80	127
391	303	78	123
397	302	76	124
400	301	75	125
404	299	75	127
408	300	74	128
411	300	74	127
425	301	68	127
437	301	62	127
444	302	59	125
449	302	58	123
455	301	56	124
465	302	52	124
470	303	51	121
469	302	58	123
469	300	65	123
471	300	71	124
471	298	77	126
473	299	78	126
474	298	76	127
475	300	76	125
478	298	76	126
488	299	71	125
498	297	64	127
566	281	65	154
567	280	70	156
566	278	69	158
565	279	66	155
561	279	67	154
557	279	70	153
549	278	74	152
545	279	74	153
519	282	69	147
524	282	72	148
535	280	84	152
533	281	85	151
533	281	87	152
535	281	83	152
536	280	80	154
535	279	77	155
533	278	77	155
532	279	79	155
530	278	82	156
528	278	82	155
526	276	77	155
521	276	78	153
522	276	66	155
521	279	66	152
517	280	67	151
511	281	71	151
507	280	76	151
504	280	78	151
505	279	76	152
505	281	76	151
505	282	75	149
505	283	74	148
504	284	71	147
501	286	72	145
500	286	71	146
500	286	71	146
500	285	68	148
501	285	66	149
500	284	69	153
500	283	71	155
507	281	75	158
522	278	83	156
515	276	82	159
503	276	82	161
501	275	90	159
499	275	97	163
498	273	105	165
598	276	81	151
653	277	67	149
649	277	65	150
640	276	70	151
621	275	82	150
501	276	75	153
499	278	68	155
510	286	58	142
511	283	58	148
513	292	56	137
511	288	55	139
511	293	56	136
510	293	55	138
508	293	57	136
506	294	58	136
504	294	60	136
502	295	63	134
499	294	67	134
498	291	68	136
498	291	71	136
498	293	71	134
497	295	68	132
498	298	66	129
498	300	64	127
498	300	62	127
500	302	57	126
500	300	60	129
500	301	58	126
501	301	57	129
503	300	56	127
504	301	56	126
507	300	57	125
509	294	56	132
509	287	58	143
507	284	66	146
506	282	84	148
506	277	92	148
504	271	99	152
507	268	94	154
509	265	90	157
509	263	86	157
510	259	84	161
509	253	83	168
508	253	80	169
500	254	85	168
498	263	83	162
489	263	86	162
485	281	83	144
467	290	97	135
459	288	104	137
454	286	107	141
499	291	61	133
506	291	51	130
506	291	51	126
505	291	51	125
504	291	53	123
503	292	55	121
501	293	57	121
501	294	60	118
502	294	61	118
503	293	60	118
505	294	60	116
509	293	59	115
512	291	69	116
513	288	74	121
517	286	67	123
520	282	60	126
536	254	76	153
537	244	91	170
534	241	98	175
535	240	99	178
534	236	100	183
531	236	102	183
528	239	96	177
524	243	91	173
516	239	91	175
508	239	86	176
373	270	89	157
359	269	100	159
357	269	102	157
357	269	101	158
354	270	102	159
355	268	98	161
354	267	95	162
355	266	92	162
352	265	90	163
343	264	96	161
326	263	103	162
322	262	105	163
318	263	106	163
322	260	107	164
321	260	109	163
326	260	110	160
335	258	102	159
338	259	103	158
322	262	114	157
320	260	118	161
319	261	118	160
321	260	114	162
325	261	98	163
327	261	86	162
333	261	79	164
332	261	76	164
328	261	74	164
330	261	70	163
330	261	73	162
328	261	78	163
322	261	88	162
319	261	96	162
322	261	105	163
332	258	110	165
353	254	100	167
379	246	100	168
391	244	101	170
404	239	102	169
421	235	106	168
431	235	97	169
424	243	79	171
412	249	88	169
403	256	90	174
494	245	107	190
493	249	118	186
507	245	118	186
513	243	117	187
