78	197	173	228
80	193	170	237
80	193	171	239
80	191	171	241
80	189	172	242
80	189	171	242
80	191	172	242
80	190	173	240
81	192	172	240
80	191	172	240
80	194	171	238
80	193	173	238
80	190	174	241
81	192	173	241
80	189	175	241
81	191	174	241
80	187	175	244
80	184	174	247
79	180	174	249
80	175	174	248
85	168	169	242
91	160	185	251
100	157	175	252
282	197	172	220
292	194	160	217
292	193	165	222
294	195	160	221
289	196	166	220
285	194	171	219
285	195	171	219
289	194	164	222
290	195	164	220
290	195	165	223
292	196	163	221
293	194	162	221
292	191	162	226
282	174	176	243
287	195	168	222
282	161	174	253
282	151	174	261
285	138	173	281
279	134	182	283
272	131	188	288
278	130	179	287
277	129	180	284
274	128	184	283
276	131	183	280
282	134	176	278
286	134	173	282
289	137	171	280
292	140	170	276
290	149	173	266
289	146	172	268
290	168	172	252
290	160	171	255
289	138	172	279
287	144	175	272
288	135	173	279
287	132	172	282
290	147	169	266
287	140	176	275
282	141	180	275
282	143	179	272
283	143	178	269
284	148	175	267
287	146	173	268
285	151	176	264
286	153	175	262
285	156	177	259
287	155	173	261
286	159	173	257
288	161	172	255
288	163	170	252
287	168	169	247
287	173	168	243
287	172	170	243
289	175	167	240
293	179	162	237
293	179	163	236
290	182	169	233
294	183	164	231
292	184	166	233
293	185	165	231
294	188	164	227
295	185	162	232
296	189	160	227
296	188	161	228
296	188	161	227
296	188	161	227
295	187	161	228
296	187	160	228
296	188	162	227
296	188	162	227
295	191	163	226
294	189	163	226
294	188	163	228
293	189	164	227
293	189	164	227
293	189	164	227
293	189	165	227
293	190	165	226
293	189	164	228
293	191	164	226
293	188	163	227
293	190	164	226
293	189	163	228
292	189	165	227
293	190	165	227
292	188	165	228
290	189	166	227
291	190	166	228
290	189	167	227
292	190	164	227
292	188	164	227
292	190	165	225
292	191	165	226
294	189	163	228
293	189	164	227
293	189	164	228
293	189	165	228
294	188	164	228
292	190	166	228
292	188	166	227
291	189	167	228
291	187	167	229
292	187	166	229
292	187	167	230
292	189	166	228
291	188	169	227
294	188	164	228
294	189	164	228
293	189	164	227
291	190	167	226
288	190	170	225
287	191	172	224
286	191	171	225
288	189	169	226
285	190	172	226
284	189	173	226
282	189	175	227
281	188	174	228
279	185	177	231
282	186	174	229
286	187	171	230
283	187	176	230
285	184	173	231
285	183	173	232
285	183	173	233
283	184	175	233
281	182	176	234
283	179	174	236
283	179	174	236
284	174	174	241
283	174	175	241
278	169	181	247
277	163	184	254
276	161	181	255
280	155	182	260
266	154	190	257
275	150	182	260
277	144	179	275
272	146	183	268
275	147	184	272
267	145	188	270
265	139	191	278
274	149	184	267
261	143	193	271
255	147	196	266
266	143	196	276
251	151	203	261
239	141	218	277
223	137	220	278
199	136	255	282
176	132	253	277
163	126	263	276
157	133	265	269
144	137	267	262
127	126	242	261
109	148	209	253
127	150	217	256
117	138	222	261
109	140	235	264
117	143	223	206
289	197	172	217
284	194	173	221
279	190	180	225
279	189	176	226
269	187	190	225
112	160	198	250
117	167	186	237
131	169	178	236
120	175	201	233
130	181	184	232
118	184	190	229
124	187	176	226
125	188	177	225
126	190	174	223
126	192	171	222
126	194	172	220
126	195	172	220
127	196	170	219
128	197	169	220
129	197	169	221
127	196	172	223
127	198	168	221
127	196	171	224
126	195	169	224
126	195	172	226
126	194	167	225
127	195	169	227
127	195	169	226
126	196	170	225
127	195	170	225
128	196	172	224
127	195	169	223
128	195	172	225
126	195	170	223
127	194	172	226
126	194	170	225
127	194	172	226
127	194	171	225
127	195	171	226
126	193	170	225
127	194	171	226
126	195	171	225
127	194	170	226
127	195	170	226
126	194	168	225
127	195	167	227
127	194	168	226
127	193	168	227
127	194	168	227
127	193	168	227
126	193	169	227
128	194	168	227
128	194	171	226
127	195	171	226
126	195	172	225
127	195	170	225
127	195	173	225
127	196	172	225
128	194	170	226
127	195	171	225
127	195	171	226
127	194	169	227
128	193	167	228
126	193	165	228
128	194	164	229
126	194	163	228
128	194	164	229
126	194	163	228
127	194	163	229
127	194	163	228
126	194	163	229
128	194	162	230
128	195	162	229
128	194	161	229
127	195	161	228
128	194	160	229
128	196	159	229
127	194	161	229
129	194	160	229
129	194	163	229
129	194	163	228
128	194	164	227
128	195	165	227
129	195	164	227
129	195	166	226
127	194	173	227
127	194	170	228
127	193	171	228
128	194	173	227
128	193	174	228
128	194	174	228
127	194	175	230
127	194	178	230
127	194	181	227
126	197	175	230
130	195	183	233
127	196	188	228
126	196	189	228
127	197	191	230
127	196	189	230
126	195	188	229
128	195	181	230
126	195	177	229
127	195	173	230
125	195	174	231
125	195	169	229
125	196	167	229
127	196	165	229
127	196	165	229
127	195	158	229
128	196	158	230
129	194	157	233
128	194	156	232
129	196	153	232
128	196	156	231
128	195	155	232
130	194	158	235
127	197	160	231
128	196	161	230
131	194	173	232
131	197	177	223
131	199	178	220
132	198	175	219
130	200	184	224
130	200	168	216
130	206	167	218
136	206	161	216
134	210	180	215
139	206	172	217
127	213	169	215
240	189	207	253
218	188	226	246
134	216	193	209
209	190	235	247
135	207	190	224
232	188	213	250
243	188	205	243
262	185	185	253
242	186	203	253
238	186	197	254
224	188	217	249
129	203	224	215
258	188	185	255
272	185	170	258
280	186	170	253
265	187	179	255
274	186	175	256
268	184	178	258
270	186	174	255
266	185	179	255
264	186	181	257
245	187	194	256
257	187	190	251
251	187	195	254
249	188	192	253
249	189	192	248
270	187	178	251
161	191	282	248
180	189	257	245
190	188	255	246
195	187	256	248
183	185	266	249
190	184	258	254
189	183	259	253
161	185	272	252
148	179	287	257
163	184	277	249
174	180	281	256
174	179	270	257
139	174	196	262
300	185	155	256
229	184	217	254
130	186	271	248
178	186	262	248
271	184	180	251
273	185	174	260
258	185	191	256
268	182	174	259
284	184	168	259
220	184	228	257
42	143	209	268
46	142	211	265
48	141	211	277
33	137	210	283
52	127	198	291
42	124	199	282
53	122	182	246
93	138	165	274
36	116	196	282
94	155	214	259
38	150	222	261
34	164	213	232
27	154	207	246
33	143	203	270
32	153	203	251
18	155	209	248
40	164	193	249
27	169	201	235
44	172	186	237
37	171	188	230
57	176	177	233
65	179	171	213
68	165	180	192
63	179	209	210
97	180	188	239
274	187	177	253
281	185	169	256
269	186	178	255
249	187	195	254
272	185	172	256
269	186	177	258
266	185	177	256
261	186	182	254
259	185	187	255
268	184	182	256
271	183	176	256
271	184	178	258
261	184	187	256
61	188	271	233
57	182	275	239
51	181	258	233
56	178	286	246
51	180	299	241
50	172	294	252
45	176	263	239
58	177	274	240
60	178	265	235
66	176	271	236
70	180	296	230
116	182	323	257
87	179	284	248
82	175	279	254
107	176	230	247
105	182	278	253
104	181	273	248
143	180	291	253
153	182	281	250
127	183	297	249
99	183	309	248
100	176	236	252
244	184	202	257
268	183	181	254
288	185	165	259
201	186	249	254
208	182	240	250
205	183	240	253
204	180	241	262
268	181	182	253
272	183	181	258
276	184	180	259
28	164	233	210
22	161	218	218
21	159	191	164
19	163	164	137
18	167	144	113
23	166	116	111
26	166	109	112
30	166	110	114
34	166	108	114
38	166	104	116
42	165	100	118
47	169	111	125
55	167	114	133
57	175	127	165
59	176	127	156
59	172	135	221
60	183	161	228
52	186	159	221
56	189	178	233
52	186	196	232
55	194	220	230
48	198	233	223
234	188	212	253
203	193	241	241
176	189	265	251
268	187	179	253
270	187	176	254
278	186	170	255
218	186	228	253
229	189	224	244
243	186	196	253
295	185	154	257
231	186	212	255
288	187	162	248
270	186	173	256
285	186	164	256
230	186	213	258
232	187	214	250
251	185	195	252
281	185	165	257
266	187	177	258
263	186	180	257
253	186	193	257
270	185	173	259
279	185	166	259
254	185	188	258
265	184	179	262
263	186	183	257
277	186	168	258
189	186	263	255
267	186	185	254
252	186	194	257
267	184	175	259
245	186	201	258
242	188	201	248
243	186	198	258
259	186	189	253
241	186	201	256
249	186	200	249
264	186	179	255
237	186	203	257
243	186	207	249
249	185	194	255
231	188	213	251
214	186	229	250
203	186	240	250
220	185	230	254
210	188	239	249
230	186	220	247
244	187	199	256
220	187	219	252
224	184	219	250
225	187	218	252
223	186	215	244
234	186	211	249
228	186	211	249
223	188	217	246
222	191	221	243
221	190	221	247
224	191	218	242
224	187	219	249
234	187	211	248
261	186	183	251
228	191	221	250
253	186	195	250
246	185	199	255
285	184	150	253
228	190	197	251
248	186	185	251
282	184	157	252
226	188	208	252
251	189	176	249
263	183	179	255
220	198	209	239
230	187	196	249
229	181	200	262
215	187	197	252
217	167	205	276
206	192	192	254
212	165	185	277
210	172	178	268
206	158	181	285
211	159	169	282
216	150	170	289
209	153	180	285
212	153	166	282
210	148	174	284
213	160	202	267
206	140	174	290
192	149	172	279
204	143	176	279
178	177	182	243
181	153	169	270
180	155	202	271
183	162	218	261
170	142	209	288
161	154	220	269
149	150	180	269
150	174	164	236
170	163	142	211
172	155	126	231
151	139	153	260
59	154	237	254
104	149	212	265
150	152	221	264
114	156	226	256
162	161	240	186
163	161	169	167
178	158	147	137
175	174	157	139
176	164	184	171
196	182	201	167
197	162	263	163
211	162	244	170
210	155	250	178
206	146	265	192
202	152	273	176
201	149	267	187
188	151	275	181
181	149	279	196
172	153	280	191
168	171	280	196
161	170	277	207
158	173	275	194
153	182	274	196
145	175	258	212
137	179	262	198
135	177	248	221
137	182	215	208
124	168	224	219
135	188	209	204
128	165	213	195
128	178	207	182
84	185	218	270
59	190	238	264
52	183	245	251
60	181	240	282
61	183	231	266
74	186	225	247
62	186	237	274
67	186	219	261
79	190	215	272
76	185	218	265
89	189	205	269
56	187	237	269
39	194	247	258
27	180	253	269
17	173	260	276
12	161	270	288
6	152	284	293
0	131	267	314
8	134	279	313
0	106	276	339
8	104	258	351
59	139	246	310
90	177	217	294
102	183	204	268
103	178	203	278
104	178	200	276
105	184	199	276
101	186	203	269
103	185	197	271
103	186	201	270
101	187	201	268
102	186	199	269
98	186	203	270
96	182	206	273
98	185	197	272
102	187	195	269
106	187	194	268
107	186	198	270
106	186	199	270
106	188	198	269
105	188	202	268
106	189	200	268
106	189	201	268
97	187	208	268
89	183	211	276
99	187	196	265
93	187	208	270
87	168	211	283
88	172	189	280
94	165	213	291
92	171	196	285
78	152	216	301
99	172	204	280
88	173	216	289
98	182	212	272
90	148	211	307
86	150	222	311
85	108	218	348
98	130	212	322
99	169	202	294
99	146	195	310
99	150	195	304
96	121	199	330
103	162	189	294
101	168	190	287
102	138	189	315
106	154	186	298
102	145	190	312
105	145	189	310
106	147	187	308
107	157	188	299
103	141	195	313
104	132	193	322
102	97	192	355
103	145	188	312
102	123	192	331
98	124	197	327
100	108	195	344
102	98	191	352
102	103	189	351
101	107	194	347
101	112	192	341
101	119	194	333
102	126	192	326
101	133	193	319
102	138	191	316
101	144	194	309
102	148	194	308
98	154	197	304
100	159	197	295
102	163	194	292
102	167	195	286
101	170	195	283
104	173	194	280
103	175	193	279
102	176	195	277
102	178	195	277
104	179	194	278
104	179	193	280
103	178	194	280
103	180	194	281
103	180	193	273
103	179	193	276
103	178	193	278
103	179	192	276
102	180	195	276
103	180	193	277
103	179	194	276
101	180	196	279
102	180	195	278
102	178	195	280
100	179	196	280
101	179	195	277
103	180	194	280
103	179	193	275
100	179	197	279
102	179	193	277
102	179	193	279
102	179	193	280
102	179	194	277
101	179	194	277
103	179	192	280
103	179	193	280
102	179	194	278
103	179	194	280
101	179	194	278
105	179	192	280
102	178	195	280
104	180	193	280
101	179	195	278
103	179	193	280
102	179	195	279
103	179	192	280
102	179	194	278
104	179	192	280
102	177	195	279
104	179	194	278
102	177	195	280
104	179	194	279
101	176	195	280
104	178	194	279
103	179	194	278
104	178	193	281
102	178	196	279
103	179	194	281
103	178	194	278
104	179	195	279
102	179	197	278
104	178	195	280
102	178	196	278
105	178	192	281
103	178	196	279
103	178	195	281
102	179	196	278
106	179	192	280
103	178	195	280
105	179	194	280
102	180	196	278
105	179	192	279
103	179	195	277
103	179	197	278
104	180	195	279
102	180	195	276
105	180	193	280
103	179	194	277
105	181	193	278
104	178	194	278
105	179	195	280
103	180	193	280
105	179	190	277
105	179	195	276
105	180	195	278
104	179	191	281
108	181	191	279
105	178	193	280
106	181	193	279
106	181	193	280
106	181	194	277
108	181	192	278
105	181	195	278
105	181	193	277
106	182	191	277
104	183	192	277
106	180	185	277
107	179	184	279
107	176	185	284
107	177	185	281
107	178	186	277
109	178	185	271
109	179	185	275
111	178	185	269
108	178	189	268
108	177	189	269
107	177	192	269
111	174	190	272
106	174	196	270
109	174	196	269
106	174	195	268
106	174	199	268
107	174	194	264
109	173	194	261
108	173	194	263
107	173	199	262
105	174	185	257
113	172	196	256
102	173	188	248
106	173	182	249
106	176	184	247
104	177	197	241
101	177	206	240
95	177	206	243
100	178	209	243
92	178	215	248
99	178	207	249
91	181	215	245
90	183	217	243
84	183	223	243
79	183	233	232
77	184	230	231
75	184	228	221
74	185	229	221
72	187	225	219
71	188	230	219
70	195	231	212
69	199	243	210
64	196	237	208
66	204	241	212
68	194	243	213
63	212	236	197
66	203	226	213
63	210	222	207
65	210	235	202
70	204	241	209
72	206	244	198
70	221	237	174
69	214	232	199
72	211	232	196
80	225	224	187
80	226	225	183
84	225	230	192
88	228	226	178
93	230	223	177
97	221	227	186
102	223	233	183
102	231	224	184
113	218	226	188
116	228	235	178
120	222	225	187
126	226	221	187
124	231	209	181
125	220	216	191
129	231	211	179
130	239	195	178
131	215	207	204
134	228	201	189
131	230	203	188
132	235	203	184
131	229	198	194
131	225	205	194
133	231	204	184
131	228	206	193
133	228	202	189
134	232	202	189
135	227	205	192
134	232	197	184
132	238	188	185
131	230	184	190
132	222	194	200
129	238	192	183
129	227	182	196
127	233	182	191
124	220	186	199
126	198	183	221
123	190	186	233
119	190	188	229
116	188	186	234
113	189	185	233
113	190	182	238
110	187	182	240
111	186	181	241
110	186	183	241
110	188	182	239
110	187	182	240
109	189	181	238
111	187	179	239
112	192	178	234
111	187	180	240
109	187	180	240
109	196	179	230
110	194	178	235
109	197	177	230
110	191	179	237
109	192	186	236
110	190	182	237
110	189	183	237
111	189	178	238
111	187	184	239
109	186	199	239
110	184	192	239
108	186	185	241
108	187	179	239
110	185	177	242
108	187	176	240
110	182	177	247
108	187	176	242
110	181	178	248
108	186	176	243
110	181	180	246
109	184	177	243
108	185	178	242
108	183	178	244
110	179	178	248
108	180	178	244
110	181	178	246
109	186	176	238
108	185	177	242
108	185	176	241
109	184	178	244
108	185	179	243
103	185	191	239
104	185	191	239
106	186	188	240
107	186	181	241
106	190	181	239
106	191	196	237
104	189	183	236
105	187	188	240
106	191	185	238
105	189	181	238
104	189	184	239
104	191	185	236
105	191	184	238
103	184	184	244
102	185	189	244
104	184	184	244
104	183	184	245
102	182	189	246
100	176	197	243
95	172	193	250
93	167	192	243
91	164	207	246
89	160	198	247
88	159	202	245
86	159	202	246
90	160	196	245
89	162	208	245
92	162	190	244
98	163	188	242
103	165	182	241
114	170	170	236
116	171	166	241
118	173	162	241
117	176	165	243
117	177	164	247
115	179	166	240
112	181	171	245
111	181	173	244
110	181	173	245
108	182	174	244
109	181	173	248
109	184	172	246
110	185	172	245
109	184	174	247
109	186	173	246
109	184	175	247
109	185	175	247
109	182	177	248
108	182	177	249
109	181	179	251
108	182	181	250
107	183	177	249
108	183	175	250
107	183	174	248
106	183	172	248
106	184	170	249
106	183	170	248
106	183	171	251
106	182	170	249
106	181	170	251
108	181	169	251
107	181	171	252
107	179	172	253
107	176	173	256
108	176	175	255
107	179	177	255
106	177	179	254
106	177	175	253
106	176	175	255
106	175	173	257
107	174	170	255
107	177	174	254
106	177	172	252
107	175	172	254
105	174	178	256
107	174	180	253
106	179	176	251
107	174	176	254
106	175	176	254
107	173	177	254
106	177	177	252
106	178	177	250
106	175	178	254
106	180	178	249
106	177	176	251
107	180	176	249
107	175	175	255
107	176	176	254
107	177	176	252
107	174	179	256
107	174	184	255
106	176	189	252
104	177	195	248
104	179	193	246
105	180	193	245
105	179	188	247
107	174	201	251
102	178	187	251
109	179	198	249
102	180	187	247
101	183	187	246
103	181	192	242
103	186	175	243
104	183	174	246
106	185	174	245
107	183	174	246
107	186	173	243
106	185	175	245
105	186	175	245
105	185	174	243
105	186	176	246
105	185	176	243
105	185	173	245
105	183	172	247
105	185	174	245
103	185	177	244
104	185	175	244
104	186	174	244
105	186	177	246
105	187	172	240
105	186	176	243
104	187	177	243
106	186	184	243
106	186	171	243
106	187	176	243
106	189	175	243
104	188	172	240
106	188	170	242
108	186	170	244
107	188	171	243
107	188	168	243
107	186	172	244
108	186	170	243
107	187	171	242
107	187	171	243
107	188	170	242
107	189	172	240
107	190	172	240
106	188	172	242
107	189	169	241
108	188	167	241
104	188	175	242
105	187	171	241
105	188	175	242
104	187	173	241
106	186	172	241
105	186	175	244
106	186	169	243
108	186	169	239
107	187	169	241
107	187	169	243
107	187	170	240
106	188	171	242
108	188	166	239
107	188	165	239
107	186	167	242
107	188	166	241
106	186	165	242
105	186	165	241
103	183	166	243
100	182	166	242
97	179	172	245
93	174	180	244
87	171	185	248
83	171	213	245
77	166	177	249
73	160	179	269
68	157	181	260
67	157	180	264
65	154	180	267
64	153	179	263
65	152	189	271
59	152	207	271
49	160	211	255
57	151	242	258
45	175	324	236
111	174	334	236
203	173	228	233
206	177	222	235
71	188	275	220
76	176	348	235
65	164	360	250
67	160	263	253
68	153	216	263
57	157	226	259
69	158	204	257
72	163	222	254
73	162	198	258
79	165	194	258
79	165	192	258
82	168	195	258
81	171	189	251
82	172	189	251
83	175	194	248
88	177	182	248
84	179	199	242
82	181	192	244
89	182	181	241
89	185	188	237
90	186	178	238
90	186	178	234
90	188	177	237
89	189	178	235
90	188	181	236
90	190	183	235
87	191	182	232
88	190	182	232
87	190	182	233
84	192	184	231
84	192	182	228
83	193	183	229
81	193	183	227
82	193	184	229
80	194	188	227
79	195	186	226
80	195	185	226
79	194	183	225
79	195	178	228
81	194	180	224
80	194	174	225
80	194	174	227
80	194	176	226
81	194	175	226
80	194	175	227
80	194	177	226
81	192	175	228
80	193	176	229
81	193	176	227
81	193	175	229
80	192	175	228
79	193	179	229
80	193	183	226
80	194	177	227
80	194	178	227
80	194	177	227
79	194	175	226
79	192	174	227
79	192	173	229
79	191	173	227
79	194	169	227
76	193	176	228
80	192	168	225
79	194	168	226
75	194	170	226
77	195	169	225
76	195	166	224
79	194	169	226
76	195	169	225
76	193	168	226
79	193	167	224
77	194	168	226
78	194	166	226
77	192	167	226
78	194	165	228
81	192	169	227
78	191	170	228
78	192	168	227
79	192	168	227
78	192	169	227
78	192	170	227
78	192	169	227
77	192	170	226
78	194	165	226
81	194	170	227
77	194	171	227
78	194	173	226
80	192	173	228
78	192	172	228
79	192	169	228
80	192	173	228
77	193	170	229
78	192	172	228
79	191	172	229
79	192	167	228
78	193	173	226
78	193	169	227
77	193	174	227
77	193	168	228
76	194	171	226
76	194	171	227
77	193	172	228
78	191	172	230
79	193	170	229
79	193	176	228
77	193	172	226
79	191	174	229
80	193	171	229
78	192	171	230
77	192	173	229
79	192	173	229
78	192	171	229
78	191	175	229
78	193	171	229
77	193	175	227
78	192	171	229
79	192	172	230
78	194	169	229
76	194	179	228
77	193	170	227
79	192	174	228
78	194	170	229
78	194	178	227
76	194	173	225
79	191	176	230
77	193	173	230
79	193	171	225
76	193	173	228
77	193	172	228
79	192	174	229
76	193	170	228
78	193	171	227
78	194	169	226
75	194	172	226
77	192	172	228
76	194	175	227
75	193	176	229
75	193	173	227
76	193	173	229
76	191	175	230
75	192	175	230
77	193	169	225
79	191	168	229
78	192	171	228
77	194	173	228
78	195	174	226
79	196	169	226
78	196	175	226
82	197	168	224
79	196	176	226
80	196	180	226
81	197	178	227
83	197	189	222
78	195	182	229
80	197	189	224
80	193	177	228
79	189	182	235
75	186	191	238
81	181	176	240
80	176	172	249
79	171	175	254
75	169	173	258
74	165	175	261
74	163	175	262
73	157	175	266
71	153	176	266
70	151	180	263
67	144	187	263
74	134	192	273
81	130	191	274
76	123	200	276
81	114	200	283
94	118	199	276
108	104	178	287
159	201	255	203
207	203	208	204
158	202	255	198
188	201	229	203
183	196	234	213
166	186	241	220
224	195	195	208
233	200	179	207
210	187	203	214
211	191	209	211
204	197	218	209
195	193	225	205
184	189	237	214
186	175	235	230
206	184	217	219
200	191	218	215
208	186	213	215
206	193	210	212
207	188	209	214
219	188	200	214
221	181	194	224
224	186	189	217
223	168	191	234
219	179	196	218
225	176	192	221
227	183	192	217
230	184	190	215
229	183	191	219
234	172	190	229
233	175	187	224
238	169	183	231
234	174	185	222
236	177	185	224
233	179	188	219
234	183	187	220
234	171	187	230
233	177	187	221
236	167	186	235
235	170	186	229
232	176	192	222
236	175	189	224
235	170	190	232
243	155	182	242
239	172	187	226
243	103	179	292
218	158	207	243
221	177	202	220
223	155	200	237
220	171	205	226
221	170	204	225
221	171	202	226
224	170	198	229
227	169	195	230
229	153	193	242
236	135	190	263
241	155	184	247
239	177	184	224
244	108	178	288
244	101	179	300
245	107	177	291
246	103	180	296
241	113	183	286
244	106	184	293
244	107	186	293
243	111	188	288
247	106	188	294
245	113	187	286
246	109	188	292
247	116	184	284
246	124	184	277
249	119	183	279
246	135	189	266
259	120	180	275
250	125	185	276
248	139	191	259
249	131	191	264
256	141	182	257
244	149	194	252
248	142	189	256
242	156	192	241
241	149	187	248
244	148	186	248
244	158	186	241
246	163	181	234
246	164	180	234
246	174	185	223
248	179	179	220
245	180	181	220
244	180	182	219
245	183	179	216
246	185	180	214
245	191	180	208
243	189	181	211
244	191	180	210
241	190	184	208
244	189	183	211
243	191	179	208
244	192	184	209
245	194	178	206
237	195	182	205
243	197	171	203
248	194	176	205
247	196	178	202
245	196	181	204
240	197	185	204
247	196	176	205
249	198	175	200
249	195	172	206
252	195	175	205
249	193	166	210
253	186	166	215
254	183	175	221
249	180	183	228
247	173	179	232
253	169	178	235
260	163	174	237
263	159	178	238
268	153	181	243
273	146	180	250
274	143	180	253
275	138	184	257
278	136	183	257
282	132	183	260
287	130	181	253
295	127	179	254
305	125	175	241
309	119	173	231
318	122	171	272
320	119	165	272
322	123	163	286
330	126	179	277
327	130	175	282
336	127	194	280
342	123	191	294
348	120	193	296
356	121	193	298
361	115	199	307
370	109	202	312
378	110	199	311
385	107	199	319
392	108	204	317
399	113	211	332
