306	149	137	100
304	147	140	102
303	146	141	101
302	145	141	101
304	144	139	102
304	143	139	102
305	142	138	102
305	142	138	102
305	142	138	102
304	142	139	103
305	141	138	102
304	142	138	103
303	142	140	102
304	142	138	103
303	141	139	102
302	142	140	102
302	142	139	102
301	142	140	103
300	143	141	103
300	144	140	103
296	143	144	102
298	145	142	103
296	145	145	104
295	146	145	103
295	146	144	104
293	147	143	104
291	147	144	105
289	146	144	106
286	146	144	106
284	147	144	105
283	148	143	104
281	149	144	104
281	150	145	104
281	150	144	104
281	149	144	104
281	149	145	104
281	149	144	104
283	149	145	103
282	147	146	104
283	146	148	106
285	146	146	105
287	144	147	106
288	143	146	107
290	144	150	107
290	144	153	108
294	142	154	110
293	142	160	111
294	142	163	110
297	141	162	110
300	140	161	108
295	138	165	108
291	138	169	107
299	137	163	107
301	135	161	109
302	135	160	110
300	134	162	110
303	135	160	111
303	135	160	110
302	136	162	110
301	138	163	109
306	138	161	109
311	139	156	110
310	139	156	112
307	139	158	112
302	141	158	109
300	142	153	109
297	143	153	110
295	145	150	110
290	145	152	108
283	147	153	109
279	149	151	109
275	150	151	109
271	152	150	107
269	153	150	108
268	155	150	108
267	156	150	109
267	158	150	109
269	157	149	109
269	157	149	110
271	157	148	110
271	157	149	110
274	156	148	110
274	155	151	112
275	153	152	112
275	153	153	112
277	152	151	113
279	152	150	113
280	151	151	112
282	149	147	113
285	147	141	117
291	146	134	116
302	145	118	117
308	148	106	116
305	147	106	121
309	144	122	109
330	146	84	114
331	146	86	113
323	143	97	114
315	141	111	112
314	140	120	111
301	137	139	110
305	134	140	111
303	132	143	113
296	130	146	112
307	128	140	114
288	129	157	114
295	127	149	117
300	129	145	115
297	131	147	114
280	134	142	112
300	135	129	113
288	135	115	111
292	138	97	109
297	138	103	109
300	136	102	111
291	135	130	112
300	133	122	113
307	134	111	113
304	133	123	110
299	132	128	111
307	132	137	113
302	137	137	111
287	138	153	107
282	136	112	108
286	136	100	110
298	140	94	109
296	142	90	107
300	144	84	102
301	143	90	103
303	145	97	102
304	146	98	98
296	151	118	93
294	154	126	88
305	138	131	105
289	132	155	114
298	131	147	114
291	132	151	114
281	133	154	112
284	132	147	111
283	133	145	113
281	134	143	111
278	136	142	110
276	138	142	107
276	135	138	109
274	135	137	109
273	136	136	107
273	135	134	108
269	136	133	110
272	134	137	111
270	132	139	111
270	131	139	112
270	130	138	114
270	131	138	113
269	131	139	113
270	131	139	113
270	133	139	113
272	134	141	111
273	135	142	109
276	135	144	109
277	132	139	112
279	133	129	111
281	134	135	113
282	135	133	110
285	134	138	111
285	134	137	112
285	134	139	113
285	133	142	114
285	132	144	115
285	133	144	115
284	133	145	114
285	133	145	113
286	132	144	114
286	133	147	113
282	131	150	112
285	130	134	112
287	130	150	114
297	127	147	114
303	123	147	119
302	118	152	120
307	115	158	125
293	113	166	127
315	110	149	129
328	112	139	128
340	117	132	121
331	122	141	121
331	126	141	118
321	130	149	115
311	135	156	114
303	135	161	113
314	136	147	114
312	145	143	111
304	145	145	106
305	145	138	110
302	143	140	109
286	144	148	108
294	141	139	109
288	141	140	108
284	140	141	110
284	141	140	109
281	141	141	109
278	140	141	110
276	142	144	109
275	144	134	107
275	141	143	110
273	141	142	109
271	139	140	105
274	140	135	104
276	138	130	110
277	137	129	115
280	138	129	113
283	138	126	111
287	139	122	110
291	138	119	112
293	137	120	110
290	137	124	112
295	137	119	110
293	137	121	112
293	137	122	111
292	137	124	113
290	138	128	112
287	139	134	111
283	140	139	110
282	140	140	110
283	140	137	110
281	141	140	110
280	142	140	110
278	145	141	107
277	142	139	111
276	143	137	109
275	144	135	108
272	144	135	109
267	142	137	110
265	145	136	106
262	145	136	105
260	144	138	110
258	145	139	110
259	144	140	112
259	146	139	110
258	145	139	108
257	146	140	106
259	144	138	108
259	146	139	105
260	144	137	107
260	145	139	108
262	145	137	108
262	145	138	109
260	145	141	108
258	146	142	107
253	145	149	111
252	147	151	109
250	148	153	106
250	147	153	110
252	149	152	110
252	146	152	112
257	146	145	112
268	144	133	114
277	142	118	113
286	139	105	112
293	135	99	114
302	132	90	116
299	134	90	111
305	132	88	112
330	128	67	117
331	127	65	117
334	129	61	117
339	135	57	112
335	143	58	110
334	143	59	112
334	132	120	91
336	133	153	75
334	132	176	75
341	129	186	79
336	126	169	77
337	129	191	78
342	127	193	79
335	129	172	73
332	131	183	74
332	129	160	75
327	130	182	76
303	129	117	114
296	132	107	116
284	136	133	114
273	135	150	114
258	135	168	115
254	131	170	120
255	130	173	117
264	130	165	113
279	128	141	111
285	124	129	112
300	112	103	121
306	119	99	112
321	138	141	86
325	109	98	113
312	72	80	136
305	78	76	132
292	85	84	128
290	77	89	137
289	72	94	141
289	67	94	135
289	64	92	139
292	64	89	137
296	58	81	138
305	58	80	136
311	68	71	130
335	72	74	132
339	131	147	73
305	128	154	75
295	121	130	79
324	125	160	79
333	133	161	74
316	123	122	81
331	120	121	106
324	123	129	112
316	125	138	114
306	132	142	112
290	136	162	114
284	137	170	116
285	140	163	117
285	144	142	115
289	144	153	117
285	143	164	117
288	143	165	114
291	141	163	114
296	144	160	105
290	144	165	114
289	145	165	117
287	146	164	120
281	148	165	122
281	150	162	123
268	152	167	122
258	155	173	121
253	156	169	116
254	160	164	113
251	157	163	114
250	156	153	118
258	159	162	112
258	154	168	116
263	153	164	113
267	156	157	113
273	153	160	114
280	155	159	110
286	155	153	110
287	154	155	110
292	153	158	110
295	151	158	109
300	151	153	110
296	152	155	110
301	152	156	109
303	150	157	111
299	151	154	111
302	150	158	111
299	149	164	111
307	146	160	111
315	142	158	110
327	138	135	110
333	134	130	109
343	127	129	115
354	122	159	114
381	116	171	116
394	107	156	120
416	99	182	124
430	92	171	137
447	91	161	138
433	87	184	153
425	84	201	155
415	90	217	144
480	87	187	145
502	93	153	133
493	90	160	132
488	97	160	130
499	99	150	126
497	116	146	109
496	104	147	119
495	113	148	112
493	109	142	113
485	113	154	111
477	116	161	113
488	107	147	117
476	111	152	117
488	105	139	121
481	106	140	120
489	107	133	119
450	108	144	126
387	107	209	128
382	112	198	123
382	104	196	129
390	110	167	120
390	118	160	112
381	120	158	115
373	122	162	116
368	125	163	115
365	123	159	121
362	124	157	119
366	126	161	120
373	126	159	120
366	125	162	120
368	125	157	120
366	126	161	119
365	127	161	120
363	127	159	120
359	125	160	121
355	126	161	120
344	128	168	119
339	126	170	119
336	127	167	116
326	127	172	118
318	127	168	115
297	127	181	114
285	126	177	117
281	124	194	115
270	123	168	117
255	122	174	117
254	120	165	120
248	119	163	123
241	122	163	118
239	121	158	120
233	122	156	107
232	118	154	109
242	121	143	115
237	124	146	110
243	127	148	108
260	128	132	106
268	128	125	106
276	127	116	109
276	129	116	108
281	130	116	108
283	132	114	107
281	132	118	106
280	132	119	106
280	132	120	106
283	132	118	106
285	132	116	105
287	131	117	106
296	132	109	106
296	133	110	105
295	132	109	105
290	127	118	109
300	125	108	111
297	125	112	110
298	126	110	108
306	127	102	108
304	129	104	108
318	134	90	102
321	135	88	103
323	134	83	101
321	134	84	105
328	135	81	106
329	140	83	100
332	139	82	101
332	138	85	100
334	131	87	113
320	136	103	107
313	134	111	108
300	132	126	110
297	132	126	114
288	128	133	119
287	135	134	113
280	138	134	107
271	141	140	112
261	145	149	111
258	146	152	110
257	141	152	117
256	142	154	116
257	144	153	115
259	145	151	113
263	146	153	112
266	147	149	110
274	146	140	114
272	148	135	110
280	150	148	109
288	149	144	107
292	146	148	112
293	146	145	110
297	146	137	112
300	146	136	113
304	147	139	112
308	148	138	112
317	149	130	110
310	149	140	111
305	150	145	109
306	151	146	108
304	150	147	109
295	151	152	109
296	150	148	111
322	150	128	109
306	151	143	109
296	151	152	109
326	151	140	111
325	152	146	112
279	151	174	112
282	153	148	108
278	150	158	108
271	151	163	102
269	148	158	104
269	145	160	109
272	145	154	113
266	155	153	103
269	150	149	108
271	149	139	110
274	151	133	107
275	148	144	111
270	146	149	112
274	145	144	111
275	144	146	109
278	143	146	110
280	140	147	110
281	139	148	109
283	139	150	108
287	137	150	109
287	135	153	110
286	133	159	108
291	131	157	110
288	129	164	111
297	126	163	112
324	123	142	112
330	122	142	113
332	117	148	117
341	112	142	113
342	106	147	113
345	102	151	112
347	95	147	111
354	88	154	113
361	83	154	112
376	79	145	113
381	78	146	111
387	73	150	111
392	73	158	110
398	70	155	111
402	66	158	115
407	64	154	114
411	64	151	113
413	64	151	114
415	62	152	115
416	62	162	114
417	64	155	112
421	64	144	111
424	64	138	111
425	64	142	113
425	66	142	112
426	66	142	111
426	66	141	111
426	66	144	112
424	67	149	113
421	66	155	113
420	67	155	113
416	70	148	116
411	75	154	114
403	81	160	112
287	162	174	119
286	157	179	118
289	158	173	120
288	158	172	119
288	154	177	120
296	154	180	118
307	154	177	115
310	149	176	118
331	148	163	120
336	149	156	114
341	145	155	116
346	145	153	117
362	148	136	113
370	146	129	109
371	145	134	107
370	144	145	113
364	143	151	107
364	142	151	108
365	142	161	118
365	138	155	121
367	136	148	116
367	135	150	119
367	133	155	118
367	133	164	121
368	132	163	123
371	132	158	118
370	134	157	112
373	137	154	108
370	137	153	110
365	138	155	108
358	138	155	105
354	140	153	103
351	142	156	106
348	139	155	112
350	138	150	117
348	138	152	125
342	142	154	117
341	141	151	120
340	143	151	120
338	144	151	118
340	145	149	116
338	147	152	116
337	156	157	102
337	155	159	105
337	149	158	111
337	150	161	112
338	149	155	113
337	149	155	113
336	148	154	115
334	148	155	115
333	149	153	114
332	149	156	114
330	148	153	115
328	149	150	113
330	148	150	114
327	148	151	115
316	147	161	114
322	148	161	115
318	150	160	114
327	146	149	116
328	145	148	116
327	145	148	116
324	144	153	116
327	141	147	116
310	140	161	114
331	137	142	116
330	138	140	117
328	138	145	116
328	138	142	117
322	136	145	115
334	134	135	116
333	134	137	116
334	132	135	118
329	131	138	118
334	128	130	119
335	127	129	120
336	125	127	121
336	124	127	121
338	124	123	119
336	123	125	122
335	124	127	122
328	126	134	121
325	128	136	121
322	130	138	120
320	133	140	120
316	135	142	120
299	138	157	121
300	138	156	115
293	143	159	117
293	144	157	119
289	146	157	121
283	149	162	119
284	150	154	121
279	152	133	121
280	154	145	119
278	151	152	121
273	149	148	123
275	148	154	123
272	146	158	124
272	146	155	121
272	147	151	122
269	148	152	123
264	149	155	124
261	151	157	124
257	151	155	124
256	151	166	126
254	154	165	122
256	153	163	123
256	150	164	126
257	149	158	126
257	150	159	125
258	150	158	123
257	149	158	124
256	150	160	123
256	152	159	121
257	151	159	121
255	152	159	121
254	152	160	125
248	162	165	116
248	164	165	115
252	161	162	120
252	154	163	127
251	153	167	127
250	155	167	126
254	154	170	127
254	156	168	124
258	157	165	125
257	151	165	130
260	150	162	129
260	152	163	127
261	148	161	132
261	149	160	131
261	152	159	129
261	152	159	130
261	153	159	129
260	152	161	132
259	152	162	131
256	152	163	132
255	152	162	133
255	152	162	132
254	151	161	133
254	152	159	133
253	152	158	132
253	152	156	133
253	152	157	133
252	152	158	134
252	152	158	134
252	153	156	134
251	153	156	134
251	153	156	134
251	153	156	134
249	153	157	134
249	152	157	134
248	152	158	135
249	152	158	134
249	152	160	134
247	151	161	134
248	151	161	134
250	151	159	134
250	150	159	135
250	150	160	135
251	150	159	135
252	150	159	135
252	150	160	134
254	150	158	134
254	150	159	135
254	149	159	134
255	150	159	134
255	150	158	133
256	150	158	133
255	151	158	134
257	151	156	134
257	150	155	134
256	150	154	134
256	150	152	133
257	150	148	132
258	152	144	131
258	153	139	130
259	152	136	131
260	154	134	130
260	155	134	130
263	157	130	130
265	160	129	131
267	165	130	133
269	168	129	132
271	169	130	135
272	173	131	134
276	176	129	136
281	180	127	134
282	184	128	133
282	185	130	136
282	186	133	136
283	189	134	135
284	188	135	136
287	188	133	135
295	187	125	135
297	186	125	137
297	186	126	137
298	186	126	138
298	187	131	137
298	187	131	137
299	187	132	138
298	186	133	138
298	187	134	139
298	186	134	138
298	183	133	140
296	184	133	139
295	182	134	141
295	183	132	141
293	182	132	141
292	183	130	141
289	182	130	140
289	183	128	140
287	183	126	140
287	185	126	137
284	184	125	137
282	187	129	135
281	186	128	136
281	187	126	135
280	186	126	135
280	186	126	135
280	185	125	136
280	185	126	135
281	184	127	137
281	183	130	135
282	183	134	136
282	182	142	137
282	182	149	138
283	182	157	140
283	181	156	138
284	179	158	142
283	178	158	138
285	176	158	141
286	175	160	140
289	173	157	138
291	172	154	135
289	172	156	134
290	172	156	131
291	171	156	135
292	172	153	133
291	171	154	133
292	171	151	137
292	172	150	130
289	171	152	133
288	171	150	131
288	169	149	130
286	168	149	132
283	166	150	130
279	165	151	132
279	164	149	131
277	162	149	133
274	161	148	131
272	162	147	131
268	162	149	130
266	163	151	130
264	163	151	130
263	164	152	131
260	165	154	132
259	165	158	133
259	165	164	135
260	165	165	135
258	165	172	136
260	165	168	132
258	164	174	135
258	165	175	131
258	164	177	131
258	162	179	133
258	161	182	132
260	161	178	133
260	161	178	133
258	160	184	133
259	162	180	131
258	161	180	132
258	162	173	131
258	164	159	133
257	167	132	127
262	167	173	131
269	165	176	134
260	164	182	134
265	162	180	134
253	167	176	127
258	179	184	115
259	180	190	126
251	167	204	130
249	166	193	131
244	168	190	124
247	161	179	129
246	159	177	130
241	154	172	131
239	157	165	126
234	157	168	127
238	153	160	132
235	153	156	132
230	155	165	131
230	157	167	131
228	156	170	134
226	160	172	132
226	161	172	133
227	166	172	130
228	171	172	126
228	171	172	128
227	171	178	134
228	180	178	115
233	178	176	123
238	175	168	130
246	176	159	130
246	175	161	126
247	175	169	128
249	179	163	122
255	177	166	125
263	174	177	124
259	175	161	127
266	178	159	122
262	180	157	122
269	180	152	122
272	174	164	129
362	146	159	128
359	144	162	126
357	145	161	125
354	146	163	126
354	146	160	127
355	149	156	122
350	151	161	126
340	154	166	127
343	152	164	128
337	155	162	127
338	156	169	128
315	157	184	134
295	158	182	140
308	160	179	133
284	167	185	127
289	160	171	130
287	162	198	126
293	158	189	131
297	156	186	130
289	156	193	134
285	158	197	133
292	157	189	132
313	158	168	128
297	162	177	127
310	163	167	124
304	166	178	123
319	165	170	124
303	166	179	126
324	165	172	125
335	164	166	129
343	166	169	127
336	166	176	132
349	167	164	127
353	167	163	130
357	168	159	127
365	171	162	124
365	171	173	126
376	172	174	128
379	170	174	127
384	169	164	129
387	169	159	129
390	170	156	129
392	170	155	128
391	170	157	128
389	173	157	126
390	174	158	122
391	177	155	120
387	177	161	120
389	178	158	121
389	176	153	122
396	178	151	120
387	183	159	115
252	172	157	121
261	165	163	126
273	159	162	132
276	162	174	126
290	156	171	130
294	158	188	130
295	155	188	131
305	151	187	133
317	148	181	136
318	142	187	142
324	137	185	149
336	133	173	153
334	133	176	153
328	133	181	152
332	133	174	149
325	134	180	146
321	135	178	147
332	135	163	149
319	136	173	149
304	140	180	148
292	142	188	146
275	148	193	142
272	160	173	130
251	172	170	124
227	176	176	123
202	180	177	126
191	185	181	133
188	186	158	132
177	179	156	140
165	182	158	139
155	184	161	137
147	181	167	140
146	173	173	146
146	179	186	137
160	185	195	130
194	184	182	131
212	181	184	125
243	173	193	127
265	163	172	128
296	153	181	134
318	138	192	151
340	127	187	162
345	117	195	171
357	111	202	169
362	109	209	164
381	105	192	166
381	106	183	171
383	102	191	159
409	102	170	158
396	108	186	155
363	115	215	149
363	120	184	150
361	122	171	147
308	138	190	151
306	143	174	146
294	155	188	134
259	159	216	131
229	169	219	127
203	174	240	131
184	173	180	137
153	181	178	126
142	179	184	133
135	177	186	135
134	172	181	140
137	171	186	136
144	182	177	119
161	176	163	131
194	172	196	135
228	166	185	135
232	166	219	126
280	157	185	128
305	149	180	134
319	138	185	138
343	123	173	152
356	115	181	157
359	102	193	165
360	92	198	175
359	95	200	166
358	93	196	182
349	94	204	184
353	94	197	169
350	96	175	169
350	104	169	153
354	110	149	147
342	130	154	145
340	157	153	132
340	161	152	127
308	153	180	126
286	152	208	133
279	150	209	137
268	155	206	134
266	160	219	131
265	162	221	130
264	165	220	128
265	169	213	126
268	165	212	130
271	167	209	128
270	164	208	129
272	170	204	124
269	164	208	129
267	167	211	128
259	166	226	128
247	163	212	133
233	165	200	134
226	159	209	137
202	161	208	140
195	156	192	143
185	156	189	139
177	155	176	136
183	151	139	133
199	148	101	135
217	143	84	123
219	137	83	132
226	88	78	180
219	133	94	130
219	135	115	128
216	133	137	129
215	133	149	126
217	136	154	125
220	134	152	122
219	134	153	120
217	133	155	123
214	135	158	123
212	136	158	121
199	137	167	121
199	137	160	120
195	136	156	121
192	138	158	120
188	137	162	120
190	137	162	117
190	140	162	122
198	139	175	120
215	141	168	117
224	139	164	116
227	140	170	118
242	138	177	117
290	136	216	118
286	135	218	118
295	139	210	113
307	131	196	119
316	131	182	119
308	130	186	120
310	128	181	119
307	129	180	119
305	128	184	121
295	130	192	119
300	130	191	119
304	132	190	119
317	132	183	121
345	133	158	121
328	134	159	124
342	135	170	124
222	142	189	125
209	147	171	130
194	150	179	132
191	152	167	137
177	156	169	135
177	165	155	122
192	166	125	115
198	165	104	118
230	142	74	142
211	147	96	135
195	154	143	126
184	153	173	128
180	144	194	134
185	136	189	142
195	139	188	143
200	142	179	143
204	145	170	144
207	145	165	148
209	148	164	146
211	150	161	145
211	152	158	145
207	153	161	146
199	153	169	142
185	152	182	143
171	151	201	142
166	153	192	139
178	153	170	134
204	145	110	131
214	151	90	124
210	141	99	130
191	142	137	126
178	146	157	121
172	147	161	123
169	148	167	124
164	148	167	125
160	150	169	124
162	152	167	120
169	150	166	122
174	151	163	122
180	149	165	123
187	148	165	123
195	148	164	121
200	145	161	124
207	144	150	123
216	142	218	123
219	145	211	118
225	142	215	123
245	139	200	122
266	135	167	123
269	139	178	119
276	134	185	124
290	133	183	126
305	131	186	131
304	130	170	129
295	133	175	130
304	137	171	122
297	133	177	126
308	135	165	126
294	138	163	124
302	147	168	119
294	141	175	122
301	139	172	124
295	141	175	124
295	141	177	122
295	140	176	123
299	142	171	120
300	144	171	118
301	144	172	119
301	140	173	121
308	141	165	118
328	142	144	124
317	141	154	122
300	137	172	127
300	136	179	129
297	136	179	132
297	139	182	127
296	142	180	126
297	142	174	128
299	142	175	130
303	137	176	137
298	120	183	156
300	118	178	154
294	115	182	150
293	113	190	154
291	112	190	155
289	119	190	153
290	120	200	143
286	144	190	141
312	98	182	137
329	87	151	115
335	86	152	116
327	87	161	117
325	82	161	129
330	79	159	120
330	80	159	116
333	72	152	118
334	71	152	115
340	64	147	120
343	62	144	119
344	58	145	119
333	52	155	120
334	43	158	124
329	43	163	120
327	32	166	128
323	33	170	132
321	32	171	141
322	35	175	144
326	31	168	121
329	30	163	112
331	31	158	107
332	30	157	109
331	29	156	114
332	31	159	119
326	31	165	127
321	41	170	130
315	52	175	127
304	60	177	130
312	62	134	144
318	75	155	133
316	82	159	146
286	98	154	154
301	107	174	134
319	117	164	129
317	115	167	134
312	113	173	143
311	110	164	151
300	122	179	144
304	131	176	137
302	131	178	136
289	119	184	146
287	123	178	142
253	120	184	126
258	122	194	123
274	119	185	137
295	124	181	134
329	126	155	131
323	115	164	138
320	114	170	139
320	111	172	141
316	107	179	144
318	102	183	148
327	96	177	154
319	93	191	156
302	87	205	161
241	84	193	159
236	84	197	159
232	84	192	155
236	85	180	152
235	85	166	150
237	85	155	149
237	88	148	147
237	87	149	148
240	87	156	148
240	88	155	147
246	93	164	141
354	93	173	144
356	93	173	143
359	94	165	143
363	96	164	146
368	99	162	148
366	100	167	150
372	101	166	150
376	101	167	153
376	102	162	156
378	104	171	155
382	109	167	148
387	111	165	143
393	114	159	141
398	116	158	138
399	119	156	136
401	125	158	131
406	130	153	125
408	136	154	121
413	134	157	125
387	134	168	128
380	117	185	140
381	156	162	119
379	152	174	125
244	140	226	132
286	128	196	144
294	119	196	149
313	106	183	155
308	93	194	173
318	86	198	171
301	111	200	144
303	129	172	136
304	113	180	151
306	126	177	141
290	123	203	135
271	138	228	128
231	146	264	128
202	145	240	134
172	142	208	139
156	141	226	144
149	145	212	140
152	140	200	144
155	152	205	116
163	150	216	129
194	137	194	158
204	142	187	147
230	145	157	140
260	145	127	134
292	147	106	128
293	148	109	126
377	155	174	131
384	155	169	135
421	155	135	133
395	154	163	139
422	157	136	131
411	160	148	128
402	161	154	128
403	164	156	122
405	166	154	120
398	165	155	122
401	162	161	124
399	166	155	120
400	163	159	128
400	159	160	137
392	156	168	141
392	157	164	140
391	157	163	137
391	156	164	124
391	158	162	120
396	157	152	121
400	155	143	120
407	155	131	115
417	158	104	126
418	157	93	113
430	145	78	125
433	148	76	116
414	146	104	109
402	148	132	108
397	145	159	110
393	148	172	107
395	150	176	107
392	152	178	108
392	153	181	112
387	155	180	111
391	156	176	115
389	156	176	117
391	158	174	119
390	158	175	121
388	160	175	120
387	162	174	119
384	164	174	119
385	165	176	119
389	163	177	123
392	160	183	128
388	162	184	123
386	162	186	127
392	161	181	128
390	163	184	125
394	163	177	125
389	163	177	123
383	159	181	129
376	158	183	129
380	159	181	127
381	157	175	130
386	159	174	125
387	157	169	125
385	158	170	121
234	146	176	119
238	143	178	122
240	142	178	123
239	147	178	118
239	143	178	122
241	142	176	122
242	143	175	121
244	143	171	121
241	143	171	118
247	144	167	121
240	145	168	119
234	145	171	125
231	146	173	122
230	150	168	121
231	148	168	124
223	152	175	120
220	148	178	126
217	153	176	124
219	148	176	127
217	150	140	125
218	154	142	117
219	149	154	121
216	144	166	126
219	141	170	130
219	142	172	130
214	143	180	125
218	143	173	125
218	140	161	126
224	145	168	124
221	145	175	124
228	143	170	124
220	143	184	121
224	141	175	123
226	139	176	124
223	143	177	121
220	143	180	120
227	142	162	120
226	143	174	119
230	140	163	121
228	140	165	123
227	139	164	124
233	150	157	114
234	140	155	122
238	142	154	121
250	141	136	120
252	139	123	122
274	139	100	120
287	142	81	119
291	141	71	123
285	148	75	122
290	162	79	117
285	150	114	154
292	140	146	163
301	128	149	167
282	145	134	178
288	137	139	175
303	133	153	158
306	133	143	154
308	127	142	145
312	137	143	152
291	149	136	155
289	133	166	96
294	139	153	131
281	143	145	160
277	146	125	129
266	153	111	126
250	155	129	123
238	153	144	126
229	152	158	127
219	149	177	132
210	149	186	132
204	149	196	132
198	149	197	132
198	147	193	129
198	149	190	126
202	151	185	123
210	152	175	119
214	153	173	117
224	154	164	116
235	151	154	117
241	149	139	115
249	145	119	118
261	146	100	117
267	143	93	117
274	145	87	114
278	144	91	113
272	145	115	111
261	144	154	106
245	143	183	104
241	141	181	109
242	134	183	113
236	139	122	108
276	135	96	118
268	143	131	116
234	146	176	121
230	147	182	124
225	150	181	124
230	149	156	126
243	145	111	129
256	138	98	130
236	146	123	124
234	140	156	128
237	141	159	126
255	141	141	124
260	142	137	121
251	142	145	118
237	142	173	112
224	143	163	105
229	144	122	109
241	146	107	108
248	136	93	132
234	168	110	113
224	169	130	123
196	170	157	128
174	172	176	114
151	169	191	120
166	171	171	108
159	170	176	110
171	165	178	123
177	163	200	136
218	155	166	132
256	139	119	144
269	129	113	126
238	118	133	100
245	119	188	92
256	105	140	81
283	85	118	98
323	71	83	125
326	62	103	131
322	59	141	137
383	162	168	122
370	155	177	134
369	134	174	147
379	38	154	166
379	34	157	171
372	49	170	162
361	73	183	151
347	97	195	190
340	108	200	182
335	116	199	171
323	120	197	159
286	142	203	139
285	147	198	143
258	148	230	142
225	150	204	132
212	145	199	139
212	143	193	145
218	150	194	135
238	152	168	136
273	145	129	132
298	142	105	128
310	152	141	128
281	147	163	104
258	130	202	80
266	128	161	86
284	121	132	107
315	118	89	122
325	117	87	125
330	119	106	123
333	126	142	114
330	119	171	125
321	116	153	118
319	126	187	107
330	133	167	114
346	121	101	150
327	114	112	128
308	125	143	119
284	129	173	125
281	137	171	131
262	142	189	135
255	143	187	140
241	146	183	131
234	154	190	132
236	153	186	139
231	156	191	139
232	157	187	141
232	162	186	136
229	164	163	126
226	158	152	133
207	158	160	127
201	154	165	128
198	161	176	129
201	154	178	136
201	153	187	137
203	161	193	130
209	162	195	132
219	175	193	118
226	165	198	141
237	162	198	146
250	162	183	141
259	165	169	136
273	175	169	122
279	171	160	119
286	180	160	103
287	169	162	112
284	175	164	114
285	168	156	127
267	169	167	132
257	168	178	136
241	172	194	135
231	171	195	135
217	170	199	132
204	173	199	125
194	162	199	136
192	167	191	135
190	164	180	139
190	168	174	132
190	170	169	131
190	163	173	137
192	161	180	135
201	159	192	131
225	156	191	134
238	154	198	136
280	150	175	132
291	142	192	127
323	128	185	135
337	122	191	145
354	116	181	176
356	114	179	171
355	121	178	136
350	123	179	129
349	126	181	143
342	135	169	140
331	147	185	137
306	155	211	133
275	157	238	134
237	156	217	136
220	155	193	133
199	154	190	130
190	145	184	138
189	144	178	133
190	146	153	133
195	153	148	123
204	158	169	120
220	151	168	129
238	158	152	128
275	155	151	129
293	154	202	133
324	148	219	156
328	138	221	161
331	131	212	179
359	132	177	140
365	133	161	124
361	135	181	150
344	136	196	146
332	140	204	136
320	146	221	144
286	144	215	142
268	154	197	124
250	143	184	143
246	139	171	143
227	140	178	134
227	141	184	127
224	139	185	128
234	139	184	132
266	137	142	139
262	142	168	137
270	149	144	131
289	147	186	125
307	143	195	127
329	139	189	127
340	140	184	117
356	134	167	120
361	134	147	118
357	136	154	117
346	139	158	115
332	144	174	121
306	149	180	120
284	150	186	118
274	157	178	118
255	160	175	125
225	150	185	137
215	146	202	136
198	148	192	126
204	149	187	124
205	146	190	135
203	153	196	128
218	148	194	132
224	158	202	125
230	152	194	134
243	154	185	128
264	157	168	123
269	157	162	123
273	155	159	125
273	152	172	129
265	156	181	128
266	158	176	125
265	156	176	131
265	163	184	121
265	162	178	126
262	157	180	97
264	160	175	133
248	165	191	125
254	166	191	127
265	167	179	128
270	167	174	129
265	167	181	130
264	169	182	126
267	168	175	128
275	165	168	124
278	162	163	112
280	162	161	134
282	162	155	125
287	164	148	119
289	162	141	126
293	162	132	132
294	165	131	128
294	163	150	132
289	165	168	127
284	165	182	128
287	167	186	127
290	165	172	126
307	166	139	128
314	167	127	129
315	167	129	129
316	169	153	130
306	168	180	132
405	184	152	128
419	193	135	116
417	192	136	118
418	188	133	121
423	192	133	117
426	194	133	114
423	191	139	117
424	190	137	119
424	182	132	126
421	185	132	123
421	186	143	121
416	192	148	117
418	189	148	118
420	183	149	124
421	181	151	127
414	180	152	128
415	179	162	134
421	179	150	133
415	181	161	130
413	181	168	133
425	184	156	129
411	184	176	130
412	184	164	130
415	185	168	132
417	184	169	130
414	182	169	136
416	185	177	130
418	186	173	131
421	186	175	131
416	186	166	130
415	187	178	131
415	188	173	129
414	189	176	129
409	187	179	121
413	186	178	126
414	186	175	128
420	185	171	127
423	185	168	118
424	189	169	129
421	183	171	130
416	180	174	118
418	180	172	109
413	180	172	100
411	179	171	103
415	179	163	105
421	180	154	105
425	185	144	100
424	184	141	107
412	182	145	118
323	157	208	123
329	151	207	135
331	151	206	137
340	155	170	129
354	165	166	123
350	160	161	120
342	163	160	120
332	156	168	127
322	153	183	133
298	151	194	137
284	153	199	134
283	156	187	130
281	152	181	136
273	154	183	134
274	152	175	135
266	155	183	131
258	154	182	127
250	155	193	131
248	159	189	126
258	158	182	124
255	161	181	119
254	159	183	125
256	160	188	126
252	161	190	125
253	163	184	125
260	166	180	123
246	162	191	131
244	168	196	128
240	173	197	120
244	174	199	125
253	175	195	125
262	170	187	139
258	172	194	135
230	167	206	134
231	164	202	143
230	165	194	150
223	165	191	148
217	162	201	148
219	158	176	149
215	162	190	146
206	160	200	152
201	159	208	150
203	159	207	152
191	157	219	161
188	157	216	148
189	154	212	159
189	154	213	162
194	155	208	158
201	157	195	159
209	157	184	158
213	157	175	160
216	159	168	159
216	161	170	159
208	163	181	162
195	167	199	161
188	169	206	163
169	173	224	155
160	176	229	159
153	178	237	159
141	179	259	157
138	176	260	159
131	168	253	164
128	169	241	166
129	165	233	169
138	168	235	162
136	167	253	161
143	166	256	159
165	156	228	160
174	150	228	170
191	150	208	165
201	151	192	157
225	147	169	158
228	148	171	153
235	148	175	155
241	150	171	149
244	152	170	150
242	155	173	150
239	157	178	156
234	159	183	163
225	165	195	164
214	172	201	160
201	177	206	161
192	179	200	160
189	183	184	158
190	186	174	155
183	189	177	153
175	191	191	150
160	192	209	152
163	192	214	154
180	195	205	152
158	192	213	155
185	195	193	149
178	189	205	159
159	197	232	143
163	196	240	149
178	192	241	149
196	193	222	149
202	186	219	158
222	185	219	155
236	184	217	157
249	181	217	161
252	178	223	159
265	174	209	161
263	176	211	159
271	173	218	168
268	179	249	156
259	181	216	143
254	172	233	114
245	182	215	131
228	183	208	154
218	183	211	158
197	187	219	156
191	184	211	157
189	184	195	156
182	185	202	160
177	186	198	159
172	190	194	157
165	193	192	156
152	204	184	145
145	200	187	149
139	203	194	145
140	204	208	146
149	199	213	150
160	206	216	143
188	202	209	142
200	198	209	150
230	190	195	153
260	189	191	150
276	183	204	149
280	176	262	147
317	168	219	140
329	162	208	140
338	161	191	137
348	163	179	129
341	162	168	133
331	166	167	130
318	170	197	132
294	175	212	137
289	175	180	145
274	183	160	145
239	188	183	142
212	192	185	144
195	185	175	148
159	184	167	144
141	189	156	124
126	184	154	128
116	184	145	126
110	186	137	126
108	184	139	130
108	182	140	133
110	182	145	134
113	187	152	127
126	194	166	122
149	202	181	122
178	193	186	138
203	192	194	142
235	189	194	143
272	180	190	148
276	172	219	139
325	158	175	132
347	147	137	128
380	138	174	129
394	123	158	136
395	121	159	134
400	122	158	131
377	125	154	128
379	132	168	130
358	143	155	125
323	156	154	125
281	168	170	125
264	180	169	132
245	184	179	139
211	189	189	140
193	193	184	140
184	189	170	143
149	194	179	138
128	196	175	125
116	191	172	126
106	189	165	129
101	191	173	132
102	186	167	135
100	187	174	135
102	192	185	127
117	197	196	124
