56	316	23	54
57	318	23	50
58	315	22	53
57	317	23	51
56	315	22	53
53	316	22	53
52	315	22	54
51	316	22	53
51	316	21	53
50	315	21	54
51	315	20	54
52	313	20	55
51	314	20	53
52	313	20	55
53	311	20	55
52	313	21	53
49	312	20	53
50	313	19	54
48	313	20	55
49	312	19	56
50	315	20	53
53	315	21	52
57	314	21	51
60	315	20	49
62	314	19	50
63	315	19	50
65	314	20	51
67	316	20	50
70	313	19	53
72	315	19	52
71	313	19	53
72	315	19	51
72	313	20	52
73	315	21	51
74	314	22	52
75	313	21	54
77	313	21	53
79	312	21	54
79	312	21	54
79	311	22	55
82	311	22	52
81	310	22	51
84	310	21	53
85	308	21	53
85	309	21	53
87	311	22	50
90	311	21	50
94	311	21	51
98	313	22	48
101	314	21	49
104	316	21	49
108	316	20	49
111	315	20	51
112	316	20	49
113	314	20	50
114	315	20	50
115	315	20	50
114	314	20	50
115	315	20	49
116	316	20	51
116	316	20	52
114	317	21	51
116	317	20	51
116	318	20	51
117	319	20	51
118	319	21	51
120	319	20	51
123	318	20	49
124	318	20	50
126	317	20	51
129	315	20	51
131	313	20	51
132	311	21	54
131	309	23	54
132	309	24	55
131	308	24	54
129	309	25	54
130	310	24	54
133	312	23	55
134	312	23	54
137	314	24	54
142	314	23	52
148	313	23	52
152	312	23	52
159	310	22	53
161	309	22	54
162	308	23	55
164	309	22	54
163	309	22	54
166	312	22	53
167	313	22	53
168	314	23	52
172	315	23	52
173	314	24	53
180	313	23	53
179	312	23	53
181	310	24	54
183	310	22	53
184	310	22	53
180	313	22	54
180	314	22	55
180	316	21	54
181	318	22	56
183	320	20	53
187	322	22	50
193	322	22	48
198	323	23	48
203	322	23	52
206	320	24	53
211	321	24	53
213	322	24	51
216	321	24	53
214	321	26	53
214	322	27	52
214	326	28	55
213	323	29	59
217	324	28	58
222	325	27	59
227	326	26	56
232	324	25	57
233	326	24	55
235	327	23	55
235	326	24	56
237	327	24	55
234	326	26	57
235	325	25	59
234	323	28	61
233	326	30	58
236	326	30	58
239	326	29	57
240	325	30	59
238	324	33	58
236	318	38	65
236	316	39	66
239	317	39	66
241	319	39	68
245	321	39	70
251	323	39	69
256	324	39	68
262	322	38	70
266	322	38	68
271	323	36	67
273	321	36	69
271	320	38	70
271	319	39	69
270	318	40	70
268	317	41	70
270	317	40	69
270	317	41	70
273	317	39	69
276	318	39	69
280	319	39	68
284	320	38	67
287	318	38	67
286	317	39	68
285	315	41	70
288	317	40	68
287	316	41	69
290	318	39	68
301	323	33	67
304	324	31	67
305	325	31	66
307	325	31	67
310	326	32	66
318	324	30	69
314	324	36	67
331	323	32	68
341	323	29	67
353	323	28	66
365	323	27	66
350	321	36	66
354	320	40	68
352	319	39	68
357	319	42	69
382	325	28	64
381	323	27	63
387	326	23	58
381	326	25	60
385	327	23	58
379	324	25	60
377	323	26	61
371	320	28	63
375	323	26	61
369	325	26	58
362	328	26	59
355	329	27	58
352	329	26	59
348	327	26	61
343	328	28	60
339	325	30	61
347	325	25	61
346	326	24	59
343	325	26	60
348	325	24	60
348	327	23	58
348	326	23	60
346	323	25	61
347	326	24	57
347	326	24	58
339	324	27	59
342	323	26	60
338	320	29	62
333	319	33	62
341	316	27	61
334	318	35	58
343	307	27	62
337	307	32	61
326	305	39	62
313	303	48	63
329	302	32	64
334	305	26	60
335	305	24	58
335	306	23	57
332	304	25	59
331	305	24	56
331	303	23	57
331	303	23	56
331	299	22	57
330	300	22	56
324	305	26	62
297	308	40	62
323	315	28	61
327	317	25	59
320	311	30	60
329	306	24	58
329	305	23	57
328	303	23	56
326	299	24	60
327	291	24	59
318	276	27	58
318	276	23	57
319	277	22	55
323	275	23	56
326	274	22	56
325	268	23	59
327	269	22	56
328	273	22	56
332	272	30	61
340	269	37	68
386	269	36	67
408	271	28	61
420	275	28	54
435	275	26	52
449	273	25	52
461	268	25	54
491	252	26	55
507	249	25	54
522	250	26	53
538	255	26	49
564	255	39	57
591	249	40	68
638	248	31	60
657	249	25	49
652	249	26	50
622	259	28	56
611	261	29	55
606	273	28	51
606	272	28	51
595	272	35	51
620	275	30	53
654	274	27	50
661	270	28	51
651	267	32	52
645	261	36	62
621	229	34	81
599	244	34	83
595	256	33	83
600	281	37	69
618	290	30	56
618	290	28	53
620	288	26	54
622	287	24	53
620	288	25	51
630	285	25	51
642	283	24	50
644	284	33	45
646	282	34	44
649	281	33	46
650	280	34	48
652	280	34	48
654	279	32	49
654	279	31	49
661	276	30	54
656	277	33	53
655	277	32	53
647	275	31	57
642	273	29	60
629	278	32	54
609	278	31	59
603	281	30	56
595	282	29	58
592	278	29	60
590	279	28	61
589	272	28	62
584	258	30	72
586	239	31	85
583	230	32	90
574	226	41	91
562	213	53	106
557	208	45	114
540	203	56	118
530	201	43	122
521	196	55	99
507	194	44	126
494	191	41	94
477	195	38	91
467	198	45	91
461	197	38	85
451	197	37	87
443	196	34	86
424	196	39	93
417	199	49	87
408	201	40	90
403	203	45	91
401	204	41	88
403	209	44	88
406	213	43	83
405	221	42	76
408	230	35	67
409	232	30	63
413	234	29	66
412	236	30	64
415	236	28	65
415	239	30	63
410	244	26	59
400	246	27	59
396	248	28	58
393	248	27	57
393	249	26	57
394	249	25	57
403	250	25	55
410	250	24	55
414	247	22	58
418	247	22	57
420	247	22	56
425	249	24	57
429	250	25	56
431	250	24	56
434	252	24	56
435	252	25	56
436	252	25	57
436	251	25	57
436	253	26	58
435	254	24	57
435	255	26	57
433	255	25	57
433	255	25	57
434	255	25	56
436	255	25	56
437	255	25	56
440	256	25	56
440	255	26	56
440	256	27	56
444	255	27	57
447	255	30	57
455	252	27	58
459	252	28	57
461	252	26	56
463	253	25	56
465	256	25	57
460	257	26	56
460	256	28	57
461	255	28	56
463	256	28	57
466	257	28	57
469	253	29	60
471	252	28	58
473	252	28	58
474	251	28	59
475	251	27	58
473	250	26	59
474	251	26	59
475	252	26	59
475	251	27	59
476	252	27	60
476	250	27	61
477	249	27	59
479	249	27	59
481	248	27	58
482	249	28	58
487	249	28	60
488	250	28	60
491	249	26	60
492	248	26	58
493	247	25	60
495	248	25	61
496	249	26	60
496	249	27	60
496	248	27	61
496	248	27	62
496	248	28	61
495	248	28	61
496	248	28	62
496	247	29	62
497	246	30	62
497	246	30	59
497	245	29	59
496	245	29	59
495	244	30	59
495	244	30	59
494	244	30	58
495	242	31	59
495	243	32	60
495	242	32	60
495	241	32	59
495	240	33	59
494	239	32	58
495	239	32	59
493	240	32	59
493	239	33	59
497	238	30	60
499	237	31	58
501	236	29	59
503	236	29	59
504	236	30	59
505	235	29	58
505	234	29	58
504	234	30	58
504	235	30	58
503	235	31	57
503	234	32	58
502	232	31	59
498	233	28	59
499	232	34	60
491	232	31	60
488	231	33	60
485	231	32	62
488	232	31	59
489	231	34	59
489	231	34	58
492	230	35	59
501	225	42	63
514	196	45	91
525	187	42	107
529	188	46	106
528	191	46	101
527	191	44	102
527	194	42	98
525	190	42	102
527	191	40	98
528	194	40	94
528	197	41	93
528	198	44	94
525	198	44	94
524	199	43	94
520	200	44	93
520	201	45	92
521	201	44	92
516	207	47	85
507	216	51	77
490	228	42	66
498	233	33	64
497	232	32	61
499	233	31	63
500	232	30	63
500	232	30	61
504	230	29	62
504	231	29	60
505	230	28	63
505	230	28	62
505	230	27	62
504	231	26	62
502	232	28	63
501	232	28	61
501	231	28	60
499	231	27	60
497	231	27	59
496	230	28	59
494	230	29	59
493	229	28	59
490	228	29	58
487	228	28	59
485	227	29	58
484	226	28	59
485	227	27	59
486	227	26	60
485	228	28	59
484	227	28	61
483	227	27	61
482	226	28	61
482	225	29	63
482	224	29	62
482	223	28	63
482	223	29	64
483	222	29	64
484	224	29	63
486	222	31	67
487	220	30	69
488	216	30	74
488	219	30	71
489	222	29	68
489	225	29	64
489	227	28	62
490	227	27	62
491	228	26	61
491	228	25	62
492	227	24	61
491	226	24	63
491	225	25	64
491	225	25	64
490	225	25	64
490	225	27	63
489	223	27	65
489	223	28	64
489	222	28	64
487	221	28	64
488	221	28	65
487	221	27	65
486	220	27	65
485	220	27	64
481	221	27	64
476	221	29	64
474	220	30	66
474	220	29	66
471	219	28	65
470	220	28	64
468	220	26	63
467	220	26	64
465	221	26	64
463	219	26	64
461	219	29	65
457	216	28	66
454	216	30	65
451	214	30	65
447	213	30	65
444	211	31	66
436	209	32	65
429	208	31	64
422	206	31	62
415	206	32	63
411	204	31	64
405	203	31	65
400	203	30	67
395	203	29	65
387	203	29	65
382	203	27	65
378	204	26	67
377	204	25	66
376	204	25	67
375	203	25	67
374	202	26	68
374	205	26	68
373	206	27	69
372	207	27	69
372	209	27	70
370	211	28	70
368	213	27	69
366	214	27	69
363	214	26	66
360	215	25	67
358	213	25	67
359	210	26	68
361	210	29	68
366	209	29	67
367	208	28	70
368	208	29	69
370	208	30	70
374	209	30	69
376	214	30	68
377	215	29	67
379	216	28	68
382	218	26	68
388	217	25	71
392	218	25	70
395	219	26	70
396	219	26	70
393	220	28	70
391	221	29	69
390	221	29	69
388	221	28	69
388	222	29	68
397	223	28	68
401	223	29	69
407	221	31	69
418	218	32	70
428	216	33	70
442	212	31	67
447	211	32	71
455	212	35	68
463	223	36	61
468	228	36	61
467	230	34	65
463	229	33	67
461	231	33	66
458	233	34	67
461	218	34	89
465	234	35	78
469	241	33	72
475	243	33	69
481	245	33	65
487	246	34	64
488	246	36	65
492	245	36	70
491	247	38	70
491	250	41	71
490	256	42	69
484	264	41	68
482	268	40	66
481	269	40	69
481	269	43	71
481	267	43	71
484	263	41	73
487	263	39	72
487	262	38	70
490	262	37	70
490	262	37	70
490	261	37	69
488	262	36	68
488	262	35	69
491	260	33	71
490	257	36	73
491	255	38	73
491	253	38	72
493	251	37	72
492	251	37	71
488	251	38	70
481	247	36	71
475	246	35	68
471	244	33	68
468	243	33	70
468	244	33	69
465	246	34	69
466	246	34	71
466	245	34	72
467	246	33	72
468	245	34	72
470	246	33	72
472	245	33	71
471	243	34	72
471	241	34	73
471	239	34	74
472	237	34	74
472	235	34	74
471	233	33	74
469	233	34	73
467	233	35	72
465	234	36	73
462	237	35	71
461	237	33	70
459	238	33	70
459	238	33	71
459	238	33	70
461	237	34	68
461	236	36	71
461	233	38	74
459	233	38	74
457	234	41	73
455	236	39	69
455	237	37	69
455	237	37	68
456	238	36	68
456	238	36	68
460	238	35	67
461	239	35	67
463	240	34	67
464	240	34	69
466	239	32	70
465	241	31	69
467	243	29	69
466	243	30	70
467	244	31	71
468	243	30	71
468	241	31	69
469	237	31	69
467	236	32	69
466	237	34	68
465	238	35	69
467	238	36	68
469	239	37	70
473	239	35	70
478	239	33	71
479	238	33	70
473	238	34	70
467	239	33	69
463	238	31	71
459	240	31	70
456	242	32	69
454	243	33	68
454	241	33	71
458	238	33	75
458	236	35	76
460	237	35	75
462	238	33	75
463	240	33	73
466	241	33	74
469	243	33	73
474	242	32	73
476	240	32	76
479	242	33	75
478	240	35	76
477	240	36	76
476	239	36	75
476	238	35	73
474	237	36	75
470	237	41	72
468	235	41	74
467	234	41	75
461	233	37	77
455	228	40	82
449	229	43	77
448	224	43	83
445	219	44	89
443	220	48	89
440	225	50	85
437	211	51	97
435	225	52	86
434	201	52	112
436	210	52	106
439	239	50	78
442	239	48	77
444	236	46	79
436	242	49	73
423	247	46	69
413	247	43	71
407	247	44	70
408	247	43	71
408	246	43	72
408	245	42	72
409	245	42	72
411	243	40	73
412	239	40	76
414	235	41	78
413	232	42	83
414	221	43	85
413	217	44	78
412	214	43	76
411	213	42	78
410	217	40	72
409	217	40	73
409	218	38	76
409	218	38	74
414	219	35	73
427	225	35	71
435	231	36	67
438	233	33	70
442	234	29	70
447	231	29	73
451	224	29	69
456	222	33	66
471	218	32	72
486	221	33	69
494	230	36	59
501	230	33	63
504	228	33	70
503	226	32	73
499	225	32	73
495	225	34	72
493	224	36	68
504	221	37	68
519	220	37	63
536	221	40	58
555	221	38	60
570	223	38	54
577	227	36	56
577	223	36	63
577	221	33	71
572	222	33	71
567	225	35	67
567	224	34	69
566	226	34	67
567	226	33	70
565	225	33	72
563	223	33	73
559	221	33	72
553	223	32	69
547	223	32	71
543	223	33	71
541	224	33	69
538	225	33	70
537	225	34	72
539	222	34	74
541	221	37	74
548	216	37	71
551	214	34	66
553	209	32	76
551	208	32	75
550	207	34	79
550	209	34	71
550	216	33	64
547	214	35	74
545	212	37	77
543	210	39	72
539	207	39	69
535	203	38	69
524	202	39	58
516	196	37	71
507	196	37	67
504	198	40	49
503	198	37	56
507	192	33	71
517	197	37	63
529	201	38	66
545	203	35	73
557	206	38	77
572	214	39	75
592	221	38	67
610	218	39	62
625	207	40	76
628	190	44	80
619	181	41	75
594	173	41	79
574	169	40	76
563	167	41	74
558	166	43	72
552	164	44	74
543	161	47	79
535	155	47	80
532	153	46	79
536	149	41	76
538	148	41	71
535	147	43	76
528	146	44	76
517	147	42	77
502	150	43	76
492	152	42	73
485	153	37	74
476	157	36	73
465	159	39	70
458	158	39	71
452	157	41	71
451	157	42	70
448	156	42	70
444	154	40	69
440	150	39	73
436	151	39	58
436	152	36	58
434	157	37	49
430	162	35	53
428	165	34	57
424	169	34	59
419	173	34	58
416	174	35	65
412	173	36	72
413	173	35	72
417	179	34	66
424	181	33	60
431	181	33	65
437	179	34	60
443	172	35	68
449	173	36	62
456	173	36	57
463	172	34	57
468	172	32	62
470	172	34	63
472	172	34	63
474	171	34	65
475	170	35	62
475	169	35	67
475	168	36	67
475	169	35	66
470	169	35	67
463	169	36	68
458	170	35	66
454	173	35	65
449	173	37	66
447	174	35	66
445	173	34	69
443	175	36	69
449	172	34	71
460	170	34	72
471	170	35	68
486	169	35	70
498	170	36	60
516	173	36	59
530	174	38	54
540	174	37	56
549	178	38	49
557	180	36	51
564	181	36	49
570	180	35	55
575	179	35	57
580	177	35	62
585	175	34	67
589	173	34	68
589	173	34	64
590	172	33	67
585	170	35	70
577	167	33	72
567	168	32	71
556	170	32	71
544	172	32	68
532	171	32	70
521	170	32	72
511	170	32	73
503	170	34	74
497	172	38	71
495	167	36	76
495	170	36	73
495	166	35	75
497	166	35	76
500	166	37	73
509	165	36	72
518	164	35	72
538	161	34	70
546	160	35	71
552	160	35	71
556	158	35	71
559	159	34	71
559	159	35	71
553	158	36	72
542	160	36	72
526	160	34	71
511	159	37	73
495	159	36	71
487	158	35	71
478	159	34	71
475	161	35	70
475	161	33	71
487	166	33	61
502	171	35	57
518	174	36	53
535	174	35	52
550	172	36	59
567	166	32	66
572	164	35	67
577	161	35	68
577	158	32	67
567	156	34	70
547	153	38	72
530	153	38	71
513	154	33	71
488	155	28	70
461	156	31	67
428	157	34	65
412	155	33	66
413	157	31	65
418	160	29	61
430	160	31	60
451	164	32	50
468	167	33	42
488	165	31	46
503	163	32	45
519	161	30	54
530	159	27	60
537	160	26	59
539	157	25	71
531	159	27	65
522	161	28	67
496	162	30	65
480	163	32	62
468	162	31	68
460	160	31	73
456	160	34	75
461	159	34	68
476	159	33	69
492	158	33	68
506	158	32	72
514	158	33	71
520	159	34	73
523	159	33	74
520	161	37	73
514	158	36	77
502	161	35	75
484	163	37	70
458	162	37	71
440	163	36	69
432	164	33	71
426	167	35	68
433	168	33	65
451	172	35	63
468	167	34	64
482	166	38	57
499	164	35	57
509	167	36	51
522	168	32	59
527	170	31	59
522	172	34	50
513	170	31	57
505	165	31	72
487	173	36	61
479	173	34	66
471	173	34	71
465	174	38	69
469	174	35	71
478	176	39	66
497	174	39	65
517	172	38	67
536	172	38	61
554	175	37	56
570	171	34	65
575	169	36	58
579	165	34	70
570	163	35	69
561	159	33	70
544	162	36	65
530	166	38	64
519	164	37	68
508	164	37	67
503	166	38	69
502	169	40	71
507	173	40	72
517	177	39	69
532	178	34	66
545	180	34	66
558	180	36	68
570	177	35	74
580	174	35	79
588	175	34	78
589	175	35	80
586	165	39	90
580	157	47	99
578	161	49	93
576	170	49	86
577	160	51	92
581	168	50	84
590	172	43	80
601	176	44	75
612	179	43	68
624	179	40	68
634	183	39	66
641	185	37	66
640	185	38	69
639	184	38	71
633	185	37	73
623	187	40	72
609	191	39	70
594	188	37	72
580	189	38	73
570	189	37	73
562	188	35	72
559	190	34	72
556	191	34	76
556	190	36	79
562	191	37	79
578	197	34	75
588	196	37	72
604	198	37	69
618	197	38	67
632	196	36	73
639	197	36	73
637	196	38	74
632	196	39	72
626	194	34	74
612	196	34	67
598	198	34	58
584	201	36	55
576	198	34	63
572	197	33	71
569	196	34	71
569	197	34	74
569	194	36	78
573	196	34	76
579	197	33	74
586	197	33	74
596	196	32	73
602	195	31	71
604	194	30	70
605	189	29	76
605	188	30	76
602	189	31	73
598	190	31	73
592	189	33	75
585	188	34	73
580	186	32	73
576	186	31	72
576	185	33	73
576	184	32	73
579	183	32	74
583	182	32	75
590	181	34	76
596	181	33	74
602	182	31	74
603	184	31	74
602	186	31	74
594	187	33	74
585	188	32	72
576	190	30	73
566	193	31	72
559	194	31	73
548	194	30	77
545	195	31	76
545	194	31	77
552	194	29	75
560	191	31	76
574	190	31	76
581	187	29	76
590	185	28	75
596	184	28	76
599	182	29	77
602	183	30	76
603	180	29	75
603	178	29	76
599	175	30	77
593	172	31	78
579	173	32	74
572	173	31	74
563	172	32	75
554	171	34	75
548	172	33	75
537	173	34	74
531	175	32	74
523	175	33	75
517	175	33	77
507	177	34	75
495	179	31	74
489	182	31	77
482	185	32	75
477	186	31	75
472	186	31	76
465	187	31	73
462	188	33	74
460	187	35	76
458	186	34	75
457	187	35	75
456	189	35	75
455	189	36	75
455	190	38	76
455	190	37	75
456	190	38	77
455	191	36	76
453	194	35	76
451	194	34	75
448	196	34	71
445	197	35	66
445	198	33	70
444	198	32	73
443	199	34	75
442	198	33	79
441	198	34	79
439	197	35	78
439	196	36	79
437	196	37	79
435	195	38	79
432	194	38	81
429	195	40	80
423	195	41	78
419	195	39	77
413	195	37	77
410	196	37	75
407	196	37	75
403	197	33	74
401	197	32	76
399	197	32	77
399	197	32	77
400	198	33	78
400	198	34	79
402	199	34	78
405	199	35	77
407	199	35	77
408	199	34	78
407	199	32	78
405	200	30	77
402	201	30	78
400	202	31	78
399	204	31	79
397	203	34	80
395	203	35	80
396	203	35	79
395	202	37	79
391	201	40	78
391	201	40	78
388	201	46	79
387	197	50	82
392	195	43	83
399	195	40	81
411	189	37	85
416	195	36	76
420	196	36	72
424	198	36	64
426	196	39	73
424	197	42	76
424	198	44	77
423	200	44	77
425	199	44	80
426	195	44	84
433	196	40	84
437	195	39	87
440	199	38	84
443	205	36	79
445	209	34	75
446	208	35	77
450	207	34	78
453	209	34	77
456	210	33	74
461	211	34	78
470	218	38	80
470	218	43	81
470	220	42	79
467	221	38	77
464	221	35	79
463	220	34	79
463	218	35	79
469	214	35	82
472	215	41	81
471	215	45	79
469	210	49	79
467	210	51	80
464	211	53	77
461	207	42	80
462	209	41	78
458	209	38	80
456	209	37	79
455	206	35	82
457	205	36	82
460	208	37	77
468	202	35	82
476	203	33	79
484	199	35	81
491	198	33	81
497	198	32	80
505	196	33	84
510	201	33	81
513	202	33	81
514	203	33	81
514	205	33	83
518	209	33	83
523	209	34	82
525	209	38	83
528	209	45	81
531	209	43	80
534	209	50	80
536	199	56	89
537	179	52	111
534	182	58	109
531	184	56	106
529	192	49	97
527	202	46	86
525	202	47	85
521	201	46	86
518	198	44	88
513	200	44	85
507	203	44	84
505	203	40	79
506	200	39	84
507	198	36	85
512	188	36	90
516	189	37	88
518	188	38	86
518	186	38	87
519	187	44	86
513	187	39	83
508	189	40	82
503	189	37	81
497	186	37	83
490	183	38	84
484	178	36	85
484	178	34	85
483	176	36	84
482	177	35	83
478	176	35	82
472	176	34	81
470	175	34	82
469	175	34	82
469	174	34	83
470	173	35	84
477	177	37	81
478	176	39	82
481	180	41	80
479	173	40	86
481	181	44	82
482	180	42	80
485	185	46	79
488	182	48	81
488	182	55	82
490	178	48	82
492	174	44	85
491	173	45	84
493	172	46	85
491	170	45	83
491	169	43	84
491	169	42	85
491	172	42	85
491	178	42	81
491	178	42	82
493	178	39	82
495	180	34	81
491	182	34	80
492	184	35	83
492	186	37	84
495	188	36	83
499	185	38	83
505	182	36	83
508	182	38	85
513	184	39	81
520	187	40	79
530	187	34	78
538	191	33	74
547	191	34	71
554	194	40	67
547	184	40	74
550	178	39	78
554	179	39	78
555	177	43	82
554	175	45	84
552	173	44	88
554	174	43	87
554	173	42	90
551	174	44	87
549	177	43	86
550	176	39	87
551	178	38	85
551	179	42	80
563	186	32	75
558	189	44	74
566	192	35	69
561	195	31	68
547	188	36	78
549	186	41	79
547	182	44	87
546	182	46	87
549	182	46	87
556	186	40	85
557	183	41	89
560	186	39	88
563	193	40	80
564	197	42	75
570	192	42	80
575	182	48	90
569	141	48	132
572	140	52	128
574	140	51	132
577	140	57	133
580	140	58	133
583	139	63	128
587	137	58	130
588	137	58	129
592	139	57	124
596	139	53	123
600	138	48	102
600	142	45	104
600	140	44	101
597	142	43	100
596	142	45	95
598	144	44	95
598	142	44	98
595	145	44	97
596	146	47	85
598	148	49	89
601	147	50	94
603	146	54	98
604	149	57	119
608	151	60	121
609	156	62	118
612	164	64	111
620	173	60	106
626	186	55	96
631	194	54	89
639	202	52	79
647	209	51	72
648	205	50	76
665	203	44	77
665	202	47	78
668	199	49	80
664	189	53	88
670	184	55	92
654	178	64	100
678	185	52	94
676	196	46	82
676	196	41	81
675	195	37	81
668	196	41	79
663	194	41	74
657	194	43	79
653	194	40	80
650	195	40	78
645	196	38	82
636	193	39	82
633	194	38	82
625	195	38	80
621	194	42	81
618	190	42	84
615	194	41	82
612	194	41	80
612	193	40	81
613	193	42	80
611	193	42	78
609	192	42	81
607	192	39	81
607	189	45	86
602	189	48	84
596	187	51	86
600	193	50	81
597	193	52	80
595	192	50	83
599	189	44	85
597	193	40	80
597	206	36	75
595	205	34	78
590	205	35	78
585	208	36	75
582	203	40	76
603	187	62	47
601	189	65	44
595	201	37	82
599	202	38	80
607	198	40	80
612	195	36	83
613	193	39	81
619	190	41	84
624	194	40	81
624	199	44	79
626	199	41	84
622	198	42	84
624	197	41	86
629	199	41	82
625	204	40	78
616	198	47	83
612	199	42	82
611	195	45	85
609	197	46	84
609	199	49	78
605	198	48	87
612	199	44	83
618	200	40	82
627	203	36	81
631	206	36	81
639	209	38	79
645	207	42	80
650	203	46	84
653	202	48	83
661	203	45	84
675	201	56	82
671	197	53	86
673	195	54	84
672	192	53	81
672	189	51	83
666	188	58	78
670	187	52	78
665	184	47	82
663	184	43	85
659	184	44	85
652	183	46	85
640	181	52	86
645	182	46	85
609	176	64	90
593	167	75	98
631	175	57	93
630	179	51	85
636	179	47	84
634	176	54	86
622	176	61	87
628	176	62	85
614	184	54	78
653	183	45	80
646	178	49	80
657	187	44	76
655	169	53	84
684	148	63	45
696	151	45	43
695	154	42	40
695	156	40	38
688	157	42	41
689	159	42	40
692	160	38	37
691	160	37	38
689	160	40	45
695	177	36	81
694	173	40	87
691	162	47	98
673	145	74	112
643	112	109	137
648	136	95	135
646	147	101	124
637	134	110	132
637	152	108	119
648	141	95	126
511	196	96	75
510	202	87	66
501	200	86	67
503	202	89	64
496	200	90	67
498	201	91	66
487	198	98	67
495	199	91	71
507	206	88	67
489	201	98	71
507	207	89	69
498	205	95	68
502	203	95	71
504	203	93	69
488	192	93	76
485	197	87	69
462	192	94	70
462	198	91	65
471	200	85	61
478	204	87	61
492	208	82	63
494	211	87	60
488	212	89	63
491	216	83	62
490	223	77	61
479	227	87	70
494	238	80	64
496	243	80	62
497	247	75	62
500	250	72	64
500	251	74	64
481	243	89	74
457	238	103	74
454	230	97	74
454	235	87	64
447	235	86	63
439	237	82	62
409	235	95	66
399	233	95	65
390	229	94	66
377	227	98	67
357	229	100	65
353	235	90	63
317	232	107	68
326	241	90	64
323	243	88	62
318	240	92	65
316	235	89	66
294	229	98	69
302	232	88	64
297	236	88	65
290	239	94	64
301	241	90	63
307	239	88	62
309	239	89	61
285	231	105	69
271	233	94	64
240	223	110	70
242	216	97	75
242	210	90	73
240	208	91	66
242	208	90	63
234	213	92	72
243	220	88	66
243	220	85	62
236	219	92	61
233	217	86	62
209	215	100	63
205	219	93	62
191	218	96	63
185	221	94	61
181	222	91	59
176	221	91	60
170	219	94	60
166	218	94	62
163	218	92	60
161	212	90	66
156	209	94	66
154	210	95	62
131	205	110	70
134	207	94	68
123	213	95	63
119	217	98	65
120	222	94	64
114	222	100	69
105	223	103	71
109	224	95	65
107	226	96	62
107	225	95	63
109	227	99	63
107	227	101	65
101	225	115	71
112	223	109	71
123	227	100	67
126	231	97	63
129	230	95	63
130	230	96	63
132	231	95	63
132	231	97	62
133	232	96	62
134	230	95	64
135	231	94	63
132	232	93	63
113	237	103	73
118	245	99	68
123	252	91	63
121	249	87	64
119	247	90	65
113	242	96	71
111	246	97	73
110	233	104	72
120	234	97	63
124	234	97	62
125	234	95	63
128	233	93	62
122	229	95	69
110	230	100	79
115	220	97	65
116	221	95	62
111	218	96	70
110	217	97	73
112	214	95	71
111	214	95	72
102	214	99	81
99	208	99	73
90	207	100	70
84	210	100	63
76	211	100	63
72	214	98	62
68	213	98	63
66	214	100	64
66	212	98	61
68	212	97	62
64	209	99	67
65	203	96	69
66	204	97	62
68	204	96	62
65	205	98	61
64	206	95	63
57	205	97	64
50	205	97	63
43	204	98	63
38	201	96	64
31	199	99	63
28	198	99	64
19	197	103	64
10	198	106	64
7	197	105	66
1	195	103	65
1	195	99	64
0	196	96	65
0	195	96	65
0	195	94	65
1	196	93	64
0	196	94	65
0	196	97	65
2	193	96	65
1	191	97	65
0	189	99	66
1	189	98	66
0	189	98	65
0	189	100	66
0	189	101	67
0	189	101	65
0	188	102	66
1	188	101	66
2	189	102	66
2	190	102	66
1	190	106	67
1	190	108	66
3	192	107	66
3	192	109	66
4	192	110	66
4	192	111	66
7	192	110	66
8	192	111	67
11	192	111	66
19	192	106	66
18	192	109	66
17	190	114	66
22	193	114	65
23	194	117	66
45	196	103	65
43	197	104	66
40	198	107	66
31	196	111	72
31	199	110	72
35	202	105	68
30	201	108	69
29	204	105	71
26	205	108	68
19	207	110	73
22	208	110	72
27	210	104	72
26	211	105	67
23	210	108	67
26	212	105	67
24	211	109	65
20	212	108	66
14	213	111	67
18	215	104	69
12	217	110	66
12	218	106	66
9	217	108	68
9	220	107	66
8	220	106	67
8	220	105	68
12	224	107	66
13	222	108	66
14	223	110	68
14	221	112	67
15	218	113	72
6	118	66	77
16	124	61	72
25	123	59	72
35	126	59	68
42	121	54	74
44	126	57	72
57	127	53	70
67	126	50	70
