618	154	53	92
618	152	53	94
618	153	52	93
618	154	52	93
618	156	52	93
618	156	52	94
617	157	52	96
618	157	53	97
618	158	54	97
618	159	53	97
617	161	53	97
618	163	52	97
619	165	53	95
620	166	53	96
619	166	54	95
619	166	55	96
617	164	56	96
615	162	59	97
615	163	59	96
614	162	60	96
614	164	61	97
613	164	62	98
613	167	63	99
614	168	62	99
614	169	63	99
614	171	63	98
614	173	63	97
615	175	64	95
615	176	64	94
615	177	64	94
616	179	63	93
616	178	64	94
616	181	63	93
615	182	63	94
615	184	63	96
615	184	63	99
616	186	62	99
616	190	63	99
616	191	63	100
615	192	63	100
616	194	63	98
616	194	63	97
616	196	64	96
616	197	64	94
616	198	64	94
616	198	64	94
615	197	64	94
615	195	64	95
615	194	64	95
615	195	64	97
615	196	65	99
614	196	65	101
614	200	65	100
614	200	65	102
614	201	65	101
613	202	65	99
612	203	66	98
611	203	67	98
609	204	69	97
609	203	68	97
608	203	69	97
608	202	68	98
606	201	66	97
605	199	65	99
604	199	65	100
604	198	65	102
604	198	64	102
604	197	63	102
603	197	63	102
604	199	62	101
604	199	62	100
605	200	61	99
604	201	60	98
604	201	60	97
603	202	60	96
602	203	60	96
599	204	61	97
599	205	60	100
597	205	61	102
597	207	61	103
596	207	62	104
596	209	61	104
595	212	62	103
594	213	62	102
594	214	62	101
594	215	61	100
594	215	60	99
594	215	60	99
593	211	60	98
594	209	60	98
593	207	59	98
593	206	60	98
593	206	60	99
593	205	61	99
593	208	61	98
594	209	60	98
593	211	61	100
593	214	61	101
595	217	61	101
595	217	61	101
596	216	61	99
595	215	61	100
594	213	61	99
590	209	62	99
590	208	62	99
591	208	60	99
590	206	61	101
589	205	62	104
585	206	64	105
584	205	63	106
583	206	64	106
582	209	63	106
581	211	64	106
581	214	63	103
580	215	64	103
579	216	65	103
578	217	65	102
578	218	65	102
579	218	65	103
579	219	65	106
578	221	66	109
578	222	67	110
580	223	66	110
581	226	64	111
581	226	65	114
583	227	64	115
585	229	62	113
583	230	63	114
583	233	61	111
584	234	58	108
580	231	59	109
575	227	60	111
572	223	60	111
567	218	59	112
567	219	57	109
566	219	57	111
565	220	59	114
565	225	58	115
563	230	58	114
563	233	58	111
563	234	59	111
563	235	60	112
563	234	62	112
568	233	62	110
570	233	61	111
573	233	61	111
575	233	59	109
576	233	59	111
576	234	59	111
576	235	58	111
577	235	59	111
578	237	59	111
580	237	61	110
580	238	68	110
582	238	72	108
583	237	76	110
583	236	76	110
583	236	78	110
586	236	76	106
588	237	77	108
591	236	74	108
594	236	71	109
598	236	68	108
606	236	62	107
611	235	59	107
614	235	58	106
615	234	58	107
617	234	57	108
621	232	59	107
622	232	65	107
624	231	66	107
626	230	66	108
628	231	64	108
629	233	65	107
632	233	64	108
634	233	64	109
637	234	63	108
640	234	63	108
644	233	60	108
647	233	61	109
649	233	59	108
651	234	60	108
653	233	59	108
657	233	59	108
658	233	60	107
658	234	61	107
659	235	61	108
658	234	61	108
658	235	61	110
658	236	61	109
658	236	60	109
658	236	57	108
657	238	57	108
658	240	57	108
658	241	56	107
657	242	57	107
658	242	57	107
659	242	56	107
659	243	56	109
660	244	57	110
660	244	57	110
660	245	59	110
660	245	57	110
655	247	56	109
652	247	56	109
650	246	57	108
649	247	57	108
649	248	57	107
648	249	55	108
648	250	56	106
648	250	57	106
649	252	56	107
650	253	55	106
649	257	54	109
647	259	54	107
644	260	55	107
643	260	56	107
642	261	57	106
642	262	57	106
642	262	56	105
643	262	55	105
644	261	57	105
645	261	57	105
647	259	56	105
646	257	57	106
644	255	56	107
644	254	56	107
644	254	56	107
646	252	59	109
647	253	59	108
648	253	59	108
648	254	58	108
650	255	57	107
652	258	57	104
654	260	56	104
655	261	56	104
657	260	55	105
659	261	55	104
662	261	55	105
664	261	56	105
665	263	55	104
667	264	56	105
669	266	55	104
671	266	56	105
671	266	57	104
672	264	57	106
673	261	57	107
675	259	57	107
676	257	57	107
682	256	55	105
683	257	56	105
687	257	55	105
688	258	55	105
690	262	54	106
690	264	55	108
688	267	55	108
686	269	56	107
685	271	55	106
685	274	56	108
681	276	56	109
676	277	57	107
670	280	59	107
665	281	59	106
656	285	59	104
651	286	57	103
645	287	57	103
640	288	57	104
634	289	58	105
623	293	58	106
619	294	56	106
616	296	57	106
614	298	56	106
613	301	56	106
613	305	56	105
612	308	55	106
611	309	56	104
612	310	56	104
613	310	55	103
612	309	55	104
611	305	53	102
609	304	53	103
606	302	55	103
604	300	55	103
603	299	55	105
604	296	55	106
605	295	55	106
606	294	56	107
608	293	56	107
608	293	58	108
609	293	57	108
610	294	58	108
610	295	58	107
610	297	57	104
609	298	57	104
608	298	57	104
608	299	57	104
609	298	57	104
609	299	56	104
610	298	56	104
611	297	55	104
613	297	55	104
613	299	55	104
614	300	55	104
613	300	55	103
609	303	56	103
609	305	56	103
607	305	57	103
607	306	57	103
609	308	57	102
615	309	54	101
616	311	55	101
618	312	54	101
619	312	55	101
620	314	55	100
623	314	55	103
623	316	55	103
624	315	57	104
625	317	57	105
625	318	59	106
627	322	59	105
624	320	78	113
605	329	106	137
576	330	118	167
582	325	133	166
533	342	152	168
537	330	147	177
573	310	132	183
565	337	143	163
610	299	110	159
621	317	96	129
624	340	93	129
637	323	84	128
629	321	73	115
635	325	63	109
635	329	56	96
637	332	53	92
639	334	51	91
638	334	53	94
641	335	52	93
642	334	50	91
642	334	51	92
642	335	52	91
641	338	53	98
642	339	53	97
644	341	54	95
644	342	56	99
646	342	54	98
646	343	56	100
646	343	58	103
647	344	58	102
648	346	57	100
650	347	55	99
650	349	56	99
651	349	56	98
652	349	57	99
652	349	57	99
653	349	57	99
653	349	57	99
654	349	56	99
655	349	55	99
656	350	55	98
655	349	56	99
655	349	56	98
655	350	56	98
655	349	56	98
655	348	56	98
655	349	56	98
655	348	56	98
655	348	56	99
655	347	56	100
656	347	56	99
655	347	56	100
656	348	56	100
656	347	56	100
655	347	57	100
655	348	56	100
655	348	56	100
655	347	57	100
656	348	56	100
655	347	56	101
656	348	56	100
655	348	56	100
655	347	56	100
655	347	56	100
655	347	56	101
654	347	57	101
655	347	56	101
655	347	56	101
655	347	56	101
654	347	57	101
653	347	58	101
653	347	58	102
653	348	58	101
652	347	60	102
653	347	59	102
653	348	58	101
655	348	57	100
655	348	58	100
655	348	57	101
655	348	57	101
655	348	57	101
655	348	57	101
655	348	57	101
655	349	58	101
654	348	58	101
653	348	59	102
654	348	59	102
653	348	59	102
654	348	58	102
654	348	58	102
655	348	58	102
655	348	57	101
655	348	57	101
655	349	57	102
654	348	58	101
655	348	57	101
655	348	57	101
654	348	57	101
655	348	57	100
654	348	58	101
654	348	58	100
654	349	58	100
654	348	58	100
655	348	57	100
655	348	56	100
655	347	55	101
655	347	56	101
655	348	55	101
654	348	56	102
655	348	56	102
655	348	56	102
655	348	56	102
655	348	56	101
655	348	57	101
654	347	58	101
654	348	57	101
653	348	57	100
654	348	58	101
748	382	58	93
749	379	57	94
749	379	57	94
750	379	57	93
752	379	56	94
753	379	55	94
755	380	54	95
756	379	55	97
755	379	56	97
756	380	56	97
757	380	55	97
757	379	54	97
759	380	53	96
760	380	53	97
760	379	53	96
761	379	53	97
761	379	53	96
763	379	53	97
763	379	53	96
764	378	52	96
765	379	51	95
766	378	52	94
767	378	50	93
769	378	49	93
769	378	50	93
769	378	49	95
770	379	49	95
770	378	49	97
770	379	50	97
770	379	50	98
771	379	50	98
771	378	50	98
771	378	50	98
771	378	51	99
771	377	50	99
770	377	51	99
770	377	52	99
765	376	52	99
763	375	51	100
761	375	52	100
760	374	51	100
760	375	50	99
760	377	50	99
760	378	50	99
760	378	51	100
760	379	50	100
759	380	51	99
759	381	49	99
757	381	50	99
756	381	50	99
756	380	49	99
756	381	49	99
757	382	48	99
758	384	49	99
757	386	49	100
756	387	49	98
755	389	50	97
751	390	50	98
748	391	51	97
746	391	51	97
743	392	51	96
743	392	51	96
742	393	50	96
743	394	50	95
745	395	49	94
746	397	49	94
746	398	51	94
747	398	54	96
748	399	54	95
749	399	55	95
749	399	55	96
749	399	56	96
749	400	55	97
748	399	57	97
747	399	58	96
748	399	58	97
748	399	59	97
750	399	59	97
752	399	58	98
755	400	57	97
756	400	57	97
757	401	58	97
757	405	59	97
758	406	58	99
759	408	58	97
759	408	58	97
760	409	58	98
761	410	60	98
763	410	59	99
765	409	60	100
767	410	60	100
769	410	59	101
771	408	60	103
773	407	59	103
774	408	59	102
775	409	58	101
775	410	58	102
777	412	57	102
777	412	57	102
778	414	58	102
779	414	59	103
780	414	59	103
781	414	59	101
782	414	60	104
783	413	60	100
784	413	60	103
785	411	62	107
786	411	61	102
787	410	62	104
787	410	62	105
787	410	62	105
788	410	62	106
788	413	61	104
787	416	61	103
787	418	60	101
788	420	59	100
787	422	58	99
787	424	58	98
786	425	59	99
785	425	60	96
787	426	60	100
788	426	60	101
789	428	59	102
789	428	60	106
788	428	61	104
788	429	61	104
788	429	61	102
790	430	61	100
789	430	62	100
790	432	63	99
791	432	63	98
791	432	63	102
792	432	64	104
793	432	63	105
794	433	63	103
795	431	63	104
795	430	63	102
798	427	64	108
799	428	63	102
801	427	64	106
802	427	64	104
804	428	64	103
804	430	64	101
802	431	65	102
802	431	64	103
799	431	66	103
796	432	67	104
792	431	66	100
793	432	64	102
793	430	62	105
792	430	62	107
792	429	61	108
794	428	60	108
794	428	59	105
795	428	59	105
795	428	58	106
795	428	58	110
797	428	56	101
799	428	55	105
800	428	56	104
801	428	56	100
801	427	56	108
800	425	57	102
800	424	59	111
800	423	59	102
800	422	59	104
799	421	61	102
800	420	60	105
798	418	64	108
796	418	66	104
794	417	66	108
793	416	68	113
793	416	68	114
791	416	70	113
790	415	70	115
788	414	71	112
788	412	69	114
789	411	69	112
785	409	71	111
785	408	71	109
786	409	70	111
785	410	70	111
787	410	71	114
788	410	71	122
788	410	73	112
788	411	73	118
786	412	74	124
785	413	75	114
786	413	75	120
786	411	75	118
787	409	75	117
788	405	74	113
789	403	73	115
789	400	71	120
789	398	71	121
788	398	72	124
788	397	73	126
786	397	73	127
785	396	73	123
786	394	71	119
785	392	72	123
787	391	70	122
788	389	70	124
789	388	71	124
790	386	70	125
789	383	70	126
790	380	75	126
792	378	73	127
798	376	75	130
801	376	74	129
805	376	76	127
810	378	75	126
817	380	73	126
820	383	72	120
820	383	74	124
821	384	74	125
823	383	73	127
824	381	73	126
826	376	71	124
827	378	71	127
828	377	71	125
830	377	69	125
830	379	74	125
827	381	80	125
827	383	79	122
826	382	80	123
824	381	82	123
824	381	82	122
825	379	84	128
827	379	80	124
830	378	78	126
833	377	74	127
835	376	71	129
836	376	69	128
834	378	69	129
830	377	71	132
825	378	73	130
821	380	72	129
818	379	75	127
817	381	77	125
816	381	79	127
818	381	78	129
820	380	74	130
823	380	71	128
825	379	71	128
825	379	72	124
824	378	73	124
821	375	77	129
821	374	79	126
824	373	74	129
827	372	76	129
827	372	78	129
827	373	84	130
825	372	89	129
825	372	92	131
825	370	93	130
827	368	93	132
828	366	89	131
829	361	85	134
830	359	82	132
831	355	78	132
831	351	75	126
832	350	75	133
833	350	75	131
835	350	74	134
836	350	76	134
836	350	79	135
836	351	81	134
835	351	84	134
833	351	85	134
831	351	82	134
827	349	83	134
825	348	83	134
823	345	80	135
822	343	80	133
824	342	79	133
826	340	78	132
827	340	77	133
830	338	75	133
832	337	76	131
831	335	80	131
831	332	83	128
830	331	88	129
830	327	89	132
831	324	91	134
833	323	90	135
836	323	88	134
838	322	89	132
848	323	82	134
852	325	80	133
855	326	77	134
855	329	75	134
852	331	76	135
842	339	83	134
838	342	84	135
836	345	85	143
835	348	84	137
836	350	79	138
835	352	80	139
831	354	81	134
829	356	83	137
826	358	83	135
825	358	85	135
821	359	84	135
819	358	86	135
816	358	86	136
816	358	86	135
814	357	85	136
813	358	84	136
812	358	83	138
809	359	83	138
805	361	82	136
805	362	80	135
802	366	81	134
801	366	81	136
801	368	81	136
799	369	81	137
797	372	80	137
790	375	84	136
787	376	86	134
784	376	89	132
783	377	88	132
783	377	87	132
782	376	85	133
779	374	86	135
778	373	86	135
778	372	85	133
777	372	84	136
779	373	84	138
778	373	84	136
779	373	85	140
778	372	86	138
776	371	87	136
775	370	88	138
777	368	87	136
782	368	84	137
783	367	84	139
784	367	82	138
782	365	83	140
782	362	82	143
783	361	84	147
783	359	84	147
786	359	81	146
788	357	80	145
790	356	79	146
792	357	80	146
796	359	81	144
798	360	82	143
800	361	82	145
800	361	82	143
801	361	81	146
800	363	79	144
798	363	81	145
796	364	81	145
796	365	82	145
794	365	81	145
794	366	81	143
795	366	82	141
794	366	81	141
796	366	82	141
795	367	83	139
795	367	83	139
795	367	83	140
796	367	83	141
795	369	83	140
795	369	82	142
794	370	84	141
793	371	84	140
794	371	82	140
794	371	83	140
793	372	82	141
792	371	82	142
792	370	82	141
792	368	81	144
792	368	82	143
791	367	81	143
792	367	80	143
792	367	80	143
792	366	79	142
793	367	79	142
794	367	78	142
793	368	77	142
793	367	78	142
792	367	78	141
792	367	78	141
792	368	79	140
792	368	77	140
791	368	78	140
791	369	78	139
789	369	77	139
787	369	77	139
785	368	78	139
782	369	79	138
781	368	81	138
780	368	83	138
780	368	84	139
779	367	85	140
780	368	87	140
781	369	88	141
782	370	86	140
784	370	87	139
784	370	87	139
783	370	87	140
783	368	87	140
779	365	87	142
778	362	85	143
777	361	83	143
777	359	81	141
777	359	80	144
779	358	79	145
779	357	79	147
780	357	77	146
781	355	77	145
781	354	78	144
779	354	78	141
778	354	80	141
779	354	80	141
779	354	81	141
779	355	82	140
777	358	84	140
777	359	86	141
775	361	86	141
774	362	88	142
772	364	90	143
769	366	92	142
767	368	93	143
766	368	92	142
765	369	90	142
765	370	89	141
767	370	86	141
767	371	84	140
768	371	82	138
769	371	78	140
773	372	73	136
773	372	73	137
774	373	73	138
774	374	73	137
775	372	72	138
774	371	73	138
776	368	71	139
776	366	71	142
776	366	71	141
777	366	72	142
778	367	71	143
778	368	72	141
778	369	72	142
779	369	72	143
779	370	71	141
778	370	72	142
779	371	71	142
779	370	70	141
779	369	71	142
779	369	72	143
780	370	71	142
780	369	71	143
778	370	73	143
777	369	74	143
776	368	75	143
777	367	75	142
778	366	75	142
779	365	75	142
780	364	74	142
780	364	77	141
781	364	78	141
783	362	78	140
785	362	79	138
788	361	79	140
790	361	79	142
791	361	79	143
791	361	79	143
791	361	79	143
791	360	80	144
791	360	80	144
790	361	81	144
791	361	80	144
792	361	80	143
793	361	80	144
794	360	78	143
798	360	76	144
802	360	74	144
804	360	73	143
804	360	73	143
805	359	73	144
805	360	73	142
806	360	73	143
804	359	73	145
803	359	75	144
802	358	75	144
802	358	76	144
802	357	75	145
802	356	75	145
803	355	76	146
803	355	75	145
803	354	75	146
802	354	75	146
803	353	76	145
804	353	74	145
804	352	74	145
805	351	74	145
805	352	75	145
803	352	76	145
801	354	77	144
800	356	78	144
798	356	80	145
797	357	80	145
797	358	81	145
797	358	81	146
796	359	80	146
796	359	80	146
794	359	80	145
792	359	81	145
790	360	82	142
787	359	82	143
784	359	85	143
779	356	86	143
780	354	82	142
780	352	82	140
780	350	83	141
783	348	82	142
790	347	78	141
790	347	78	140
790	347	80	142
788	348	83	141
782	348	92	141
780	351	95	141
777	354	100	140
776	354	100	143
776	354	101	145
777	356	100	145
781	355	96	143
785	355	93	141
787	356	91	137
789	357	88	137
790	356	84	140
789	356	79	140
789	358	77	139
786	359	80	144
782	361	84	149
778	363	87	150
776	366	88	141
772	369	90	142
771	371	91	139
770	373	91	137
768	376	92	135
766	376	89	139
764	374	86	147
765	375	83	144
764	374	83	143
765	373	85	145
768	373	86	143
774	375	88	141
777	374	87	141
779	375	90	144
782	375	91	147
783	374	92	147
788	375	96	141
789	378	97	141
790	378	96	146
791	380	97	148
787	379	105	150
780	379	104	153
780	380	91	148
782	381	90	150
784	380	87	135
786	384	86	126
789	390	86	136
790	387	89	142
791	388	93	152
793	388	94	152
793	390	98	147
793	390	103	151
793	388	107	150
793	385	107	152
792	384	104	149
791	383	106	154
793	382	97	145
794	381	93	150
793	378	96	152
789	377	97	151
788	377	98	145
786	379	105	144
786	378	110	148
787	379	112	148
787	379	113	149
786	379	116	149
780	381	117	152
778	381	118	151
775	381	111	155
773	381	105	149
770	383	96	152
763	384	93	152
761	384	95	153
757	384	95	152
759	385	92	150
755	388	92	147
751	391	94	143
751	393	95	141
748	394	95	141
750	396	92	140
748	400	89	135
737	395	79	124
739	409	73	112
726	409	78	106
720	397	75	92
716	399	72	87
706	400	72	82
703	407	68	87
680	403	73	89
672	393	82	95
671	398	82	99
681	404	72	111
678	408	78	103
680	403	79	102
673	410	84	104
661	394	80	117
631	381	93	92
627	389	79	93
626	397	77	107
625	393	79	110
621	389	79	112
622	386	77	110
616	382	74	109
612	385	71	98
614	400	74	104
610	386	75	99
612	404	82	111
610	388	84	118
602	383	85	123
598	392	86	121
587	381	85	124
593	399	89	115
600	390	80	118
594	387	78	122
587	389	86	123
587	386	88	119
595	388	80	118
578	417	83	100
586	411	78	105
562	411	91	107
571	401	96	118
571	430	88	93
595	424	73	94
594	413	79	100
611	386	71	97
602	384	75	101
607	382	74	102
606	381	76	102
604	382	74	100
599	395	79	103
585	375	86	102
561	385	96	113
583	380	90	116
510	380	111	123
549	369	105	127
462	388	103	134
448	374	101	144
452	372	96	145
450	375	96	138
