641	330	38	91
641	328	35	92
638	328	34	96
638	328	32	99
636	328	33	99
634	329	33	99
631	330	34	99
627	331	34	99
626	333	35	98
627	333	35	99
627	335	34	100
627	335	34	101
626	336	34	104
624	337	36	105
622	337	36	108
618	337	37	106
617	337	36	107
614	338	35	105
613	339	35	105
612	340	35	104
613	340	35	103
614	341	35	105
621	341	34	106
625	339	33	101
628	340	34	98
629	339	34	95
630	339	33	96
632	339	32	95
630	339	34	97
629	338	34	99
628	337	35	99
628	335	35	97
629	334	36	94
630	334	36	96
630	333	36	90
632	333	35	95
630	333	36	92
626	331	38	98
624	330	38	107
624	330	38	110
623	330	37	111
624	332	36	116
627	330	38	121
629	330	39	125
634	330	38	124
639	332	38	130
644	331	38	129
654	332	36	115
660	335	35	104
664	335	35	99
668	338	35	101
671	337	35	103
678	335	34	110
681	334	34	104
683	334	35	98
687	333	35	98
691	332	34	99
693	332	36	98
693	331	39	101
694	330	41	100
694	331	41	100
694	332	42	98
694	333	41	107
693	334	43	103
694	334	42	106
694	334	42	104
696	334	41	104
701	332	38	108
702	332	37	109
704	331	36	108
705	332	37	109
705	331	37	102
706	332	38	112
707	331	38	108
708	331	39	108
709	330	39	108
710	330	40	107
711	330	40	110
714	329	41	108
716	329	41	110
716	328	41	110
717	328	40	109
718	327	40	107
718	328	41	107
718	328	40	105
717	328	39	108
717	329	39	108
717	330	38	108
717	330	37	107
717	332	36	104
717	331	36	104
719	332	36	105
720	331	36	108
723	329	37	110
724	330	37	108
726	329	38	107
728	328	36	109
730	326	37	111
732	324	38	111
732	326	39	108
733	326	40	110
734	325	40	107
734	326	41	109
736	326	40	107
735	327	40	108
736	327	40	106
735	328	40	110
735	328	39	110
731	326	40	113
729	326	39	117
727	326	40	116
723	326	40	117
719	326	41	118
715	326	40	116
713	326	41	115
710	327	41	115
710	328	40	114
708	327	40	117
708	327	39	116
708	327	39	114
709	327	39	115
710	326	39	117
711	325	39	115
714	324	41	110
715	322	43	106
716	321	44	109
720	319	44	106
724	318	42	108
730	320	39	110
731	318	41	110
732	319	41	112
732	319	42	110
732	318	41	112
733	317	40	115
731	316	41	119
730	316	40	117
729	315	41	119
729	315	41	118
726	314	41	121
726	315	41	119
725	314	41	120
725	314	41	121
724	315	41	121
724	315	40	120
722	315	40	121
724	315	40	119
724	315	41	120
725	315	41	118
726	313	41	119
727	312	41	120
726	311	41	122
726	310	42	120
724	310	43	121
722	310	44	123
722	311	44	123
721	311	44	124
720	312	45	122
719	312	45	124
718	312	45	124
716	313	46	127
716	312	45	124
715	313	45	125
716	313	44	123
716	312	45	119
715	311	45	119
714	312	46	115
714	311	46	113
716	311	45	116
717	312	46	119
716	312	47	119
718	312	47	118
719	312	47	121
720	312	46	122
722	311	45	122
723	312	44	122
724	310	44	122
724	310	44	123
725	309	43	123
726	308	43	122
726	308	43	124
727	307	43	126
728	307	44	123
729	308	45	125
729	307	46	123
730	307	46	120
728	307	47	125
728	307	46	124
729	308	47	123
728	309	46	122
728	308	46	122
729	307	46	122
729	308	46	120
729	307	46	120
728	309	47	126
727	312	48	127
726	313	49	128
726	314	49	126
724	315	50	127
724	316	50	127
723	316	50	128
722	317	50	128
720	316	50	125
720	317	49	122
715	315	49	122
716	315	47	120
716	313	47	120
717	313	46	123
717	312	47	124
717	313	50	129
717	313	49	123
718	313	50	130
717	314	50	123
715	315	52	129
713	317	50	127
713	318	49	127
713	317	49	128
716	316	49	130
721	315	48	129
728	313	49	128
734	313	49	130
737	313	49	130
739	312	49	130
740	314	51	132
742	313	51	127
741	314	52	133
740	314	52	129
738	314	52	132
738	315	52	129
738	316	51	132
741	314	49	130
744	314	48	132
747	312	47	128
750	311	47	130
755	310	47	126
756	312	48	132
757	311	48	131
758	312	49	132
759	312	50	133
760	312	50	132
759	313	51	128
758	314	51	126
758	315	52	131
758	315	51	129
757	315	52	132
757	314	52	130
757	315	52	131
756	314	51	131
755	314	52	132
755	313	52	130
751	312	54	135
751	312	54	132
751	311	54	134
753	311	55	134
755	310	56	134
761	309	55	132
764	310	55	137
766	309	53	134
768	309	53	137
766	309	53	134
764	308	52	133
761	308	52	135
758	308	52	134
756	308	52	135
752	308	53	135
749	307	56	137
747	307	56	145
746	306	56	143
746	307	57	143
745	307	59	143
745	306	59	138
744	308	58	141
746	307	57	143
746	307	56	147
748	305	55	145
749	303	56	144
751	303	55	139
751	301	54	142
751	301	55	148
749	300	56	142
747	300	55	146
748	299	56	146
748	300	56	149
748	301	55	147
749	301	56	149
750	301	56	149
751	302	57	152
752	301	57	150
752	299	58	148
754	298	57	149
754	296	58	146
752	296	60	149
751	295	62	147
750	296	62	153
751	296	60	161
749	297	60	157
749	299	58	162
749	300	58	152
750	301	56	153
750	303	55	156
748	303	54	156
745	304	55	155
746	303	55	151
745	304	55	145
744	304	56	143
743	303	57	143
743	302	59	145
741	301	62	145
742	300	64	157
745	300	62	156
750	302	62	160
750	303	59	160
752	303	59	157
752	303	59	162
752	303	60	159
753	301	60	159
753	299	60	154
753	299	60	155
754	298	59	155
754	299	61	159
757	299	62	160
757	300	64	164
758	299	64	159
757	298	66	165
757	299	67	159
755	299	67	161
755	300	69	169
756	300	67	164
756	300	68	162
755	298	68	163
757	298	65	161
757	298	63	162
758	298	62	163
757	297	62	160
754	298	63	152
751	299	60	159
751	301	59	158
750	301	58	156
749	303	57	154
748	303	56	152
747	303	56	154
746	303	57	157
745	302	58	160
745	301	59	161
744	300	60	167
743	298	63	169
743	297	66	170
740	297	70	172
741	295	71	178
740	295	71	175
741	295	72	169
743	293	71	173
745	294	71	165
748	294	69	168
749	294	69	165
751	295	68	155
753	296	66	153
753	298	66	152
755	298	65	151
754	300	65	147
756	299	65	151
756	298	66	152
757	296	66	155
760	295	64	160
763	295	64	166
768	297	62	166
770	297	62	175
771	297	64	170
772	297	65	170
774	296	64	173
776	293	64	172
777	290	64	172
777	289	63	175
776	288	61	174
777	287	60	175
777	288	59	173
777	290	59	172
777	292	57	171
777	293	58	170
777	294	58	169
776	294	63	168
778	293	67	170
779	292	66	170
781	291	65	167
782	291	63	164
784	289	61	162
784	287	59	161
785	287	56	160
787	290	54	154
789	287	52	154
789	277	54	159
789	272	54	162
791	267	53	162
792	259	53	166
792	253	54	169
792	252	53	164
791	241	54	165
792	238	54	161
794	236	50	158
796	230	47	154
798	220	46	148
795	213	44	146
796	209	44	146
794	201	45	149
793	196	45	153
792	185	45	155
791	186	44	144
793	179	40	144
796	177	40	139
