326	327	38	94
326	332	38	86
328	334	38	84
328	337	39	81
330	339	40	81
331	338	41	80
330	339	42	79
331	339	42	78
332	338	42	79
334	339	40	78
336	340	40	76
336	340	40	77
337	341	40	76
339	341	40	76
340	342	40	76
340	340	40	78
342	339	40	79
342	340	39	79
343	340	39	79
345	338	39	80
345	338	39	80
345	339	41	79
346	337	40	80
347	337	40	79
349	338	39	78
351	339	38	78
351	338	38	78
350	338	39	78
347	337	40	79
342	338	41	78
340	339	41	77
340	341	41	75
339	342	41	74
341	339	40	76
339	339	43	76
340	339	42	76
341	339	42	75
340	338	43	77
341	338	41	75
340	338	42	77
342	338	40	75
341	338	41	76
342	338	40	75
343	336	39	75
345	332	38	78
344	333	39	77
343	335	39	73
345	333	40	74
345	335	38	79
347	333	36	84
348	334	36	88
347	333	39	90
347	330	39	83
347	334	39	78
346	333	37	80
348	335	38	79
347	336	38	84
344	341	41	93
328	362	54	94
331	353	57	103
331	354	59	103
336	352	56	102
340	350	53	99
346	347	49	104
349	331	42	96
350	332	41	92
349	335	38	77
347	336	38	74
349	336	36	73
349	335	35	72
348	336	36	71
348	336	36	71
349	335	36	71
348	335	37	71
348	335	37	72
349	335	37	72
349	335	38	72
347	334	38	72
348	335	38	72
348	335	38	72
347	335	39	72
349	334	38	72
347	334	39	72
347	335	38	71
348	335	38	70
345	334	39	77
347	335	38	82
349	337	38	83
345	339	44	85
341	339	48	89
299	358	63	111
297	358	70	113
304	359	71	113
302	358	76	115
309	359	74	113
319	356	71	117
330	355	72	116
335	354	76	117
330	351	94	118
348	349	101	122
386	349	92	120
393	352	87	115
358	355	89	115
368	353	93	119
346	353	88	119
351	354	85	118
358	354	89	118
381	353	94	117
439	354	69	117
440	354	72	112
399	356	68	113
404	357	68	112
410	357	68	111
417	358	64	111
422	357	61	111
418	356	71	112
435	354	63	114
432	352	69	116
433	349	71	117
442	352	63	114
455	353	52	110
455	352	59	114
458	353	66	114
458	352	80	114
462	351	80	115
472	351	82	114
478	353	73	112
480	351	70	113
487	351	67	113
495	350	61	113
499	350	62	113
504	349	66	115
513	349	58	114
519	350	61	113
521	349	63	113
526	349	60	112
526	350	61	112
527	350	60	111
535	352	58	110
536	355	59	108
543	354	59	106
543	352	58	107
546	350	63	110
548	345	65	113
560	343	65	113
556	341	64	114
558	342	64	112
542	345	75	112
571	349	67	110
578	349	71	109
641	350	69	108
660	352	60	106
656	349	70	108
619	351	63	108
617	352	65	107
679	352	58	105
684	350	56	107
685	349	58	106
688	349	58	106
701	353	52	101
691	350	55	102
646	352	54	109
635	351	61	109
624	351	73	110
601	355	67	109
599	353	59	110
598	353	61	108
610	351	59	108
610	351	61	109
615	351	54	107
620	350	51	105
622	351	49	106
631	352	51	109
664	349	65	108
682	351	56	104
679	353	58	103
678	351	62	106
680	349	64	107
675	351	64	104
740	351	60	100
735	351	64	96
735	347	64	103
681	350	59	102
650	349	64	107
681	350	66	106
661	351	56	105
698	350	56	104
703	352	53	103
706	352	53	103
707	351	55	103
700	350	58	103
709	351	52	101
711	352	53	96
710	351	55	98
714	349	57	101
720	347	52	103
720	349	53	101
722	347	55	103
730	351	53	100
732	348	51	98
738	348	51	98
739	347	50	99
742	350	50	95
739	350	51	96
743	348	54	99
731	346	61	99
689	345	54	105
684	347	61	109
736	343	70	106
694	343	60	106
683	345	71	105
701	349	61	107
688	349	71	108
619	352	61	111
613	349	64	116
619	353	67	113
578	357	67	114
581	353	76	115
579	352	77	115
580	349	78	118
571	352	75	118
572	352	83	116
564	356	77	113
596	355	61	113
545	357	75	112
477	356	80	120
409	359	76	121
414	360	70	120
408	359	70	121
423	355	73	122
418	355	70	125
421	359	65	118
436	356	62	119
441	357	60	117
444	357	61	116
445	358	61	115
443	356	64	116
454	352	72	118
444	348	74	124
376	364	75	112
377	356	76	116
376	361	80	114
382	358	77	118
363	358	76	119
383	358	78	118
389	358	89	118
370	361	83	114
371	359	84	115
327	357	89	112
328	355	85	113
329	354	85	113
328	352	82	113
330	355	80	110
342	357	78	112
341	352	81	113
215	361	73	94
180	354	47	86
186	351	42	88
189	351	40	87
192	351	40	87
193	351	40	86
196	350	42	86
197	350	44	86
198	349	48	87
198	348	51	87
200	347	50	87
201	347	50	87
203	346	48	88
207	346	45	88
211	347	43	88
214	349	42	88
218	350	42	87
216	350	45	87
217	348	48	86
218	347	53	86
219	345	55	87
219	345	58	87
225	345	54	87
227	346	54	87
228	347	53	87
230	348	52	88
235	348	48	88
238	347	47	87
243	348	43	88
246	347	41	86
248	348	40	86
252	348	38	86
253	349	39	84
254	349	41	84
256	347	44	85
257	348	46	85
257	342	49	90
258	343	49	90
260	344	47	90
263	345	46	88
266	341	44	92
270	337	42	93
273	345	43	87
274	347	44	83
275	345	46	83
276	349	48	81
279	345	47	85
279	345	48	81
282	347	48	84
284	349	47	79
284	346	48	82
288	342	48	83
289	341	49	85
290	338	48	87
297	341	43	85
299	342	42	84
302	336	39	89
305	335	38	90
305	333	40	91
306	335	41	90
306	333	44	90
308	336	44	88
309	338	45	87
309	333	46	91
307	335	46	89
307	332	45	92
306	332	44	92
308	337	41	87
309	338	41	86
311	339	41	84
313	339	42	83
314	338	44	84
315	340	45	82
315	340	46	81
317	336	47	86
318	336	48	85
321	334	47	88
324	341	46	83
326	339	44	82
329	340	44	82
332	336	43	83
337	335	40	85
339	338	39	83
339	336	41	86
341	334	40	86
344	334	39	87
345	332	41	89
345	330	44	91
347	331	44	90
348	329	45	92
349	330	44	91
351	330	44	90
353	333	43	88
354	335	43	86
359	334	41	85
362	336	41	84
363	337	42	83
362	338	44	82
363	338	43	81
366	340	41	80
366	333	41	87
369	335	43	85
370	334	43	85
371	335	44	85
374	338	44	83
377	338	42	81
378	339	42	79
381	337	41	81
383	337	40	81
385	336	40	82
386	334	40	84
388	332	40	86
390	331	40	87
391	328	40	89
391	328	41	90
392	333	42	85
392	334	42	83
393	333	41	85
395	335	42	82
395	336	42	81
398	336	42	82
399	335	43	82
403	334	41	82
404	337	40	78
404	336	41	79
404	333	41	81
406	334	40	80
407	334	39	80
408	335	41	79
409	332	40	82
409	333	40	82
410	334	39	80
412	335	38	79
412	336	39	77
413	338	39	76
413	336	39	78
415	337	39	77
416	335	39	79
417	335	39	78
418	335	38	78
419	334	38	79
420	332	39	80
420	332	39	79
421	335	39	78
420	336	40	77
422	335	39	79
423	335	39	78
422	334	40	78
424	335	40	78
426	334	39	78
426	333	39	79
427	332	39	79
429	332	39	78
429	333	39	77
430	332	39	77
430	331	40	77
429	329	41	79
430	330	41	79
430	330	40	77
432	331	40	77
432	332	39	77
433	331	40	77
433	331	39	77
432	329	40	78
434	329	39	78
433	332	39	76
435	332	38	75
436	332	37	76
437	331	37	77
437	332	38	76
437	331	38	76
438	332	39	75
439	333	38	75
440	333	37	75
441	333	36	74
442	334	37	73
442	333	37	73
444	334	36	73
444	334	35	72
446	334	35	71
445	334	36	71
445	335	36	70
445	333	37	72
445	332	38	72
447	332	38	73
448	333	37	72
448	333	36	72
448	333	36	72
446	331	38	72
447	331	38	72
447	331	37	72
448	331	37	73
446	331	38	72
447	330	38	73
447	329	38	74
448	330	37	74
448	332	36	72
449	332	36	72
449	333	36	71
450	333	36	70
450	332	36	70
450	331	36	70
450	331	36	70
448	331	36	71
451	331	34	71
450	330	35	71
448	329	35	72
449	329	34	71
449	328	33	71
448	329	33	71
445	328	34	70
454	329	33	70
453	328	34	71
453	329	35	70
454	329	33	70
452	330	33	70
452	329	33	70
454	328	32	71
454	329	33	71
454	330	34	69
455	330	35	68
455	329	34	69
456	329	33	69
456	329	34	68
455	329	35	68
455	329	35	68
455	329	34	68
456	330	34	68
454	328	35	69
456	328	34	69
456	328	34	69
456	329	34	68
457	328	33	69
458	328	32	69
458	327	32	69
459	328	31	69
459	328	31	69
459	327	30	70
458	327	31	69
459	328	30	70
459	327	30	70
459	329	31	68
458	328	31	69
459	329	30	68
456	328	31	68
457	326	31	69
455	328	32	67
455	328	32	67
456	328	32	68
456	329	31	66
454	329	32	66
455	329	31	66
455	329	31	66
455	330	32	65
454	330	31	65
454	329	30	64
454	329	31	65
453	329	31	65
454	328	31	66
454	327	30	66
455	327	29	66
455	328	29	65
455	327	29	66
453	328	29	65
452	327	29	66
453	327	29	66
452	328	30	65
451	328	30	65
451	327	29	65
451	327	29	66
451	326	28	66
450	327	29	65
448	326	29	66
448	325	30	67
447	326	31	66
446	325	31	66
446	324	32	67
445	324	32	67
444	324	34	68
441	323	34	68
440	324	35	68
441	325	34	67
440	325	33	66
439	325	33	66
440	325	32	66
440	324	31	67
439	325	31	65
437	323	30	67
435	324	31	66
433	325	32	66
431	325	33	64
430	324	34	66
429	324	34	66
429	323	34	66
428	324	34	66
427	325	32	65
428	324	32	66
426	324	31	65
425	324	31	65
424	324	31	65
423	324	31	65
421	323	31	66
420	323	32	65
416	323	33	65
417	323	32	65
414	323	33	65
416	323	32	65
414	323	32	65
413	323	32	65
412	323	32	64
412	322	31	65
411	322	31	65
410	322	30	65
407	321	31	66
404	322	33	65
401	322	33	65
401	321	33	66
398	323	34	64
397	322	33	65
395	323	34	64
396	323	33	64
397	323	32	64
396	323	31	63
395	322	30	65
395	323	29	63
394	321	29	65
391	323	30	63
389	321	31	65
388	322	31	63
387	322	31	63
386	321	32	64
384	323	33	62
382	322	33	64
385	322	33	64
380	323	33	63
381	321	32	65
378	322	33	64
378	322	33	64
378	322	33	64
376	322	32	64
375	322	31	63
375	322	31	63
373	321	30	63
369	321	32	63
367	320	34	64
366	319	33	65
365	320	33	65
367	320	34	65
363	319	34	65
365	320	31	64
364	322	31	62
362	321	31	63
359	320	31	64
359	321	31	64
359	322	30	62
357	323	30	61
354	321	32	62
355	321	32	63
352	321	32	63
355	321	31	63
354	322	31	62
355	320	30	64
352	322	30	61
354	320	29	63
352	321	28	61
352	319	27	64
348	322	27	61
349	320	29	63
348	321	28	62
343	321	30	61
340	320	32	63
341	321	31	61
339	321	32	62
340	321	32	62
343	320	33	63
348	318	32	64
358	319	31	63
362	319	32	64
369	319	32	63
372	319	30	63
375	319	29	62
377	319	30	62
384	320	29	63
394	322	29	62
405	323	29	62
405	323	30	62
408	323	29	63
411	325	29	62
417	325	29	61
429	324	29	63
441	325	29	62
444	326	29	62
446	324	29	64
448	323	29	65
446	322	30	62
444	322	31	62
444	320	31	63
443	319	31	63
441	320	31	63
439	319	32	63
438	319	32	63
437	319	31	62
438	318	32	63
436	318	31	63
436	317	30	63
436	318	29	62
436	319	29	62
434	318	28	61
432	317	28	62
