511	221	59	120
510	219	59	120
506	216	61	124
503	212	63	125
499	209	65	128
495	207	65	128
493	207	61	126
488	208	62	128
482	209	64	128
481	211	66	127
482	212	64	126
482	212	66	126
483	210	62	126
485	209	59	130
485	208	62	132
484	207	62	133
484	207	62	133
482	207	63	133
478	207	64	134
473	205	67	136
468	203	67	137
463	201	67	136
455	199	68	140
449	198	69	140
446	199	70	141
443	200	68	139
442	202	67	136
439	203	69	134
436	203	72	136
433	203	76	137
431	203	75	136
433	203	73	137
434	203	68	138
435	201	63	142
434	193	58	151
432	179	59	166
426	170	61	177
418	158	68	184
412	156	72	182
411	148	72	189
412	155	72	181
413	169	71	170
413	185	70	155
415	190	75	156
415	192	80	155
416	201	81	147
417	209	86	142
424	214	86	138
425	214	95	139
423	215	96	141
426	217	92	140
424	233	95	124
435	231	86	124
429	221	92	133
427	226	86	129
429	217	81	136
420	215	87	138
416	214	85	137
413	213	87	139
412	212	87	140
410	211	89	142
411	212	86	141
416	204	81	149
420	205	79	145
422	207	79	143
424	205	81	142
426	206	83	140
428	207	87	140
428	206	89	143
429	206	90	142
429	205	91	143
431	203	91	145
439	201	83	144
442	198	79	145
448	200	71	144
451	198	66	146
455	199	62	144
453	200	66	144
451	201	68	142
450	202	71	141
451	204	72	139
446	205	77	138
444	206	80	138
445	206	80	139
449	205	80	139
452	204	78	139
459	204	73	139
466	204	67	140
472	203	62	141
476	203	59	141
478	203	58	141
478	204	62	142
476	204	69	139
472	204	81	137
470	206	87	136
468	206	89	138
467	207	90	137
465	207	94	138
467	207	91	138
469	206	88	139
473	206	82	139
480	206	76	140
490	205	64	141
500	206	57	140
507	207	52	138
508	208	57	136
510	209	62	135
511	212	67	131
512	211	75	133
512	210	78	134
515	210	82	134
516	209	82	135
519	214	79	130
526	211	73	135
532	208	66	138
537	208	62	139
541	208	59	141
542	209	54	140
544	209	56	139
544	207	62	139
544	206	71	138
545	205	77	138
545	205	78	137
544	205	80	138
541	205	81	137
540	206	80	137
538	206	78	137
538	206	76	137
540	206	71	137
543	205	68	139
550	205	61	138
555	206	58	137
558	206	62	137
557	206	64	138
558	208	68	135
560	207	70	134
562	215	71	127
560	213	74	129
560	209	78	134
563	209	83	133
565	209	82	134
566	207	80	136
568	209	77	136
568	209	78	137
570	209	76	139
571	209	76	138
571	209	73	139
570	210	78	138
571	210	74	137
572	209	72	137
571	209	73	135
570	209	78	135
567	209	81	135
565	208	85	135
564	208	87	135
563	207	89	136
560	208	92	135
559	206	95	136
558	207	96	135
554	207	99	135
554	206	101	135
551	206	103	135
556	206	101	136
558	205	96	135
562	205	91	138
553	204	97	138
566	204	82	137
558	203	90	137
566	204	71	135
568	204	63	135
570	205	56	135
569	207	54	134
569	207	52	133
572	206	49	133
572	206	48	133
573	205	48	134
573	205	50	134
574	204	52	136
575	205	53	135
578	205	52	134
579	206	52	135
580	206	53	133
583	207	54	133
584	209	57	130
587	210	59	131
588	212	63	128
591	215	64	124
589	217	66	122
580	218	74	119
581	217	73	119
572	221	85	118
567	221	89	117
567	223	88	115
568	223	82	116
570	217	83	124
570	219	79	119
572	217	73	123
571	215	72	124
567	214	70	126
563	213	70	128
561	213	68	127
561	218	66	120
559	217	64	120
555	218	67	118
552	219	71	116
548	222	82	113
544	221	92	114
545	224	98	109
581	223	80	108
595	222	66	109
592	219	68	113
593	222	69	110
545	216	63	121
540	215	61	122
536	217	64	119
536	216	61	122
535	214	63	122
536	213	64	124
533	212	58	124
531	213	58	123
531	208	55	130
531	210	55	130
532	210	55	129
532	206	56	134
533	205	59	135
532	206	62	133
533	208	65	129
533	213	65	124
534	216	63	120
534	215	67	120
535	218	68	117
537	216	70	118
539	218	71	117
546	212	74	122
550	215	75	119
554	215	73	118
559	215	69	118
564	223	62	110
572	220	62	112
570	218	67	113
576	209	66	126
585	210	68	125
607	208	72	128
608	207	70	127
598	200	72	135
594	204	73	132
593	205	72	132
588	208	73	132
587	205	81	139
583	203	85	142
581	206	72	137
579	210	59	132
577	211	55	129
575	212	54	129
570	212	55	130
567	211	53	125
564	212	54	125
560	212	53	125
558	212	54	126
557	213	54	123
556	213	57	122
556	212	56	122
556	212	55	124
556	211	53	125
557	212	53	123
556	211	54	124
557	211	54	122
557	212	54	125
556	211	54	125
556	211	53	125
556	211	54	126
556	211	54	126
555	211	55	127
556	210	56	129
554	208	59	131
554	208	60	132
554	207	61	132
555	207	61	131
555	207	62	133
554	208	64	129
549	209	68	127
549	209	69	127
548	210	70	127
550	210	67	128
553	210	63	128
556	210	61	130
560	210	59	131
565	210	56	132
568	208	58	132
576	208	58	131
576	208	60	129
578	208	61	130
578	208	64	130
579	207	65	132
582	206	67	131
583	205	68	129
587	204	65	130
589	204	63	128
591	203	62	129
594	201	59	131
595	202	58	131
597	200	58	135
596	200	61	134
598	198	64	135
595	197	63	135
598	198	66	135
600	199	60	133
601	198	55	134
603	196	52	137
602	197	53	136
599	196	57	134
596	198	62	132
595	198	66	131
592	198	68	131
593	197	68	131
590	197	75	131
594	195	73	133
606	196	63	130
615	197	60	130
615	196	60	131
619	195	57	131
623	198	56	127
622	199	52	126
622	199	52	126
625	198	51	127
624	198	48	124
625	199	48	128
625	196	49	128
624	197	49	127
564	205	56	117
561	204	55	118
556	203	53	120
555	204	52	119
555	204	51	120
554	204	52	122
552	205	52	120
551	205	53	120
549	205	54	120
546	205	55	120
544	207	54	117
541	205	53	118
540	205	50	120
538	206	48	119
536	207	49	118
534	207	47	118
533	206	46	119
534	206	46	119
536	206	45	119
535	207	46	117
538	208	46	118
539	210	45	120
538	212	46	124
539	213	45	124
537	217	45	124
535	222	45	125
530	225	50	127
529	229	51	121
525	227	55	125
521	223	57	122
522	222	60	123
523	221	61	124
524	217	60	125
525	215	60	124
525	213	61	124
524	213	60	122
524	213	59	120
521	212	57	120
518	211	56	121
510	213	55	121
498	215	54	118
489	216	54	119
479	216	53	118
473	218	53	117
468	218	52	116
468	217	54	116
468	216	59	116
468	211	60	122
467	208	62	126
466	209	62	124
469	203	61	131
471	204	55	129
476	205	52	128
482	204	52	131
489	206	51	128
494	206	50	129
499	203	50	130
500	209	54	122
500	210	58	121
503	209	58	122
506	209	56	122
510	209	54	121
513	211	53	119
519	212	52	117
523	212	51	116
530	211	47	116
534	212	45	117
537	213	45	116
536	213	49	114
537	213	50	113
536	214	55	111
534	215	59	110
533	213	61	114
530	213	64	115
525	214	67	114
515	215	71	114
507	212	73	118
505	209	71	119
578	195	61	140
570	193	66	139
562	192	66	139
560	191	63	140
558	191	61	139
554	192	60	141
548	193	59	139
542	196	58	138
539	197	58	137
537	199	59	137
536	200	60	137
536	201	59	136
536	200	61	136
537	201	61	136
537	200	62	136
536	199	63	136
480	212	62	120
488	214	58	118
497	210	57	123
501	212	54	120
506	212	50	120
509	212	50	119
509	215	56	115
513	214	56	117
517	216	57	110
518	212	59	114
524	203	67	126
535	197	73	138
530	194	79	139
533	195	76	141
541	193	69	144
548	193	63	143
551	192	60	144
550	193	59	144
550	193	59	144
550	193	61	142
549	194	65	141
548	194	64	139
547	194	66	137
548	193	63	138
552	194	61	137
553	195	64	138
551	195	65	136
555	195	64	136
553	196	61	138
557	196	61	139
557	198	61	137
561	197	62	137
564	196	65	139
570	197	65	141
572	197	69	140
577	197	70	140
582	198	70	139
593	197	65	139
599	197	62	137
601	197	64	137
601	198	67	137
677	208	59	121
683	207	60	123
687	207	59	125
687	206	60	125
688	204	62	124
607	198	76	138
606	194	75	143
606	192	74	143
606	193	72	141
607	192	83	143
604	193	80	141
603	193	66	140
604	194	65	141
597	191	69	147
587	188	83	149
693	186	79	148
697	196	71	128
696	198	66	122
692	199	69	119
689	197	70	118
690	197	70	119
684	199	76	116
681	198	78	117
680	198	79	118
598	186	59	140
598	188	58	136
600	188	58	138
600	188	58	137
601	188	55	139
601	188	53	139
597	188	59	139
593	188	64	136
589	188	68	136
587	189	73	135
588	189	76	136
588	188	78	137
590	187	81	139
591	187	82	139
595	188	81	137
598	188	80	137
600	187	71	136
607	189	68	134
611	188	62	135
616	188	60	134
619	188	58	134
622	189	57	132
622	190	57	132
621	189	59	132
622	188	61	133
621	188	64	133
619	188	66	133
618	188	70	133
615	188	70	134
607	188	77	134
600	188	80	133
591	186	89	138
599	187	80	134
605	187	70	136
602	189	70	132
600	190	69	132
600	190	67	132
600	191	67	130
598	192	67	130
598	194	67	128
596	196	68	126
595	196	67	125
589	198	69	124
583	198	70	122
579	197	70	123
577	197	71	124
577	196	69	126
569	196	77	125
565	197	79	123
562	199	78	121
555	204	83	117
542	202	94	118
531	206	105	115
531	205	102	115
527	206	107	117
523	206	107	115
520	207	101	115
518	206	77	114
515	205	64	114
512	207	64	115
511	207	59	115
510	208	56	113
508	208	53	115
508	208	56	116
505	209	57	114
504	209	58	112
509	208	57	114
517	208	54	111
519	206	54	109
517	209	58	107
522	207	59	110
525	207	60	112
533	208	58	110
533	206	62	114
543	206	58	111
533	203	66	114
543	202	61	116
545	202	61	114
542	202	64	112
548	206	62	108
546	203	63	108
546	204	67	109
539	203	73	108
556	200	66	113
550	197	69	114
553	193	71	118
551	192	69	118
561	189	65	124
564	187	59	122
559	186	61	122
556	179	65	134
553	186	62	129
556	189	60	127
561	184	58	132
558	178	61	144
487	200	61	123
488	200	60	123
491	199	61	123
493	199	64	121
497	200	63	121
500	199	61	123
503	199	62	124
509	198	62	125
513	197	60	126
516	198	62	125
520	196	61	127
525	196	58	127
530	194	57	128
532	195	55	125
535	192	54	125
539	190	54	127
540	189	58	124
540	189	55	126
543	187	56	126
546	188	55	123
552	188	56	124
549	190	56	124
544	189	53	125
629	189	50	118
624	189	53	121
626	190	51	117
623	188	53	121
623	189	54	121
617	191	64	123
613	189	68	127
543	196	54	121
537	196	52	121
534	197	52	122
531	198	50	120
529	198	52	121
525	198	54	121
526	197	53	121
525	198	55	121
527	198	55	121
528	197	53	123
528	198	54	122
529	197	53	120
529	198	52	120
530	198	52	122
531	198	52	123
532	198	52	123
533	199	52	122
534	199	53	122
535	199	53	121
536	199	54	124
538	198	55	123
542	197	54	123
544	197	55	122
545	197	55	123
547	196	56	122
548	196	56	123
549	197	57	123
551	198	56	122
553	198	57	124
552	198	58	122
552	198	59	121
551	199	60	120
551	198	60	120
550	198	60	120
551	197	59	121
551	197	59	121
552	197	58	120
554	196	56	122
558	197	53	122
559	196	52	122
560	197	52	120
561	198	52	122
561	198	53	119
562	199	53	119
564	199	52	118
564	199	53	118
564	199	53	119
565	198	54	120
566	198	56	118
568	198	55	117
571	197	54	117
573	197	53	118
574	196	52	118
575	196	53	119
576	195	52	118
577	195	52	118
579	195	52	120
580	196	52	119
581	197	56	118
582	195	56	120
583	196	55	120
583	196	55	119
583	197	53	120
583	196	51	119
584	196	51	119
586	196	50	119
587	196	48	120
587	195	48	119
586	196	48	120
585	196	48	118
584	196	48	120
584	196	47	120
583	197	47	121
582	198	49	119
580	198	51	118
580	198	52	119
579	198	53	119
578	198	51	120
577	198	51	119
576	198	51	120
573	198	54	120
570	199	56	119
568	198	57	123
565	199	59	121
563	199	58	120
563	200	57	123
562	200	57	122
561	200	58	120
563	200	57	123
565	198	53	121
567	199	51	120
567	199	51	121
567	199	52	121
568	199	53	122
563	198	57	126
554	197	72	130
551	196	77	132
535	198	94	133
535	197	87	133
538	198	88	129
552	199	76	132
549	201	63	129
545	200	58	130
542	200	55	125
541	199	55	128
541	196	52	127
536	196	52	129
534	196	52	130
531	197	50	127
528	196	50	129
526	197	49	128
525	197	48	127
522	198	48	124
520	198	48	127
515	198	50	125
511	197	50	125
509	197	49	123
507	198	49	124
506	198	50	122
505	197	51	123
504	197	51	123
504	198	50	123
504	198	49	122
504	199	47	123
504	198	46	125
503	200	46	125
502	200	46	124
501	200	45	124
499	198	45	127
498	199	46	127
495	199	48	124
494	199	49	125
492	198	52	124
490	197	53	124
488	196	56	126
488	195	58	129
486	195	61	128
484	196	65	127
484	197	70	126
483	196	70	124
482	196	72	127
480	195	73	126
479	196	74	124
477	196	74	123
477	197	73	123
477	196	69	125
477	196	67	123
478	197	66	124
478	197	61	124
478	195	60	125
480	195	59	126
483	194	58	128
487	194	54	127
491	195	55	125
493	194	55	126
497	195	54	124
500	194	54	125
503	194	54	126
504	194	55	125
505	194	56	125
508	193	55	126
511	193	55	126
513	192	55	128
515	193	55	129
516	194	57	127
515	194	62	128
515	193	63	127
516	193	65	128
515	192	68	128
517	192	67	130
520	192	66	129
520	192	67	128
521	191	68	129
520	190	67	131
520	188	68	132
519	185	68	135
517	188	67	132
516	185	66	135
515	184	66	137
513	184	62	137
512	187	62	135
511	189	58	132
511	189	56	132
511	189	54	132
511	189	52	130
512	191	50	127
513	190	50	127
514	191	50	127
515	191	50	127
515	192	50	127
516	192	51	128
515	192	54	127
515	193	59	125
517	191	56	127
515	190	63	127
512	192	69	124
511	193	75	125
510	194	82	124
512	193	81	127
513	194	77	126
516	196	73	125
515	196	71	124
520	197	67	123
520	194	69	127
525	192	62	128
523	192	62	126
521	191	63	126
521	179	66	142
523	180	68	141
522	159	69	168
519	162	68	169
524	165	72	166
534	156	91	188
529	155	106	192
516	162	113	185
509	156	114	191
503	145	115	199
499	146	117	197
496	149	128	195
486	147	146	197
484	151	157	196
479	147	170	198
480	145	177	202
482	148	174	195
485	150	170	193
490	158	163	186
495	160	148	183
504	165	134	178
658	188	74	132
658	190	62	133
657	191	57	130
656	189	52	129
652	188	52	133
646	188	54	132
640	190	60	130
638	190	61	130
637	190	62	129
637	192	62	127
638	193	62	127
638	192	59	126
640	190	56	129
642	188	53	131
645	186	54	133
649	185	57	130
654	185	59	129
661	185	58	129
661	186	59	131
665	187	61	131
669	189	63	129
678	189	75	127
685	187	66	130
691	186	77	130
700	184	72	131
705	184	73	130
709	182	67	132
710	181	67	132
712	181	66	133
714	181	67	133
714	180	66	135
720	180	62	134
721	181	65	130
722	180	66	130
722	179	59	129
725	179	68	126
727	178	63	128
725	179	67	127
601	175	64	133
605	168	62	145
608	165	66	142
612	157	63	151
612	164	62	144
619	160	58	147
621	157	60	150
619	161	59	145
621	158	57	145
623	155	55	150
623	160	57	143
623	159	65	150
623	165	72	150
620	171	94	138
615	165	80	146
625	172	82	139
623	176	91	131
623	179	84	133
607	167	80	150
603	171	83	146
601	173	80	147
601	170	75	149
598	173	74	143
595	173	70	143
594	172	68	144
593	169	64	145
591	168	62	146
588	168	60	147
585	167	60	150
584	169	60	151
580	170	59	149
578	177	52	139
575	180	50	131
570	187	49	123
564	191	53	116
559	190	56	115
558	186	52	120
557	180	54	126
555	174	55	133
554	172	55	134
553	162	52	145
551	165	53	141
548	174	50	133
549	175	49	135
546	176	51	134
544	173	51	137
543	183	50	129
540	188	55	125
540	189	53	122
537	189	57	120
536	189	57	122
534	189	59	122
532	191	61	120
531	191	61	118
529	193	62	117
529	195	62	120
529	193	60	118
529	195	64	123
530	192	60	123
530	193	61	124
529	193	59	122
530	193	58	121
530	194	57	121
530	194	59	121
530	194	58	118
529	194	58	119
528	193	59	120
529	193	58	121
529	192	57	122
530	191	56	123
531	190	55	127
531	189	54	125
533	189	52	128
534	189	51	127
534	189	52	124
536	189	50	123
537	191	48	121
538	191	47	121
539	192	47	120
540	193	46	118
542	193	47	120
543	194	48	119
543	193	50	119
544	193	51	119
544	193	51	120
544	193	52	119
545	193	53	120
546	193	52	121
546	193	53	122
547	192	53	121
549	193	50	118
550	192	50	118
550	192	49	121
552	192	48	122
554	191	48	124
555	191	48	124
556	192	49	124
556	191	49	123
554	191	50	123
551	192	56	121
549	194	61	121
550	191	61	124
551	190	61	125
553	190	62	123
557	191	58	123
554	192	60	123
558	191	59	126
555	191	63	127
556	190	63	128
558	188	63	131
561	188	62	131
561	178	63	132
542	166	90	142
540	157	94	155
545	156	91	158
545	159	91	158
544	158	97	158
530	153	101	160
560	155	90	157
555	157	99	156
562	156	99	157
514	156	122	161
492	155	125	166
492	155	132	167
529	157	133	159
531	161	152	157
555	158	117	154
582	169	123	142
582	169	105	144
586	174	99	141
580	168	111	145
578	173	100	141
572	168	101	147
572	177	96	139
566	173	89	139
563	176	78	140
561	175	76	137
565	186	70	128
571	188	62	123
567	188	66	121
574	189	59	120
573	189	56	121
573	190	57	118
565	187	76	119
575	188	65	119
577	186	64	121
575	189	62	122
574	189	58	126
574	188	56	128
571	188	55	127
566	187	57	128
567	186	57	128
566	184	57	132
568	181	61	135
565	180	65	136
566	178	62	136
566	177	63	137
565	176	60	138
565	180	58	136
564	179	60	137
564	178	61	137
564	179	60	136
563	179	57	136
561	179	60	139
558	180	63	136
553	178	69	141
551	176	71	141
556	173	65	142
556	175	66	142
556	176	65	143
556	177	64	143
556	177	63	142
557	177	61	144
558	177	63	143
562	177	61	143
562	177	59	141
565	179	56	142
567	178	54	141
569	182	53	142
569	180	53	141
569	187	53	134
567	206	56	115
565	197	57	123
566	186	59	132
565	191	65	126
571	188	61	129
569	197	63	119
571	190	57	127
573	182	59	133
580	191	61	129
617	186	59	131
624	186	61	131
623	188	58	127
629	188	55	130
634	189	50	124
633	192	53	123
633	193	53	119
634	194	52	118
629	196	57	119
632	200	53	111
634	206	51	103
633	209	51	103
631	207	51	105
630	214	52	98
630	209	51	101
625	209	55	104
626	206	53	106
618	197	60	116
607	186	62	131
577	172	70	147
596	175	64	142
584	173	69	139
582	167	67	140
578	166	67	145
579	165	67	147
574	164	68	146
575	167	67	143
564	166	70	147
538	180	65	132
492	200	67	118
493	200	77	117
538	187	70	129
545	196	65	125
593	198	52	115
597	197	55	116
602	196	56	115
603	194	57	117
605	193	59	118
606	192	59	117
610	191	62	116
614	190	60	119
618	190	58	116
621	190	57	116
623	190	56	116
623	191	54	114
627	189	54	116
626	189	58	117
628	188	59	117
627	188	57	118
627	187	57	118
628	186	55	118
627	188	53	116
624	188	52	116
620	190	53	113
615	189	53	114
611	189	50	116
604	190	53	119
597	191	54	117
590	191	55	116
585	191	56	118
579	193	55	118
575	191	56	121
571	193	58	117
568	193	57	119
565	193	59	119
562	194	58	116
559	195	58	117
558	195	57	116
556	195	55	116
555	195	56	115
554	196	57	114
553	196	57	114
552	195	57	114
551	196	58	115
550	195	57	114
550	195	58	116
549	195	55	115
549	194	54	117
549	193	55	117
549	193	56	118
549	193	55	119
550	194	55	120
550	195	56	119
550	195	58	120
552	195	58	120
554	195	58	120
554	196	56	120
556	196	56	118
558	195	54	119
559	196	54	118
561	196	53	116
563	197	53	117
566	196	52	118
568	196	54	117
571	197	53	116
578	196	50	118
579	196	53	118
582	196	53	117
584	197	53	114
586	197	52	115
590	197	52	113
592	196	52	115
594	195	52	115
595	195	52	116
595	195	52	116
596	195	51	114
597	194	50	115
597	194	50	115
598	194	50	114
598	194	51	115
599	193	52	115
600	193	53	118
600	193	53	117
601	193	52	116
601	193	51	116
601	193	51	116
601	193	51	116
601	193	51	117
599	192	52	119
599	192	52	119
597	192	52	121
596	191	51	122
595	192	51	121
594	192	50	120
594	192	49	119
595	192	47	121
594	191	46	121
593	190	46	120
593	190	46	121
591	191	47	120
589	191	47	121
587	190	48	121
586	190	46	120
585	190	45	122
583	190	46	121
582	191	45	120
581	189	45	120
580	190	45	120
580	190	45	121
580	189	44	120
578	189	44	123
578	190	43	121
578	190	43	121
578	190	43	121
577	189	43	121
577	191	42	120
578	191	42	119
578	191	42	120
579	191	42	119
579	191	42	119
579	191	43	120
579	191	43	119
579	190	43	119
580	191	43	119
579	190	43	120
580	191	43	117
582	190	42	119
583	190	43	119
584	190	43	120
585	191	42	121
585	190	43	120
587	191	41	121
587	190	42	119
587	190	41	121
588	191	41	120
588	191	42	121
587	191	42	119
587	191	42	118
587	191	43	121
586	191	44	119
583	191	46	120
583	191	47	120
581	190	48	121
580	190	48	122
579	190	48	121
578	191	49	122
576	190	51	122
574	190	52	122
572	190	54	122
570	190	56	120
568	193	59	119
565	192	61	119
564	193	61	118
563	193	62	116
561	195	65	113
560	197	67	111
555	198	70	111
555	200	72	109
553	202	75	108
548	203	77	108
544	206	69	104
541	208	64	105
540	211	64	103
539	211	61	104
537	209	61	105
534	206	73	110
529	205	80	109
527	203	58	113
524	204	56	113
520	203	60	113
520	203	60	114
518	202	61	117
514	200	61	116
509	200	62	115
502	200	70	116
500	200	71	121
500	199	72	121
500	199	67	124
502	198	77	123
502	197	78	126
504	196	67	130
508	197	71	130
508	195	67	131
509	196	66	130
508	194	65	133
503	193	67	140
498	193	71	141
501	191	67	141
500	192	67	137
503	193	68	135
502	194	69	134
478	202	60	129
494	197	72	134
474	220	66	117
479	220	64	117
480	220	60	106
481	210	65	116
480	203	65	126
478	200	73	132
476	200	76	133
474	198	78	134
471	197	81	135
462	197	92	137
457	198	100	136
453	198	96	137
447	201	74	134
450	202	75	131
454	200	81	135
455	200	80	134
453	199	75	134
475	199	60	133
484	199	56	132
482	200	59	130
462	202	71	130
485	199	72	130
492	201	70	126
486	212	70	112
495	220	66	106
499	228	62	98
477	216	67	112
498	218	66	107
477	207	74	123
484	200	80	132
491	196	82	138
492	198	84	131
493	199	89	127
495	196	97	129
495	191	101	132
502	194	96	130
512	196	90	129
515	195	96	127
513	194	104	129
517	193	96	128
519	190	98	129
524	189	90	128
534	189	82	130
543	189	75	130
545	191	78	125
549	192	77	124
553	192	79	124
562	192	71	124
563	192	76	124
556	193	83	123
552	193	79	123
555	191	79	125
567	191	71	124
574	191	66	124
572	191	66	126
572	192	68	125
572	193	66	123
572	194	67	121
573	193	70	119
573	194	68	118
574	194	66	118
575	194	64	118
574	197	65	116
572	197	63	114
570	196	65	115
569	197	64	114
572	195	63	116
573	190	63	121
570	190	65	120
575	188	64	121
619	183	68	126
625	177	61	130
623	174	57	132
560	173	55	134
557	174	58	135
566	171	60	134
612	165	60	137
612	166	63	137
562	169	60	138
562	174	58	133
565	173	57	133
571	175	58	132
632	175	56	127
633	179	62	126
637	180	62	125
635	182	65	122
636	183	66	119
597	185	62	122
599	188	60	120
603	190	63	118
600	193	64	116
599	191	67	116
596	184	69	124
594	187	72	123
595	183	68	127
594	187	69	124
594	185	68	125
593	185	68	125
593	185	65	124
593	182	65	127
595	183	65	126
597	181	64	128
597	179	66	129
598	182	65	125
599	180	64	126
600	181	64	126
600	181	64	127
601	181	64	126
602	181	62	126
603	181	60	128
604	181	59	127
604	180	58	129
605	180	58	129
602	181	55	127
604	180	55	129
602	181	56	127
600	182	56	127
597	182	54	126
598	180	59	130
594	182	60	128
593	181	64	130
590	182	69	127
590	183	66	127
589	183	64	128
588	182	62	130
587	181	64	131
586	180	62	131
584	181	60	130
582	180	55	130
581	181	53	131
581	181	49	131
580	181	47	132
581	181	48	132
579	181	52	132
576	180	59	131
571	181	66	129
567	181	73	129
565	182	77	129
565	182	79	128
567	182	79	128
569	184	79	127
571	183	80	127
572	183	80	127
574	185	77	125
576	185	75	126
578	184	71	127
580	185	67	125
583	191	61	119
584	185	54	125
586	185	50	123
587	183	46	128
586	182	47	131
585	182	50	132
582	178	59	133
581	178	60	132
582	179	62	131
582	180	63	132
581	177	65	134
581	184	66	126
580	178	66	133
583	179	64	131
583	178	63	134
582	179	60	132
580	177	56	135
578	178	50	135
578	178	50	138
577	178	51	138
575	178	52	137
572	183	55	131
565	188	62	125
561	186	67	129
558	183	70	131
557	181	73	133
556	182	75	133
555	182	76	133
555	183	78	132
559	187	77	127
562	191	75	125
559	192	80	124
559	190	77	127
562	186	78	129
563	183	80	131
568	182	83	133
573	183	81	133
580	183	77	133
584	182	78	136
592	183	78	135
600	183	78	136
605	183	80	135
616	186	81	130
619	186	84	131
625	186	87	131
630	185	86	132
633	184	89	131
634	182	93	132
637	179	94	134
640	178	92	135
644	174	89	137
645	174	91	136
646	174	87	135
647	173	84	135
646	172	79	136
645	171	76	137
644	170	76	137
645	170	76	136
645	169	75	137
643	170	77	136
642	171	79	135
641	171	80	135
644	170	83	135
643	169	85	136
645	169	84	137
646	168	85	137
652	169	81	138
656	170	79	137
662	170	75	138
668	170	70	138
670	171	69	136
674	171	65	135
677	172	63	135
677	170	65	137
679	168	65	138
679	165	67	140
679	164	66	142
677	162	69	142
674	162	68	143
668	162	69	143
662	163	71	144
656	163	73	143
649	164	69	145
643	165	71	143
637	166	71	144
630	167	73	144
625	168	74	145
619	169	78	144
615	168	78	145
610	169	79	144
605	169	80	144
601	168	82	144
598	168	81	145
596	168	80	147
595	167	80	146
596	168	78	147
598	168	76	149
600	169	75	148
601	170	77	148
602	170	74	148
602	171	73	148
600	170	73	147
600	170	75	149
600	171	77	149
601	169	77	151
609	168	70	152
618	168	64	150
623	167	64	152
625	167	65	152
628	167	67	151
630	168	71	151
629	170	78	149
632	171	84	149
634	172	86	149
636	173	88	150
637	171	94	152
638	170	93	152
641	169	84	153
644	165	74	156
649	166	67	155
655	166	61	154
662	164	60	157
671	164	60	159
674	164	66	160
674	164	74	161
671	164	85	160
669	163	82	161
667	163	88	152
664	155	88	160
663	155	87	162
663	160	83	158
660	160	78	160
658	164	72	157
661	165	73	161
660	166	74	160
647	166	72	161
639	168	73	159
621	173	78	156
609	173	85	156
596	172	93	159
587	173	98	159
583	174	97	159
570	177	101	158
566	177	99	161
563	180	93	159
560	179	87	161
559	178	77	162
558	180	66	161
561	179	64	162
560	182	62	155
559	190	65	148
559	190	68	146
551	189	77	139
527	203	69	123
528	201	59	120
529	201	59	113
533	201	56	111
539	200	55	115
546	197	56	124
541	198	57	121
542	200	58	120
541	201	64	121
543	201	71	124
603	181	60	150
602	170	64	163
602	168	69	160
600	172	74	151
599	169	80	158
592	171	88	159
589	176	94	151
583	175	97	152
580	171	97	159
577	174	94	155
577	173	95	156
579	170	89	161
585	169	80	161
473	205	60	117
470	208	58	114
467	207	56	117
464	207	58	116
459	207	56	115
455	207	57	116
447	208	56	115
444	207	58	115
438	207	59	115
433	207	61	115
428	206	65	116
424	207	67	117
420	205	67	117
417	205	65	118
414	205	63	118
409	205	59	117
400	206	57	115
395	207	56	115
390	207	55	116
385	209	52	115
381	208	52	116
377	208	52	115
376	209	54	115
375	209	52	115
372	209	52	115
370	208	54	115
370	206	56	118
369	204	56	122
369	203	55	123
370	201	55	122
364	198	58	123
344	197	66	122
365	197	61	119
373	196	55	121
373	197	54	120
380	199	52	118
380	196	56	122
382	191	59	122
379	189	65	125
375	184	69	134
377	184	71	135
371	172	80	147
368	145	84	189
365	143	94	193
364	139	96	196
364	141	93	188
362	150	91	174
357	191	92	137
374	154	85	155
355	193	65	139
354	203	56	125
348	205	55	124
342	205	58	125
341	204	59	126
339	206	58	122
338	206	57	123
338	208	59	121
339	207	59	122
337	208	58	121
336	209	57	120
334	209	57	121
332	210	57	120
329	210	58	120
327	210	59	119
330	210	60	117
334	211	57	117
327	211	63	119
332	210	57	118
319	211	55	118
328	212	60	118
322	210	69	122
323	216	79	113
313	213	69	116
326	210	74	114
321	207	75	121
434	206	57	112
432	207	54	112
427	208	55	111
422	208	60	112
418	210	63	109
415	210	67	110
415	211	66	111
411	210	64	111
413	210	60	113
417	210	56	110
413	206	56	114
416	207	54	114
418	205	50	114
417	205	50	115
416	205	54	112
413	208	61	110
411	207	65	112
410	209	66	110
412	209	67	110
411	210	66	110
412	210	65	111
413	210	61	113
409	209	57	114
406	208	50	114
403	209	50	113
398	209	50	112
391	209	53	112
386	209	53	117
381	210	55	119
378	211	57	114
374	212	57	117
368	211	58	119
353	211	57	115
337	210	62	118
335	209	59	120
327	209	58	119
323	207	56	120
319	208	53	120
314	207	54	120
310	207	53	119
304	207	50	118
299	211	50	113
292	211	51	113
289	212	51	112
285	209	50	116
283	211	48	114
278	206	50	119
274	205	52	119
268	203	52	120
267	202	53	122
263	202	54	122
261	202	52	121
256	203	58	121
245	200	61	125
264	206	65	113
352	197	63	135
346	198	58	134
335	199	66	130
329	198	70	134
321	197	77	133
313	197	88	132
305	197	95	131
303	197	94	131
304	197	92	131
303	198	85	132
303	198	78	131
302	198	71	129
299	198	62	130
297	199	57	128
291	200	58	125
280	200	61	123
277	199	65	127
263	200	82	125
264	200	76	127
263	200	83	128
254	200	90	131
254	201	97	132
240	202	90	129
238	203	77	126
235	204	75	126
228	202	82	128
220	200	88	129
217	197	88	133
214	197	90	133
211	199	93	132
205	201	96	131
200	197	96	133
196	195	85	135
194	195	79	134
192	190	73	140
184	189	73	138
178	194	70	136
174	190	68	138
163	184	73	143
142	174	74	157
162	169	82	163
152	163	89	170
146	164	90	172
141	156	88	187
139	157	87	189
136	158	85	186
124	169	84	174
141	155	82	187
140	154	83	188
115	161	82	176
96	197	86	137
90	202	84	133
89	198	84	136
165	161	64	171
169	160	66	167
166	164	69	164
162	165	71	165
159	163	69	173
165	161	65	173
164	163	71	175
163	165	69	173
165	169	69	170
181	170	81	168
144	195	83	144
79	198	71	138
82	201	70	134
80	201	73	133
81	202	76	131
87	204	75	130
86	203	81	132
93	200	79	136
89	199	76	136
102	197	74	139
107	200	66	133
107	201	70	131
112	200	69	131
109	201	67	131
127	201	59	130
133	201	59	130
133	202	60	128
129	201	63	129
123	202	66	130
129	201	62	131
124	201	64	131
126	200	69	132
114	200	71	133
118	198	68	134
113	198	65	134
110	197	65	132
107	197	65	131
105	195	62	131
102	197	57	127
85	198	61	130
80	197	60	126
73	198	62	126
66	197	58	127
57	197	60	130
50	195	58	128
33	194	52	127
30	193	48	126
13	181	59	149
0	182	65	137
1	171	61	160
0	171	60	163
0	170	56	158
0	169	57	167
0	172	54	162
0	169	52	167
1	168	53	166
0	170	55	167
0	171	57	166
0	170	61	162
115	176	68	145
123	172	75	151
134	171	74	154
142	172	80	154
141	171	82	156
144	170	83	159
147	171	83	160
148	173	82	157
149	173	82	157
157	174	79	154
164	175	80	154
167	175	75	151
171	176	72	149
179	178	67	145
189	178	75	145
187	177	65	145
196	178	64	146
201	178	64	148
207	178	66	147
211	178	63	147
266	195	68	128
275	196	69	127
281	195	71	128
283	197	74	128
287	198	78	127
287	199	77	127
287	195	80	130
286	194	79	131
283	193	78	133
274	191	78	136
215	181	74	146
211	179	72	146
208	179	69	146
208	180	66	145
208	181	64	144
207	182	64	144
206	182	64	142
205	184	64	140
206	184	66	141
208	183	67	140
208	183	63	141
203	184	61	138
203	184	60	141
204	185	58	140
202	185	54	139
203	186	50	137
201	186	51	141
199	187	56	139
197	186	58	139
195	187	62	139
195	186	64	140
192	186	62	137
191	186	59	136
187	188	59	131
190	189	58	132
192	189	59	134
190	189	59	134
189	192	61	128
183	193	64	125
184	192	64	132
180	192	66	129
173	192	69	131
153	197	60	130
157	197	61	130
158	195	62	130
153	197	61	128
175	194	73	132
182	195	67	131
190	197	64	129
197	200	59	128
198	203	62	124
205	204	56	123
205	205	59	123
208	205	58	125
211	205	54	124
205	204	57	126
205	204	62	126
204	206	67	124
202	208	73	120
197	207	70	123
197	209	63	118
192	206	57	120
189	205	56	120
185	203	57	121
181	202	55	119
179	203	55	120
169	203	59	119
168	202	58	122
164	201	61	122
159	202	66	120
160	203	70	120
158	205	79	118
161	209	74	116
160	208	75	115
162	210	66	112
164	210	62	111
163	209	57	111
164	209	53	111
164	209	49	107
162	209	50	107
159	211	57	105
164	216	57	100
163	212	56	101
158	218	64	98
163	219	63	97
166	216	65	100
174	215	61	104
177	214	59	107
180	213	56	110
184	210	53	113
183	211	54	110
184	209	53	112
187	209	53	112
191	211	50	111
192	213	52	107
199	214	47	105
204	217	44	101
205	216	45	103
210	218	44	101
211	215	45	106
214	214	46	106
217	215	46	104
217	212	50	106
216	213	51	106
217	213	52	104
216	214	56	103
217	212	57	106
221	212	55	104
223	210	54	107
226	209	53	107
233	209	48	109
236	208	49	108
237	207	50	109
236	207	53	108
239	209	54	107
242	209	56	107
244	210	62	105
242	208	65	108
239	210	68	108
244	209	66	106
248	210	64	108
247	208	64	111
264	208	55	109
264	207	54	109
270	207	50	108
277	207	50	108
280	207	54	109
284	206	54	109
280	206	57	109
282	206	63	110
279	206	72	114
276	205	77	114
278	205	82	113
279	206	82	111
287	205	78	114
296	205	69	114
298	204	68	118
305	203	66	118
312	204	61	116
313	203	61	117
319	203	59	117
321	203	58	115
325	203	57	119
327	204	56	118
330	203	56	117
334	204	54	114
335	204	54	113
340	204	54	114
340	203	56	114
343	203	55	113
343	202	58	114
345	201	60	118
346	201	62	124
348	199	65	126
351	199	66	124
358	199	64	124
363	199	63	126
376	203	56	124
378	204	58	124
384	203	56	126
388	203	59	128
391	202	61	129
400	200	56	126
399	201	57	121
401	199	55	123
403	198	53	122
404	198	54	122
409	199	52	116
410	198	51	123
413	200	51	124
411	203	52	119
413	204	52	118
417	205	53	116
417	203	54	120
418	203	54	119
418	202	56	122
411	205	62	123
410	207	60	124
404	213	58	124
395	212	48	115
399	215	50	114
402	207	47	122
411	203	50	121
411	201	45	121
422	198	51	123
416	198	49	124
420	198	46	123
426	202	44	122
430	202	42	123
436	203	42	125
442	203	43	126
450	203	44	127
468	209	46	120
476	208	47	125
487	207	48	125
499	205	53	125
507	205	52	124
524	202	58	129
605	216	64	108
612	217	63	109
614	222	63	103
617	226	61	99
615	231	62	95
615	231	63	97
614	231	63	94
612	234	63	90
609	231	62	96
603	226	58	98
596	211	60	113
589	219	66	115
581	219	66	116
579	218	64	120
572	210	63	126
577	211	57	122
569	207	63	124
571	210	60	117
569	205	60	123
561	211	69	115
553	209	79	119
550	201	82	128
512	187	71	149
512	182	70	157
509	175	73	164
500	171	80	170
509	170	84	175
497	166	83	179
508	171	71	159
513	167	68	158
517	169	68	154
516	170	65	156
515	170	63	152
513	186	57	137
511	190	53	135
509	195	53	132
506	197	57	133
504	202	57	130
504	203	57	131
501	202	57	131
496	197	59	137
489	195	59	139
494	196	56	138
484	194	61	142
478	193	62	142
486	193	59	142
481	194	65	141
479	193	68	143
478	192	69	145
470	193	76	145
465	193	79	145
465	192	79	146
465	192	76	147
465	191	68	146
468	191	62	145
470	192	59	145
467	193	61	149
473	193	61	147
476	194	61	145
483	193	60	147
487	192	60	149
492	189	59	151
495	188	62	151
499	187	62	151
507	183	62	147
510	181	63	148
514	180	64	150
521	179	61	149
526	177	61	150
529	176	61	152
529	175	61	152
531	174	62	151
534	172	62	154
536	170	64	156
539	170	64	153
545	169	63	154
536	172	67	150
539	171	64	154
542	175	64	155
539	175	64	156
482	180	56	144
526	179	64	155
526	177	67	158
527	176	68	158
531	175	70	159
539	174	69	157
543	172	73	160
547	170	76	163
555	168	78	166
563	167	76	162
572	167	73	161
577	166	74	161
581	165	73	163
585	165	73	162
585	165	75	161
589	164	76	160
592	164	77	162
594	165	79	159
595	166	81	158
596	167	81	157
595	168	82	156
594	170	81	156
593	170	78	158
590	171	76	158
587	172	74	157
581	173	71	156
577	175	70	156
573	176	69	153
569	177	67	152
564	177	65	152
559	177	65	156
555	177	65	156
550	177	67	156
548	177	68	156
545	177	70	156
541	177	69	155
539	177	69	157
538	177	67	155
537	178	68	155
535	178	69	154
535	178	70	153
536	179	71	152
537	180	71	151
539	182	69	150
541	182	69	152
538	185	71	150
539	184	71	152
537	185	72	151
538	184	71	152
539	183	69	153
539	183	69	152
541	181	66	154
543	180	64	156
545	180	63	154
550	178	58	153
550	175	58	153
551	174	55	155
553	172	54	157
555	173	53	155
556	172	53	153
555	174	52	151
556	174	51	152
556	175	50	152
556	175	51	152
556	176	51	151
554	176	52	152
554	176	52	154
553	175	53	154
554	176	53	152
554	177	55	151
555	177	54	149
554	178	56	153
554	178	55	150
554	179	55	149
552	179	56	149
551	179	56	149
550	180	57	147
548	180	58	146
546	182	59	146
543	183	59	145
540	184	61	142
536	184	64	146
533	184	65	146
528	185	67	144
522	185	69	144
519	187	70	141
517	188	69	140
519	190	64	139
518	190	58	140
512	191	59	139
504	190	62	139
500	190	67	139
497	190	63	136
497	190	63	136
495	188	57	135
492	186	63	139
491	186	64	135
491	186	67	135
491	186	70	133
492	185	72	134
494	186	68	136
498	184	64	141
500	184	65	139
508	184	60	139
510	184	60	138
509	184	63	138
505	184	66	135
497	185	73	133
489	188	80	130
482	189	86	127
478	192	88	126
474	194	90	122
469	195	90	123
466	197	88	121
463	195	84	123
460	196	71	122
457	196	67	122
455	196	65	120
455	194	66	122
454	194	68	123
449	190	73	131
445	190	75	127
442	190	74	127
440	191	70	126
436	193	70	124
435	197	70	119
435	199	69	119
437	200	68	118
439	201	66	115
439	200	69	115
440	197	73	119
440	198	75	117
441	198	78	117
450	194	71	121
457	193	69	124
463	188	63	128
466	187	61	128
465	184	64	132
464	184	62	134
460	184	64	133
458	184	68	133
457	186	69	131
457	191	67	126
454	192	61	125
454	195	58	123
452	201	52	116
450	203	50	112
447	204	50	112
446	206	49	109
445	206	52	108
443	207	50	108
443	208	49	108
440	208	50	108
439	206	49	109
438	205	50	110
436	205	49	112
436	205	48	111
436	205	49	112
434	204	48	111
433	203	46	113
431	202	46	115
429	201	46	116
428	201	47	116
428	200	47	117
429	200	48	116
432	201	49	114
432	200	51	114
434	198	53	116
437	197	52	116
439	194	52	120
441	192	52	122
445	191	53	121
448	191	52	120
453	191	51	118
458	191	47	118
462	191	47	120
464	189	49	119
463	188	51	121
465	188	52	121
465	187	54	120
466	186	55	121
465	185	56	120
467	185	56	120
467	184	57	121
469	183	56	121
471	183	55	121
473	183	55	122
472	182	55	122
474	183	55	122
474	184	56	121
474	184	57	120
474	184	57	121
475	183	57	120
475	183	56	119
476	182	55	120
477	183	55	120
477	183	54	120
478	183	53	121
478	182	53	121
478	182	52	122
478	182	52	124
478	182	52	123
477	181	53	123
478	182	53	123
479	181	52	124
480	181	53	124
482	181	53	123
482	180	53	125
483	181	53	125
485	180	54	127
487	179	53	127
489	180	52	126
493	179	52	126
496	180	50	125
498	179	49	124
500	179	50	126
501	179	49	125
502	179	48	125
503	180	48	123
502	180	48	123
503	180	48	124
503	180	48	122
504	180	48	123
504	181	48	123
502	181	50	125
500	182	51	121
500	181	50	122
501	181	50	123
501	182	52	122
502	182	53	121
503	182	53	124
503	182	52	122
505	183	51	121
506	182	51	124
507	183	53	125
509	183	50	123
512	182	53	124
514	182	53	125
515	183	58	124
516	184	62	122
517	183	63	122
517	182	63	120
518	183	62	121
518	183	58	122
518	183	57	122
519	182	56	122
518	182	57	123
518	182	57	123
519	182	57	124
519	182	55	124
519	181	54	125
522	182	50	124
524	182	48	125
527	182	46	125
528	182	46	125
529	182	45	126
528	181	44	128
527	182	44	126
527	183	45	123
526	183	47	123
525	183	48	123
523	182	47	122
520	181	48	122
518	180	47	124
516	179	47	124
514	179	47	125
515	179	48	126
516	177	45	127
516	175	46	128
515	175	46	130
518	175	43	130
518	173	45	131
518	174	48	129
518	175	55	129
517	174	64	127
516	174	70	126
517	173	72	128
517	174	76	127
515	175	78	127
516	175	80	126
516	174	81	126
516	175	81	126
518	176	79	127
519	176	76	129
521	175	70	131
528	176	62	131
537	176	52	129
538	175	50	131
540	177	51	133
541	177	52	133
543	178	53	131
547	179	54	128
551	179	53	129
551	179	57	129
551	180	58	128
552	180	60	128
551	180	61	129
553	181	59	127
554	180	59	129
555	180	59	131
558	179	58	133
561	177	54	135
561	178	54	135
566	178	49	134
569	177	46	134
569	175	47	135
567	176	54	134
565	177	61	133
562	176	66	134
559	177	71	132
556	176	69	132
549	176	73	132
545	176	69	131
541	175	70	133
537	176	68	133
535	175	68	132
535	175	65	132
535	174	64	133
535	174	63	134
536	174	60	134
537	176	57	134
535	177	53	134
535	177	54	133
533	178	54	132
531	177	57	133
530	176	57	134
530	176	57	135
530	175	57	135
529	175	58	134
529	175	58	134
529	175	59	135
528	175	60	134
528	174	61	136
528	174	60	135
529	175	61	135
528	174	61	135
526	174	60	137
525	173	61	138
524	174	60	137
524	172	58	139
524	172	56	137
525	172	57	137
526	172	57	136
527	171	57	138
528	171	57	139
529	171	56	139
529	173	55	139
528	174	56	135
526	176	56	133
523	176	57	132
519	176	59	132
517	175	60	132
513	173	60	135
510	173	62	136
506	172	63	134
502	173	62	132
500	173	64	129
485	179	75	125
484	175	74	130
487	179	74	129
486	178	70	131
485	180	71	132
485	181	64	131
480	179	65	135
469	168	78	145
464	157	90	158
469	143	98	173
473	145	90	176
478	146	78	171
481	157	66	158
481	165	59	148
483	162	61	153
481	174	55	142
481	175	56	139
483	174	59	142
483	166	61	147
483	172	56	141
482	172	54	141
481	172	53	141
483	167	54	147
482	145	50	163
483	139	53	167
479	143	69	163
470	144	74	165
465	142	76	167
460	144	80	162
458	145	83	160
452	150	85	154
448	153	86	153
454	147	88	161
447	148	93	161
448	145	106	168
447	143	103	169
449	143	101	171
450	141	99	172
451	143	93	170
451	141	89	172
453	141	82	173
453	140	77	174
455	140	73	170
458	140	67	170
459	151	69	159
457	157	75	151
458	159	79	150
468	156	82	148
456	150	79	159
464	151	82	158
467	155	77	153
478	158	75	149
499	162	76	140
501	164	69	138
499	164	71	136
497	166	72	135
501	164	79	140
497	171	81	133
497	170	80	132
499	170	68	129
502	173	58	125
507	170	54	129
508	170	52	127
507	169	54	127
506	169	55	126
511	168	52	126
513	167	53	128
514	167	52	127
514	167	52	128
516	165	51	128
516	165	51	127
517	166	50	126
519	165	49	126
520	167	48	124
520	167	49	124
521	167	50	125
521	167	50	124
520	167	51	123
520	168	51	123
522	168	51	123
520	168	52	123
521	168	54	123
523	169	55	122
550	167	65	121
540	168	75	122
536	168	77	121
542	169	71	118
545	168	70	116
541	167	70	116
545	167	68	119
546	169	65	118
538	165	70	121
531	153	75	135
529	151	78	141
525	149	81	146
516	151	79	147
523	150	76	149
521	145	70	155
516	143	73	157
516	145	73	153
488	156	73	141
490	159	72	136
490	159	71	137
490	159	69	136
491	157	67	138
492	158	60	137
492	158	61	137
489	159	61	137
488	159	65	140
487	159	64	139
490	158	59	140
490	158	62	142
488	161	63	142
487	161	63	141
487	160	60	141
491	160	59	140
496	161	62	136
485	158	62	142
489	158	64	139
484	160	66	139
481	162	65	139
482	163	72	136
479	162	70	140
478	162	70	139
478	162	72	139
475	162	70	141
477	161	72	140
476	161	71	141
483	161	71	139
479	161	69	140
485	161	70	140
485	162	66	140
484	162	68	141
486	162	67	140
487	162	66	141
492	162	65	140
492	160	68	142
499	159	68	144
498	162	65	141
517	159	65	140
521	154	62	141
528	152	59	143
535	144	57	148
527	150	64	147
535	147	57	145
610	168	52	128
611	168	55	127
612	167	54	128
614	166	55	130
614	166	63	130
616	163	71	133
618	161	72	134
617	159	72	137
618	160	68	135
621	160	65	136
620	160	64	134
627	161	59	131
626	161	59	132
627	162	59	131
627	161	60	134
631	160	58	134
635	159	57	136
638	159	56	134
643	159	56	134
644	159	58	137
645	158	58	137
647	158	58	137
648	158	59	139
650	158	60	140
652	158	60	137
653	158	62	138
654	158	64	138
656	157	64	138
658	158	63	137
660	158	61	140
661	158	61	140
663	157	60	139
550	168	56	128
550	167	55	126
550	168	55	129
550	168	55	126
549	168	55	126
549	167	55	125
547	167	55	124
546	166	55	126
545	167	55	127
543	167	55	128
541	168	55	126
539	168	56	126
537	167	56	127
534	167	57	129
531	166	58	131
528	165	59	132
527	165	59	132
525	165	60	132
524	165	60	134
523	165	62	136
523	165	63	134
523	165	62	134
524	165	59	135
524	165	58	132
525	166	57	130
524	167	58	129
527	166	57	130
527	166	58	130
528	166	58	130
529	164	58	130
529	164	59	132
529	164	59	134
529	164	60	132
527	164	61	133
525	164	57	133
524	163	57	132
523	162	59	133
523	161	59	134
522	160	61	137
521	160	62	138
521	161	63	137
521	161	62	138
521	160	63	138
520	162	64	138
519	161	65	139
516	162	67	138
516	161	66	139
515	161	66	140
515	160	65	140
515	159	63	142
515	160	61	141
515	160	60	140
515	160	58	139
517	159	56	140
513	160	58	140
511	159	60	138
510	160	62	137
509	160	64	137
511	160	63	136
512	160	64	136
514	160	64	136
515	159	63	137
517	159	62	138
516	158	63	139
514	158	63	139
512	157	65	139
509	157	66	139
507	156	69	141
506	156	70	142
506	156	71	141
506	155	71	143
505	156	73	143
505	156	76	144
508	155	77	145
514	155	76	142
518	154	74	142
521	154	72	142
524	154	71	141
525	154	69	140
527	153	68	142
530	152	66	145
532	151	64	146
535	150	63	146
538	149	63	146
542	148	62	147
543	146	64	145
540	146	69	144
540	146	73	141
538	147	77	141
540	147	77	143
539	148	80	142
540	148	79	144
541	147	78	145
541	147	79	145
540	143	74	147
537	144	69	146
534	144	67	147
531	143	63	149
528	143	65	149
523	143	67	147
522	143	67	146
519	144	71	144
518	144	75	143
519	144	75	144
518	144	77	143
518	145	79	144
517	143	78	148
517	142	78	149
516	140	78	151
517	139	73	153
516	139	69	151
517	137	68	152
516	136	65	154
516	137	63	153
512	136	63	153
506	136	68	152
494	136	82	151
491	137	86	149
490	140	88	147
493	139	86	148
492	139	88	148
494	139	88	148
494	138	86	150
496	137	84	151
499	136	78	150
500	137	69	149
499	138	65	148
498	137	64	148
495	134	64	151
490	135	70	151
488	135	73	150
486	134	77	150
486	136	78	150
485	135	81	152
486	135	83	153
488	136	82	151
490	136	82	152
492	137	80	152
494	137	75	154
497	136	72	153
502	137	69	154
505	136	66	155
509	136	63	155
510	136	62	154
515	135	61	154
516	135	63	155
513	135	71	155
512	137	76	153
508	135	82	154
508	135	86	155
510	135	86	157
511	135	88	156
510	135	89	156
509	135	90	156
508	135	91	157
508	134	89	158
508	135	81	157
508	135	77	156
506	134	73	156
505	134	70	155
501	135	71	153
500	134	69	154
498	132	72	155
497	133	74	154
497	134	75	154
497	134	78	153
497	134	78	155
496	133	81	155
498	135	83	154
501	133	82	157
504	132	79	158
507	131	75	159
508	129	73	160
509	129	71	159
509	128	67	160
511	127	64	160
510	126	66	161
510	125	66	160
504	125	71	163
498	128	78	159
489	128	87	160
482	128	92	162
482	128	93	161
482	128	92	161
482	128	91	161
483	128	90	162
482	127	89	163
483	128	88	163
482	128	85	164
479	128	84	163
476	129	80	163
474	129	82	163
472	130	82	163
472	130	83	162
469	130	85	161
469	129	87	162
470	128	86	163
472	129	84	163
474	128	83	161
478	128	82	160
479	128	86	160
482	127	87	162
484	126	88	162
486	124	88	163
487	123	89	163
487	123	88	164
485	122	87	165
484	122	86	165
482	122	81	164
480	123	80	162
479	123	71	162
478	122	67	165
479	123	64	163
479	123	63	163
478	122	64	163
470	122	72	163
459	122	86	162
453	122	94	163
458	121	92	165
460	121	92	163
460	124	95	163
461	121	96	163
462	122	95	162
463	122	92	164
467	120	88	165
470	119	85	165
471	120	82	163
472	119	79	165
474	118	76	166
476	117	71	167
473	116	67	165
473	116	66	164
469	116	68	163
466	116	73	165
467	116	74	164
460	117	83	162
463	118	84	161
466	117	85	162
468	118	86	164
470	117	84	165
473	117	81	165
475	117	78	164
472	116	76	166
470	115	71	166
469	116	71	166
466	116	77	164
467	115	76	168
464	115	75	167
463	115	72	170
462	115	72	171
460	115	71	170
458	116	70	172
454	115	74	170
446	116	82	169
441	117	86	168
441	117	86	167
440	117	83	168
444	116	80	169
444	116	81	170
441	116	89	169
439	118	88	168
435	116	83	172
430	118	80	169
427	118	81	174
425	118	84	172
423	116	85	177
422	117	84	175
419	118	86	178
419	114	84	188
420	107	81	195
428	92	96	207
431	77	98	237
430	71	98	254
428	67	100	261
428	69	97	255
421	71	98	254
409	74	109	251
401	119	113	202
403	123	105	200
409	128	96	192
409	109	100	208
406	106	111	212
405	99	117	221
403	82	121	237
397	81	128	237
391	78	131	243
392	88	122	232
384	82	121	236
384	82	121	234
423	96	87	213
435	106	79	195
436	111	68	183
438	115	66	178
435	116	66	179
433	117	67	181
430	118	69	180
426	118	72	178
423	118	73	182
419	117	77	179
418	118	76	181
418	119	81	180
417	118	81	181
416	118	82	184
417	119	83	183
419	119	83	182
419	119	85	182
418	117	86	186
420	117	86	186
422	118	87	185
427	119	86	184
433	119	87	185
435	120	87	186
438	120	87	190
441	121	86	189
443	122	85	191
446	123	83	189
447	125	83	186
447	124	82	188
448	124	83	190
450	124	83	193
451	125	85	191
452	124	86	193
453	125	85	192
453	125	85	192
453	127	82	191
454	129	80	199
452	134	80	200
451	135	79	202
449	137	79	204
448	140	79	202
448	141	77	205
448	148	76	212
445	154	79	202
446	158	79	204
445	163	79	198
446	164	79	200
445	167	82	202
446	169	86	198
447	171	89	201
449	174	90	201
453	175	90	200
457	173	91	199
458	172	93	198
460	172	93	201
462	174	94	202
465	177	92	202
469	179	92	204
468	178	93	202
467	176	90	202
466	174	91	202
464	170	88	204
462	167	87	200
464	167	85	203
462	164	86	203
461	161	85	202
461	159	84	206
459	158	86	207
456	155	87	206
455	152	86	211
452	152	88	211
450	151	89	212
446	150	92	212
443	150	94	209
440	149	96	209
439	148	95	211
436	148	96	209
435	147	96	209
433	147	95	209
434	147	92	209
433	147	92	212
432	148	91	209
430	148	91	212
430	148	91	210
429	148	91	209
429	148	92	210
429	148	92	210
430	147	95	211
429	145	95	211
428	144	96	215
426	143	97	212
424	141	98	215
422	141	98	216
421	140	99	217
418	139	100	217
417	139	101	219
416	139	99	220
415	139	99	221
414	139	100	222
414	139	99	221
413	140	98	221
414	140	98	220
413	141	97	218
414	141	95	220
415	139	96	223
414	139	96	222
415	137	97	224
417	137	97	225
417	136	97	226
417	135	98	226
418	135	99	226
418	134	99	228
419	133	99	228
419	133	99	228
418	133	100	229
417	133	100	228
415	135	102	227
411	135	104	227
409	136	104	227
407	136	104	227
406	136	104	226
401	137	105	227
399	137	105	226
398	136	106	226
394	135	105	228
392	134	106	229
389	133	107	229
386	133	109	230
384	133	109	230
382	133	106	230
380	133	107	232
380	134	104	232
377	131	105	235
376	132	104	235
376	131	103	237
376	131	102	238
375	131	102	238
374	131	101	239
373	131	102	240
373	132	102	239
372	130	102	241
372	129	102	243
372	126	102	245
372	126	101	247
371	125	101	247
371	124	101	248
369	123	101	249
367	123	101	249
366	123	102	250
366	122	102	251
366	122	102	251
365	123	100	250
362	122	101	250
359	123	102	249
354	124	105	248
353	127	104	244
349	127	106	242
349	132	107	239
347	130	108	241
346	135	106	235
337	147	111	220
332	164	112	204
338	169	107	201
327	177	113	190
319	183	115	191
268	182	118	188
316	170	112	207
316	177	100	192
298	185	107	188
265	174	102	201
264	167	102	204
267	176	94	194
259	184	97	187
265	168	91	194
260	181	105	184
261	182	101	187
260	179	96	189
255	180	93	192
259	183	83	186
165	155	81	209
168	157	85	208
166	154	85	219
173	155	82	213
168	155	87	217
176	155	83	211
174	153	87	215
183	151	83	214
189	150	89	212
192	151	92	222
199	154	84	221
215	153	89	224
207	149	91	229
216	142	88	237
217	136	97	245
228	138	101	246
230	134	98	247
231	129	103	252
222	120	111	261
222	119	117	260
217	122	116	258
213	121	116	257
209	128	111	251
206	124	108	258
203	119	102	264
203	128	95	254
248	154	86	226
239	154	88	219
256	160	87	210
256	158	82	205
253	162	85	197
202	164	97	198
263	159	81	208
273	175	87	186
274	171	83	191
268	173	84	188
251	210	100	151
280	193	87	168
302	150	75	204
285	201	91	163
284	193	85	170
286	179	84	181
293	174	82	186
281	187	88	174
287	181	82	179
280	181	82	179
280	183	81	178
280	184	80	176
281	183	77	176
280	185	85	175
281	182	93	177
272	190	86	175
270	182	81	179
277	178	84	177
343	162	77	191
339	161	77	195
337	164	78	189
333	165	81	190
331	162	84	190
329	159	82	189
326	157	85	189
322	154	85	194
318	153	84	195
317	151	86	197
313	148	87	199
309	148	89	198
304	146	93	197
302	145	93	196
298	142	97	200
