528	435	82	102
512	436	82	103
500	436	81	104
491	437	80	105
482	440	79	104
475	440	79	106
470	440	80	104
468	441	82	102
465	440	80	104
462	440	82	104
458	440	84	104
454	442	83	102
449	442	85	102
447	442	85	103
444	442	87	101
444	446	86	99
441	443	88	99
440	445	88	96
440	447	89	95
443	448	88	93
446	449	86	92
448	445	85	91
449	444	82	86
449	441	77	88
446	439	79	100
444	437	84	102
441	436	80	101
441	435	81	101
439	435	78	100
439	436	77	100
442	437	76	102
446	439	78	99
454	441	76	98
461	442	77	96
470	444	78	94
478	446	78	92
484	444	77	95
489	450	78	89
491	453	80	86
494	457	81	82
496	459	82	81
499	459	83	81
503	459	85	79
512	460	84	78
520	460	83	77
529	461	86	76
539	460	88	77
549	460	90	78
556	463	95	67
562	462	103	61
569	460	107	61
573	456	111	63
572	449	113	62
568	442	116	63
560	435	114	64
547	433	116	65
529	433	119	63
512	435	112	67
488	432	117	72
491	421	106	78
492	403	106	79
500	379	109	81
525	365	96	72
550	354	87	63
564	349	88	55
574	350	94	52
587	351	91	56
602	368	92	52
613	386	85	55
605	404	90	61
600	422	90	69
580	420	102	87
587	425	94	90
587	433	90	83
590	436	87	82
594	437	85	87
599	438	84	87
604	439	82	87
608	439	81	89
612	439	79	92
616	441	80	88
619	444	77	86
622	445	74	85
629	441	74	87
638	435	80	84
641	424	84	84
639	408	84	86
631	395	82	85
618	384	81	83
605	377	83	87
595	376	79	88
585	377	75	92
560	378	71	95
535	372	69	96
531	364	73	93
543	355	78	91
568	348	76	86
595	354	76	71
616	357	81	73
629	372	94	73
665	380	79	80
682	396	83	85
696	414	80	84
695	428	82	82
674	434	94	87
670	439	86	89
664	443	80	90
649	442	79	94
634	442	80	101
622	443	73	96
615	440	73	94
610	440	70	92
608	438	70	90
608	436	70	90
611	434	70	90
616	432	71	89
623	432	71	90
631	436	70	87
639	439	70	87
646	441	69	86
653	445	68	83
659	448	69	83
663	449	68	83
665	449	69	84
665	448	69	84
666	449	70	82
665	448	69	83
662	450	69	83
660	451	67	82
657	453	65	81
654	453	66	82
650	454	65	83
647	453	65	83
645	454	66	83
644	454	67	84
643	452	66	84
643	449	67	84
643	446	69	85
645	443	68	85
646	442	69	86
649	441	69	87
653	440	69	87
659	439	68	89
663	438	68	88
666	436	69	89
667	433	70	90
669	431	71	91
669	430	73	90
669	428	75	89
668	427	77	89
668	427	78	85
666	422	79	82
663	419	84	79
660	418	89	74
653	418	85	69
648	417	86	70
645	414	85	73
639	414	85	73
633	414	85	73
629	417	82	72
622	417	84	73
617	415	86	76
609	414	93	77
603	414	93	74
596	412	94	73
589	408	96	70
584	407	96	70
582	406	92	70
578	404	89	69
570	408	89	63
566	409	79	63
561	410	73	68
554	415	70	70
547	417	72	72
541	419	71	76
537	420	71	79
534	422	71	79
532	422	70	82
531	423	71	81
529	424	70	82
529	421	70	86
528	422	70	85
531	421	69	87
533	424	69	85
535	423	69	87
538	426	69	85
542	427	69	86
544	427	69	88
544	426	69	89
543	429	69	87
543	428	69	89
541	431	68	87
540	432	69	89
539	435	70	88
538	436	71	87
541	436	72	87
545	436	72	84
549	437	80	81
552	439	94	73
549	438	100	68
541	437	103	66
529	436	102	67
514	433	96	74
497	433	93	82
484	432	85	89
455	427	89	100
445	413	75	101
441	385	84	93
454	364	81	74
481	347	77	55
514	335	71	46
535	333	81	40
582	336	67	43
609	341	69	44
627	349	70	50
636	362	76	65
645	377	79	74
643	391	85	77
645	409	85	82
641	414	85	87
644	421	80	88
641	424	79	89
638	425	78	88
633	429	77	87
630	434	75	85
628	439	73	88
629	444	71	89
630	450	69	90
629	455	69	90
627	459	68	86
621	462	63	83
603	460	66	89
585	457	61	90
557	447	67	82
523	438	83	84
500	424	101	78
479	417	98	75
485	411	101	71
481	407	99	69
482	408	94	69
484	409	83	72
497	410	74	74
514	413	71	76
531	417	68	79
548	421	69	80
564	423	70	82
577	426	73	85
587	429	73	87
596	431	74	86
602	430	74	89
608	431	73	90
612	428	74	94
615	426	74	96
617	424	73	96
619	422	75	97
619	421	73	96
620	418	71	95
620	414	71	94
621	412	71	93
623	410	71	92
626	406	72	92
629	405	72	94
632	404	71	92
632	404	71	92
634	404	73	92
633	404	73	92
629	404	73	93
625	405	74	93
619	405	73	95
611	405	72	95
599	406	74	95
587	407	74	94
575	410	75	92
561	410	76	93
547	413	76	93
534	414	75	96
516	416	77	95
501	418	77	94
486	420	76	95
472	422	76	93
462	425	75	91
454	429	74	87
450	426	74	90
447	429	75	90
447	427	75	90
447	426	75	90
449	428	77	88
451	428	77	88
455	428	77	90
457	430	76	89
459	431	77	87
462	432	77	92
466	431	77	92
470	433	78	89
476	433	78	91
482	434	76	90
491	436	76	82
505	437	81	78
519	440	93	75
531	444	104	70
541	441	111	67
554	437	110	67
558	437	115	65
557	438	113	68
547	442	113	70
538	445	115	70
540	442	111	75
552	418	111	89
599	388	92	79
622	355	92	64
637	319	91	61
646	306	89	60
639	318	96	56
640	315	89	62
637	292	106	58
643	287	103	66
666	316	92	59
670	347	85	58
645	394	88	56
630	407	93	60
617	411	94	70
611	416	90	73
602	421	90	74
587	423	86	80
573	426	85	83
562	428	83	84
556	432	80	84
553	437	77	83
555	442	75	84
563	445	73	85
572	449	71	85
578	453	72	85
589	453	74	85
609	454	75	83
617	451	73	87
621	449	70	91
622	452	65	88
630	461	57	84
632	461	55	88
617	451	59	90
589	431	83	85
566	413	111	73
548	396	111	67
534	388	105	65
513	389	98	66
494	396	96	76
481	408	88	86
479	416	78	95
482	418	77	94
496	416	81	97
521	421	80	94
549	430	79	91
583	444	74	94
611	461	69	91
623	477	66	67
630	487	60	57
626	495	60	53
622	499	59	56
622	499	57	58
621	498	57	57
621	497	58	59
619	500	61	57
619	500	60	53
619	501	61	53
619	501	59	52
619	502	59	52
619	503	58	52
619	503	58	52
618	502	58	57
618	502	57	57
617	504	57	59
614	504	59	56
610	505	59	53
610	506	56	51
608	507	52	51
606	507	51	52
604	508	51	55
602	510	52	55
602	511	51	54
601	510	51	54
600	511	51	54
600	511	48	55
594	515	51	53
592	518	50	52
588	521	49	51
585	523	47	52
584	525	47	50
583	527	47	47
582	528	45	45
581	526	45	47
586	524	41	48
590	520	40	51
588	517	42	53
585	514	43	58
579	512	49	57
572	508	54	49
556	504	66	56
539	500	66	55
529	492	64	64
494	484	71	70
486	471	65	89
474	459	72	86
467	450	73	90
461	444	73	87
452	441	73	90
449	444	75	88
446	447	75	91
443	449	75	94
440	451	75	96
439	449	75	99
436	450	75	100
435	449	76	99
434	448	76	100
431	448	76	99
430	447	76	99
426	446	78	100
423	449	78	98
422	449	81	98
423	452	79	94
426	453	78	94
429	453	84	87
433	454	90	75
436	455	99	70
439	453	104	69
443	450	108	64
440	446	112	64
435	442	114	66
427	439	113	67
417	439	113	68
404	443	106	69
398	439	105	74
402	427	99	81
416	403	99	85
437	387	98	72
469	361	91	64
495	347	85	55
508	341	86	45
511	340	93	41
528	324	84	53
545	334	83	60
551	350	84	61
545	372	88	63
546	393	89	69
550	399	84	80
545	407	78	81
539	416	77	80
538	421	74	80
539	426	74	84
541	433	72	85
543	442	71	86
546	452	68	89
548	461	67	90
554	468	64	85
562	474	62	83
568	476	64	85
574	476	65	90
578	476	66	85
585	472	66	92
596	476	62	85
607	473	61	86
616	473	60	88
623	472	59	88
627	469	57	90
629	466	56	92
630	464	56	92
625	462	59	92
620	463	61	91
616	463	62	91
613	462	63	92
609	462	64	92
607	463	64	92
606	465	65	91
606	466	65	91
607	466	67	91
611	465	67	91
615	464	70	91
621	462	70	92
629	460	71	91
641	455	74	91
660	448	75	90
689	454	80	71
720	455	93	62
765	440	96	63
787	417	99	69
802	398	83	68
802	382	73	75
787	374	74	78
768	382	79	75
734	398	84	77
677	431	80	66
588	435	85	72
551	409	72	74
514	378	70	59
503	357	74	41
502	333	76	42
506	320	74	48
510	317	73	53
518	321	70	51
523	334	71	44
527	354	64	42
526	368	69	42
526	385	66	47
529	402	67	62
531	416	68	73
535	424	66	78
539	429	65	79
543	433	64	80
547	437	62	80
550	440	60	79
554	440	59	81
557	442	58	81
559	444	57	82
558	451	63	84
551	460	67	88
541	472	65	86
533	485	60	76
531	496	54	63
530	510	48	56
537	518	45	50
555	523	45	47
568	527	50	40
580	528	53	37
593	525	62	36
610	517	94	46
606	486	73	79
595	508	72	63
583	484	68	78
564	474	77	81
527	446	83	66
517	428	104	61
540	400	115	91
517	366	105	101
483	350	90	98
527	296	93	103
597	290	85	83
581	270	74	91
577	229	71	80
565	219	86	71
568	217	86	75
569	216	86	76
571	215	86	76
574	215	87	76
576	213	87	78
579	213	89	76
582	211	88	77
584	212	89	73
587	213	87	81
588	211	87	81
588	220	92	90
591	231	92	100
599	262	83	90
597	253	80	79
593	217	86	86
589	217	90	83
587	215	90	83
587	222	90	85
629	288	91	75
634	288	80	83
619	295	83	80
605	273	85	88
585	267	88	103
580	283	90	92
560	283	89	93
495	211	96	87
486	211	94	83
480	212	96	88
477	217	98	95
519	272	108	92
485	294	112	98
405	451	73	88
408	462	59	91
407	454	64	90
402	449	69	83
397	445	71	86
391	444	74	88
384	440	72	91
377	444	76	91
373	447	75	93
370	447	76	96
370	450	76	95
370	450	77	99
369	450	78	100
369	451	77	99
368	451	77	100
367	451	77	99
366	451	78	100
366	452	78	98
366	451	78	98
365	452	78	100
367	452	79	98
369	453	78	99
370	453	78	97
371	455	78	98
375	454	79	97
384	455	79	90
395	454	77	85
407	454	76	84
418	454	76	83
432	456	77	82
442	458	77	82
446	461	84	78
449	461	87	77
452	463	90	77
455	464	97	73
462	466	104	70
487	465	109	71
499	458	112	67
509	455	115	66
512	446	118	67
519	443	111	66
512	440	110	67
505	439	107	70
466	443	121	70
447	446	113	74
428	443	105	81
414	425	87	97
397	398	81	97
393	377	86	73
405	359	79	54
427	353	75	57
443	349	77	42
460	350	76	39
471	351	72	41
478	359	72	55
487	360	74	72
486	396	86	79
494	410	80	85
490	418	79	89
487	428	79	84
485	431	79	84
488	431	78	85
493	432	78	83
499	433	78	82
505	435	80	79
510	439	84	81
515	444	86	79
519	447	87	78
526	452	90	78
531	454	92	78
535	455	91	80
530	454	95	82
522	449	96	83
509	441	95	82
492	437	91	82
476	435	83	84
447	437	77	87
415	440	76	88
393	434	72	93
376	424	86	87
375	407	91	75
389	388	83	67
408	375	79	53
425	374	77	39
442	371	76	38
454	375	74	42
463	382	74	53
470	386	75	75
473	402	76	84
474	411	79	85
475	415	78	86
472	421	79	86
472	429	77	83
473	434	76	84
475	437	75	84
481	440	75	84
487	446	76	82
491	450	82	82
491	452	91	81
491	455	93	77
490	455	96	76
485	457	101	73
477	456	104	74
467	456	106	69
455	453	110	67
439	452	112	68
422	449	107	70
401	442	107	77
376	439	109	77
351	439	111	76
328	425	109	89
328	403	84	93
322	382	82	89
329	360	85	80
345	348	81	93
361	352	84	92
385	347	92	53
411	351	81	49
428	360	82	53
438	372	89	61
451	375	87	77
456	414	91	75
458	428	83	78
449	433	84	84
439	434	84	90
431	434	83	90
421	441	80	86
412	443	78	86
403	445	76	83
393	450	76	80
383	449	75	83
375	451	77	86
368	455	79	84
364	457	79	84
360	459	80	86
357	460	79	93
353	464	82	87
339	466	93	85
328	464	100	89
326	465	101	94
329	468	98	101
326	462	87	98
333	463	72	93
333	466	78	86
332	466	83	84
333	465	83	87
333	465	83	88
334	463	85	94
336	462	84	96
338	458	84	99
341	458	84	96
345	458	83	97
350	454	81	100
356	455	83	94
369	451	85	92
387	447	84	84
415	448	82	78
448	449	89	70
494	451	97	60
543	437	94	65
562	430	114	60
585	412	110	61
587	399	115	60
594	389	105	60
600	381	99	66
594	383	100	63
590	390	91	72
549	414	83	75
487	430	73	82
437	412	55	91
392	385	87	61
379	346	102	69
382	312	86	84
393	297	75	67
401	294	70	65
404	298	67	56
400	314	69	52
400	336	69	52
398	365	79	46
397	385	79	47
402	397	72	57
407	407	71	69
414	413	70	74
422	419	72	74
429	423	71	76
434	427	71	78
440	431	72	79
447	435	72	80
454	440	72	79
456	443	72	76
455	447	71	81
452	451	70	89
448	455	73	101
448	460	70	89
448	467	69	83
454	471	65	76
462	478	64	71
488	482	57	86
515	483	61	64
558	480	51	64
587	471	43	66
593	459	53	60
599	448	76	61
554	431	70	72
495	423	65	66
428	399	73	65
340	373	94	63
327	292	92	74
327	315	133	76
298	313	216	125
311	322	221	124
206	360	259	137
176	349	287	162
261	356	256	171
573	478	197	97
772	442	96	81
742	449	103	63
730	446	111	60
695	429	136	80
686	419	121	93
659	422	111	89
614	406	121	106
601	399	76	85
599	399	68	75
597	395	73	62
592	396	76	62
580	405	66	97
577	402	69	98
580	399	74	99
580	398	78	99
588	395	75	103
599	392	70	101
614	391	64	102
627	390	60	102
642	388	53	99
658	389	51	96
672	388	53	92
680	390	58	83
695	412	60	68
