308	169	57	97
305	170	56	94
302	171	57	93
298	175	57	95
293	178	58	94
288	179	59	93
282	179	60	94
275	179	61	95
260	179	63	94
254	179	63	93
247	178	62	93
240	180	61	92
233	180	59	94
225	185	55	97
224	189	52	98
223	192	52	97
222	193	52	98
222	193	53	99
220	186	54	102
218	180	55	105
216	178	55	103
214	171	55	103
211	169	54	101
205	175	56	94
201	179	56	93
199	186	56	90
198	190	55	92
196	193	55	89
195	197	56	87
196	196	55	90
196	195	54	91
195	193	54	92
194	193	57	90
195	192	55	90
196	193	54	90
197	197	55	90
198	201	56	95
200	206	59	93
206	212	59	93
208	211	59	92
211	211	59	94
214	211	58	94
216	208	58	95
219	208	57	93
220	209	57	92
221	210	56	91
222	213	56	91
222	215	56	91
221	218	56	90
221	219	56	91
221	219	55	90
221	216	55	93
221	215	55	93
220	212	55	94
219	213	57	90
221	213	56	90
221	213	57	91
222	213	59	91
224	212	60	92
227	203	55	99
226	206	57	98
226	206	58	93
227	205	57	93
228	204	57	93
230	204	56	92
230	205	57	91
232	205	56	92
234	208	56	92
236	209	58	90
238	208	58	91
239	208	60	91
238	207	60	93
238	199	61	100
242	194	59	105
243	209	59	93
243	211	58	91
243	212	57	89
243	213	55	89
241	214	55	90
241	214	55	89
240	215	55	90
239	214	56	90
238	212	57	91
238	212	56	90
238	211	56	91
237	209	56	91
238	210	57	91
238	208	56	91
237	208	57	91
237	207	57	92
237	206	57	92
235	205	56	91
234	203	56	92
231	202	55	91
230	203	56	91
228	202	56	91
227	204	55	90
225	205	56	88
225	207	56	88
224	207	56	89
224	208	56	90
225	208	56	89
225	209	57	88
226	209	57	89
228	209	57	88
230	209	57	89
231	209	57	91
233	209	56	93
234	206	55	98
234	209	55	95
236	207	54	96
236	209	54	95
236	207	55	95
234	207	56	94
234	204	54	98
234	201	55	100
234	201	55	98
235	197	58	100
244	191	60	103
253	191	61	100
260	189	63	101
270	188	63	102
282	189	67	103
298	188	65	105
301	189	69	105
308	188	65	107
315	191	65	103
316	189	64	104
316	190	65	103
317	189	68	104
312	189	69	103
328	184	65	108
319	189	75	105
301	194	67	101
310	197	68	98
298	202	58	95
304	201	51	92
303	204	51	87
300	203	52	88
299	206	50	88
299	209	52	85
302	210	52	86
302	212	55	83
376	215	53	86
365	206	61	97
371	209	62	94
373	211	58	92
368	211	64	94
369	208	65	101
371	209	64	95
370	209	62	98
368	212	66	96
300	200	62	106
302	205	63	100
296	203	69	102
232	195	58	115
232	197	58	111
232	197	59	114
238	199	56	111
238	204	57	106
246	208	63	98
252	205	59	103
306	203	62	102
310	210	61	94
312	205	59	97
313	209	57	92
313	209	58	93
313	203	59	98
312	209	59	94
305	208	67	93
308	205	61	95
303	207	63	95
233	205	70	103
232	199	64	103
216	201	71	91
205	192	69	88
196	187	69	88
183	181	66	89
172	179	63	91
156	180	63	93
149	179	60	98
145	184	56	100
143	190	56	101
144	195	58	101
149	210	62	95
153	213	66	94
157	215	71	93
163	211	68	101
170	212	69	97
177	209	71	101
179	217	70	95
182	213	69	98
184	210	68	101
183	210	70	101
187	213	67	98
189	212	67	97
190	213	67	97
193	215	65	95
192	215	60	96
192	214	61	96
192	216	62	94
192	216	64	93
193	216	63	92
194	216	64	92
194	216	64	94
195	216	64	94
195	217	64	94
195	218	64	94
197	217	62	94
197	219	61	94
197	219	61	95
197	219	61	95
197	220	61	93
200	219	64	94
198	221	66	93
197	220	68	93
199	219	66	94
201	219	65	94
201	216	64	96
203	217	67	96
205	217	66	96
205	217	66	97
206	216	67	96
209	217	66	95
213	216	63	95
214	217	66	94
216	218	65	94
217	217	67	93
219	217	65	94
220	218	64	94
221	217	65	94
221	217	65	94
220	218	67	93
220	217	65	93
217	218	67	93
215	217	68	93
210	217	68	94
207	216	67	93
204	216	65	94
198	214	64	94
196	215	65	93
193	215	65	93
192	214	64	93
190	213	64	93
188	213	64	92
187	214	64	91
187	213	63	91
187	212	63	91
186	212	64	91
186	210	64	91
186	209	65	91
185	209	65	91
183	209	64	92
182	210	64	92
181	210	64	94
181	211	63	94
180	213	64	93
183	214	63	92
183	213	63	93
189	213	63	93
190	214	64	93
191	214	63	93
194	215	61	94
195	217	61	93
200	219	62	94
204	219	61	94
207	221	64	93
211	220	66	92
215	220	68	92
228	218	73	94
236	218	75	93
246	216	75	95
255	216	77	94
262	216	78	95
280	217	71	95
285	217	70	94
291	217	69	94
296	217	66	94
295	218	66	94
295	217	66	93
295	217	64	93
298	215	62	92
293	216	63	93
294	215	61	91
287	215	63	92
284	214	66	92
279	214	67	92
277	212	66	92
272	212	69	93
268	211	66	93
266	210	66	92
264	210	67	93
264	209	66	92
262	209	66	93
259	210	67	93
257	210	67	93
255	210	66	94
253	212	67	93
252	212	66	92
247	212	65	92
242	214	68	93
240	214	68	92
237	214	69	93
234	214	68	93
228	215	68	92
226	215	67	92
226	214	67	93
226	213	66	93
225	214	65	92
223	213	65	92
224	212	64	91
217	213	75	91
213	209	80	92
258	139	71	99
225	152	65	140
205	139	72	141
188	150	77	121
180	160	66	116
171	164	63	118
205	203	76	93
201	204	78	93
195	200	79	97
155	181	63	115
154	179	62	116
154	178	59	118
154	179	61	115
154	180	60	114
155	181	61	114
155	179	62	117
159	183	62	113
161	182	61	115
161	182	61	116
162	184	62	114
164	184	61	114
165	183	60	114
166	184	60	115
167	192	58	107
167	203	58	97
166	208	60	91
165	208	59	93
164	210	59	93
165	210	58	93
164	210	58	93
164	210	58	92
164	211	59	92
164	211	59	93
165	212	59	94
166	212	59	93
167	213	59	93
168	214	60	93
171	212	62	95
172	213	62	95
174	214	61	95
176	213	61	94
178	211	60	95
180	211	59	95
181	211	59	94
183	210	58	95
184	210	57	94
185	208	56	93
185	206	55	93
185	206	56	93
183	205	56	93
183	203	56	93
182	203	56	93
180	204	56	93
178	203	57	93
177	203	58	93
175	202	58	93
173	201	57	93
170	200	56	94
168	199	56	93
166	198	56	94
163	199	56	92
159	198	56	92
156	200	55	91
153	200	55	92
152	202	55	91
150	204	56	90
150	204	55	91
149	206	54	91
149	205	55	91
148	207	56	91
149	208	56	91
151	210	54	91
153	213	55	93
154	215	55	93
157	217	56	93
160	218	58	93
163	218	58	94
169	218	60	93
175	217	60	94
180	216	60	94
184	214	62	94
188	213	63	95
194	211	60	94
197	209	58	94
198	207	57	93
197	206	57	93
195	204	57	93
188	200	59	92
182	198	59	92
175	197	60	92
167	197	65	92
159	196	69	92
148	197	61	92
144	196	61	91
139	196	62	91
133	195	62	91
131	195	58	91
127	196	57	91
125	197	56	90
123	197	55	90
123	198	55	90
123	199	55	92
124	201	57	93
126	203	56	92
129	206	60	92
131	207	63	91
135	209	60	92
142	210	62	92
146	211	61	91
150	210	58	92
154	210	57	92
158	207	56	97
162	203	54	102
163	206	54	99
162	206	55	98
162	202	57	102
162	200	57	103
160	203	57	98
156	199	57	96
155	190	56	101
153	182	57	100
153	159	60	110
157	138	62	111
163	136	66	101
180	127	64	107
191	122	67	102
212	121	60	103
234	121	70	98
247	117	80	109
262	117	89	108
263	113	102	103
298	157	95	95
240	207	144	78
182	204	73	88
188	205	70	87
193	206	71	87
199	207	71	86
208	208	70	87
211	209	69	86
215	210	68	86
218	212	68	86
219	214	68	87
221	216	68	87
220	217	66	87
219	218	66	86
215	220	65	87
212	221	68	86
205	223	67	87
201	223	67	87
194	223	68	87
188	223	70	87
184	222	69	87
175	221	69	86
172	219	69	85
168	217	68	86
164	215	68	86
161	212	69	86
157	209	67	86
154	206	73	85
153	202	70	86
150	201	71	86
148	198	73	85
146	196	72	85
144	195	71	85
144	195	68	86
143	196	67	86
142	197	69	85
140	198	69	87
140	200	71	87
140	202	73	87
142	203	74	88
145	206	72	88
151	211	74	88
156	212	74	88
162	215	73	89
167	217	73	88
174	220	73	88
186	221	78	89
191	222	77	88
197	223	75	89
203	224	75	89
208	224	74	89
217	223	74	89
221	221	73	90
224	221	73	89
227	218	72	89
228	217	70	88
227	215	73	89
226	214	72	88
223	212	74	89
221	209	72	90
216	207	74	89
210	204	76	90
204	204	77	88
198	203	82	88
193	203	78	88
187	203	77	87
181	205	75	86
177	205	74	87
176	205	71	88
174	207	72	88
175	209	70	88
175	212	70	86
177	212	71	87
179	213	71	87
181	213	72	88
184	213	72	88
187	214	71	88
192	214	72	88
195	214	73	87
198	214	73	87
199	213	71	88
201	213	72	87
203	213	74	88
206	211	72	88
208	210	71	88
208	210	71	88
208	210	71	87
209	209	70	88
207	208	71	88
207	207	71	88
206	206	71	87
205	205	71	88
203	204	71	87
202	203	70	87
202	204	70	87
200	203	71	88
199	205	71	88
200	206	69	88
200	208	68	88
200	209	69	88
202	210	69	88
205	211	70	88
210	209	72	88
213	206	72	89
217	205	73	89
220	204	71	88
224	205	72	88
227	207	71	88
228	209	70	88
231	210	68	88
231	212	70	88
232	214	69	88
230	213	71	89
232	212	70	88
231	212	71	89
231	212	70	88
232	212	70	88
234	212	69	88
233	212	72	88
235	213	71	87
236	214	71	87
237	215	69	87
236	216	70	88
234	216	72	88
232	216	72	88
229	215	71	88
227	215	71	88
225	213	71	89
223	213	71	88
224	212	69	87
223	212	72	86
223	211	71	87
230	211	74	87
234	210	73	87
238	210	75	88
244	211	77	88
251	209	74	89
263	210	75	89
267	210	74	89
272	210	75	88
276	209	73	88
278	208	72	89
278	206	72	89
275	205	71	88
269	205	73	89
264	206	74	87
256	206	77	87
247	208	77	87
242	209	76	87
238	209	76	87
233	210	75	87
232	209	74	88
230	208	74	88
228	208	75	87
228	209	75	87
229	207	74	87
230	209	75	86
230	207	71	88
230	206	70	88
228	204	69	88
226	199	76	89
225	195	73	93
226	167	68	118
224	164	72	123
221	160	72	127
222	169	72	123
221	163	73	127
231	167	70	123
236	166	71	123
242	174	73	117
240	195	81	98
231	204	73	89
222	204	77	90
214	205	77	90
206	207	77	88
200	208	76	89
194	208	76	88
190	209	75	88
187	208	74	89
187	207	72	88
186	206	73	89
186	206	74	88
190	206	74	88
192	206	74	88
197	207	73	88
198	207	73	88
200	206	73	88
204	205	74	88
205	204	73	87
206	204	72	88
206	203	73	88
206	202	72	87
203	202	72	87
202	202	71	87
201	202	72	88
200	203	71	88
200	204	73	87
200	204	70	89
200	206	74	88
201	206	72	88
203	207	73	89
204	208	74	89
208	209	73	89
209	210	74	89
211	211	73	89
214	211	72	89
214	212	73	88
215	213	72	88
215	212	72	89
213	211	73	90
211	210	72	89
210	209	73	89
203	207	74	89
202	205	71	90
197	204	72	89
194	203	73	89
191	202	75	89
187	200	72	89
184	198	73	89
182	198	73	89
179	198	73	88
178	198	72	88
176	199	72	87
176	199	72	87
176	198	72	88
176	198	71	89
176	198	71	88
176	200	71	89
177	202	75	88
179	204	73	87
181	204	72	88
183	206	73	88
188	208	73	87
191	209	73	88
194	209	72	88
195	210	74	88
197	210	75	88
199	210	74	88
198	211	78	87
199	210	71	89
197	211	70	90
195	207	67	92
192	209	65	89
186	208	63	88
182	206	59	90
180	204	57	89
176	202	58	89
173	203	61	89
168	200	72	89
166	203	75	87
165	202	73	88
165	201	72	88
164	200	72	89
165	200	73	87
166	199	71	87
167	200	71	86
170	198	71	87
171	200	70	86
174	202	72	86
177	205	71	86
181	207	71	88
185	209	72	88
189	210	73	88
193	211	73	87
195	211	74	88
197	211	74	88
198	212	75	87
199	213	73	87
200	216	72	88
200	218	73	87
198	218	73	89
198	220	75	88
197	219	74	88
194	216	75	88
191	214	76	89
188	213	76	89
185	212	77	89
181	212	79	88
179	211	76	88
178	211	78	88
177	209	77	89
176	207	76	90
176	208	77	89
176	205	76	89
176	205	75	89
176	205	76	88
176	205	74	88
178	206	74	88
179	207	75	87
180	208	78	87
180	207	76	87
183	208	77	88
184	207	76	89
187	209	76	87
188	208	77	89
189	209	76	88
191	209	72	88
191	210	74	88
191	212	73	87
193	211	73	88
192	212	74	88
192	213	72	86
190	212	72	86
188	213	71	85
186	209	73	88
184	209	75	87
183	208	80	87
182	207	87	88
180	207	90	88
179	205	96	88
179	205	98	87
178	205	77	87
180	204	72	87
180	204	72	86
179	204	79	85
177	204	77	85
175	205	80	83
174	204	78	85
175	204	72	86
174	203	74	85
174	204	78	85
173	204	80	85
176	203	77	86
179	203	80	86
180	204	76	86
182	204	78	86
184	204	75	87
185	205	77	86
186	205	77	86
187	205	77	86
188	206	76	86
189	205	74	86
190	205	73	86
190	205	76	86
192	205	73	87
192	204	71	88
193	203	73	88
193	202	72	87
193	200	72	88
192	199	72	87
192	199	72	87
191	199	73	87
192	199	73	87
192	199	72	87
192	200	72	86
191	200	72	87
191	200	73	87
191	201	71	87
192	201	70	88
191	202	71	88
191	202	71	88
191	200	70	91
192	195	70	96
192	188	73	102
190	186	77	107
192	186	77	107
195	186	77	108
196	186	77	108
199	184	76	108
202	186	75	106
204	185	73	107
204	185	74	105
205	185	74	105
202	184	75	105
199	183	76	105
194	180	76	106
191	180	76	105
186	177	77	106
180	171	78	110
179	169	78	109
180	168	76	107
184	165	73	109
190	162	76	108
205	159	74	105
219	157	78	104
237	159	84	101
259	163	79	102
273	152	88	115
298	165	99	114
292	171	104	105
294	175	105	109
343	176	112	107
365	184	93	105
371	182	83	105
445	189	62	102
450	192	62	96
453	194	60	95
454	196	59	94
457	198	59	95
457	199	58	94
458	199	58	94
460	201	57	95
461	201	59	95
467	200	58	96
469	200	58	96
472	201	58	95
474	203	58	94
473	201	62	95
474	201	59	95
475	202	62	93
475	201	62	94
473	202	62	92
474	202	60	91
473	199	59	92
472	197	61	91
473	194	60	92
473	190	60	93
474	190	59	93
480	187	59	95
483	186	60	96
487	180	61	101
492	178	62	105
495	180	63	105
505	183	65	101
510	187	65	97
514	187	63	95
425	192	76	91
426	192	80	91
425	192	82	91
422	192	80	92
418	195	79	91
413	195	81	92
408	195	80	91
403	195	77	90
396	197	78	89
396	195	73	89
395	194	71	89
394	194	72	89
394	194	75	89
392	193	77	89
393	194	79	88
392	194	85	89
392	193	84	89
394	194	87	89
393	193	93	88
396	191	100	91
392	192	93	91
392	189	97	93
391	190	99	92
386	190	96	91
381	190	99	91
379	188	105	93
374	186	83	96
373	189	83	93
371	186	90	96
366	183	90	98
364	182	93	99
363	180	96	101
362	180	97	101
365	180	92	102
371	179	85	102
378	179	82	102
377	178	87	103
383	178	87	104
392	181	81	100
399	183	73	99
402	183	73	97
407	183	71	97
409	186	71	94
408	187	75	91
406	185	77	93
403	178	79	98
449	173	73	100
442	171	78	100
438	168	80	98
429	168	86	97
423	167	86	96
419	170	74	97
413	174	73	95
410	180	76	94
408	181	66	95
408	182	73	93
407	182	71	95
409	183	69	93
409	182	70	92
411	181	74	92
408	180	78	94
406	182	77	94
403	183	82	95
454	179	66	100
447	182	73	98
452	183	70	98
459	181	68	99
450	182	73	97
468	182	61	96
461	181	66	96
474	179	60	98
468	180	65	97
415	187	78	92
378	190	71	90
380	191	73	88
382	191	81	88
430	187	75	90
432	186	81	90
491	176	64	95
489	173	62	94
483	176	63	90
471	174	73	93
448	179	88	93
429	183	92	96
424	181	79	102
423	179	69	105
421	182	67	102
420	180	69	102
408	183	79	99
405	182	83	101
401	186	87	98
382	187	74	97
426	185	61	96
421	186	63	94
421	185	64	95
420	184	64	95
420	184	63	95
422	184	62	96
422	185	63	96
423	186	61	96
421	186	62	96
422	186	61	96
422	187	62	96
423	186	61	96
424	186	60	96
423	186	61	96
424	186	60	96
423	186	60	96
423	185	61	98
423	184	63	98
419	184	65	98
429	184	64	97
373	174	66	104
380	177	69	101
381	177	65	101
388	177	64	100
387	179	66	99
392	181	69	99
397	181	66	99
403	183	64	99
404	181	63	100
407	183	62	98
409	185	63	97
410	188	64	96
410	188	66	96
406	186	70	100
409	183	69	103
467	191	69	98
470	184	67	106
465	176	68	114
412	187	72	103
419	186	71	103
417	180	83	106
425	180	91	106
485	136	71	123
426	186	80	102
432	183	81	102
433	178	85	106
403	180	72	107
437	186	75	97
435	192	74	91
439	188	64	95
442	187	65	96
439	189	66	95
441	192	65	94
442	195	64	93
441	195	65	95
445	199	66	94
447	203	68	93
448	204	68	95
449	207	69	93
451	209	69	92
453	210	70	93
456	212	72	94
458	215	75	92
460	215	74	93
462	214	70	94
464	217	71	93
473	214	69	95
477	213	72	96
484	210	71	97
489	211	77	95
499	211	73	96
510	212	74	96
519	210	70	101
529	205	86	111
505	206	75	113
520	199	79	119
518	193	74	126
572	225	87	97
577	223	83	98
589	224	77	94
597	220	71	94
605	213	70	94
606	209	73	95
610	207	72	95
612	202	71	95
619	200	66	94
622	194	67	93
634	186	62	94
641	180	63	94
643	173	68	94
650	168	65	96
648	168	68	94
645	166	73	95
648	167	74	95
647	168	75	96
647	170	76	96
652	172	73	95
651	172	76	96
659	175	71	97
660	177	74	97
659	181	77	99
657	185	78	102
665	196	72	105
667	204	72	105
674	212	70	104
680	218	69	100
675	221	78	98
686	224	74	95
690	220	73	97
689	218	73	97
693	219	72	97
690	218	73	99
691	220	71	97
687	222	72	97
681	224	75	96
680	223	76	97
672	222	80	100
685	223	69	97
681	215	68	102
685	208	68	103
678	200	69	104
683	193	64	105
667	188	71	97
657	181	72	99
643	175	81	101
622	166	88	109
604	167	93	108
552	159	99	122
531	167	101	122
501	179	108	118
479	190	103	114
452	198	100	112
394	211	103	109
375	211	107	113
354	219	104	111
334	225	98	109
333	230	86	107
312	245	75	102
314	249	70	98
316	252	69	97
319	252	70	96
323	253	73	96
338	248	72	98
342	245	72	98
346	244	72	96
350	241	69	96
352	240	68	95
353	237	66	95
353	234	65	95
350	230	64	95
348	224	66	96
346	221	66	95
343	213	68	96
343	210	62	94
344	203	65	97
346	200	62	96
350	200	66	93
357	192	66	94
361	190	69	94
366	188	69	95
370	187	71	95
374	187	71	95
381	186	69	94
385	179	67	99
386	180	70	98
387	180	70	95
388	176	67	96
386	171	68	96
386	170	68	95
385	164	70	98
385	158	70	98
385	152	70	99
384	147	70	98
384	148	72	96
385	147	75	97
390	148	79	96
399	147	83	97
426	148	87	97
439	146	92	98
456	145	95	100
472	145	98	100
489	147	101	101
527	153	97	105
542	161	99	104
558	168	100	105
571	176	101	107
587	183	93	107
607	191	86	106
615	195	80	103
620	197	79	102
624	199	80	102
622	201	82	101
624	202	83	99
623	204	82	98
623	199	78	101
622	197	77	101
619	193	77	102
616	187	75	102
613	185	77	100
611	183	77	100
608	185	79	99
604	185	78	98
594	188	80	102
590	191	81	101
586	192	80	100
581	193	83	100
576	190	84	102
566	188	87	102
564	187	83	100
558	185	85	100
553	184	87	101
548	185	82	101
540	186	86	101
538	184	81	101
536	183	80	100
532	182	81	100
532	180	77	99
528	180	80	99
528	181	78	99
528	180	77	100
529	180	76	99
529	180	76	100
530	180	75	99
531	181	73	99
532	181	73	99
535	182	72	100
535	185	73	99
534	186	74	99
535	187	73	100
534	185	74	100
531	184	76	100
531	183	74	99
527	177	74	101
526	178	73	99
523	178	75	99
523	177	73	100
519	179	76	99
515	181	78	99
516	182	75	100
516	182	75	100
518	182	73	100
519	182	74	100
524	183	73	100
523	186	76	100
524	188	81	101
526	189	80	102
528	189	79	103
529	187	78	103
530	186	77	104
529	182	80	107
526	183	85	106
527	184	82	104
527	190	78	102
528	191	73	102
527	194	74	101
526	197	76	100
526	198	80	100
526	199	78	100
530	201	79	100
535	201	76	100
537	202	76	100
542	201	75	100
544	201	79	99
554	199	79	100
559	200	82	101
565	200	82	100
571	199	81	101
575	199	81	100
581	197	82	102
585	197	79	101
589	197	78	101
589	197	81	101
590	197	81	100
590	198	80	100
590	200	81	100
590	198	79	101
587	200	82	100
589	199	79	102
584	198	81	102
583	196	84	106
585	198	82	104
588	199	81	105
588	198	83	107
593	200	84	107
596	203	88	105
601	207	85	102
606	195	85	113
613	184	84	124
624	208	86	100
627	212	84	97
633	211	82	99
638	214	79	95
639	212	80	98
639	213	82	96
640	214	82	96
639	213	80	96
638	212	81	96
634	211	82	97
628	212	81	96
624	213	82	98
617	216	84	100
612	215	87	104
607	220	86	102
601	223	84	103
603	229	79	99
603	230	79	101
607	233	79	98
611	234	78	100
617	232	77	100
621	231	77	100
623	229	78	101
622	232	80	99
627	218	76	111
620	215	82	111
621	212	80	114
622	212	76	115
619	214	78	112
617	215	78	111
