477	142	28	22
476	143	30	22
478	143	30	22
478	143	30	23
479	145	30	22
480	144	31	24
481	145	31	23
483	145	31	24
483	145	32	24
483	146	32	24
485	147	32	24
486	146	33	24
487	147	33	24
488	148	34	25
489	148	35	26
491	149	35	26
490	149	35	26
494	150	35	25
495	150	36	26
496	150	36	27
498	150	37	26
500	151	36	27
501	152	37	26
502	152	38	26
504	153	38	27
506	152	38	28
508	153	38	28
509	153	39	29
511	155	38	27
512	155	38	29
516	155	38	30
516	156	40	30
519	157	39	29
520	158	40	30
521	158	40	31
523	158	41	30
523	160	42	30
525	159	42	31
528	160	42	30
529	160	43	30
532	161	43	30
533	161	43	30
535	162	44	29
538	162	43	31
540	162	44	32
542	162	44	33
545	163	44	33
546	164	47	33
549	164	46	35
552	165	46	36
553	165	48	35
554	165	49	36
557	166	49	36
560	167	48	35
562	168	49	36
565	168	49	35
568	169	48	35
570	170	49	35
572	170	49	36
574	170	50	36
575	171	51	37
579	172	49	38
581	173	48	38
582	174	46	38
584	174	45	38
587	175	43	37
589	176	41	38
591	176	38	37
593	178	37	39
594	177	36	39
596	178	34	39
596	181	34	38
598	180	32	40
600	182	30	40
601	183	29	39
602	183	28	38
603	185	26	39
605	186	25	41
606	187	23	41
608	187	22	39
608	188	21	42
609	189	20	41
610	190	19	41
612	192	17	44
613	192	17	43
614	194	16	45
615	194	15	47
616	196	14	44
616	198	14	41
617	199	12	40
617	202	12	43
617	203	13	43
618	204	12	46
618	203	12	48
616	210	14	43
615	217	15	29
616	218	13	30
616	221	13	30
617	223	13	29
617	226	13	28
616	225	13	32
617	226	13	32
617	229	13	30
617	234	13	30
616	235	14	29
615	242	15	25
615	239	15	30
614	242	16	29
612	233	16	37
611	238	19	40
610	236	20	43
607	236	22	46
605	240	24	49
603	238	27	54
601	243	29	56
599	242	31	62
597	243	33	61
594	245	35	65
592	246	38	66
589	250	41	66
586	252	44	63
583	255	47	68
579	258	51	68
576	260	54	69
571	261	59	71
570	261	60	71
565	266	65	74
561	269	69	75
557	273	73	76
553	275	77	76
549	278	80	78
544	277	86	83
540	278	89	83
536	279	93	84
530	282	100	89
526	283	103	89
519	288	109	89
512	289	116	92
507	291	121	94
501	294	124	96
494	296	128	98
486	300	131	100
478	303	135	101
472	306	138	101
464	310	141	100
455	312	144	104
447	315	147	104
439	318	150	106
427	321	156	109
416	322	160	113
407	322	165	122
403	332	168	118
388	336	175	115
374	336	183	118
363	335	184	122
355	332	177	117
348	342	184	125
