486	196	40	113
481	198	42	106
480	199	43	105
479	198	43	106
478	198	43	106
476	198	44	106
475	197	45	107
473	197	45	108
471	196	46	109
470	195	46	109
470	196	45	109
467	197	46	108
467	197	47	107
467	195	46	109
465	194	46	110
464	193	47	112
464	193	48	113
463	194	49	112
462	193	51	112
461	195	50	113
460	195	52	111
465	196	51	112
470	196	55	108
516	203	52	104
518	203	50	106
518	204	51	105
518	206	51	103
518	206	51	103
517	206	51	104
516	207	52	103
518	205	53	105
517	206	51	105
519	204	52	106
516	204	50	107
516	205	51	105
513	204	52	105
516	200	53	108
515	200	52	110
514	200	51	110
515	199	52	110
512	201	51	109
510	201	52	109
504	200	52	108
508	199	53	112
505	199	57	113
503	200	56	112
499	201	56	111
503	203	52	107
505	204	50	106
503	203	51	109
506	205	50	106
503	203	52	107
506	203	51	106
502	202	52	107
505	201	50	107
504	201	50	108
502	201	51	107
503	201	51	109
500	201	53	109
451	194	52	112
458	195	58	119
464	198	51	115
459	196	51	112
456	197	53	110
452	196	51	111
457	200	53	115
452	197	50	115
446	196	49	111
463	199	55	114
454	201	56	112
452	197	50	116
460	201	52	110
459	200	52	109
452	200	51	109
443	199	48	107
449	201	48	107
452	202	51	106
442	200	49	107
447	200	47	108
447	200	48	108
448	200	48	109
451	201	50	108
453	199	47	111
452	199	48	114
453	201	47	110
453	200	47	111
452	199	45	112
450	198	46	111
448	199	45	111
446	198	46	112
445	198	47	111
446	199	46	111
437	200	52	118
444	197	54	118
439	200	54	117
434	201	54	116
438	196	55	118
436	199	56	121
439	198	57	122
460	195	56	124
460	196	55	121
459	198	55	119
458	198	55	118
460	197	55	119
458	197	55	119
461	197	55	120
457	197	58	120
460	196	56	120
456	197	59	120
459	196	55	122
459	196	56	121
456	197	55	121
456	198	54	120
455	199	51	119
459	197	50	118
459	197	50	120
443	199	53	119
442	197	57	122
443	197	56	126
446	197	56	123
446	196	57	125
447	197	55	126
449	199	54	121
452	199	54	122
450	200	55	122
451	200	55	122
452	200	55	120
452	202	56	117
454	202	55	115
457	202	55	118
455	201	55	118
458	199	55	122
454	200	58	123
454	202	60	119
456	203	56	117
456	203	56	117
456	203	56	117
455	203	56	117
455	202	57	117
454	203	56	115
455	204	60	116
451	202	61	118
451	204	62	115
495	198	56	120
495	200	60	115
499	199	59	119
494	197	57	121
492	198	58	120
490	199	53	119
483	199	58	120
491	197	52	123
487	197	57	122
491	197	55	125
490	196	55	125
495	196	51	125
494	195	51	123
496	195	51	121
496	195	50	118
499	197	53	121
503	197	52	123
503	196	53	125
502	196	53	124
504	196	51	122
498	197	52	119
495	195	56	120
489	198	52	119
485	200	54	119
483	198	56	120
481	196	56	121
482	198	52	120
457	202	55	118
463	204	57	117
462	203	54	116
467	201	56	119
465	200	52	115
467	202	55	116
468	202	54	116
469	202	54	118
470	201	54	119
469	200	54	120
469	201	55	119
471	201	56	117
470	199	54	119
474	200	53	121
471	199	55	121
475	198	54	120
472	198	55	123
475	198	55	119
476	199	53	119
473	199	54	119
474	199	55	120
474	198	57	118
474	199	56	120
474	200	54	117
471	201	53	113
467	204	54	116
467	202	55	115
467	203	54	114
462	204	61	123
472	198	62	118
470	199	55	120
473	200	56	115
464	202	61	120
472	199	59	115
477	196	55	118
464	199	65	118
473	200	55	116
467	201	60	122
471	201	57	113
472	203	58	122
476	200	57	114
479	202	61	120
479	200	58	121
486	201	56	120
489	200	59	120
489	201	59	122
491	199	60	124
494	199	58	125
497	199	57	126
496	200	57	127
497	200	58	125
499	200	57	124
499	199	57	120
501	199	56	124
502	201	56	126
501	200	57	122
504	201	56	122
504	202	59	124
504	202	60	126
503	201	60	127
505	202	58	125
502	197	60	127
506	204	62	130
499	197	62	126
508	204	60	123
493	190	53	111
496	189	51	113
500	191	51	110
491	186	52	105
494	187	53	114
494	182	53	110
517	204	59	118
520	202	56	117
525	208	56	123
525	205	55	116
526	206	55	117
490	186	53	109
502	191	54	110
493	187	55	109
502	191	53	110
497	188	53	111
498	189	53	110
498	188	53	110
497	186	51	110
512	190	54	109
505	186	51	110
501	184	48	110
504	185	52	115
503	186	51	109
508	188	52	107
513	187	49	111
506	185	50	109
505	183	50	113
505	184	52	112
501	189	50	105
502	190	50	106
503	192	49	105
499	193	50	104
498	182	48	111
501	180	47	113
498	201	53	120
496	207	55	116
495	200	54	114
495	208	53	117
493	202	53	111
495	207	52	116
491	201	54	113
491	206	53	120
488	202	55	114
488	206	54	119
484	200	57	118
484	205	57	121
483	197	56	117
483	204	54	119
483	187	54	115
481	195	57	120
477	201	55	122
480	185	53	113
479	187	52	113
477	190	54	114
472	198	58	123
474	183	54	120
474	193	54	115
469	195	59	126
465	200	62	126
469	185	59	123
471	190	59	115
467	191	63	113
471	190	63	112
473	191	61	113
474	190	62	115
470	193	61	111
473	188	60	115
473	191	58	111
466	193	64	109
473	190	59	109
472	192	60	108
471	191	60	107
474	190	58	109
471	189	60	109
474	186	59	110
472	187	58	108
474	186	58	109
475	186	56	111
475	185	60	113
474	184	59	112
477	182	56	111
477	178	58	115
476	178	59	115
477	177	57	114
478	178	56	115
478	177	55	113
477	177	55	114
478	177	54	112
477	174	54	117
477	175	54	116
477	175	53	116
477	176	54	116
477	175	55	115
477	173	57	120
476	174	58	116
477	176	57	118
478	178	56	115
478	177	55	118
478	179	57	113
479	180	54	117
479	179	55	116
480	180	56	119
481	183	55	114
483	184	55	117
480	185	55	114
478	185	57	118
479	185	56	116
478	186	57	116
481	187	58	119
485	192	53	115
484	194	53	114
484	195	54	115
483	195	53	116
480	195	56	117
479	193	55	112
479	192	54	118
480	192	55	116
485	190	55	118
481	194	56	112
486	192	55	116
480	194	58	116
482	193	55	115
481	193	56	116
479	191	56	114
480	189	57	118
479	194	59	113
477	194	56	112
480	194	54	114
480	195	52	113
479	195	53	114
476	192	54	115
480	191	53	116
477	191	55	114
477	191	54	115
478	190	56	118
476	189	55	116
478	189	57	118
479	187	56	116
480	190	56	118
481	189	54	115
480	189	58	117
478	189	59	116
479	192	58	115
483	190	54	114
480	189	57	116
484	192	55	113
485	191	53	113
487	191	53	115
488	194	53	110
490	195	54	108
490	195	54	110
492	192	55	112
493	193	55	114
494	191	58	114
496	194	55	112
496	190	61	115
497	192	58	114
497	192	63	115
501	188	60	116
507	191	57	113
508	190	60	114
510	190	56	113
512	189	54	115
516	189	54	113
517	191	54	110
518	193	54	109
516	194	55	108
514	198	58	105
514	195	56	110
520	193	52	110
523	194	50	106
526	196	57	105
525	197	54	107
504	212	64	129
508	206	63	131
512	209	64	131
515	206	64	132
518	205	63	132
518	206	64	132
520	203	65	134
521	204	65	130
524	206	64	126
526	205	63	119
525	202	70	132
531	206	61	120
533	206	59	121
536	205	59	119
537	207	65	126
538	205	63	119
540	206	65	130
544	207	65	124
546	206	67	127
554	207	68	136
555	203	67	126
554	203	69	139
561	204	62	134
563	202	63	132
566	199	61	134
569	196	59	135
570	203	62	138
568	197	62	133
572	201	63	139
573	199	62	136
577	204	62	138
576	202	64	134
579	197	61	130
582	205	60	134
550	191	58	112
554	188	57	112
551	187	56	115
550	187	52	113
550	187	52	114
550	187	52	114
550	188	52	113
550	187	51	114
549	188	52	115
551	188	51	113
551	187	52	116
550	187	51	115
549	188	52	115
551	188	52	114
550	187	54	115
549	188	53	113
547	189	54	112
548	187	52	115
547	185	52	117
547	186	54	116
548	186	53	116
548	185	51	118
548	187	53	117
550	186	52	116
549	185	52	120
547	187	52	119
548	185	51	118
547	189	51	117
548	186	48	114
551	187	50	116
550	188	50	115
552	184	48	119
551	185	50	117
553	186	50	116
552	186	52	118
551	187	53	116
552	189	54	117
551	188	55	115
551	189	53	114
547	189	53	114
554	187	52	115
551	186	53	116
551	185	52	117
552	183	51	120
551	184	49	117
551	182	49	116
549	184	49	116
551	184	46	114
553	182	46	116
555	182	48	118
554	186	49	115
556	185	49	116
554	185	50	117
555	183	50	120
555	184	50	121
556	183	49	121
556	184	50	120
555	185	49	120
554	183	48	123
554	183	47	122
555	182	47	124
554	183	47	122
554	182	47	123
554	182	48	123
554	182	47	124
554	181	48	124
554	180	48	125
552	181	48	123
552	181	49	124
552	181	51	124
551	182	50	123
552	182	50	122
550	183	51	124
550	183	51	122
551	185	51	120
553	184	50	121
554	185	50	120
556	185	52	120
552	186	52	118
557	185	52	121
553	187	54	117
555	188	54	117
552	186	53	119
554	187	54	120
551	185	52	119
558	183	53	124
554	185	53	120
556	185	55	123
553	184	54	122
558	186	56	122
554	185	52	122
557	185	54	125
555	185	51	122
559	189	54	122
555	188	52	121
556	187	53	121
557	187	53	119
560	188	55	119
559	186	53	121
559	190	53	115
562	188	53	115
563	186	54	119
562	188	55	117
563	188	54	117
561	189	54	116
562	189	54	117
564	189	54	117
566	189	55	120
566	190	54	120
563	189	55	119
545	184	58	124
565	191	53	119
563	188	56	119
544	184	56	123
562	191	54	118
545	189	55	116
564	188	52	118
545	188	56	117
561	189	53	119
560	191	51	114
558	188	51	118
554	188	50	118
565	188	53	118
560	189	50	118
556	189	50	117
555	184	51	122
557	186	52	120
557	185	52	122
549	183	54	125
552	185	56	123
553	184	53	123
554	183	55	123
550	181	55	124
554	184	55	122
560	183	53	122
555	184	52	121
560	184	50	122
564	184	51	119
561	183	52	119
565	181	50	120
560	182	52	119
567	182	49	121
560	186	51	118
567	186	49	119
561	189	51	118
569	188	50	118
566	189	50	118
566	188	51	119
572	190	51	119
569	190	51	119
572	188	49	121
572	190	49	119
574	192	47	115
575	195	49	113
575	196	48	115
577	198	48	116
576	199	50	120
574	200	52	116
572	199	51	116
571	197	49	116
572	194	49	119
575	194	48	120
576	195	48	118
576	194	49	120
575	194	47	120
577	193	47	119
574	193	48	120
576	191	48	120
574	191	48	119
574	189	48	120
575	188	49	121
574	188	51	122
572	188	52	125
575	188	51	124
574	191	54	123
573	188	52	124
572	190	52	120
574	187	48	121
572	188	51	122
573	187	50	125
574	187	50	125
573	187	51	126
572	188	51	123
574	189	51	124
572	189	52	122
573	189	52	122
572	189	54	122
570	189	54	122
574	190	53	122
572	191	54	119
574	189	54	125
572	190	56	123
570	190	55	121
571	190	57	124
571	189	58	124
568	193	56	121
569	194	56	123
570	197	55	117
571	199	55	119
573	199	53	115
573	197	53	119
573	197	54	119
573	196	54	118
572	194	54	122
571	194	55	120
571	192	53	120
568	194	56	119
565	194	56	121
568	193	54	123
568	193	54	123
566	194	53	122
565	195	53	120
566	193	52	121
565	195	52	119
564	194	51	120
565	194	50	117
564	196	51	115
565	195	51	115
564	195	50	116
