288	253	90	152
253	245	88	158
238	242	83	153
226	238	71	155
212	235	69	157
204	234	69	156
198	232	74	156
198	229	75	157
202	227	77	156
200	226	78	156
195	223	80	154
185	216	83	157
178	210	77	158
170	208	72	151
161	206	71	150
153	204	69	150
148	204	63	152
144	207	59	152
142	209	60	151
138	209	63	151
130	207	69	151
122	210	74	149
115	212	79	148
109	212	81	148
100	214	83	147
90	212	85	146
79	205	83	147
71	197	81	150
65	188	77	151
65	184	70	149
60	182	66	149
55	179	67	150
50	177	69	149
43	177	68	148
22	176	70	149
1	181	72	147
0	188	61	145
0	179	50	161
0	194	46	148
0	196	43	148
0	199	51	144
4	201	55	141
13	201	61	143
26	200	56	144
24	201	62	143
25	204	60	138
18	206	67	137
11	209	73	137
5	209	76	137
3	209	78	140
3	211	77	138
1	213	74	137
0	212	71	136
0	212	67	132
0	207	63	133
0	203	57	137
0	200	53	140
0	197	52	133
1	193	52	142
2	190	56	142
0	188	56	143
6	189	58	144
7	187	60	144
8	188	63	144
8	188	66	144
7	190	68	142
0	191	58	139
12	190	62	141
1	192	58	137
12	193	60	141
8	191	58	142
12	192	60	143
14	191	62	142
12	189	69	140
15	190	73	139
17	189	76	137
14	190	79	136
12	188	84	137
11	187	82	138
9	187	79	136
4	184	76	134
1	180	72	134
2	181	66	133
1	176	68	136
1	177	67	132
2	175	67	132
6	179	70	132
15	186	66	129
12	185	66	130
10	184	67	133
8	186	69	133
5	189	68	133
2	185	64	134
0	187	59	131
0	184	54	132
0	185	50	133
0	184	47	131
0	181	44	130
0	177	43	133
0	176	46	132
0	176	50	131
0	174	55	133
0	175	56	132
0	176	56	133
0	179	54	131
0	181	51	132
0	183	49	130
0	184	48	129
0	184	50	128
1	186	54	128
2	185	57	128
0	183	71	126
0	185	79	125
7	184	76	128
23	187	64	125
29	187	61	127
36	191	62	127
40	189	62	128
39	187	64	130
40	184	63	131
39	182	58	128
31	178	59	128
37	176	56	126
33	172	58	126
34	172	57	125
34	173	57	124
36	177	57	123
37	179	62	122
39	179	64	124
42	188	68	115
49	181	73	117
65	174	72	120
86	168	69	121
112	165	63	119
132	161	58	120
97	162	52	110
110	160	57	110
163	160	61	115
164	167	58	112
166	169	59	115
163	169	62	114
163	170	61	113
170	170	57	113
171	169	57	113
181	162	56	119
191	162	54	117
198	162	56	113
208	160	52	112
214	157	52	117
217	160	50	115
214	160	51	116
209	162	54	114
206	163	56	113
202	168	56	110
198	167	58	112
195	168	59	112
192	169	59	111
189	171	60	110
187	166	59	112
188	166	56	110
191	161	52	111
199	161	52	112
210	160	55	111
222	164	55	107
232	163	61	107
238	164	57	108
247	165	55	106
247	164	52	107
245	160	53	108
244	158	52	108
242	156	50	106
240	152	48	107
237	149	46	106
235	145	46	109
228	143	49	109
229	141	48	110
225	140	49	109
229	141	45	107
224	143	49	106
225	150	49	100
230	150	51	106
229	154	55	106
228	160	56	102
226	162	53	102
225	159	51	104
225	155	48	106
226	153	47	108
226	153	49	106
231	152	48	108
233	153	51	108
232	155	54	105
201	156	47	102
237	155	49	107
236	156	54	108
233	155	54	107
231	154	54	108
233	155	51	106
232	155	49	107
228	154	50	105
222	154	51	108
220	153	49	108
226	152	44	108
219	151	47	105
226	151	45	106
230	150	48	113
240	150	47	109
244	155	50	106
248	163	52	101
259	167	49	106
270	173	47	105
281	180	46	104
292	179	46	107
301	179	46	105
288	179	50	100
294	179	46	95
294	175	51	98
321	171	50	101
295	159	52	100
264	150	44	94
269	144	43	92
281	138	50	94
316	138	57	96
324	128	54	98
340	129	54	92
355	119	47	97
364	115	47	97
382	109	42	99
410	103	45	98
429	104	47	96
440	108	46	93
449	111	45	95
452	117	45	94
448	125	46	97
446	135	50	95
445	137	48	95
449	142	45	93
451	143	44	95
453	151	42	90
452	149	40	93
452	148	39	94
449	148	40	93
447	146	40	94
442	147	40	92
442	144	40	94
434	145	46	90
423	143	49	92
430	142	47	94
427	146	46	90
432	148	44	90
426	151	43	87
432	148	41	91
434	148	42	93
433	150	43	91
433	152	41	92
431	154	44	92
431	156	43	92
428	156	44	93
431	159	42	91
426	163	43	88
422	159	45	91
420	157	47	92
421	160	44	89
424	157	44	89
429	153	42	90
435	147	42	92
437	144	41	91
437	140	38	92
438	139	39	90
437	135	39	91
436	138	39	90
435	140	39	86
432	142	42	85
427	144	44	84
430	143	44	87
427	141	44	91
423	138	44	93
427	135	42	92
425	133	41	89
420	132	41	89
418	130	41	88
414	129	42	90
418	132	41	88
414	136	42	88
413	136	42	90
414	140	41	88
414	142	41	88
413	145	41	86
418	142	38	87
414	145	40	84
417	140	38	88
414	142	38	86
415	141	37	88
414	138	36	86
413	138	36	87
412	136	37	86
410	137	38	85
408	135	39	87
406	135	41	87
405	137	41	86
403	139	42	83
403	140	43	83
403	138	42	86
406	142	39	85
407	139	39	88
400	141	43	85
408	137	40	88
405	139	40	89
404	138	40	87
405	139	37	87
402	141	37	86
400	141	37	81
395	143	38	79
394	142	39	82
395	143	41	84
394	143	42	82
393	141	41	83
392	140	39	76
392	139	36	77
390	135	35	80
389	134	36	82
387	133	37	82
387	132	36	83
386	133	36	82
384	132	37	83
383	133	36	80
380	131	37	79
379	129	37	81
381	128	36	80
381	128	36	80
380	128	36	78
379	127	35	81
377	127	37	81
375	128	37	81
372	130	37	81
369	131	39	79
369	131	37	80
364	131	38	78
369	130	36	80
365	129	38	77
365	128	36	77
361	125	36	77
363	124	34	77
362	124	33	77
361	123	32	77
357	123	34	75
356	124	33	76
354	125	34	77
349	125	36	78
351	125	35	78
348	125	35	78
342	124	39	80
346	124	38	80
343	125	38	79
343	124	38	80
342	124	39	79
336	123	43	79
336	123	45	82
340	122	40	81
341	123	40	79
339	123	41	78
333	121	47	79
334	122	44	78
414	128	46	79
413	130	45	78
413	130	44	76
415	129	41	77
413	131	39	76
412	129	38	78
459	128	42	83
458	132	41	82
456	131	40	84
455	132	40	83
452	133	40	82
450	133	38	81
449	133	38	82
445	133	39	81
439	133	42	80
395	132	42	79
435	136	43	77
433	138	45	78
433	139	46	79
432	143	44	78
430	144	43	77
429	142	40	78
428	141	38	75
427	138	37	76
426	137	35	75
424	133	36	77
421	132	38	76
419	131	40	78
374	129	42	76
373	132	40	76
371	137	42	78
413	146	42	79
411	151	41	79
412	156	38	77
408	157	41	79
411	156	39	79
413	152	37	77
412	145	36	80
408	140	39	80
408	135	37	80
406	132	38	79
403	130	42	79
402	128	43	78
403	126	40	77
403	125	41	77
360	124	35	74
357	122	36	76
358	123	39	76
355	122	39	76
357	124	38	75
357	124	39	74
357	123	38	75
357	121	37	75
355	114	38	77
353	113	39	77
353	109	35	79
352	104	35	81
350	105	35	79
347	102	35	79
346	101	34	79
344	98	36	79
342	96	38	79
341	94	37	79
340	94	38	77
338	94	40	79
335	95	43	79
335	103	41	78
336	107	38	78
377	113	37	77
375	115	39	74
334	112	32	77
374	117	37	73
372	116	38	75
327	113	37	76
326	114	36	77
324	117	38	75
324	120	36	76
322	122	37	76
324	125	35	74
323	127	36	76
321	126	35	75
321	126	34	74
355	126	38	77
353	124	39	77
350	122	41	79
345	120	47	81
344	118	44	82
346	117	36	79
344	114	35	78
309	106	38	77
341	101	34	79
308	94	40	77
340	92	33	78
340	87	33	78
340	85	35	75
342	83	35	74
339	80	36	75
312	76	34	75
310	74	33	73
310	71	31	74
308	69	33	71
308	65	32	70
307	64	34	73
305	63	33	71
305	63	34	71
331	64	33	74
335	69	34	73
338	71	34	76
341	74	34	75
371	77	32	75
343	78	33	75
343	78	31	75
342	74	30	77
339	68	32	77
338	65	32	76
334	62	35	76
334	61	35	72
334	62	37	74
312	66	34	71
334	69	33	75
338	72	34	73
317	74	38	70
322	73	41	69
370	76	34	73
399	75	34	73
398	74	36	72
362	71	41	72
366	71	35	73
368	72	32	74
351	73	36	72
325	73	37	68
336	74	34	67
341	77	31	67
341	78	31	65
339	79	32	66
339	78	32	67
338	78	32	68
338	78	32	69
337	77	32	68
336	76	32	67
335	70	33	70
332	66	35	70
331	62	35	68
332	60	33	67
331	60	32	65
332	58	33	65
328	56	33	68
330	56	32	68
330	55	32	69
332	56	32	68
336	60	31	66
335	61	31	67
335	66	30	64
334	68	33	63
332	67	32	64
331	66	32	64
331	64	32	64
329	65	32	63
328	64	34	64
295	62	32	63
326	63	31	65
325	63	30	64
324	64	30	63
323	66	31	64
324	67	32	65
329	68	32	66
333	72	34	63
336	72	31	64
338	73	31	65
340	72	31	67
339	74	29	63
340	75	29	64
338	76	30	63
336	75	32	66
334	76	30	65
303	75	29	62
331	77	31	64
330	76	33	66
329	75	33	66
328	73	35	68
328	74	35	65
325	73	34	64
293	71	35	61
294	70	33	62
295	69	31	62
295	70	29	62
322	71	32	64
321	72	30	63
320	72	30	64
319	73	30	64
320	75	29	63
318	76	32	62
316	77	32	63
316	78	29	62
317	78	28	62
316	78	28	64
317	77	29	63
319	79	29	61
321	77	33	61
324	76	35	62
326	74	32	63
327	75	33	65
329	76	32	64
322	75	33	64
323	75	29	65
322	77	29	64
325	79	29	60
332	81	27	59
301	77	36	57
304	75	32	58
306	74	30	59
337	77	27	59
336	75	27	61
335	75	28	61
333	74	29	63
335	74	28	63
337	76	28	61
339	78	30	60
342	80	29	60
345	81	29	59
347	82	28	59
347	82	29	58
350	80	27	58
351	80	27	58
354	77	26	58
356	76	28	59
360	75	28	60
364	74	27	60
365	74	26	60
365	74	27	59
365	75	27	58
365	74	27	58
365	74	27	58
364	74	26	58
366	74	28	58
372	75	27	58
390	82	28	54
432	103	28	53
400	128	49	52
408	156	68	65
427	179	69	74
391	217	126	99
412	189	192	119
569	163	107	143
583	121	83	139
561	89	65	107
519	72	54	88
547	50	54	87
574	59	47	76
594	59	47	80
564	64	38	76
571	69	33	69
582	76	30	69
579	76	31	68
577	77	32	68
574	78	32	69
573	78	33	69
572	81	34	66
573	81	35	68
574	82	34	67
575	87	33	64
574	92	31	64
571	96	30	66
570	98	31	67
570	98	29	66
569	95	28	68
566	91	30	67
562	89	31	67
563	87	31	67
562	84	30	69
563	84	31	69
543	82	31	68
531	82	31	67
551	87	32	66
558	89	31	66
582	95	33	66
580	95	33	68
589	99	30	66
584	99	33	67
586	98	31	68
584	98	31	68
584	99	31	66
583	99	32	67
581	99	31	67
584	106	30	64
580	103	32	70
578	105	33	70
578	110	32	67
576	111	31	66
578	111	30	67
577	114	29	66
579	116	28	65
564	116	25	63
564	116	26	64
562	113	28	67
573	107	30	67
571	101	31	69
572	98	31	66
569	93	33	68
559	91	30	66
558	84	29	65
571	79	31	65
568	79	32	66
568	79	31	66
560	84	31	64
575	91	30	65
577	97	30	65
580	106	29	65
581	113	29	65
580	118	29	65
581	120	28	65
580	121	28	65
578	122	29	64
577	121	29	62
580	120	29	63
580	117	29	62
572	113	27	61
587	110	30	63
579	109	30	62
582	108	28	64
584	110	29	65
579	112	29	62
587	118	28	61
583	120	28	61
581	118	28	63
578	119	28	62
577	120	27	61
575	121	28	61
575	122	28	61
574	125	29	63
573	128	29	63
571	131	31	63
573	134	28	63
573	137	27	62
573	140	28	61
573	143	26	61
575	148	26	60
572	151	27	61
572	157	26	61
570	161	28	63
568	163	28	61
567	162	28	63
567	161	27	62
565	160	28	63
548	159	27	59
565	160	28	63
562	159	30	63
560	159	30	63
562	160	29	62
563	160	30	63
561	161	28	62
556	161	30	63
552	161	28	62
543	162	29	60
541	161	27	59
528	160	30	58
525	159	29	60
524	159	30	60
524	159	29	61
524	158	30	63
522	160	32	60
521	163	29	59
517	169	33	58
521	177	33	59
519	185	33	58
520	194	31	59
521	197	28	59
521	198	27	56
