490	236	56	69
487	237	58	69
488	237	59	69
489	237	59	69
489	237	59	70
491	237	58	70
490	235	59	71
488	238	59	69
491	242	56	67
488	241	57	66
487	240	56	65
486	239	54	62
483	238	52	63
480	232	50	58
476	222	51	68
475	219	52	67
473	215	51	68
470	213	52	65
467	209	53	65
466	203	53	70
463	201	54	70
462	197	54	74
459	196	55	75
452	197	56	81
443	192	62	89
444	194	60	89
443	196	59	88
440	199	61	86
437	202	63	87
434	207	63	86
435	208	59	86
433	209	57	87
435	211	54	85
433	214	53	83
433	216	55	81
433	215	53	81
431	215	54	78
427	215	55	77
391	212	74	82
379	199	87	85
390	195	74	92
397	184	67	93
399	183	73	96
404	190	88	86
437	186	73	82
456	192	59	74
460	197	61	72
463	192	59	76
455	193	66	75
455	194	68	78
450	191	72	76
447	192	74	73
442	194	75	76
438	192	79	75
431	194	75	81
435	184	79	93
435	184	76	91
435	187	73	93
428	184	74	99
414	180	78	102
409	186	76	105
405	193	74	105
398	183	72	98
393	179	80	104
373	181	102	102
348	194	110	92
326	200	100	100
315	199	92	99
303	210	91	100
280	217	108	109
269	226	104	93
269	232	100	90
254	228	89	92
239	205	88	110
232	209	89	105
220	207	101	109
218	207	104	104
213	206	109	105
217	207	109	100
218	211	112	93
218	211	120	96
216	207	119	100
218	208	121	98
220	209	126	101
229	216	109	98
233	221	111	96
216	217	115	99
212	220	125	105
211	219	140	110
212	226	160	115
219	230	156	113
218	236	160	108
221	242	156	103
223	253	172	99
281	278	141	98
284	282	143	91
291	286	138	87
300	284	137	88
306	283	134	87
321	287	127	94
329	291	123	96
337	296	115	96
352	301	106	94
374	304	98	98
479	344	96	105
477	343	88	108
474	348	86	104
469	349	86	106
465	344	82	111
454	329	80	121
442	320	93	138
428	291	125	85
431	293	125	81
429	295	130	79
433	303	125	81
429	302	119	83
425	298	107	100
423	326	100	132
423	343	94	124
430	344	92	133
446	350	79	127
458	348	74	126
471	348	76	126
479	350	78	130
500	354	74	132
511	359	70	133
516	362	69	131
521	364	67	133
524	364	68	131
525	365	70	132
525	365	75	132
521	366	80	133
517	369	85	132
508	372	93	133
495	373	95	132
482	373	101	134
473	376	105	131
464	377	104	131
461	380	92	126
357	281	136	79
352	283	116	70
351	284	102	66
345	285	84	67
327	284	92	72
315	277	135	91
289	270	154	100
299	265	166	103
273	268	168	106
282	262	179	115
272	264	171	127
258	265	162	131
264	267	187	136
250	262	186	140
256	268	196	130
254	265	193	120
249	267	172	112
265	265	164	103
249	267	155	110
250	249	156	105
255	251	153	114
272	273	154	116
281	254	138	123
291	187	110	134
305	179	99	108
345	156	87	121
363	152	77	131
370	154	89	130
381	146	85	141
385	151	93	128
412	165	111	122
414	173	119	104
408	184	135	104
422	188	140	117
417	196	153	116
385	242	174	115
299	262	180	128
303	247	159	143
303	245	157	151
299	250	146	145
257	252	171	133
248	240	166	144
235	238	196	144
226	254	198	128
228	249	195	131
247	256	187	141
275	257	157	155
298	278	134	139
325	257	117	149
316	223	142	161
293	226	184	139
272	233	210	134
277	238	210	126
282	252	183	108
280	260	161	101
293	274	127	111
283	284	126	100
275	288	132	102
271	283	146	112
264	286	171	126
263	279	179	133
261	279	186	153
266	266	189	168
277	276	181	166
292	275	162	170
311	270	141	182
318	259	141	189
324	254	141	193
329	247	144	197
330	242	140	194
328	237	136	178
335	234	132	167
337	231	143	158
319	221	136	160
301	223	149	159
295	216	162	165
277	222	190	147
275	224	196	141
273	213	179	125
263	184	160	124
255	175	151	147
248	171	162	167
253	178	152	178
252	183	143	173
255	199	130	179
253	234	127	168
245	250	127	148
249	277	131	141
251	276	150	132
248	287	156	127
245	302	175	124
256	311	188	124
268	301	224	143
271	288	246	159
275	262	238	181
295	255	233	203
320	261	203	223
314	271	193	213
315	274	182	218
322	235	171	208
312	225	177	146
286	197	196	150
267	173	234	119
266	149	237	128
272	147	260	138
273	157	251	166
277	144	271	182
322	189	251	175
365	214	231	184
372	229	208	191
402	272	173	163
429	332	131	154
433	336	123	157
438	335	118	162
439	328	112	169
428	317	121	179
412	294	161	186
395	281	194	194
401	270	215	199
394	261	235	200
397	255	244	197
400	238	244	177
433	246	215	164
483	257	185	135
474	247	214	132
504	223	199	122
518	178	156	141
508	180	159	123
494	165	170	127
430	175	159	156
276	251	213	172
258	274	192	199
289	269	184	224
306	267	166	224
322	263	163	226
324	280	147	233
354	269	133	236
386	268	109	244
401	308	120	209
399	287	132	224
386	272	152	230
379	266	184	208
380	249	181	212
371	233	187	225
358	217	201	228
358	217	191	197
353	219	179	176
347	210	143	152
353	218	137	134
361	212	122	110
371	197	143	107
343	157	166	104
428	154	134	106
441	169	127	99
439	174	129	106
451	151	120	137
476	169	98	127
477	205	98	125
481	227	106	117
467	202	113	160
460	185	124	170
447	218	118	161
440	242	123	156
434	253	115	153
422	260	114	155
420	264	101	155
404	267	94	141
397	271	96	149
398	276	100	150
405	272	106	141
412	271	106	141
435	271	95	153
444	261	96	161
454	252	97	161
463	254	103	150
465	242	109	146
406	152	116	139
396	131	153	153
363	122	202	175
457	208	201	181
463	205	208	175
455	201	233	147
467	201	224	126
462	178	203	118
347	196	211	138
358	186	224	168
351	206	195	195
358	230	176	174
423	224	137	196
436	242	125	192
466	229	99	202
474	229	99	196
479	241	97	187
474	234	105	181
477	232	114	172
484	224	129	172
482	215	128	173
483	203	127	175
488	220	130	159
477	206	120	156
475	192	110	143
475	189	109	121
483	174	107	127
486	174	103	117
486	182	107	104
484	185	109	99
477	184	112	90
469	181	110	84
463	174	108	82
463	159	99	83
465	142	105	88
477	113	117	109
485	102	120	118
491	106	124	122
496	121	142	109
481	135	155	112
478	153	169	131
459	167	178	124
484	165	173	115
484	165	171	106
472	167	165	105
474	162	151	109
472	158	152	113
468	149	134	117
468	150	122	121
463	144	125	123
458	143	117	111
455	144	111	104
454	143	104	103
450	136	95	113
431	144	99	114
398	147	97	146
377	167	102	125
354	174	111	119
337	144	104	124
316	146	115	119
311	177	139	99
310	192	125	89
291	184	139	102
307	200	141	92
295	222	138	85
308	228	135	100
303	233	125	106
315	237	119	111
315	243	111	118
320	247	102	120
332	240	90	112
342	240	89	99
342	237	93	92
329	236	100	92
319	236	106	94
302	238	106	97
293	240	113	106
283	241	114	114
274	248	109	110
275	258	108	112
274	265	104	115
275	264	104	114
273	260	106	115
276	253	116	114
290	245	134	106
303	244	110	119
319	233	106	92
344	223	96	79
360	216	89	67
379	205	81	70
389	195	79	69
387	185	81	73
388	177	81	86
386	176	79	88
384	174	77	88
382	176	74	89
370	186	76	106
371	190	80	118
364	191	82	118
361	200	83	109
361	202	83	117
357	225	72	115
359	229	74	108
357	238	78	108
356	262	80	83
361	266	77	83
358	285	87	69
359	291	85	62
364	290	86	66
365	282	83	72
372	272	84	83
378	246	81	96
390	226	82	88
391	215	106	75
389	216	116	83
402	234	104	92
402	271	90	83
405	291	95	68
405	303	100	65
404	308	104	69
403	312	106	74
400	316	107	83
397	313	109	89
392	309	112	92
402	303	101	91
412	295	90	91
402	269	95	93
403	256	98	84
402	244	99	82
403	230	99	76
399	215	95	76
402	190	93	81
398	178	97	75
393	172	92	80
398	158	89	81
395	133	95	94
400	115	76	95
395	108	74	95
393	107	70	97
391	115	68	100
375	119	75	96
362	128	83	81
355	133	88	99
356	146	83	105
326	229	72	98
331	217	76	106
330	208	87	94
331	210	92	83
337	207	90	85
340	202	84	93
330	200	91	95
295	228	111	82
300	237	98	82
296	246	103	76
313	251	105	75
364	172	105	64
377	177	99	64
386	174	92	69
388	175	93	79
372	255	95	58
374	253	104	59
371	243	116	78
371	244	119	88
370	245	117	93
376	249	105	100
381	246	95	104
395	243	80	109
399	241	75	108
399	241	79	108
402	237	79	106
394	229	93	106
399	230	100	100
387	223	112	85
397	219	108	84
371	214	133	75
356	210	160	70
358	202	109	67
325	206	131	64
294	213	122	71
306	208	148	83
333	193	140	95
361	175	114	119
365	157	112	148
351	220	91	129
357	233	77	120
369	238	67	113
380	229	63	119
380	229	67	120
381	232	70	117
376	229	78	119
367	223	86	122
360	224	92	125
363	233	88	126
357	236	89	119
351	233	91	122
357	240	88	118
368	248	75	107
356	238	78	103
351	245	83	108
359	250	81	111
340	242	92	107
351	248	83	90
343	240	84	97
330	241	89	85
257	237	117	62
266	240	113	64
260	246	109	89
337	253	97	73
318	256	109	69
330	256	103	74
308	257	124	80
274	247	100	81
286	250	101	70
290	263	115	70
284	257	113	81
264	252	119	96
255	240	129	106
258	225	146	114
281	214	130	107
287	209	113	106
293	205	102	104
300	193	92	115
308	187	84	101
307	179	84	97
306	185	81	100
303	184	80	104
306	205	80	98
308	230	79	91
310	244	85	86
313	247	90	93
319	239	91	104
327	219	92	118
329	221	93	115
337	220	97	111
339	230	93	96
340	229	93	78
347	213	81	110
344	202	89	130
337	244	93	98
343	263	87	87
335	265	84	82
333	261	76	86
329	256	73	89
326	239	70	101
324	230	75	109
320	234	83	101
345	231	77	103
352	230	83	96
334	221	101	96
329	221	115	87
263	217	123	81
265	216	119	76
257	217	117	77
264	217	138	75
291	211	128	82
283	210	132	84
292	210	123	84
288	213	120	94
291	221	104	86
292	220	99	101
305	217	89	107
317	220	81	108
341	205	74	118
355	214	69	108
356	215	74	106
358	214	80	101
357	211	90	100
349	209	96	94
344	204	102	84
355	209	96	76
361	213	92	67
366	215	89	60
379	218	79	55
376	218	83	47
379	216	83	48
381	213	83	50
375	213	96	50
375	212	91	62
393	210	87	59
396	212	84	58
402	215	81	56
395	218	85	59
390	220	88	70
404	215	80	73
404	211	75	66
397	210	73	72
394	214	80	84
385	215	74	121
385	220	77	119
385	221	73	91
385	235	77	99
381	238	93	94
372	236	115	94
373	238	123	89
378	238	119	88
360	218	72	92
373	226	82	80
411	250	96	69
407	245	99	69
363	212	57	82
369	211	57	76
371	216	57	68
383	207	87	78
379	194	87	82
412	217	82	67
380	190	74	77
383	181	87	94
393	214	90	68
393	205	88	80
393	202	92	86
421	202	79	87
431	194	71	89
432	193	79	80
431	185	67	82
410	182	77	80
383	183	99	75
416	186	101	77
400	187	103	80
388	184	95	86
382	179	96	91
404	169	84	97
395	177	88	87
378	185	98	84
385	187	93	80
387	203	85	66
389	209	80	66
390	210	76	59
386	214	78	54
387	212	80	53
387	215	77	53
387	212	83	54
384	214	83	54
384	210	93	55
384	211	87	65
381	198	89	66
386	200	88	71
379	204	88	68
386	201	89	71
379	210	88	63
387	206	82	62
388	205	92	67
377	210	105	65
378	210	111	69
371	201	110	73
377	164	104	101
370	172	116	89
367	164	122	94
366	163	123	95
362	160	126	96
364	153	126	104
364	154	127	103
369	174	122	96
366	159	113	108
361	159	116	101
373	163	109	97
381	173	97	97
375	173	94	94
374	164	90	101
384	178	89	99
379	150	100	114
371	147	113	109
365	145	114	109
359	145	114	110
366	154	111	102
368	146	111	104
367	168	109	99
374	162	106	101
387	182	100	95
381	160	100	97
390	169	92	93
385	151	92	101
387	162	91	94
397	166	81	89
399	162	80	95
401	152	82	94
388	155	91	89
383	158	92	95
397	168	84	86
399	163	80	91
403	171	84	87
396	168	84	86
389	172	90	85
410	145	84	93
419	149	84	99
403	145	94	98
412	152	93	92
409	155	91	85
418	146	96	81
423	142	85	80
427	143	90	77
428	147	93	71
431	147	91	71
461	141	69	77
453	143	71	74
463	139	61	78
429	139	86	73
425	133	85	77
429	129	79	77
429	123	85	83
423	118	81	83
424	118	75	76
432	116	79	81
460	109	67	84
463	107	67	82
477	105	56	88
490	104	56	79
496	107	60	84
513	108	64	76
530	104	61	80
538	100	65	82
552	94	64	85
560	98	64	80
577	97	54	80
583	95	51	80
584	94	52	78
581	86	56	83
570	78	65	85
568	70	66	78
550	72	79	77
568	70	65	87
559	68	71	86
553	65	72	81
547	66	74	80
557	63	67	87
553	63	68	87
542	59	73	88
537	60	76	83
534	55	73	89
533	53	70	90
531	52	68	89
528	53	65	86
527	49	61	88
522	50	58	85
517	49	60	84
512	48	64	85
508	47	66	85
500	46	70	84
499	46	67	82
492	49	69	79
486	47	67	80
487	44	58	84
484	45	56	81
481	55	52	79
476	48	50	82
472	44	50	71
471	44	49	66
469	45	45	73
464	51	48	74
461	49	51	75
460	48	53	75
459	49	52	73
458	48	52	76
457	53	51	72
455	58	50	74
451	59	52	75
447	60	54	78
445	68	54	72
433	73	58	71
431	81	58	85
424	86	57	86
424	93	67	81
415	94	65	78
406	98	64	75
400	102	81	74
432	104	73	78
426	110	86	70
422	118	98	63
425	113	93	71
421	118	96	57
398	112	70	73
398	119	66	70
357	142	75	77
381	134	90	76
367	147	77	77
359	153	62	77
358	158	57	75
362	157	56	78
361	158	54	76
363	160	50	77
364	156	56	78
361	162	54	75
363	156	56	80
362	162	55	76
363	159	51	78
362	162	47	77
363	160	53	77
361	165	46	74
362	169	43	71
363	170	42	70
364	167	42	72
363	167	43	73
363	168	44	72
363	165	45	73
362	165	44	76
363	165	46	75
364	161	48	78
363	163	49	77
365	163	52	77
364	164	57	76
363	173	52	68
363	175	48	65
363	176	46	65
364	178	44	62
364	178	42	63
357	180	46	59
363	180	39	58
365	179	37	59
367	178	36	60
369	177	35	63
371	176	35	65
371	176	36	64
366	166	42	75
308	170	50	71
316	170	55	68
331	173	47	61
339	170	45	61
347	171	47	64
348	171	55	65
350	172	61	67
349	172	62	67
350	173	63	67
348	171	62	68
345	171	56	69
334	170	47	69
335	171	49	69
333	173	47	67
337	175	52	64
353	170	58	71
371	148	63	88
411	154	58	73
420	143	74	75
440	137	80	78
449	138	83	80
460	143	79	69
516	163	72	80
525	162	59	75
524	159	60	80
523	157	62	84
518	147	65	88
519	158	65	81
518	159	62	81
518	158	61	81
517	160	60	79
519	162	58	74
522	169	57	67
523	170	54	68
523	171	55	69
522	171	57	69
520	173	61	68
511	168	68	72
500	168	72	69
491	167	74	72
479	167	74	74
422	141	81	88
404	159	88	76
408	163	69	77
400	158	68	80
396	157	78	74
416	146	61	83
411	134	66	85
404	143	67	77
406	136	73	79
406	127	70	84
403	129	66	80
401	127	65	80
397	126	71	81
393	130	72	76
393	129	70	77
390	130	69	73
389	134	67	68
389	129	64	71
385	131	66	69
393	123	58	75
381	112	76	86
389	118	80	84
377	127	78	74
384	122	72	78
377	119	76	82
398	123	58	84
399	117	60	86
396	117	59	87
390	113	65	88
378	118	74	83
385	128	74	75
386	128	73	75
389	122	71	78
383	126	68	72
381	123	73	74
381	123	69	74
380	121	56	78
379	121	54	77
379	121	53	77
378	122	53	77
378	122	51	78
378	123	52	79
376	119	53	85
375	119	54	85
374	120	55	86
374	122	57	86
372	123	52	85
368	121	55	88
366	121	59	90
366	124	64	88
365	127	71	86
386	135	67	78
407	142	57	74
419	151	55	65
427	147	52	67
432	150	53	65
449	149	55	63
458	143	59	69
472	140	60	74
491	133	58	84
499	136	57	85
508	146	58	79
513	147	61	86
516	150	62	84
517	150	58	84
520	152	57	82
515	152	59	82
512	145	58	85
506	141	61	86
499	135	63	97
492	133	61	94
471	134	72	82
465	131	55	80
456	129	57	79
439	126	59	77
436	119	58	81
408	118	72	78
411	105	61	94
419	112	60	89
422	101	58	96
425	104	58	95
422	103	61	94
426	111	62	89
427	111	62	88
428	110	66	85
428	106	71	83
424	109	78	77
423	106	81	77
420	106	84	74
419	104	84	73
419	101	86	72
437	96	70	77
432	92	73	81
430	97	76	77
428	95	74	80
427	99	77	77
431	99	75	76
433	98	73	81
432	103	71	76
429	109	70	67
426	100	70	76
421	96	75	80
420	91	78	82
430	93	68	77
443	89	60	79
450	91	65	74
486	110	66	69
501	107	64	76
514	108	64	78
526	126	60	81
539	129	49	80
539	138	48	77
530	128	54	79
513	126	64	84
493	119	75	83
475	119	77	75
451	123	82	68
429	122	68	70
409	114	63	79
382	111	74	73
381	109	73	78
388	108	62	82
397	114	58	79
399	113	54	79
400	120	57	72
403	120	57	72
403	126	62	63
402	117	64	69
402	116	65	72
402	116	67	70
403	119	68	68
397	109	72	76
389	108	69	76
386	103	68	79
409	102	66	75
382	102	69	80
369	108	68	77
367	107	62	80
355	109	72	77
324	106	85	84
286	110	76	82
272	117	77	76
260	111	67	82
256	114	60	82
251	111	54	85
250	113	55	84
257	116	54	81
264	114	57	79
274	114	58	79
280	116	68	80
282	120	77	79
317	117	80	85
351	107	80	89
371	114	82	88
392	124	69	75
401	130	65	68
413	118	87	70
438	113	78	77
445	111	71	75
447	111	62	77
443	113	65	74
439	111	68	75
440	111	66	74
441	110	66	70
442	111	65	70
444	112	62	68
442	110	64	68
442	110	63	70
443	110	67	71
444	108	63	72
449	115	59	72
440	108	61	76
439	114	67	73
438	115	71	72
433	110	71	75
427	113	80	74
429	108	74	77
430	110	79	75
429	109	75	76
428	110	75	75
432	108	68	75
425	107	76	74
420	98	86	74
416	91	79	79
411	87	78	77
397	83	71	73
370	88	85	71
349	75	69	70
340	75	60	72
334	77	57	74
329	78	55	70
323	88	58	63
325	95	60	61
325	103	61	63
327	112	60	66
331	127	61	66
349	143	74	69
364	145	69	74
380	164	70	67
399	170	64	66
411	174	60	65
426	169	54	63
431	162	51	65
434	152	47	71
434	141	47	72
434	120	44	86
421	120	52	75
416	119	58	76
414	115	58	75
416	110	62	73
413	109	62	69
407	108	64	72
406	110	63	72
405	111	62	73
409	112	60	72
409	115	59	70
410	113	59	72
408	110	63	71
407	117	57	78
407	112	61	79
413	112	56	83
411	104	52	68
421	103	45	64
422	101	42	64
422	98	41	66
416	99	44	64
415	99	46	63
421	122	47	79
417	125	52	72
405	124	61	73
409	117	62	84
406	123	62	87
415	108	57	88
421	99	48	86
422	99	46	99
424	97	46	92
422	99	50	101
421	130	50	87
425	118	47	89
426	121	49	76
422	127	51	70
423	126	54	73
431	124	49	82
435	99	43	72
437	96	39	70
438	95	36	72
436	94	37	69
432	109	42	63
430	116	43	74
420	124	52	72
405	120	67	63
416	120	63	73
425	110	60	75
435	109	52	86
436	111	48	97
426	147	60	80
429	136	60	83
442	126	51	88
443	127	51	73
447	128	53	70
445	127	53	77
450	119	52	76
447	114	52	69
448	107	43	65
446	107	40	63
442	108	43	61
431	111	51	58
427	131	51	70
421	127	55	68
412	129	58	68
421	119	56	69
419	123	52	74
421	149	54	75
422	150	58	74
424	145	57	74
427	141	59	72
430	123	58	82
434	134	66	64
456	128	58	72
451	124	52	76
450	114	45	82
448	110	43	74
441	113	49	62
427	111	55	63
415	116	61	63
417	128	62	71
409	132	67	72
409	129	63	72
418	132	56	81
415	129	59	73
420	137	58	95
422	124	62	90
428	135	62	82
434	140	66	82
431	145	68	75
425	149	69	69
422	148	64	69
421	148	72	71
416	148	76	71
431	167	87	59
472	172	72	59
502	168	79	57
518	171	74	63
526	170	75	67
523	170	67	66
526	170	68	66
532	168	64	68
524	164	71	70
515	162	76	71
507	162	82	71
489	167	81	71
464	168	67	63
467	158	55	68
440	138	59	58
420	129	70	59
439	122	69	68
434	121	69	68
369	121	86	64
364	122	77	68
366	121	90	68
410	134	110	95
426	164	107	98
495	179	77	70
491	189	65	82
492	200	59	89
484	205	64	87
468	230	63	73
459	237	64	86
459	234	63	93
458	230	62	73
459	218	58	73
454	204	60	70
448	170	59	65
453	147	47	62
445	133	43	69
419	134	53	77
398	133	70	74
380	105	68	89
378	105	66	93
383	100	67	101
382	92	70	115
386	97	71	111
388	101	73	100
394	129	71	77
385	132	57	68
393	142	59	62
363	141	66	62
378	131	72	72
388	136	71	81
382	142	72	75
390	149	73	75
373	153	82	69
378	156	84	75
380	160	80	80
371	169	71	77
370	175	76	78
386	174	94	84
372	93	72	85
356	31	85	92
350	35	90	93
348	48	92	98
332	64	97	100
343	95	107	101
410	153	102	124
363	178	138	127
367	182	146	152
313	296	114	105
297	312	102	89
296	307	111	106
282	316	110	137
246	329	136	155
222	421	106	124
247	453	109	110
238	453	92	108
240	452	103	110
246	363	115	115
232	451	104	115
217	439	94	72
223	443	85	58
229	442	86	56
244	419	89	72
244	418	96	89
263	389	93	80
303	356	89	83
335	320	87	96
346	286	108	106
372	262	91	105
389	222	100	103
391	221	100	100
397	209	92	94
412	200	93	102
400	193	96	99
410	194	107	95
409	199	105	89
412	194	99	89
406	193	101	88
407	195	98	94
408	201	102	78
432	202	82	83
405	198	70	89
404	199	70	80
406	198	71	81
408	203	65	82
428	211	70	88
435	212	63	88
429	219	64	78
434	218	60	76
430	215	61	80
426	213	65	91
418	209	68	95
396	214	85	99
390	209	98	113
380	218	108	109
375	218	112	106
374	214	109	107
375	211	104	108
371	210	103	110
371	203	99	111
372	199	101	106
365	191	97	95
379	203	92	89
380	198	90	96
377	194	96	99
365	185	111	100
355	185	108	101
355	198	119	88
358	188	127	89
351	187	137	85
352	194	142	84
344	190	148	90
347	196	143	94
343	216	122	103
350	212	122	92
339	189	122	82
343	183	128	89
349	186	143	92
351	176	144	94
442	168	107	86
437	173	94	82
450	180	107	79
457	188	111	78
480	178	86	93
478	197	85	85
506	197	60	94
507	207	67	88
507	219	78	80
509	221	82	80
504	217	90	87
500	241	92	78
481	243	98	82
477	235	89	94
475	219	75	102
459	201	90	88
461	181	117	78
505	157	87	88
498	150	89	92
511	154	76	94
515	161	76	92
519	167	86	91
539	185	94	82
536	195	94	93
532	197	94	108
524	208	91	109
525	224	79	112
523	236	75	99
520	238	86	95
512	227	101	96
513	220	104	87
525	198	96	96
513	192	71	95
509	199	69	91
491	192	69	98
475	191	81	98
447	217	110	84
461	230	100	97
491	229	90	100
515	234	65	102
521	249	70	92
525	254	91	86
528	250	97	80
521	251	106	71
511	251	109	71
503	240	106	82
495	236	106	96
467	237	106	96
460	226	91	104
455	211	94	89
459	209	92	72
490	187	85	74
496	179	81	80
501	179	82	86
508	189	83	83
511	206	84	80
522	215	90	95
511	232	101	100
508	242	100	102
505	247	89	99
501	249	86	97
489	242	99	97
481	237	118	89
473	232	127	83
472	222	123	76
480	213	93	83
436	226	75	74
430	229	84	69
410	234	107	63
404	237	120	69
412	233	129	79
472	223	98	87
488	239	78	97
508	242	83	102
521	247	91	101
535	246	94	105
546	259	105	98
546	266	109	93
541	255	110	108
534	250	108	116
527	257	106	114
513	257	109	114
471	248	103	116
