522	39	257	382
508	32	279	376
504	33	293	377
502	35	297	376
506	36	289	375
504	39	283	367
511	42	269	363
523	40	246	368
525	42	221	366
527	42	211	368
525	44	207	367
521	45	205	367
516	45	204	367
508	48	203	366
509	45	189	367
505	48	182	363
501	49	172	360
495	50	161	357
498	52	143	343
483	54	148	340
446	63	176	335
354	221	226	202
372	204	228	220
431	98	189	313
351	99	228	327
305	64	219	372
296	68	254	369
337	71	273	353
364	76	251	357
336	82	283	349
368	58	231	370
329	85	256	354
308	79	210	354
376	98	200	323
378	108	187	330
384	123	174	315
384	105	165	319
405	95	191	329
305	61	183	367
297	63	168	375
314	60	173	369
305	60	180	369
321	60	181	366
309	57	185	365
305	59	183	365
309	58	169	360
307	62	163	361
307	63	170	367
309	61	166	355
312	55	167	362
308	59	172	359
310	70	178	342
349	46	212	380
376	33	199	387
342	33	222	392
372	38	195	386
387	39	174	370
379	48	180	368
384	52	173	339
381	57	168	348
373	59	177	346
375	57	177	348
364	58	188	347
378	58	185	354
356	59	203	354
382	57	182	355
359	61	204	356
369	59	190	356
363	59	196	359
368	58	194	365
372	57	192	369
376	56	191	369
378	57	191	365
382	60	192	356
386	60	193	358
385	62	203	355
385	62	214	357
387	59	220	357
389	58	224	361
392	60	232	361
402	58	233	361
430	58	209	362
428	62	216	359
460	61	197	355
463	63	199	347
475	61	190	353
484	61	187	355
491	56	185	356
501	62	186	356
504	54	179	363
518	57	171	358
513	53	177	360
505	56	185	358
535	51	169	363
542	57	169	355
553	54	169	353
564	53	175	349
571	52	184	349
581	52	193	352
593	51	200	356
593	55	211	349
603	54	200	348
602	51	204	353
615	45	193	363
622	44	187	364
628	41	181	364
635	41	173	364
643	39	165	364
646	36	177	364
645	37	186	361
647	37	194	360
650	38	199	362
653	36	204	364
657	36	206	365
664	36	210	365
671	35	201	367
674	35	199	366
677	36	195	366
679	35	191	367
683	34	185	366
685	34	182	367
686	32	176	370
689	33	174	366
692	28	171	372
693	27	170	373
696	24	170	378
697	25	173	378
695	26	177	379
696	26	176	376
698	22	176	380
698	22	175	381
698	20	180	382
696	18	183	384
694	18	187	387
694	18	189	388
696	18	185	390
697	16	183	394
699	17	181	392
699	17	179	392
702	13	178	395
705	13	176	395
706	11	176	397
708	9	177	399
710	8	179	404
714	7	180	406
713	5	185	404
714	4	184	408
715	3	186	410
713	3	189	408
710	2	197	407
699	7	203	400
705	0	198	413
703	2	196	409
704	1	193	410
684	0	205	411
672	6	214	407
647	0	239	418
644	2	243	421
660	3	222	430
656	0	220	427
657	0	212	423
661	0	204	424
656	0	204	422
652	0	204	421
639	0	207	421
640	0	205	425
625	0	210	421
611	0	219	421
620	0	207	420
622	0	197	419
624	0	195	422
625	0	190	423
624	0	189	419
624	0	187	422
617	0	188	423
617	0	189	427
587	0	219	433
590	0	222	431
596	0	216	433
603	0	207	432
602	0	205	437
601	0	205	431
597	2	210	429
591	3	217	428
575	1	227	432
571	2	220	430
559	1	228	433
555	0	230	441
541	0	235	442
513	0	246	449
499	0	243	445
494	0	248	445
483	0	263	446
476	0	271	450
468	0	275	450
463	0	273	451
469	0	285	453
460	0	276	457
460	0	300	453
450	0	254	454
441	1	247	451
434	1	225	448
427	0	209	447
412	0	198	443
391	0	184	443
386	0	197	456
380	4	193	442
684	66	182	340
694	63	178	325
695	68	173	342
700	69	180	333
699	66	183	341
700	66	182	338
703	65	182	346
710	66	184	342
702	67	191	340
711	65	180	340
712	67	176	335
714	68	173	334
718	66	170	329
720	64	167	344
724	66	166	322
720	66	170	333
722	67	170	336
725	67	169	335
724	70	171	336
725	71	174	332
724	70	172	331
729	72	179	328
724	70	195	333
727	68	174	333
732	68	182	331
728	67	183	327
730	69	181	326
727	70	172	321
729	70	174	327
727	71	175	324
727	71	158	324
730	71	157	327
725	75	145	324
727	77	148	326
725	75	142	328
725	77	144	325
724	77	145	326
723	79	150	325
721	77	150	327
721	78	155	327
718	76	161	329
721	81	177	319
715	78	163	323
718	80	181	321
714	79	170	321
719	80	182	323
714	79	160	320
716	78	145	328
718	76	144	328
717	79	136	326
717	80	135	319
718	80	133	319
718	82	129	321
716	77	127	317
717	81	127	325
715	77	128	311
715	79	127	323
711	79	129	319
710	78	131	324
707	79	134	321
704	81	139	324
701	80	139	318
696	79	146	319
690	77	152	313
686	76	155	321
681	75	163	324
676	74	168	326
666	73	177	328
662	75	184	329
658	74	191	330
653	74	200	328
649	74	207	329
646	75	206	328
641	74	209	332
636	74	210	330
637	74	212	331
634	75	211	329
631	75	213	329
630	75	215	327
629	76	213	328
628	76	211	326
627	76	209	326
627	76	208	327
627	77	204	326
631	78	198	325
632	82	197	321
633	83	196	319
634	84	194	317
635	85	193	318
635	84	194	318
635	86	194	315
635	85	193	318
635	85	194	317
634	86	195	316
635	86	194	316
636	86	194	316
637	87	192	313
638	88	190	314
639	86	189	316
641	86	188	317
638	87	190	317
639	85	189	317
639	86	188	315
637	85	189	315
638	86	188	314
639	86	188	313
638	85	188	314
637	84	189	314
637	85	189	314
635	85	190	314
633	84	191	312
633	83	191	315
632	84	190	315
628	83	191	316
626	83	191	314
623	82	194	315
623	82	196	317
616	85	203	314
606	86	206	312
605	86	207	313
600	87	213	313
599	86	214	315
596	88	216	313
589	88	218	312
586	89	220	312
584	87	225	313
583	89	224	312
578	87	227	314
575	86	230	316
574	84	237	317
571	84	237	317
571	83	229	320
570	81	233	321
571	82	229	320
571	82	235	318
572	81	231	318
571	80	220	319
568	80	226	319
568	79	217	321
566	78	211	322
565	77	202	323
564	77	204	324
564	78	195	322
564	78	194	327
562	77	192	326
562	78	191	324
563	78	187	322
563	79	183	321
558	78	183	324
558	80	179	320
558	80	180	318
555	79	177	318
552	80	176	315
544	82	178	313
542	83	182	313
537	82	177	309
536	88	188	312
528	84	185	303
522	89	195	312
512	88	192	302
511	91	201	314
504	93	190	305
506	96	203	308
499	98	184	304
491	93	200	311
478	97	214	309
494	92	200	314
503	101	191	304
473	94	175	307
457	92	169	306
479	95	155	302
487	99	144	295
485	104	140	289
481	102	132	290
490	96	135	302
487	96	133	299
489	91	134	306
364	67	113	332
370	70	109	331
372	70	110	331
377	71	111	328
379	69	112	330
380	72	124	328
387	75	138	322
388	75	147	323
392	75	151	326
395	73	151	327
399	75	146	325
401	77	148	324
402	80	149	321
404	80	147	321
408	79	150	321
409	76	148	320
422	71	145	318
435	64	148	333
467	88	166	311
483	84	166	319
478	68	168	339
462	72	177	338
488	69	163	345
488	84	161	325
482	75	164	332
493	75	155	326
492	80	149	324
494	79	147	326
487	75	158	326
487	73	154	330
490	72	155	333
493	71	148	325
495	71	151	334
502	71	154	326
508	70	149	332
510	70	149	330
526	70	136	330
535	70	127	324
532	71	128	321
541	70	123	326
540	68	123	322
550	69	121	321
548	69	125	321
554	68	123	323
558	68	131	320
560	67	129	323
566	68	140	325
562	70	151	321
565	69	149	323
569	68	149	325
568	68	149	325
576	68	141	327
578	68	140	325
581	67	139	328
584	64	136	329
588	63	132	332
594	63	127	332
595	63	131	335
598	60	132	334
599	62	138	334
602	62	139	334
603	61	143	332
603	60	145	334
603	59	148	336
603	59	154	335
604	57	154	338
605	57	159	338
606	58	164	339
606	57	173	340
608	58	184	342
609	55	185	344
609	56	185	343
611	57	181	341
614	55	176	343
617	56	172	342
620	55	169	344
623	51	163	349
629	50	157	351
631	48	155	354
634	47	151	352
635	46	150	350
636	45	151	353
639	43	151	355
636	43	154	355
640	42	150	357
641	42	151	357
643	40	148	357
647	39	146	358
647	39	146	360
649	39	145	359
649	39	145	364
650	37	146	364
651	38	145	364
651	37	145	365
650	37	146	365
648	37	148	365
648	38	148	366
645	34	152	369
643	36	153	368
643	35	154	371
640	35	155	372
637	33	156	374
634	30	157	377
633	30	158	377
632	30	159	376
631	30	162	376
628	28	166	377
626	27	169	379
625	26	173	381
622	26	182	382
620	27	191	383
619	26	196	387
617	26	199	386
617	25	201	388
616	24	204	390
618	22	212	390
619	24	212	387
621	22	212	389
622	22	208	387
624	20	204	390
624	20	201	390
625	19	196	392
627	20	189	395
630	18	183	397
633	17	175	397
634	15	172	400
636	14	171	402
639	11	172	404
640	10	172	403
644	12	172	401
645	11	175	402
648	11	176	403
653	11	174	403
653	10	173	405
658	8	172	406
660	8	170	405
664	7	169	407
668	6	170	408
668	4	172	409
669	5	171	406
671	6	170	404
672	4	170	404
674	4	169	411
672	3	174	413
671	2	177	413
670	1	181	417
670	2	183	412
666	1	187	412
667	1	190	411
665	1	192	412
666	2	194	411
668	1	193	415
670	0	195	417
673	0	193	419
677	0	194	419
681	0	193	417
686	0	193	415
691	0	193	418
693	0	192	416
694	0	192	413
695	0	191	416
697	0	191	415
698	0	192	418
699	0	194	425
701	0	198	422
700	0	205	426
699	0	210	428
695	0	217	425
696	0	213	424
696	0	213	427
696	0	209	428
700	0	203	423
701	0	202	421
700	0	203	421
705	0	200	420
708	0	197	424
710	0	194	424
718	0	187	423
721	0	183	432
722	0	180	428
726	0	178	429
728	0	176	429
731	0	171	421
734	0	168	430
735	0	167	417
737	0	165	428
738	0	165	426
740	0	164	423
741	0	163	427
741	0	162	426
742	0	159	427
742	0	159	422
744	0	159	426
744	0	159	428
745	0	157	426
744	0	159	429
744	0	157	431
742	0	160	429
741	0	160	428
739	0	162	424
738	0	163	423
738	0	165	422
735	0	166	423
729	0	171	425
726	0	172	426
726	0	174	429
722	0	176	441
718	0	182	428
717	0	182	436
714	0	186	430
709	0	191	438
705	0	195	430
700	0	201	430
692	0	210	434
689	0	208	436
686	0	206	436
682	0	203	437
676	0	196	434
676	0	187	432
673	0	180	428
667	0	175	430
667	0	167	429
664	0	164	425
660	0	163	422
658	0	168	422
653	0	172	424
645	0	181	431
624	0	199	429
622	0	204	427
614	0	213	428
610	0	214	428
609	0	214	427
610	0	210	429
598	1	218	429
575	1	238	430
555	5	254	427
540	0	271	433
521	2	291	429
526	2	288	433
521	2	291	434
523	1	287	435
517	2	291	436
509	3	278	432
508	3	278	430
509	3	251	425
511	6	240	425
512	5	226	428
519	6	203	426
515	3	190	429
515	5	188	426
520	7	181	421
526	6	172	420
528	5	167	421
523	10	171	411
518	11	179	411
514	12	186	414
510	12	191	417
503	7	200	420
500	15	201	413
488	17	214	414
486	21	218	413
482	22	217	408
478	22	218	408
464	32	225	398
460	32	215	401
447	32	213	389
437	96	221	325
464	95	182	345
436	168	187	285
438	70	169	385
429	19	187	443
408	33	205	431
84	33	202	426
76	30	211	429
67	29	218	431
58	28	223	430
47	26	226	437
41	30	229	420
28	34	237	434
22	31	240	424
15	32	247	428
12	33	248	431
12	34	243	429
8	38	254	423
13	38	240	424
13	39	247	426
16	38	233	425
16	41	225	419
16	40	215	421
15	41	210	417
14	45	197	424
13	44	190	432
12	42	187	426
15	42	186	439
14	40	184	440
16	39	183	447
17	38	176	441
16	38	177	437
361	26	203	394
361	22	200	401
370	22	198	400
354	20	213	405
373	23	202	403
373	23	201	400
373	27	197	394
374	26	190	397
373	27	187	395
371	27	184	396
368	28	175	394
367	31	168	392
367	29	161	391
366	29	163	390
363	30	167	391
361	29	177	393
361	30	182	390
364	31	187	389
368	30	188	389
371	32	193	383
372	34	202	383
378	33	211	386
381	34	216	386
388	33	209	386
390	32	215	388
401	31	204	387
404	34	204	386
411	32	198	389
416	33	198	391
420	29	194	391
433	32	185	392
441	32	180	385
450	33	173	381
456	32	169	381
459	32	170	376
465	34	170	373
471	33	169	378
475	34	167	377
480	33	165	376
483	33	167	376
487	31	172	378
491	33	183	383
492	31	189	383
497	31	189	385
503	31	187	389
512	31	180	390
519	30	175	393
527	27	169	394
531	27	166	392
536	27	164	391
546	26	167	391
548	24	172	391
550	24	175	389
552	23	179	389
555	22	182	393
558	21	187	393
560	20	192	392
564	18	194	399
567	19	210	399
567	11	237	404
569	13	256	403
573	14	254	401
575	13	255	403
577	13	251	404
579	12	245	408
586	12	228	409
586	11	225	411
588	10	225	411
590	9	223	413
594	8	217	415
591	7	224	414
585	4	234	416
580	2	245	419
574	0	259	420
564	0	276	420
563	0	293	419
566	0	286	424
561	0	292	422
561	0	291	422
561	0	289	424
541	0	301	421
533	0	303	421
529	0	296	423
533	0	292	424
538	0	283	423
549	0	272	425
550	0	264	420
555	0	258	420
562	0	247	419
574	1	231	418
593	0	211	420
586	0	214	419
581	0	222	419
582	0	225	418
586	0	218	419
596	0	209	417
613	0	190	417
615	0	190	417
616	0	189	417
613	0	191	417
605	1	200	413
594	3	212	413
576	1	226	415
563	0	241	414
564	0	237	417
571	1	237	417
575	3	253	414
582	7	269	413
592	3	269	418
608	4	267	419
623	3	265	416
623	2	272	419
621	0	271	426
618	0	274	418
616	1	269	417
616	0	253	414
616	0	245	416
618	0	226	415
623	0	204	420
623	0	188	420
630	0	173	424
632	0	168	421
632	1	169	417
634	1	170	416
630	1	177	419
620	0	193	421
607	0	230	424
603	0	247	427
606	0	252	434
607	0	260	431
611	0	262	427
614	0	266	431
615	0	261	437
615	0	261	436
622	0	250	436
630	0	236	437
630	0	225	434
628	0	222	427
622	0	220	423
625	0	210	423
627	0	199	423
627	0	189	423
632	0	181	420
629	0	179	421
624	0	182	420
620	0	184	420
607	0	194	422
601	0	198	423
598	0	202	426
589	0	210	426
584	0	213	429
575	0	213	431
572	0	213	429
573	3	211	431
560	0	222	433
563	5	218	427
555	7	213	423
536	0	220	440
539	9	198	440
549	15	180	438
519	11	210	435
506	17	236	422
505	38	243	404
500	9	243	434
495	1	259	442
495	4	246	450
482	7	235	434
477	5	265	433
477	4	255	444
470	7	233	438
461	3	196	442
458	2	183	447
455	4	189	442
451	4	191	436
450	4	193	440
448	4	193	440
447	2	181	436
450	0	172	439
449	0	167	443
449	0	166	447
448	0	163	448
441	0	171	450
438	0	177	452
432	0	178	458
431	0	182	454
426	0	187	455
416	0	189	453
413	0	188	457
406	0	193	458
396	0	200	460
391	0	208	461
375	0	214	457
364	0	224	460
357	0	231	463
350	0	238	468
347	0	243	471
344	0	249	470
343	0	263	469
340	0	275	468
343	0	278	467
348	0	277	470
357	0	271	469
353	0	275	467
360	0	276	469
315	30	316	434
386	0	243	469
391	0	244	471
394	0	245	476
401	0	240	471
405	0	242	474
408	0	240	471
408	0	247	470
403	0	253	469
402	0	256	470
400	0	257	469
389	0	267	470
348	0	304	482
328	0	310	481
333	0	297	474
312	0	316	473
317	0	316	478
327	0	301	483
324	0	308	483
321	2	306	475
312	3	321	476
310	0	314	480
305	0	309	484
300	0	285	477
298	0	267	482
284	0	265	482
276	0	259	481
255	0	236	475
256	0	211	476
248	0	204	476
238	30	204	431
230	51	202	406
216	63	210	405
202	94	217	362
194	89	218	361
186	88	223	366
183	86	218	366
185	127	218	339
171	63	250	403
172	40	247	430
168	30	252	446
164	40	251	432
161	67	247	408
140	22	256	454
139	20	252	458
120	11	257	464
116	20	252	459
120	24	272	451
90	29	267	443
94	6	265	475
108	64	282	432
86	86	265	416
129	53	286	443
65	0	272	491
95	20	241	468
108	18	216	471
113	13	209	476
128	16	186	469
123	20	190	460
122	5	191	475
125	1	183	475
133	32	181	442
164	105	203	376
245	210	226	235
272	235	208	194
264	230	199	177
274	227	179	191
277	225	173	187
278	222	167	185
277	220	167	181
276	221	165	180
274	222	170	183
267	218	169	189
262	206	170	213
259	195	175	222
258	193	170	221
254	193	168	217
252	188	159	224
250	183	155	230
252	187	151	225
244	185	147	243
246	193	137	242
242	195	130	247
231	203	136	224
149	154	152	295
133	96	166	373
119	10	179	463
115	7	188	462
118	7	188	470
116	2	195	477
115	0	199	476
117	22	199	448
115	2	207	478
110	3	219	473
111	0	216	475
109	0	220	481
110	6	218	472
111	6	218	477
107	3	222	477
106	2	226	483
106	6	226	478
102	0	232	483
105	9	230	483
95	0	237	481
98	1	239	487
100	6	231	475
98	6	233	481
95	4	232	477
94	4	225	479
95	0	223	485
89	2	225	477
93	4	217	473
89	0	217	480
90	0	209	480
89	1	205	481
90	0	203	480
89	0	205	481
89	0	204	481
89	0	204	479
89	2	203	478
90	0	202	479
87	1	204	485
90	2	203	477
89	0	203	485
90	4	202	476
90	1	201	481
91	2	199	481
92	2	198	483
94	3	193	479
96	5	190	474
94	4	191	480
94	3	188	477
95	3	192	482
97	2	183	481
95	5	189	480
96	2	184	481
95	3	189	479
98	3	182	481
98	4	185	480
98	5	182	477
98	5	187	479
101	2	183	481
101	5	187	480
100	3	190	483
102	1	184	483
101	3	185	482
100	2	183	486
102	2	184	479
101	0	180	484
101	3	181	483
100	3	178	480
102	6	179	471
100	6	186	472
100	3	184	468
99	1	180	465
100	2	176	477
104	6	178	459
102	4	181	469
103	5	193	464
105	4	196	460
105	2	188	475
110	7	189	460
108	9	187	449
107	7	183	454
110	4	183	469
111	6	181	444
109	10	188	438
108	12	188	436
107	0	188	466
108	0	186	466
107	0	187	463
105	0	191	467
107	0	190	460
103	0	198	468
103	0	202	473
104	0	204	466
102	0	206	467
103	0	205	471
105	0	204	464
104	0	207	466
105	0	206	467
107	0	205	463
106	0	208	467
108	4	205	458
106	3	209	465
107	4	210	468
105	8	218	458
106	8	217	458
113	13	210	454
118	16	207	451
120	17	206	451
122	18	207	449
123	18	207	450
125	18	201	449
127	18	198	443
121	17	199	443
116	19	203	448
114	19	208	445
113	20	211	444
115	21	213	446
117	21	213	448
120	21	212	451
131	20	201	450
124	21	203	441
117	22	211	444
116	22	217	444
118	23	218	447
126	24	209	444
137	22	197	443
131	23	198	435
158	23	186	430
139	23	193	435
158	26	186	426
137	24	197	434
145	26	194	426
147	25	185	423
130	26	196	433
139	24	191	434
133	25	199	429
139	23	187	428
129	25	198	434
133	24	192	433
142	26	182	434
142	26	181	434
134	28	182	427
115	24	193	433
100	26	203	434
90	23	220	437
88	23	222	438
86	24	223	437
87	23	222	438
90	21	220	437
96	22	214	433
100	23	208	432
97	24	216	433
94	24	222	435
96	26	229	431
100	30	235	426
109	40	239	418
114	49	248	414
117	49	262	415
126	49	260	409
151	53	233	407
155	61	222	396
145	66	228	388
148	65	224	394
160	68	215	385
159	66	217	391
169	68	219	382
174	72	224	378
170	64	239	391
168	69	255	384
167	74	265	380
174	67	271	382
180	81	258	367
174	64	261	384
189	87	250	346
176	76	248	368
184	90	240	352
177	72	238	364
176	94	239	355
169	75	234	369
170	105	248	342
164	69	245	378
161	73	253	372
162	72	254	375
160	74	254	372
158	83	256	366
159	112	264	337
159	83	263	364
161	107	266	344
158	84	265	362
162	100	266	347
160	94	267	352
163	93	263	353
163	88	261	359
168	93	260	355
167	85	257	364
167	88	259	360
165	88	259	359
166	111	261	339
162	81	259	358
164	106	254	345
160	92	255	352
166	123	243	324
152	81	244	363
164	128	246	317
149	89	246	351
150	106	245	336
146	71	240	372
145	71	241	369
144	70	244	369
144	84	243	354
146	121	242	313
143	67	236	372
142	82	239	355
146	103	232	332
145	74	231	361
141	96	235	341
152	94	220	338
162	115	216	325
145	77	229	354
153	124	228	318
143	68	234	369
145	106	242	330
148	66	243	371
153	121	243	320
143	71	246	371
156	114	250	325
151	71	248	368
172	132	243	310
156	107	247	332
156	81	243	358
158	111	255	325
167	106	243	321
203	146	221	297
225	170	190	263
231	166	196	255
197	155	225	274
209	172	215	255
219	169	210	262
215	168	211	255
212	166	216	257
213	169	213	257
214	169	220	264
213	170	231	263
223	170	235	253
214	168	251	257
240	177	252	241
235	179	223	241
208	172	257	257
217	179	235	239
231	181	224	235
209	179	234	241
216	175	228	251
211	173	231	257
206	169	237	264
207	159	236	274
207	163	238	273
199	154	248	280
205	100	238	334
197	74	249	363
205	77	246	363
200	68	250	372
219	81	235	350
261	67	191	359
305	219	247	193
333	206	219	202
312	153	184	272
310	65	154	349
301	61	176	358
306	74	185	348
328	98	170	324
322	74	172	349
345	58	159	360
350	61	157	351
357	83	153	326
209	180	233	246
193	180	241	251
211	175	229	261
197	175	236	259
218	171	223	260
202	171	237	261
197	169	243	263
198	164	243	269
196	164	246	266
197	164	245	265
200	163	243	265
200	164	245	264
201	161	246	266
201	163	243	264
200	163	246	262
199	163	246	265
199	164	245	265
198	166	247	263
199	167	245	263
199	168	242	260
203	168	237	260
199	165	241	261
195	164	242	268
193	163	244	272
212	160	243	276
193	161	239	276
189	158	246	277
421	37	194	386
412	50	203	367
400	53	218	367
395	53	218	368
375	71	235	346
234	162	240	273
205	166	232	262
187	165	256	265
180	169	265	259
183	174	255	252
203	176	231	249
196	172	236	257
197	169	210	262
213	166	185	264
212	162	181	275
228	154	147	276
231	163	176	269
281	160	212	271
258	165	235	272
262	161	209	274
269	151	200	279
284	151	185	281
297	153	175	277
319	157	156	263
307	156	186	276
314	164	215	273
286	156	202	282
300	156	181	288
298	156	197	290
292	160	213	287
271	160	214	274
271	164	213	264
269	162	218	266
264	165	222	261
259	166	232	260
263	166	232	259
254	163	242	264
252	161	249	268
252	159	250	272
252	156	247	276
254	153	249	281
255	152	249	280
256	150	252	282
257	149	267	283
255	146	266	287
255	144	273	288
257	144	257	291
255	144	261	287
256	145	256	289
257	148	254	284
256	149	257	283
257	152	258	280
261	154	256	278
263	155	259	278
264	155	259	280
261	156	268	282
267	154	261	278
270	154	268	281
273	150	251	282
274	149	254	282
274	144	257	285
277	139	257	290
278	138	245	290
282	140	234	284
284	142	222	282
287	141	212	285
291	138	195	290
297	139	183	286
304	146	170	278
303	140	168	285
308	142	163	280
320	145	165	280
323	130	181	297
336	138	198	285
340	122	193	302
317	116	199	306
332	119	215	306
210	71	141	355
339	135	214	290
221	71	149	343
255	73	142	348
354	132	206	293
351	128	210	292
365	131	196	289
357	131	205	295
360	130	204	297
365	129	195	292
366	129	193	305
368	126	195	304
367	128	198	304
357	128	212	306
352	129	218	295
347	127	224	292
346	125	228	294
345	120	229	302
342	95	229	326
339	92	239	331
337	83	237	336
337	91	231	327
333	80	230	339
336	80	223	339
345	88	225	335
346	77	225	352
346	82	229	349
344	78	224	352
347	83	223	348
345	70	222	359
345	72	222	360
343	79	227	349
342	84	228	340
348	79	239	343
344	94	234	335
344	85	232	342
339	106	232	324
336	124	226	297
346	108	216	312
337	114	223	310
339	105	211	318
335	103	226	320
329	111	207	314
331	107	207	318
334	109	200	312
336	107	201	315
334	105	203	317
336	101	214	323
333	97	217	326
339	93	219	329
337	93	215	328
335	93	216	327
338	92	214	327
338	93	216	326
338	97	218	322
339	96	226	323
339	101	221	325
341	98	223	324
341	104	236	319
346	108	230	318
347	108	227	314
350	108	228	315
361	108	229	319
348	118	237	309
355	111	229	316
358	109	233	320
359	110	234	322
362	106	229	324
365	108	225	322
370	106	219	323
370	105	233	325
371	100	232	322
371	99	223	326
372	97	218	329
373	96	216	331
369	97	216	331
371	98	212	328
369	100	211	327
371	100	213	329
368	99	214	334
375	98	207	334
379	94	204	337
369	93	213	335
379	99	217	334
616	26	169	389
620	26	169	387
619	27	170	388
620	23	172	393
620	23	174	393
622	21	174	393
621	22	174	396
623	21	174	396
622	23	177	393
623	23	179	390
625	22	179	392
626	22	179	390
627	22	177	392
628	22	178	394
628	22	177	395
627	18	178	401
628	15	179	401
630	13	178	407
633	12	177	408
637	13	177	407
640	10	177	408
642	10	176	408
642	10	177	409
642	8	178	410
642	7	181	410
644	6	181	411
643	6	181	411
645	4	182	413
645	5	181	410
647	4	182	413
647	5	181	412
648	5	184	407
648	5	180	407
649	5	183	406
650	4	178	409
654	4	179	404
651	5	178	404
650	4	180	395
652	2	179	396
654	0	172	401
654	2	172	405
654	3	172	407
656	2	167	410
655	2	168	412
653	3	170	406
645	2	175	408
643	2	177	395
638	2	178	404
630	3	185	417
631	4	186	416
622	8	193	412
617	17	199	396
618	34	197	378
597	62	212	352
630	49	192	368
612	56	200	366
578	94	223	319
379	222	235	229
367	221	255	225
367	220	249	232
369	219	250	232
359	219	234	235
368	222	208	233
367	222	203	224
372	224	209	221
363	222	237	223
360	220	239	227
358	220	250	225
357	220	246	225
355	219	230	225
362	220	194	221
360	217	228	215
356	215	223	224
353	214	201	230
353	213	201	229
352	212	187	226
371	212	191	232
376	208	221	228
648	3	130	408
647	3	134	409
648	4	135	412
645	3	137	404
648	2	143	413
645	1	140	384
653	8	140	388
651	7	137	399
647	2	145	416
643	0	152	406
647	4	146	388
648	0	148	409
647	0	149	386
653	0	154	400
655	0	147	391
656	1	144	385
658	0	147	386
658	1	151	392
661	4	151	405
661	1	158	418
661	4	158	406
662	1	163	411
660	1	167	414
658	0	169	409
656	0	168	412
653	1	175	412
649	2	179	409
647	5	185	401
640	4	190	401
639	12	193	401
635	10	202	409
634	14	197	400
631	11	205	399
630	24	199	386
622	20	197	399
619	29	199	391
614	28	208	397
611	28	206	396
609	23	201	398
606	21	201	402
604	18	198	401
602	24	195	385
602	24	191	382
602	25	198	385
601	22	197	390
604	22	196	389
606	24	194	387
608	27	192	383
612	29	191	380
614	28	190	386
616	29	189	384
616	26	189	389
614	23	198	390
610	26	204	387
612	24	202	387
612	30	201	381
612	31	202	383
612	36	200	378
611	50	199	366
610	56	198	360
610	64	188	356
610	71	183	355
346	218	246	224
351	218	245	222
346	218	250	223
350	218	250	224
347	219	253	226
347	220	258	228
345	218	258	234
350	221	262	229
340	220	266	229
355	220	260	231
347	220	261	230
345	218	269	234
345	216	262	235
345	217	268	234
344	216	272	237
341	216	275	233
342	217	271	232
341	215	273	236
343	215	272	233
342	216	270	232
341	215	271	231
339	215	270	230
339	216	268	232
338	215	274	231
337	216	272	230
338	216	271	233
337	215	276	233
337	215	274	237
343	217	275	234
338	217	277	232
343	215	258	237
347	210	244	237
353	207	253	238
355	209	231	238
355	210	244	240
352	214	253	233
357	216	238	235
603	52	224	357
595	47	214	371
602	43	185	370
600	36	176	384
590	35	178	386
591	32	178	386
587	22	180	394
581	10	187	406
570	4	199	415
551	0	221	407
552	0	218	371
553	2	219	407
553	3	225	394
549	5	227	374
555	20	249	343
553	25	275	348
561	23	282	354
573	26	276	370
576	38	265	362
586	60	252	349
591	65	289	344
593	79	249	328
594	87	215	321
593	90	190	321
588	97	185	313
584	96	184	313
583	96	183	315
582	94	182	314
583	91	182	320
585	83	189	329
582	77	193	335
580	74	194	335
578	67	194	343
580	61	182	347
577	51	193	359
584	49	203	364
583	48	224	362
577	47	239	363
581	46	238	361
576	43	235	363
577	42	239	366
570	37	237	373
565	37	239	368
561	36	237	366
546	34	226	371
537	37	218	366
536	38	205	366
537	36	199	372
532	36	199	372
515	38	208	373
503	37	219	367
488	37	223	373
473	38	237	387
474	35	239	380
462	35	237	383
479	36	211	380
464	44	212	372
447	47	206	380
356	100	216	343
353	85	246	350
358	76	236	370
364	68	239	376
355	69	248	377
349	69	256	373
361	62	251	380
458	41	217	388
356	65	243	389
370	58	268	387
382	52	236	401
367	66	237	385
479	35	229	398
439	44	245	400
356	46	260	401
443	24	237	416
422	33	246	412
368	57	263	385
352	83	269	363
439	22	197	419
364	70	255	380
364	41	252	397
353	50	245	395
354	44	240	402
354	39	249	405
347	50	251	397
355	43	256	399
353	41	257	407
361	36	274	409
361	45	258	413
394	26	260	409
377	32	272	418
420	36	252	405
462	25	215	414
440	20	232	422
449	25	213	422
461	23	204	423
470	25	192	424
425	34	202	407
487	16	206	427
492	11	197	431
489	13	195	431
523	7	178	433
493	19	187	423
537	11	172	422
524	19	172	421
540	18	174	414
540	23	178	413
524	30	186	406
556	11	172	428
540	21	185	408
425	61	202	386
563	6	185	418
557	7	192	435
537	13	199	435
418	63	213	385
590	6	180	425
603	6	181	431
589	14	198	424
612	1	190	435
610	3	203	433
614	4	212	436
621	0	224	434
620	0	242	432
623	0	246	434
628	0	244	434
632	0	241	437
645	0	230	437
654	0	226	437
660	0	225	435
667	2	216	433
675	0	211	435
685	0	205	434
687	0	203	431
691	0	200	432
694	0	197	435
695	0	194	435
696	0	190	434
696	0	189	439
697	0	186	438
695	0	186	439
697	0	184	442
695	0	183	442
695	0	183	442
694	1	183	442
693	3	184	436
695	4	184	436
695	2	189	444
693	0	193	439
692	0	197	445
693	0	200	441
691	2	204	444
691	0	207	444
689	0	210	445
689	0	212	443
689	0	210	443
691	0	207	444
696	0	201	445
696	0	201	449
698	0	194	446
702	0	190	451
698	9	191	443
704	0	185	447
705	0	188	453
705	0	190	450
706	0	190	452
705	1	192	444
707	0	190	449
708	1	189	450
708	0	188	449
710	0	189	451
709	0	189	449
711	0	191	450
711	0	193	447
711	0	194	446
711	0	195	445
712	0	197	445
713	0	202	449
713	0	204	446
712	0	209	444
711	0	210	443
709	0	211	443
705	0	211	440
387	123	288	323
387	121	325	330
344	121	295	320
356	132	274	298
334	122	276	337
323	126	278	337
313	116	292	338
301	115	287	337
294	111	286	340
281	100	297	363
277	97	301	363
280	92	297	379
285	86	292	379
283	83	291	380
287	77	284	386
286	75	282	393
287	73	280	394
288	71	274	399
289	70	272	396
289	66	268	401
290	62	266	405
292	55	264	410
296	56	259	412
295	53	259	412
309	53	254	409
297	58	260	409
302	54	254	411
300	56	259	405
297	55	264	406
297	51	262	409
298	49	265	416
299	44	263	417
301	43	261	420
304	43	259	420
306	44	256	422
310	44	253	419
308	45	256	420
313	45	249	416
312	47	247	422
320	51	244	420
325	50	238	411
339	52	227	410
338	51	232	414
336	53	233	418
341	59	229	412
329	63	243	417
331	66	238	403
328	67	243	411
331	69	244	397
328	66	245	407
330	69	241	400
332	62	240	414
692	0	227	449
687	0	238	448
686	0	236	450
689	0	231	450
689	0	232	450
693	0	226	450
698	0	220	447
703	0	215	446
710	0	206	444
712	0	203	450
714	0	204	447
716	0	214	449
720	0	217	445
724	0	222	445
725	0	218	448
725	0	216	450
724	0	220	450
724	0	219	448
724	0	217	451
724	0	213	449
721	0	204	447
716	0	202	450
708	0	202	453
696	0	201	452
689	0	204	445
683	0	208	449
677	0	214	447
676	0	215	448
668	0	216	445
668	0	216	447
669	0	214	445
670	0	211	446
674	0	208	447
680	0	201	443
684	0	197	443
689	0	194	444
694	0	198	445
695	0	206	444
699	0	208	446
698	0	211	447
700	0	208	450
704	0	204	447
710	0	199	448
713	0	193	451
716	0	187	452
720	0	182	448
727	0	174	447
730	0	172	446
731	0	174	447
731	0	174	443
729	0	176	445
729	0	174	445
729	0	175	446
729	0	174	438
729	0	181	447
729	0	178	441
729	0	173	444
731	0	175	447
729	0	174	437
728	0	179	444
726	0	178	439
722	0	177	443
719	0	177	448
709	0	188	444
702	0	193	445
699	0	193	444
695	0	198	443
692	0	203	448
689	0	208	441
686	0	203	440
686	0	202	441
686	0	198	440
684	0	196	437
688	0	187	433
688	0	182	434
690	0	180	436
691	0	177	431
692	0	176	440
696	0	174	433
699	0	170	438
700	0	169	433
700	0	173	440
700	0	170	438
697	0	176	438
695	0	177	439
693	0	180	432
691	0	184	435
690	0	185	434
686	0	192	432
687	0	191	430
686	0	193	433
686	0	194	426
688	0	196	433
692	0	196	427
693	0	198	436
694	0	201	436
696	0	202	435
697	0	204	436
698	0	201	432
698	0	204	430
698	0	205	430
698	0	205	430
698	0	204	429
698	0	195	426
698	0	190	431
700	0	185	426
698	0	185	431
698	0	183	421
697	0	187	425
693	0	185	425
691	0	188	427
687	0	188	420
685	0	194	428
679	0	193	427
676	0	201	429
670	0	202	427
667	0	208	432
656	0	215	429
646	0	221	430
641	0	226	429
637	0	232	427
632	0	231	419
630	0	236	426
618	0	245	437
618	2	241	423
607	5	240	417
634	3	202	409
642	11	190	424
614	34	209	388
635	33	180	403
625	37	181	396
610	35	196	409
601	42	208	419
341	89	233	375
343	88	240	378
343	89	247	372
343	93	252	370
345	92	253	372
388	104	280	372
341	98	260	369
406	102	273	368
367	96	255	375
350	93	243	364
347	93	248	374
346	93	243	372
345	92	251	366
345	88	245	372
344	83	239	376
353	78	246	385
353	76	226	380
665	1	168	443
669	0	158	421
668	0	163	408
670	0	159	420
669	0	161	412
668	0	164	417
664	0	167	418
660	0	173	419
654	0	181	417
654	0	179	422
654	0	179	427
653	0	179	426
652	0	180	426
650	0	180	428
648	0	181	430
644	0	183	432
642	0	182	431
642	0	185	432
637	0	186	433
628	0	192	433
624	0	195	440
615	0	206	436
612	0	210	438
607	0	217	441
600	0	219	439
597	0	220	440
594	0	224	443
595	0	224	441
596	0	223	440
594	0	224	440
593	0	222	439
592	0	217	441
592	0	210	442
592	0	207	440
595	0	200	435
596	0	197	439
602	0	193	439
603	0	194	441
607	0	191	441
609	0	194	439
610	0	195	440
611	0	197	439
612	0	197	438
614	0	196	440
616	0	194	439
617	0	192	438
617	0	190	440
620	0	190	438
623	0	187	439
627	0	182	439
630	0	181	432
633	0	179	434
634	0	177	437
635	0	177	432
638	0	175	437
640	0	175	430
642	0	175	435
640	0	177	429
641	0	178	431
637	0	182	429
635	0	184	429
630	0	189	426
625	0	195	428
622	0	199	427
619	0	195	435
620	0	194	429
618	0	195	429
617	0	197	427
616	0	193	429
605	0	195	429
605	1	185	427
598	1	187	433
588	5	189	425
581	5	194	429
566	0	212	436
560	0	217	441
550	0	225	437
539	3	227	435
501	0	254	440
479	0	277	445
448	0	308	444
450	1	285	432
458	0	257	446
443	9	262	432
423	16	292	424
426	14	285	425
414	20	312	420
346	70	250	370
346	107	212	338
343	97	199	340
343	98	203	341
342	95	207	339
343	94	216	339
341	83	231	353
343	101	213	338
340	95	217	346
341	86	214	356
340	90	224	344
338	73	245	362
334	2	252	446
325	7	257	439
311	9	270	439
304	30	278	419
290	44	290	386
388	124	203	300
377	121	204	310
369	120	213	310
364	122	220	306
359	119	227	310
360	119	229	310
361	116	228	313
364	114	228	316
367	112	227	318
369	109	223	321
371	106	220	325
374	105	219	326
378	102	216	329
379	99	215	333
380	99	215	333
379	95	217	335
380	94	215	336
380	92	216	340
381	90	216	342
380	88	218	345
380	85	219	346
377	86	223	348
378	85	224	352
375	87	224	347
377	88	222	351
378	92	221	350
375	92	221	348
380	93	216	348
380	96	214	345
384	97	209	347
394	99	197	344
404	99	185	345
404	102	184	342
404	101	183	341
404	101	183	339
402	98	185	340
399	96	186	341
401	95	183	340
401	95	179	341
400	94	180	346
399	89	178	352
399	84	176	358
403	79	172	363
405	78	169	364
410	75	164	361
415	71	163	364
413	71	175	363
409	71	186	358
411	69	189	365
408	67	194	362
417	65	187	370
422	65	183	372
427	67	180	372
431	69	176	367
433	70	177	364
427	70	185	368
432	74	181	369
432	73	184	373
436	72	183	375
435	72	187	377
437	74	188	371
436	71	194	376
435	71	196	372
443	69	189	375
447	70	187	373
448	64	190	378
457	64	187	378
452	62	196	378
440	62	212	376
394	61	258	376
426	51	229	391
435	50	216	388
450	55	208	383
455	49	194	388
451	49	200	391
451	51	204	387
476	55	188	377
460	47	200	384
465	52	192	383
454	43	202	392
449	32	216	406
447	29	226	415
451	28	229	415
449	29	242	417
444	24	254	421
443	35	267	405
443	43	252	403
436	33	247	413
425	59	215	392
460	39	213	405
440	54	212	393
435	71	206	381
447	94	224	356
436	101	221	336
439	101	218	342
448	104	215	336
659	14	179	398
668	11	190	406
674	11	189	404
681	8	177	406
686	7	173	403
693	5	177	403
699	4	178	407
703	5	179	405
706	2	180	411
708	2	181	415
708	3	185	415
706	0	188	419
705	0	191	423
707	0	188	421
705	0	191	422
705	0	190	413
706	1	192	417
704	0	199	416
702	0	200	412
708	0	193	411
713	0	192	409
715	0	190	410
728	0	181	413
729	0	183	428
710	1	205	428
699	29	217	403
708	36	214	425
710	74	228	416
711	15	215	453
688	127	252	376
663	144	263	343
336	102	255	348
330	98	256	348
331	95	258	350
333	96	257	347
335	95	251	348
342	97	246	352
319	94	249	348
356	92	215	351
208	52	216	400
226	41	206	403
218	38	205	409
241	41	199	401
263	40	219	410
363	82	208	369
372	90	194	361
376	90	186	360
375	83	181	367
366	75	186	380
379	72	188	382
301	39	208	414
325	38	195	417
317	33	182	410
372	48	199	407
322	29	199	415
339	31	203	409
331	32	216	416
340	30	223	427
324	31	241	428
322	28	249	422
330	30	239	415
333	31	231	409
327	29	227	413
334	29	226	416
333	28	222	426
327	31	210	436
342	31	211	421
343	95	225	373
593	3	192	440
558	8	219	427
574	0	208	436
548	6	232	419
566	1	214	440
548	3	239	442
555	0	232	453
432	13	177	424
435	15	167	419
445	13	162	421
441	14	169	425
439	12	179	427
411	18	203	420
385	32	231	406
360	49	238	389
416	19	223	422
329	60	267	385
316	62	271	377
301	73	267	373
297	80	272	359
289	89	252	355
285	85	269	357
275	91	278	351
278	94	270	353
274	95	276	353
274	93	286	352
286	95	277	351
289	94	292	349
281	104	275	345
283	97	270	348
549	21	236	414
280	102	266	349
304	97	294	346
297	89	288	356
280	100	276	350
303	93	274	350
275	102	273	349
307	98	264	347
282	98	258	352
305	97	260	350
284	99	255	353
287	103	272	348
319	97	251	350
282	103	277	350
325	91	275	355
604	4	196	449
614	5	198	429
615	1	211	433
615	3	216	433
616	2	221	434
614	7	230	426
616	3	232	429
614	5	238	427
615	6	235	424
618	5	232	429
620	4	228	428
623	1	228	431
620	2	253	431
620	1	256	438
620	0	257	444
621	0	261	445
621	0	259	447
626	0	248	445
627	0	247	447
627	0	244	443
629	0	241	442
630	0	243	445
636	0	234	444
635	0	239	446
641	0	231	444
645	0	227	443
650	0	226	448
655	0	219	448
657	0	218	450
664	0	213	451
663	0	211	448
666	0	208	449
670	0	203	446
674	0	198	447
676	0	198	447
680	0	196	444
684	0	199	443
688	0	202	446
690	0	202	445
692	0	205	449
693	1	210	444
693	0	214	450
692	0	219	450
691	0	223	448
689	0	223	448
687	0	226	449
684	0	227	451
678	1	232	452
668	1	238	457
663	1	239	460
657	2	242	457
349	101	216	353
358	105	196	347
361	105	192	345
363	103	192	347
366	100	190	350
366	100	188	351
370	100	183	350
377	99	176	352
382	99	172	351
383	100	172	350
385	101	170	345
387	99	166	349
389	100	167	347
391	96	165	351
390	96	163	350
387	96	166	349
386	98	168	349
381	97	174	351
373	97	185	355
389	93	175	359
376	94	189	360
373	94	192	361
386	90	181	363
403	90	167	365
402	97	169	360
406	95	164	360
418	93	154	362
418	94	150	360
414	91	155	362
420	92	151	361
429	94	144	360
431	94	137	356
408	94	150	360
361	88	200	370
350	82	206	366
344	90	219	357
345	92	215	358
355	96	202	351
360	97	200	353
339	91	223	359
334	93	223	356
338	94	230	351
321	87	239	366
234	92	307	359
320	97	245	355
227	84	324	370
213	112	353	341
245	88	324	358
265	67	294	381
241	66	329	387
233	80	320	376
277	74	290	372
263	89	287	366
254	94	296	360
248	95	298	362
298	90	250	363
324	99	228	358
304	101	249	356
308	91	218	358
289	103	245	349
270	101	259	358
265	111	242	339
272	105	245	346
274	105	236	352
265	105	249	357
260	105	250	354
268	103	234	356
287	105	224	353
578	0	186	472
578	4	186	462
582	5	180	459
578	0	186	465
572	0	192	463
572	0	191	465
569	0	194	466
567	0	197	468
569	0	195	474
567	0	194	470
568	0	192	469
568	0	192	469
567	0	194	469
565	0	195	471
562	0	193	473
562	1	188	467
556	0	188	469
550	6	190	463
533	10	200	449
324	126	224	321
343	87	207	366
528	5	196	448
341	89	225	367
537	4	176	451
498	38	203	407
508	17	201	444
475	25	207	434
365	64	227	398
364	88	191	372
373	101	193	360
371	100	197	358
375	99	199	359
380	99	204	356
374	82	210	372
370	70	206	386
367	95	192	364
373	100	186	353
377	100	181	353
386	94	177	353
384	91	182	356
383	92	183	351
387	94	181	353
388	80	179	377
389	86	194	362
396	65	199	385
389	64	217	393
402	72	227	378
399	59	251	407
404	35	264	430
377	33	298	452
371	68	304	431
358	23	293	463
350	36	284	454
346	7	291	466
332	0	281	488
323	0	285	480
323	0	299	490
325	3	292	471
333	21	282	437
346	53	286	413
336	34	276	429
393	53	238	414
393	50	243	409
401	48	226	405
410	51	230	410
401	43	228	421
400	45	240	428
397	38	235	416
398	44	234	420
399	41	235	413
396	39	237	419
398	40	248	418
393	39	246	417
396	46	271	410
387	41	278	415
390	41	253	416
386	44	253	415
389	45	239	415
389	46	244	420
387	50	242	412
386	49	237	414
388	51	242	418
386	50	240	411
385	50	240	414
386	49	235	411
389	49	236	416
388	48	230	413
389	49	233	415
388	50	229	410
387	49	232	412
388	48	226	414
388	50	229	408
390	51	226	406
390	52	224	407
391	50	226	407
390	49	228	410
390	46	230	412
390	43	233	412
389	45	244	412
385	45	233	414
384	45	233	414
385	44	232	414
386	45	231	414
389	48	229	411
387	51	230	410
388	55	227	407
388	60	226	403
389	64	226	397
391	63	222	399
393	64	222	401
397	63	215	401
397	62	218	398
398	60	215	401
399	60	214	403
398	58	212	405
398	60	216	403
400	61	213	403
392	65	220	400
393	67	218	397
398	68	210	392
400	59	219	402
403	51	206	408
415	52	194	405
423	53	186	393
435	51	177	389
427	59	185	387
424	67	194	381
423	65	195	389
425	70	192	388
421	70	198	389
432	71	198	382
435	82	202	363
444	78	204	370
448	74	214	372
450	70	218	373
457	78	220	371
461	81	212	365
470	82	200	368
482	85	194	366
477	84	206	369
507	81	187	371
515	80	178	368
525	79	174	366
523	79	178	368
523	77	183	372
520	72	192	377
530	70	187	378
536	70	185	378
544	75	179	386
545	74	181	396
547	69	181	412
536	54	190	456
554	111	177	375
562	114	166	380
558	79	184	364
564	118	198	364
580	158	188	278
590	181	177	248
608	178	164	247
600	194	173	235
607	197	169	229
598	201	176	226
607	210	172	221
598	220	185	208
602	216	179	216
605	207	174	227
611	197	170	233
593	198	183	236
591	200	187	233
600	196	184	237
601	196	180	235
609	199	170	233
612	191	165	238
613	191	164	239
610	188	166	245
610	191	167	242
618	121	158	316
617	97	156	348
609	80	165	364
606	74	169	371
599	83	178	361
597	79	179	366
591	78	185	364
590	77	182	368
604	78	168	361
590	84	182	355
576	75	195	362
562	62	209	377
550	58	221	381
538	57	231	381
533	54	232	379
530	49	233	388
528	47	235	390
527	46	235	395
525	43	234	397
518	40	235	406
515	40	238	410
516	38	237	416
517	38	236	417
517	37	235	418
521	39	228	415
523	41	224	412
525	41	221	415
531	42	214	414
536	44	207	410
541	46	202	402
539	46	203	400
533	46	207	401
532	49	207	397
524	47	215	407
522	45	213	409
538	45	198	402
516	46	218	407
527	42	206	421
529	40	204	441
520	46	223	415
524	97	221	389
518	121	233	345
525	152	242	331
504	135	259	350
479	147	312	343
439	137	326	372
438	64	354	413
409	68	334	429
404	70	330	409
390	85	338	393
381	102	312	397
387	141	372	365
362	166	382	337
338	186	355	328
397	95	279	375
395	111	254	377
390	103	235	390
387	112	243	373
386	120	235	346
461	127	220	329
483	167	207	327
487	175	196	295
475	177	197	287
461	185	197	277
444	182	194	276
444	125	183	335
434	91	204	372
412	77	205	364
413	77	195	376
411	76	185	381
409	80	176	352
408	83	181	357
401	84	186	360
403	90	186	360
396	93	178	354
393	88	194	356
374	87	211	360
366	93	226	354
362	92	230	353
361	93	238	354
359	95	236	351
360	91	238	356
360	91	238	356
360	86	239	367
358	84	244	363
357	81	244	369
359	80	243	369
360	79	245	373
362	77	245	376
364	75	247	375
366	73	248	370
368	74	248	370
371	73	249	372
373	73	252	369
389	100	271	343
382	79	259	370
389	86	285	360
388	81	263	373
390	82	258	370
393	85	257	366
408	103	267	354
410	99	257	355
410	105	258	346
419	119	270	337
418	109	264	343
423	112	276	339
420	116	269	337
421	112	279	340
421	114	282	334
426	110	281	339
434	103	274	342
440	99	270	348
445	95	265	354
451	92	257	355
454	90	255	355
439	87	272	355
438	83	273	366
438	81	279	364
430	78	287	364
434	78	286	363
433	80	291	362
436	81	292	362
443	83	283	355
449	86	289	355
461	90	279	356
478	95	263	349
490	102	251	341
506	105	237	337
516	108	231	333
527	110	219	333
536	114	207	326
540	115	207	325
542	115	207	327
543	115	208	324
546	115	208	327
547	111	213	337
546	108	217	334
547	105	218	334
547	104	214	336
546	102	220	335
550	100	214	340
552	95	213	346
552	95	215	347
552	92	219	349
552	91	221	347
549	88	225	351
551	88	223	346
555	87	220	342
553	87	223	345
554	87	223	347
554	91	219	341
554	89	219	344
559	92	213	342
536	97	233	331
535	103	230	323
553	96	214	335
533	101	231	327
546	100	220	328
533	97	229	333
548	95	219	335
550	93	215	338
554	92	213	339
549	90	220	342
554	88	217	343
549	89	222	341
550	85	223	346
551	84	222	346
551	81	225	349
553	80	223	352
555	79	221	354
561	77	218	355
558	74	224	359
560	72	224	362
559	69	229	365
564	67	227	365
561	60	233	371
563	56	231	374
556	51	237	380
556	48	238	380
557	46	234	385
556	42	232	389
557	39	227	392
559	41	224	395
560	39	220	396
557	39	218	397
545	41	223	392
547	43	219	393
542	45	224	390
545	47	220	386
540	52	227	382
543	57	222	379
542	60	221	379
538	66	225	368
535	68	226	368
534	69	226	370
527	74	230	365
523	75	235	365
518	76	240	363
514	77	242	363
510	79	242	360
507	81	244	359
505	82	246	359
502	79	250	362
497	78	253	363
493	79	256	364
490	82	259	364
491	84	252	359
488	84	256	359
489	86	253	353
487	87	260	353
484	86	258	356
481	85	260	354
480	84	270	357
480	86	261	358
483	85	261	357
481	84	262	359
480	85	262	355
484	87	262	354
483	88	259	352
484	89	265	353
481	91	257	350
467	91	269	348
456	98	290	337
463	98	290	342
468	96	274	338
464	99	279	339
471	99	275	339
480	95	262	340
480	98	265	338
481	97	263	336
476	98	271	338
475	97	268	337
472	97	269	339
465	96	278	341
464	97	278	341
462	99	279	339
456	98	289	342
454	98	290	342
445	99	294	345
444	99	294	347
440	100	300	347
448	99	292	339
450	100	295	342
448	103	296	336
443	102	303	339
436	102	307	337
430	101	314	340
432	103	308	340
431	102	309	339
428	103	314	337
434	106	308	339
440	107	302	334
452	107	295	330
447	109	300	333
452	108	296	333
451	107	293	333
451	107	290	334
450	106	294	338
451	105	294	341
450	102	298	343
450	102	295	343
447	100	299	343
446	100	298	344
441	98	302	344
436	99	308	344
430	99	314	345
426	98	318	344
423	95	319	347
420	95	321	347
419	96	323	343
418	97	326	344
418	97	323	346
418	98	326	349
420	97	326	344
420	98	321	350
428	97	321	345
432	98	318	345
434	98	313	345
438	98	315	342
440	98	304	339
442	98	303	336
444	99	303	339
444	98	297	338
448	98	291	339
449	96	290	343
452	94	284	344
457	89	271	347
457	88	267	344
459	87	260	349
460	86	263	349
465	85	256	351
471	83	252	354
471	82	253	359
476	80	249	362
490	79	238	364
482	78	246	364
509	78	226	361
507	79	227	360
509	77	229	364
518	75	221	365
523	76	217	362
532	72	208	367
534	71	207	369
537	69	206	370
537	65	206	375
537	65	205	378
537	63	206	379
537	62	208	381
534	62	210	381
532	60	213	385
529	60	216	385
524	59	221	385
522	60	223	385
519	60	224	385
514	61	228	384
511	63	231	379
502	67	237	377
500	69	240	375
496	71	242	373
492	73	247	368
486	73	254	368
470	74	266	367
468	74	268	364
462	75	272	366
455	74	278	365
453	76	279	364
453	74	280	365
450	76	281	363
449	75	282	363
448	75	281	362
445	76	284	361
447	76	280	357
450	75	278	359
448	76	279	357
452	76	275	356
450	75	274	359
453	76	272	356
453	76	267	358
452	74	274	358
455	73	267	362
462	76	259	357
480	78	239	352
492	79	227	351
497	80	223	354
510	84	215	351
520	86	204	356
531	89	194	338
539	99	188	341
540	102	184	338
546	105	178	335
558	111	165	331
537	127	181	316
433	158	287	279
435	143	285	299
434	141	286	305
427	181	283	275
416	199	300	264
418	207	300	250
412	218	293	238
406	241	287	224
491	167	251	274
514	154	238	286
514	139	231	298
538	113	209	327
484	30	245	416
433	48	296	395
442	76	299	377
428	72	300	379
438	95	285	356
446	45	278	401
466	92	264	359
418	93	303	355
408	74	315	377
412	87	316	366
401	86	321	366
402	102	328	348
395	65	331	380
390	88	330	351
415	110	318	348
399	75	322	371
395	83	327	361
396	72	324	367
395	60	320	385
397	42	318	403
404	37	323	412
411	56	308	393
420	85	308	360
435	73	289	371
450	90	286	348
478	100	253	338
493	101	237	340
536	99	195	352
527	97	198	353
518	95	203	354
514	97	205	342
516	95	204	345
523	95	192	328
527	96	190	334
529	93	191	335
532	94	192	335
536	88	189	342
539	81	187	353
541	76	187	359
544	70	186	365
547	65	189	369
548	60	194	374
549	47	204	388
550	42	217	387
550	34	226	389
547	27	238	396
546	23	243	398
540	17	255	406
533	16	261	413
531	15	264	410
529	13	268	414
527	11	268	416
526	10	260	419
526	11	249	417
528	14	234	412
533	9	216	415
536	9	212	418
547	5	201	419
553	5	200	425
555	2	207	430
558	6	208	428
562	6	207	427
568	3	195	428
572	2	194	427
574	1	197	427
575	3	196	423
580	2	190	427
591	5	181	422
599	2	172	430
603	1	167	430
602	2	170	427
603	2	168	423
603	2	174	425
600	1	178	424
603	1	176	426
601	1	174	425
604	0	171	427
600	0	170	425
601	1	166	426
596	1	173	427
596	1	174	427
595	2	176	426
590	3	181	427
587	5	185	423
584	4	187	422
581	6	190	422
575	6	194	421
571	9	200	421
561	11	211	422
552	11	216	424
549	12	213	422
545	11	212	425
542	14	205	420
529	15	191	411
525	17	186	407
516	16	190	405
510	16	187	404
500	15	194	419
477	21	211	412
473	22	210	409
476	24	210	406
473	23	214	409
472	19	217	415
476	20	213	408
473	23	216	410
472	21	224	416
470	23	224	417
466	22	224	418
467	30	238	410
465	65	247	375
476	198	259	254
488	225	237	210
482	216	245	217
461	116	170	308
490	214	235	216
486	224	210	203
437	70	172	364
440	57	195	380
364	25	196	419
446	26	177	412
447	46	198	399
456	65	214	385
386	35	218	399
338	30	190	399
335	31	196	401
327	29	181	402
320	30	165	402
314	30	164	395
426	41	192	383
307	31	174	401
303	32	196	404
289	24	196	408
279	24	183	409
248	24	195	408
231	25	203	405
218	26	214	406
207	25	224	413
193	25	235	414
180	28	244	408
176	27	246	407
172	28	247	408
171	30	245	410
173	34	240	404
177	29	235	412
176	27	233	416
178	26	229	417
176	27	226	418
178	24	219	418
176	23	216	424
177	22	204	425
173	19	203	427
176	19	188	425
173	18	183	427
172	17	170	437
169	16	167	426
172	16	160	423
171	15	162	425
166	13	165	438
159	11	172	442
153	13	176	444
148	15	180	433
144	14	182	441
137	15	189	437
131	13	197	443
124	14	203	445
116	15	213	440
112	15	216	439
100	13	224	447
87	9	231	451
79	10	231	447
74	9	228	443
64	8	235	450
56	9	234	444
41	6	241	458
37	9	238	456
34	7	240	459
30	6	241	459
25	6	244	453
33	6	234	462
36	6	234	461
44	7	225	460
45	11	214	452
55	4	213	471
61	2	211	472
66	0	208	475
71	0	208	481
74	0	210	476
74	0	216	475
76	1	217	472
76	0	218	471
72	0	228	481
73	3	225	466
72	2	230	469
75	3	229	467
77	2	229	474
80	3	224	478
83	2	222	468
81	1	228	481
89	1	218	480
88	0	218	479
85	2	224	472
85	0	223	472
83	2	228	473
78	2	229	478
77	0	230	476
71	5	239	465
63	2	247	470
64	3	254	467
51	2	274	462
54	1	274	469
55	2	269	468
61	1	257	468
69	2	239	471
76	0	219	486
79	0	210	478
75	0	205	487
81	2	197	481
66	1	211	478
10	19	265	468
28	20	232	468
24	38	249	442
24	45	238	444
18	33	242	425
15	18	233	463
17	13	243	504
22	12	223	477
29	16	243	486
32	13	275	481
9	8	276	486
0	8	185	496
0	10	185	491
0	10	182	491
2	2	172	506
11	5	164	509
15	7	164	513
0	18	154	496
3	0	135	519
5	0	123	512
13	9	121	512
311	97	214	358
379	33	181	400
392	39	177	408
396	30	178	413
386	41	191	408
360	27	208	422
350	21	219	434
364	12	211	459
331	15	227	450
365	10	210	444
299	13	254	451
287	11	271	451
286	16	279	444
287	21	280	442
284	16	276	446
301	33	259	427
297	18	263	451
303	47	251	415
316	37	242	427
314	58	243	401
340	44	220	415
352	36	201	417
375	40	183	411
383	65	175	385
387	49	172	401
396	88	168	353
406	85	162	354
410	81	160	365
417	61	167	390
421	69	173	380
395	93	191	340
398	124	219	299
406	96	193	338
391	90	207	357
398	58	218	389
405	49	214	390
399	57	202	398
417	67	209	399
413	74	196	373
430	76	209	360
387	65	202	398
405	65	215	380
428	70	220	359
425	59	209	393
422	70	201	385
439	76	203	375
339	147	238	312
444	94	200	351
435	32	204	405
425	40	201	413
419	66	199	385
425	82	205	343
413	77	198	368
411	87	212	346
413	130	202	320
407	75	210	357
389	75	217	396
388	43	221	406
382	43	216	410
365	98	237	344
327	68	244	362
314	70	257	383
338	37	229	428
326	51	235	414
315	53	235	410
338	59	219	406
339	101	215	360
327	101	217	360
387	98	187	357
380	87	179	369
399	91	165	362
295	100	180	346
421	100	149	346
415	93	149	341
437	75	131	372
428	73	137	376
421	72	142	384
420	75	143	380
418	74	140	383
421	75	139	384
430	72	149	387
431	70	150	397
425	71	149	397
414	72	151	405
400	69	161	399
406	70	163	400
398	70	163	409
225	85	221	398
171	106	241	383
147	88	233	398
155	79	214	416
169	93	202	399
209	91	227	400
178	128	209	375
177	104	199	400
170	24	232	477
180	90	228	410
175	13	238	496
174	3	246	505
175	21	234	483
182	45	239	446
204	53	242	434
212	60	229	429
223	60	227	421
226	55	235	439
468	58	176	394
472	61	159	378
471	64	157	366
478	61	149	376
483	60	149	376
483	60	151	377
475	67	167	372
478	69	171	366
484	66	164	368
489	65	162	367
492	69	158	371
499	76	155	359
486	67	159	372
490	80	162	360
487	65	161	376
491	68	163	374
480	61	160	373
481	64	154	372
484	63	145	373
486	64	145	372
488	63	146	364
493	68	146	370
488	78	143	347
501	74	139	363
486	73	154	359
487	117	166	326
493	58	152	379
492	85	164	357
474	80	173	358
491	68	165	376
496	94	182	360
448	59	197	386
486	90	211	373
501	92	194	353
447	55	204	390
479	64	191	378
501	142	202	317
542	251	192	198
551	251	174	195
547	256	172	189
543	246	174	196
550	243	178	200
552	251	177	190
549	243	162	193
552	241	177	194
556	244	168	193
559	244	167	192
559	245	165	188
554	247	170	185
561	237	171	196
551	238	179	191
553	235	185	188
562	245	187	181
563	243	176	176
570	237	181	189
581	239	172	183
587	239	169	183
595	243	169	181
592	236	158	183
609	243	156	190
614	241	161	188
612	242	173	193
624	242	166	196
614	250	156	179
627	254	169	187
623	246	182	193
621	247	182	191
627	249	181	190
631	259	176	180
631	263	174	175
626	266	181	171
623	267	182	172
628	264	176	177
623	266	177	174
624	259	172	178
622	263	176	173
621	260	170	176
627	256	166	180
621	259	166	174
624	258	159	174
625	256	154	175
632	260	151	172
632	254	150	177
635	251	148	180
637	252	151	178
644	253	149	178
631	247	150	180
638	243	146	186
637	236	140	193
630	235	148	184
637	233	150	193
644	232	162	187
642	230	162	183
652	233	166	175
657	234	172	170
663	231	183	175
675	236	218	171
681	240	198	175
678	229	198	180
679	239	224	177
688	244	211	171
696	243	209	170
710	250	193	174
707	246	180	177
516	56	124	331
532	42	166	373
532	38	185	388
539	40	195	386
536	39	186	364
558	40	185	372
563	35	188	380
571	42	178	359
576	39	170	366
588	39	164	373
592	38	160	378
606	37	154	366
608	32	158	371
611	27	158	364
617	30	156	366
618	31	158	375
636	30	158	365
640	28	165	373
644	28	165	375
647	27	160	367
658	27	159	372
653	24	168	380
666	24	159	361
669	25	166	380
677	23	160	375
679	23	175	387
680	23	166	377
681	25	171	383
689	25	169	381
690	27	171	379
691	28	175	382
693	25	181	389
697	22	184	392
696	22	191	393
703	20	180	390
702	20	173	393
708	22	161	387
714	24	155	384
715	26	160	383
721	26	153	379
727	27	147	373
729	27	148	380
733	28	148	373
745	26	138	374
752	27	136	361
759	25	134	378
764	27	138	364
774	26	140	373
779	25	142	375
783	25	149	373
790	24	143	373
798	23	142	372
810	21	136	372
818	21	131	371
823	19	130	370
828	13	126	378
832	11	123	382
838	10	116	384
840	7	114	389
843	8	110	389
848	6	105	389
850	6	101	387
864	6	89	388
867	2	85	395
869	0	82	392
871	0	80	391
867	0	82	390
879	3	74	385
762	230	166	169
756	231	177	173
756	232	179	173
750	238	178	170
763	238	171	167
744	226	176	178
735	228	179	171
674	84	115	288
404	53	125	351
401	48	144	366
403	47	146	363
406	47	148	361
408	49	148	362
407	48	151	361
410	51	151	360
411	50	152	360
415	51	148	359
419	49	147	361
422	49	146	361
426	46	141	364
431	45	132	363
434	46	129	362
436	46	128	363
437	46	131	363
442	48	132	361
447	47	128	362
454	47	118	360
459	46	117	360
461	47	121	359
462	45	132	363
465	43	134	362
467	43	131	364
468	42	131	366
469	45	129	361
472	45	123	358
474	44	120	360
475	44	127	361
478	45	126	360
481	46	127	357
487	49	121	355
489	48	122	359
492	51	125	354
495	51	116	356
500	52	121	354
499	50	115	356
501	50	125	355
500	50	118	356
504	49	129	357
502	51	121	352
505	52	131	353
506	49	127	350
506	48	134	355
506	50	141	352
505	50	151	352
501	50	167	355
500	48	177	353
499	48	188	352
500	45	185	355
500	46	181	354
502	46	163	356
507	45	161	361
508	46	164	357
512	46	157	358
515	48	160	357
515	52	175	348
518	62	162	338
521	44	164	353
521	77	175	321
522	70	173	329
524	68	188	333
523	66	198	346
524	46	199	367
516	4	209	420
513	5	213	426
510	3	213	425
507	0	202	433
509	0	198	429
505	0	195	434
507	0	189	423
506	0	184	414
507	0	177	419
506	3	178	417
502	4	182	416
499	7	188	413
493	9	194	407
492	19	196	398
514	25	172	391
532	31	154	388
548	31	145	391
539	32	149	387
551	34	141	387
550	32	139	386
544	31	146	387
542	31	148	388
532	29	158	389
535	28	157	389
534	24	160	390
530	24	162	387
530	23	162	389
531	23	162	387
528	21	170	390
530	21	162	392
529	18	168	392
528	19	167	393
529	20	165	396
527	16	167	401
527	18	164	404
527	15	163	407
525	15	162	405
524	15	164	407
523	12	168	408
522	11	170	410
524	11	168	413
526	10	165	412
529	10	162	412
533	9	158	412
535	9	160	411
537	9	159	409
538	7	161	411
538	8	169	408
537	8	184	409
536	10	196	408
533	10	204	409
536	8	203	413
529	8	213	411
548	5	193	415
552	6	194	414
555	6	192	417
560	3	190	419
564	2	185	419
564	0	188	425
567	1	188	424
572	1	185	420
580	0	178	419
586	0	174	414
597	0	171	418
592	0	179	417
599	0	182	410
609	0	172	415
612	0	172	413
620	0	178	415
627	0	184	416
628	0	191	415
636	0	192	420
630	0	212	419
625	0	219	416
620	5	228	406
633	3	226	412
637	5	222	404
644	3	217	411
651	0	230	414
666	0	223	410
681	2	211	412
677	0	215	413
676	0	218	413
678	0	222	412
683	0	221	409
690	0	226	410
693	0	227	412
701	0	219	412
702	0	230	413
707	0	231	412
710	0	234	416
716	0	232	415
717	0	231	413
716	0	237	412
720	0	236	414
726	0	233	415
731	0	228	415
735	0	224	415
750	0	207	410
757	0	199	407
760	1	196	405
765	19	172	387
771	23	174	384
787	19	168	392
805	19	152	391
828	0	129	413
830	2	127	408
835	6	121	404
841	8	116	387
835	3	121	401
838	21	117	372
840	23	115	359
841	9	112	371
843	12	110	365
842	25	112	350
844	2	109	369
848	9	107	361
851	6	103	364
854	12	99	365
857	0	95	368
857	4	94	363
864	0	86	376
872	4	80	371
873	45	81	335
877	29	73	353
877	30	74	347
872	29	77	352
870	31	77	352
872	32	80	351
875	34	74	351
880	33	71	353
874	67	75	321
869	50	82	340
868	45	78	348
871	50	80	349
873	70	77	321
876	80	75	312
878	74	72	322
880	74	69	332
881	64	68	342
884	73	65	329
886	73	63	329
892	77	59	325
886	70	64	332
883	69	67	336
884	66	67	337
878	62	73	343
879	59	71	345
870	45	80	360
861	16	90	389
852	0	101	404
843	0	110	405
832	0	122	413
812	0	145	415
801	0	155	416
791	0	166	420
783	0	174	414
776	0	183	413
770	0	187	410
756	0	201	404
757	0	202	404
751	0	203	405
747	0	204	405
739	0	204	411
738	0	209	405
734	0	213	406
728	1	218	404
720	2	224	403
709	6	230	405
703	6	231	405
698	8	236	403
693	8	232	402
685	8	230	402
681	9	219	402
682	9	200	401
679	9	197	403
678	10	185	402
678	12	179	400
670	9	173	401
673	12	163	395
671	8	152	392
670	9	148	395
663	10	158	398
658	9	162	400
646	11	174	398
631	12	189	398
611	12	209	401
602	11	220	403
596	12	223	402
593	17	224	401
585	14	229	405
578	16	236	405
572	17	239	403
570	17	237	404
553	17	238	404
542	16	242	402
528	16	242	402
516	18	239	398
508	19	234	400
484	19	224	399
476	18	222	401
470	18	226	401
467	17	228	402
465	18	228	403
465	21	226	398
468	21	221	395
471	24	216	392
474	24	211	388
477	26	205	388
479	29	200	382
478	29	203	381
476	31	200	379
474	30	201	379
471	32	201	377
463	32	198	379
464	33	193	379
463	36	188	373
458	36	191	376
455	34	189	377
442	35	192	375
440	36	193	377
437	37	191	376
437	35	188	372
439	35	183	366
442	36	170	360
446	40	169	364
446	36	164	373
448	42	165	361
438	36	171	373
433	38	178	369
428	40	182	368
424	41	188	369
419	41	191	371
418	39	191	371
414	40	186	372
410	42	186	372
408	43	182	369
405	46	181	368
403	47	181	369
401	48	183	367
401	50	187	367
399	50	191	367
399	50	185	365
401	50	181	366
398	51	166	362
399	50	167	362
401	52	159	361
399	52	148	356
398	48	135	360
394	44	107	366
393	48	117	362
389	47	101	364
385	49	110	360
383	47	114	365
379	43	126	371
375	41	134	375
372	42	140	371
370	43	144	371
370	44	148	371
366	44	154	373
364	43	156	375
362	42	157	374
359	44	158	371
355	42	160	373
350	43	163	371
351	41	164	373
349	42	164	369
346	40	165	374
343	40	167	374
339	39	167	377
336	39	170	375
337	39	168	376
336	38	169	376
335	38	169	378
334	38	170	378
332	37	172	380
330	36	177	382
328	35	180	380
327	33	183	386
325	32	190	383
324	30	193	383
323	32	197	385
324	31	196	386
321	29	196	389
319	29	194	390
315	28	194	391
312	27	195	391
312	26	193	390
311	27	190	386
311	27	192	380
307	31	200	376
303	32	204	383
305	24	193	401
304	23	196	404
303	21	197	407
301	22	199	407
300	20	198	408
298	20	199	410
293	19	203	409
288	19	204	412
284	19	205	415
283	18	205	411
279	19	207	412
279	21	205	402
653	22	166	387
657	23	163	382
649	23	145	376
652	23	150	379
645	22	148	381
638	22	147	383
641	23	144	384
644	22	140	383
641	21	144	385
638	20	146	387
634	19	149	384
631	19	150	384
632	17	152	386
632	16	151	387
632	16	151	387
633	16	151	390
634	15	147	396
637	16	147	391
637	15	146	397
636	15	145	396
635	14	148	397
634	13	147	397
632	14	151	396
632	14	150	397
631	13	152	400
627	13	157	399
626	12	156	398
619	10	157	395
619	12	160	397
618	12	161	402
614	11	167	394
613	12	165	402
609	12	170	396
601	13	173	393
598	16	173	388
589	17	176	389
584	18	182	392
583	21	189	391
576	21	189	388
567	33	187	373
569	27	188	383
561	27	198	390
561	29	200	383
560	31	198	380
555	33	198	376
550	32	181	377
552	35	174	373
546	34	164	370
539	35	172	371
536	33	164	369
534	34	160	374
530	36	163	375
524	37	167	371
524	39	166	365
521	39	167	367
516	41	167	358
505	42	184	365
499	41	188	362
494	45	191	357
489	43	190	358
480	42	194	364
467	45	187	360
457	42	186	362
451	47	191	355
447	53	171	344
440	53	179	340
426	49	174	357
414	54	167	345
405	51	172	348
395	51	175	350
385	57	173	343
377	58	175	342
374	61	174	337
366	64	169	335
57	80	156	337
55	80	163	335
55	84	171	329
54	86	177	324
54	85	183	327
54	85	188	331
51	86	194	329
51	87	185	325
49	89	179	324
47	90	170	326
53	90	145	326
59	91	128	335
62	91	103	338
61	91	102	332
62	91	97	331
63	90	94	330
64	90	90	328
64	92	87	326
64	93	88	323
61	92	89	324
60	93	89	322
61	94	91	322
62	93	90	323
62	94	90	323
62	94	88	324
63	94	87	323
62	96	88	322
62	96	88	320
62	96	91	319
60	97	96	322
60	96	99	325
60	96	106	323
61	97	110	323
62	97	110	325
62	97	110	324
63	96	107	325
61	95	105	325
60	98	100	323
60	99	96	320
60	99	94	322
59	100	94	320
58	101	94	318
59	103	94	316
59	104	91	313
59	105	91	312
59	106	89	311
59	108	91	309
59	108	90	310
60	109	88	307
60	109	88	308
59	109	87	309
58	110	89	309
57	111	89	308
56	112	89	307
55	112	90	307
54	111	90	307
52	111	91	307
50	111	94	308
49	109	95	311
48	108	98	315
47	107	98	315
47	106	99	314
46	106	101	314
44	107	102	313
43	107	105	312
43	107	108	313
42	107	112	313
42	106	112	311
42	108	113	308
42	106	114	311
41	109	120	306
41	110	122	302
43	112	130	301
44	113	131	302
46	113	127	301
49	114	125	299
50	113	123	302
56	112	117	300
57	110	116	305
60	109	112	302
63	110	109	308
65	107	107	310
68	107	106	310
70	107	103	308
71	106	103	308
73	105	102	309
74	106	101	310
75	106	104	310
76	106	105	310
76	106	105	309
77	106	105	308
78	107	105	309
81	106	105	307
82	106	106	309
82	106	110	310
86	106	104	304
90	107	101	307
94	107	98	310
96	106	99	310
95	105	99	310
93	107	104	311
92	106	107	316
87	107	117	312
84	108	119	311
82	110	121	307
81	110	122	307
78	109	123	306
75	110	131	302
72	112	135	297
70	111	139	301
67	111	143	299
64	111	148	298
60	111	153	298
59	110	156	301
59	108	155	302
59	107	155	302
58	107	155	303
56	108	154	301
54	108	153	303
53	107	151	305
50	106	149	307
47	105	148	310
43	105	145	311
40	105	143	309
36	105	143	308
34	104	144	310
31	103	144	310
25	104	145	309
23	102	144	310
21	103	146	309
18	102	145	310
16	101	147	312
13	102	148	311
13	102	147	311
14	102	147	312
13	102	147	311
15	101	145	312
18	101	145	314
18	100	145	314
19	100	145	314
21	99	145	316
21	98	145	319
20	97	146	323
20	97	147	322
19	96	149	325
18	96	151	325
16	94	152	327
16	94	152	325
16	94	155	325
16	93	156	325
16	93	159	327
16	92	159	325
17	91	160	330
16	89	163	329
16	91	164	327
15	90	167	330
13	89	169	328
11	90	171	326
7	90	176	329
4	92	179	328
2	94	177	325
1	92	176	328
0	95	173	328
0	98	166	320
0	103	164	316
0	101	161	318
0	106	158	311
238	229	173	189
234	222	171	197
238	215	167	208
236	215	168	206
238	206	167	209
238	201	163	218
233	181	164	236
235	168	164	248
232	164	156	251
230	156	172	256
228	155	180	260
221	148	189	266
221	139	195	276
220	129	194	286
221	122	196	291
224	116	195	292
240	110	186	299
245	104	177	303
265	98	159	311
273	95	152	315
275	91	152	315
277	84	151	324
280	81	149	332
280	79	154	330
280	75	160	338
282	74	169	332
284	71	184	333
282	71	184	331
284	68	176	332
286	66	165	343
285	66	156	339
286	61	153	348
285	58	152	353
284	57	153	357
273	56	159	357
278	55	152	357
274	53	151	361
274	52	151	362
273	51	150	357
270	52	152	363
266	52	152	361
262	56	151	356
256	60	153	350
256	56	157	357
252	57	160	350
249	63	168	350
238	61	174	346
225	60	183	353
217	57	193	356
212	55	197	356
207	55	197	356
200	59	180	348
200	56	178	361
195	54	154	363
191	54	150	370
182	53	152	370
169	54	162	373
161	57	170	367
156	57	171	363
150	55	170	367
144	56	172	368
134	56	175	373
128	56	171	370
118	55	184	373
109	54	184	363
102	57	173	360
90	49	152	376
83	53	156	381
78	51	160	385
74	53	160	380
70	49	161	388
59	50	165	395
56	51	160	377
48	56	159	368
42	54	160	379
36	56	164	376
31	57	176	388
33	63	179	369
21	61	185	376
22	60	174	379
14	57	172	376
9	55	156	393
2	52	147	394
4	54	137	392
3	53	121	389
5	54	113	399
5	53	106	401
5	55	103	388
7	60	98	381
5	76	98	339
3	88	98	348
7	80	94	359
6	90	93	352
9	126	98	319
6	201	103	232
95	259	150	165
186	133	129	277
161	139	146	273
133	143	166	273
55	216	178	218
69	246	160	177
61	266	152	153
69	274	133	143
69	277	129	135
74	277	124	139
67	279	124	137
57	277	132	150
71	278	117	153
66	278	118	155
55	277	131	160
69	271	120	155
54	271	125	160
5	130	74	302
5	101	63	340
148	134	132	280
144	132	124	288
141	137	121	275
136	137	133	283
134	138	132	283
1	60	77	375
0	62	75	361
0	59	77	371
0	57	79	374
0	56	80	367
0	50	79	383
0	53	82	368
0	48	81	384
0	49	81	378
0	46	80	391
0	45	81	383
0	44	82	395
0	46	82	386
0	48	82	380
0	47	84	385
0	51	81	378
0	50	82	378
0	54	80	373
0	59	83	373
0	63	81	368
133	147	137	274
136	129	131	295
140	127	136	298
131	127	139	295
134	128	138	299
135	129	141	291
135	126	143	295
0	84	80	358
0	87	64	343
3	83	64	355
3	90	63	348
3	91	61	349
3	98	62	341
4	101	60	339
3	108	60	329
4	117	60	321
0	126	64	306
0	121	61	310
2	127	59	310
1	131	59	300
3	138	60	294
0	135	62	292
1	141	59	290
2	143	58	285
3	144	61	282
3	141	59	290
0	147	65	283
0	151	66	274
0	158	68	268
0	159	73	269
3	147	65	281
2	148	63	283
2	148	65	285
1	144	64	286
0	146	68	288
0	149	67	274
0	146	64	282
1	146	63	283
0	151	67	274
0	155	73	274
0	148	71	278
0	151	71	272
0	151	70	274
0	147	66	278
0	151	66	275
0	143	67	284
0	140	66	284
0	148	64	278
0	144	63	279
0	148	62	279
0	153	62	275
0	147	62	281
0	150	59	276
1	148	59	280
0	145	58	280
0	147	57	279
0	142	58	286
0	144	59	283
1	142	58	285
1	139	58	289
1	139	57	289
1	138	58	292
1	140	60	287
0	139	62	288
0	142	63	282
0	140	63	286
0	144	63	282
0	145	71	284
1	140	65	284
0	140	65	283
2	150	60	274
1	145	65	277
0	144	67	279
0	146	75	283
1	143	76	282
1	139	78	286
2	139	82	288
3	144	84	288
3	146	91	288
2	146	99	290
0	143	107	288
0	140	110	291
1	136	115	295
1	128	116	306
1	121	118	313
0	115	123	320
0	109	127	326
0	103	130	329
0	95	132	345
0	91	132	360
0	87	134	356
0	83	138	371
0	78	139	376
5	71	139	376
8	69	144	364
10	65	148	369
12	71	152	358
16	73	148	361
29	66	145	368
33	71	148	363
28	64	161	373
36	62	159	375
46	66	154	371
63	62	149	366
79	65	162	361
81	62	166	368
77	60	162	372
94	64	164	369
91	54	179	377
88	56	190	379
89	54	202	375
93	51	211	380
96	51	213	377
104	49	215	386
114	45	202	385
116	43	210	392
126	39	206	396
127	36	215	400
144	34	190	400
163	43	176	390
206	32	147	401
209	30	164	405
205	31	192	396
206	29	224	404
217	27	259	405
233	26	249	405
242	23	266	416
251	21	258	414
267	17	267	423
281	15	254	424
299	13	238	430
327	12	213	430
356	13	192	426
392	6	184	428
407	6	191	426
422	7	201	420
438	4	248	427
442	5	263	435
447	7	295	434
453	2	296	433
460	1	297	437
474	0	286	442
495	0	269	430
548	0	232	432
586	0	204	429
605	2	197	421
612	3	219	421
621	0	244	426
643	0	275	432
662	0	267	422
680	0	269	417
