655	267	27	35
657	264	23	38
657	263	24	39
657	264	24	39
658	264	25	39
659	264	25	39
660	264	25	39
660	264	25	39
661	264	25	39
661	264	25	40
662	264	25	39
662	264	25	40
662	264	26	39
664	264	26	39
664	264	25	40
665	264	26	39
667	264	26	39
667	264	26	39
667	264	26	39
669	264	26	39
669	265	26	38
671	264	26	39
672	265	26	38
673	264	26	38
675	264	25	39
675	264	25	40
676	263	25	39
678	263	24	39
680	263	23	40
679	262	24	40
680	262	24	40
679	262	25	41
680	262	25	40
681	262	26	40
680	263	27	40
681	261	28	41
681	261	27	41
683	261	27	41
681	261	27	41
682	262	28	40
682	261	30	41
682	262	30	40
684	262	29	40
684	262	29	40
686	263	28	39
685	262	29	40
687	262	30	40
686	263	30	39
686	263	30	39
685	263	30	39
685	263	31	39
689	263	30	39
688	264	29	39
689	263	30	39
691	264	28	39
691	264	29	39
691	264	30	39
690	264	31	39
691	263	32	41
693	263	31	41
696	263	29	40
698	262	27	41
699	263	27	40
702	263	26	39
702	263	25	40
703	262	26	39
704	262	25	40
705	262	25	40
705	261	25	41
705	263	26	40
706	263	26	39
708	262	25	39
709	262	24	40
709	263	25	39
710	262	25	39
711	262	24	39
711	262	25	40
712	261	25	40
712	261	25	39
712	262	25	38
713	262	25	38
712	262	26	39
712	263	27	39
712	263	27	39
712	263	27	40
712	263	27	40
712	263	28	39
712	262	29	40
712	262	29	41
711	262	30	41
711	262	30	40
712	261	32	43
712	262	31	42
712	262	33	42
713	262	33	42
712	262	33	41
713	261	34	42
714	262	34	42
714	262	34	41
715	262	34	41
716	261	35	42
717	261	34	41
717	262	33	41
718	263	34	41
718	262	33	41
719	262	33	41
721	262	33	41
721	262	34	41
722	262	33	41
723	262	33	41
724	262	33	40
725	262	33	40
724	261	33	41
725	262	33	40
724	262	34	41
726	261	33	42
726	261	32	41
727	262	30	42
727	263	31	41
726	263	30	40
726	266	32	39
689	257	33	39
689	259	34	35
689	257	34	34
690	257	33	36
691	256	33	36
694	257	32	36
693	257	31	40
692	258	32	38
693	259	31	41
693	258	32	31
693	258	33	34
694	257	32	37
695	258	31	39
695	258	30	39
696	258	31	38
696	257	30	40
698	258	30	43
698	258	29	45
698	258	31	40
700	258	29	40
701	259	28	43
699	259	29	40
702	258	29	41
703	258	29	42
704	260	27	43
704	261	27	42
704	261	27	42
703	260	27	42
706	260	26	43
706	258	26	42
707	258	25	43
708	258	25	43
708	258	25	44
708	259	25	44
708	258	25	44
709	259	25	43
709	259	25	43
710	259	24	42
710	260	25	42
710	259	25	41
710	260	25	42
710	259	25	42
710	260	26	41
711	260	26	41
711	260	26	41
711	261	26	40
712	260	28	41
712	259	27	41
713	259	27	41
714	259	29	42
715	258	28	43
715	259	28	42
715	259	29	39
715	259	29	40
717	260	30	40
717	258	31	39
719	258	31	42
723	260	28	43
726	261	28	46
724	260	31	46
724	261	30	46
724	260	30	46
722	260	30	46
724	259	28	45
726	259	28	44
726	260	28	41
725	259	29	39
726	259	29	39
727	258	29	37
727	259	29	35
726	259	29	36
726	259	30	36
729	260	28	38
729	260	28	38
731	259	27	39
730	259	27	39
731	260	27	41
730	259	28	42
731	258	28	42
731	258	26	41
733	258	26	40
733	257	26	38
732	258	25	36
733	260	25	36
733	259	24	36
733	261	23	36
733	261	24	37
732	261	25	38
732	260	24	38
732	260	25	38
732	260	25	39
731	260	25	38
730	260	27	39
729	260	27	38
730	261	27	38
729	261	26	38
730	262	26	38
730	262	26	38
729	262	26	38
730	263	26	39
730	264	26	38
729	264	27	38
730	264	27	38
729	265	27	38
730	265	26	37
730	265	26	37
731	266	26	36
730	266	26	36
731	266	26	36
732	267	26	36
732	267	26	36
732	266	27	36
733	266	27	36
733	266	27	36
732	266	27	36
733	267	28	37
733	266	28	36
733	267	30	35
733	266	30	35
733	266	30	36
733	266	31	36
734	266	31	36
733	265	31	36
735	265	31	36
735	265	31	37
735	264	31	35
737	266	31	37
738	265	31	37
738	265	30	37
739	265	29	37
740	265	29	37
741	265	29	38
742	265	29	37
742	265	28	38
743	265	28	38
743	265	28	38
744	265	28	38
744	266	27	38
744	265	28	38
745	266	27	39
745	266	27	38
747	265	26	38
745	265	26	39
747	266	26	38
748	266	26	39
748	266	25	38
749	266	25	38
749	266	25	38
749	266	24	37
750	267	24	38
750	268	24	38
750	268	24	38
750	268	24	37
750	268	23	38
750	268	23	37
751	269	23	37
751	269	24	37
751	268	24	36
751	268	24	38
752	268	25	38
752	268	26	37
752	269	27	37
752	267	28	37
753	268	29	37
753	268	29	37
754	268	30	37
755	267	31	36
755	267	31	37
756	267	32	36
755	267	33	37
757	266	34	37
758	265	35	38
761	265	35	39
761	264	35	38
762	264	35	39
763	264	35	38
762	264	34	38
764	264	33	39
764	264	33	39
766	264	34	39
769	263	34	39
770	262	37	40
774	260	50	43
772	259	53	44
773	259	53	45
774	259	52	45
774	258	52	45
774	257	52	45
774	258	51	45
774	258	52	45
774	258	52	45
774	258	51	45
773	257	52	45
774	257	52	46
774	257	52	46
773	257	52	46
774	257	51	46
774	257	51	46
774	257	52	46
775	257	52	46
775	257	52	46
775	257	51	45
776	257	50	46
777	258	50	45
780	258	47	45
778	259	45	43
792	258	34	45
778	262	40	42
780	262	40	42
783	261	40	43
795	259	32	45
796	260	31	45
785	261	39	43
789	260	37	45
789	260	37	45
785	260	40	45
784	260	40	45
785	260	41	46
784	259	41	47
785	259	40	47
783	259	41	47
783	259	41	47
783	259	42	47
783	258	42	46
783	259	42	48
782	259	42	47
782	258	43	46
782	257	43	46
782	258	43	48
781	257	43	45
782	257	43	46
781	258	44	45
781	257	44	45
783	257	44	44
783	257	44	44
783	257	44	46
783	257	44	46
783	256	44	45
784	257	44	44
782	256	42	42
780	257	42	41
768	257	43	40
767	255	43	42
766	256	43	42
764	255	45	43
763	255	45	42
763	254	45	43
762	254	45	44
762	255	46	44
761	255	46	46
762	255	45	44
760	255	46	44
761	254	45	44
760	254	44	45
760	254	44	44
759	255	44	45
760	254	44	44
760	254	43	45
760	254	43	45
761	255	43	45
760	255	43	46
761	255	42	45
761	254	41	46
762	254	40	46
763	255	40	46
763	254	39	46
762	254	39	45
763	255	39	45
763	255	38	45
764	256	38	45
763	255	37	45
763	256	37	45
764	257	35	46
764	257	35	47
763	256	34	46
764	256	34	47
764	257	34	47
764	256	33	46
765	256	34	47
765	256	33	47
766	256	32	47
767	257	31	46
767	256	31	47
768	256	31	47
768	256	31	47
768	256	31	47
769	255	30	48
770	256	29	47
771	256	29	48
770	256	29	48
771	255	29	48
771	255	29	48
770	256	29	49
771	256	29	49
771	256	29	51
770	256	29	51
770	256	28	50
770	256	28	51
769	256	29	50
770	256	28	50
769	257	28	50
769	257	29	50
767	256	30	50
767	256	31	50
767	257	30	50
765	255	31	50
764	257	33	50
763	257	34	49
764	257	33	49
763	257	33	49
764	257	33	49
763	257	34	48
762	258	35	48
761	258	35	47
762	257	36	48
761	258	35	48
760	258	36	48
759	257	36	47
759	257	36	48
759	257	36	47
758	257	36	47
759	257	36	47
759	256	36	46
758	257	35	46
758	257	35	47
758	257	35	46
758	257	35	45
759	258	34	46
758	257	34	45
758	257	33	45
758	258	33	44
758	258	32	45
758	256	34	46
758	257	33	46
757	257	33	46
757	257	33	46
757	256	33	46
756	257	33	46
755	257	34	46
755	257	34	47
756	257	34	47
754	257	34	47
755	257	35	46
754	257	35	47
754	256	34	47
755	256	34	45
754	256	33	45
753	257	34	45
753	256	34	44
753	256	34	44
753	256	35	44
751	257	35	44
751	256	36	44
752	256	35	46
751	255	35	45
750	256	36	46
750	257	36	46
749	257	36	46
748	256	37	47
747	257	38	48
747	257	39	49
745	256	40	49
745	258	40	50
745	258	39	48
744	258	38	48
741	259	38	47
738	258	40	47
737	258	41	47
734	258	42	47
732	257	44	47
731	258	45	48
732	256	45	49
731	255	44	50
731	254	45	50
731	254	45	50
732	255	44	50
732	254	44	50
732	255	44	49
733	255	43	49
734	255	42	49
735	255	41	49
736	253	41	49
737	252	39	49
737	252	36	48
739	252	37	48
733	253	37	48
729	253	35	47
725	253	35	48
724	253	33	49
723	253	33	50
722	252	32	51
720	252	33	51
719	253	31	49
716	252	32	51
712	252	32	51
707	253	33	49
703	253	34	49
699	253	36	49
698	253	35	49
696	253	37	50
696	252	38	51
695	251	38	51
693	251	40	52
691	251	42	51
692	253	42	49
691	254	40	48
683	254	41	48
678	254	41	46
676	255	41	46
675	252	39	49
673	253	42	48
672	252	43	48
672	252	42	49
670	251	44	49
669	251	44	49
670	251	43	48
670	251	43	48
669	251	43	49
669	251	42	49
668	251	42	49
666	252	42	48
666	253	41	48
664	253	42	49
661	254	44	48
660	253	45	48
659	253	44	49
658	253	45	49
658	253	43	48
654	254	47	50
651	254	49	49
650	253	49	50
650	252	50	51
650	252	49	51
649	252	50	52
648	251	49	52
649	252	48	51
650	253	47	50
648	253	48	50
649	252	47	51
647	252	48	51
646	252	45	52
647	252	44	51
648	252	43	52
647	252	43	51
649	252	41	53
650	253	40	51
650	253	38	51
651	254	37	51
651	255	35	50
653	254	34	51
653	254	34	50
653	254	33	50
653	254	32	50
654	254	32	51
654	255	32	51
653	254	31	51
654	255	30	52
654	254	31	52
653	254	31	52
655	255	31	53
654	255	31	52
654	255	31	51
654	254	31	52
653	254	31	52
654	255	31	52
654	254	31	52
653	255	32	52
651	255	31	51
651	256	32	51
652	257	30	51
650	258	30	49
649	258	30	49
649	256	31	50
649	256	30	50
648	256	29	50
647	258	30	48
647	258	30	48
646	257	29	48
645	256	29	47
645	257	30	48
643	258	31	47
641	258	32	46
641	257	32	47
641	257	33	47
639	257	34	47
638	257	35	47
636	256	35	49
636	257	34	49
635	256	37	48
631	257	35	50
631	257	37	49
629	257	36	50
630	259	35	49
628	257	34	49
628	259	34	48
627	259	34	49
627	258	34	50
627	258	34	50
627	258	34	50
625	258	33	49
626	257	34	49
625	257	34	50
626	257	33	49
624	258	33	48
624	257	35	48
624	257	35	49
622	257	35	48
623	256	37	49
622	255	37	48
623	254	38	49
622	254	38	50
622	253	38	49
623	253	38	50
624	253	38	49
624	253	37	52
624	254	38	51
624	254	38	51
625	253	36	52
624	253	35	52
626	253	34	53
627	253	33	52
626	253	31	53
628	253	30	54
629	252	30	54
629	253	28	53
631	253	27	53
632	253	26	54
630	253	27	54
629	254	27	54
628	254	28	54
628	253	27	55
628	253	27	55
627	253	28	55
626	253	28	56
625	253	28	56
623	253	29	55
623	253	29	56
621	253	30	55
619	254	31	55
619	254	32	56
617	254	33	55
616	256	33	54
616	254	34	55
614	255	33	54
615	256	33	54
615	255	33	53
612	255	35	53
612	257	35	53
612	257	34	53
612	256	34	53
611	257	35	51
612	258	34	50
612	258	34	50
612	258	34	50
611	257	34	51
612	258	33	50
612	258	33	50
611	258	33	50
611	259	33	49
611	258	33	48
611	259	31	48
611	258	31	48
612	258	30	49
612	259	29	49
611	258	30	47
613	258	29	48
612	257	31	49
612	258	30	49
613	259	28	47
612	259	28	46
612	258	28	48
612	258	28	48
612	258	28	50
611	259	28	49
610	260	29	47
610	260	29	47
609	260	28	47
608	261	28	46
606	259	29	47
604	260	30	47
603	258	30	48
603	257	31	50
602	257	31	50
603	256	30	50
601	257	30	50
601	257	31	50
600	257	31	50
600	256	31	51
599	257	31	50
599	257	32	51
597	257	34	51
597	256	34	51
597	258	33	51
597	257	33	51
597	257	33	51
597	257	33	51
597	256	32	51
597	257	31	50
597	257	31	49
596	256	31	49
597	257	30	49
595	257	31	50
594	257	30	49
594	258	30	49
594	257	29	48
594	257	28	48
594	256	30	49
591	257	30	50
591	257	28	49
592	255	29	49
592	256	29	50
590	256	29	50
592	255	29	50
590	256	29	51
591	256	29	51
590	256	29	51
589	256	29	52
588	256	30	53
588	256	31	52
586	256	32	53
587	255	32	52
587	255	32	52
586	255	32	55
585	255	33	56
586	255	32	55
584	255	34	55
583	255	35	56
583	254	35	56
584	255	34	57
582	254	35	56
583	255	35	57
583	253	34	57
582	254	34	57
583	255	33	56
582	254	34	56
581	255	33	54
582	253	33	54
580	254	34	53
580	253	34	54
581	251	35	55
581	251	35	55
580	250	36	55
582	248	36	58
580	248	36	58
581	247	38	58
581	249	38	58
581	248	38	60
581	247	38	62
582	247	37	63
582	247	37	62
583	245	37	62
582	246	38	62
581	246	39	64
582	246	38	62
583	245	37	63
582	246	37	62
583	247	36	63
583	247	35	61
584	248	35	60
585	250	34	57
585	249	34	58
586	250	33	56
586	250	32	56
584	250	35	54
546	262	43	40
547	262	43	43
549	262	43	41
551	261	42	43
552	259	42	42
552	259	41	44
552	261	39	42
552	263	40	42
560	256	43	46
557	254	47	47
560	253	50	49
574	253	41	49
574	253	40	48
566	254	45	49
562	254	46	48
562	253	47	50
563	254	50	51
562	253	50	51
564	254	47	51
565	255	42	53
564	255	43	52
566	254	41	53
567	254	41	57
565	254	42	56
567	254	43	55
566	254	45	56
566	254	44	58
566	253	43	57
566	254	43	57
567	254	43	57
566	254	42	57
566	254	42	57
566	253	41	59
566	251	42	62
567	251	40	63
567	250	41	65
566	250	40	65
567	250	40	66
567	249	41	66
568	249	40	67
572	249	42	66
576	248	42	68
584	249	42	64
597	248	41	65
608	250	42	65
623	250	44	62
632	250	43	63
647	247	39	63
657	250	37	63
664	252	37	61
665	250	37	60
662	257	38	56
662	252	34	57
661	254	35	56
659	254	36	55
660	252	34	58
661	253	36	58
662	256	39	56
660	252	35	63
660	254	36	58
663	255	38	56
681	259	33	46
684	262	31	43
681	264	32	40
681	264	35	42
680	262	36	41
682	263	36	43
682	263	36	42
682	262	38	42
682	262	39	42
679	262	42	43
684	262	39	44
685	261	38	46
685	262	38	45
686	262	40	44
687	262	40	46
686	262	43	44
687	261	46	44
688	262	49	45
685	262	51	44
688	262	48	44
687	262	49	45
689	262	49	42
689	262	48	45
689	263	47	42
689	263	46	42
689	264	47	42
690	264	45	41
693	265	42	41
694	264	40	41
696	265	39	41
697	265	40	41
697	265	40	40
699	265	39	40
700	264	39	41
700	264	40	41
702	264	40	42
701	266	38	43
702	266	36	41
701	269	33	40
701	270	31	37
703	270	34	38
705	269	33	38
706	266	35	40
708	265	37	42
709	262	38	42
711	263	37	44
713	262	37	45
713	261	38	45
713	261	38	45
713	262	37	44
714	263	38	43
714	263	38	42
713	263	37	41
714	263	38	41
713	263	39	43
713	263	40	44
714	262	39	43
712	264	31	43
710	266	34	41
709	266	31	41
710	267	28	40
709	268	28	39
709	267	28	41
709	268	29	40
709	267	29	40
707	267	31	41
706	266	32	41
704	266	33	42
704	266	31	43
706	268	29	41
705	268	31	42
716	266	41	39
715	265	45	40
717	265	45	41
721	264	43	40
723	265	42	40
719	264	46	39
720	265	47	39
720	265	46	40
719	265	48	41
723	265	44	41
721	266	46	41
724	266	43	42
723	266	43	42
725	266	42	43
727	266	41	43
728	266	41	43
729	266	41	43
730	266	40	43
730	267	40	43
730	267	40	43
732	267	40	43
733	268	39	42
735	268	38	41
736	269	37	40
737	270	36	39
738	270	36	38
741	270	34	38
744	269	33	38
748	269	29	37
751	270	27	37
752	270	26	35
751	271	26	35
753	269	27	34
752	269	28	37
753	270	28	37
752	271	27	36
753	270	28	37
754	271	27	37
754	271	27	36
754	272	27	36
754	272	27	38
754	273	26	37
754	272	27	36
754	272	27	37
755	273	28	37
753	273	27	37
753	273	29	37
753	274	28	37
754	273	28	37
756	273	27	38
756	273	26	38
756	273	25	38
757	273	24	38
758	273	24	37
759	273	23	37
760	272	24	38
760	272	24	38
760	273	24	38
761	272	24	38
760	273	24	36
761	271	27	38
762	271	25	38
763	271	26	37
763	272	26	37
763	272	28	37
764	271	26	37
764	272	27	37
764	272	28	38
765	271	28	38
765	271	28	39
766	271	28	38
766	271	28	39
768	271	28	39
769	271	28	39
770	270	27	39
769	271	27	39
771	270	26	41
771	271	25	40
771	270	25	40
772	270	26	40
771	271	25	40
771	271	26	39
771	271	26	39
771	271	27	40
771	270	27	40
771	270	28	41
770	271	28	41
770	270	28	42
770	269	28	42
770	269	28	42
770	270	28	42
771	270	29	42
770	270	29	42
771	270	29	42
771	270	28	43
770	269	29	44
771	270	28	44
771	269	29	44
771	269	29	45
771	269	29	46
771	270	29	46
771	270	29	46
772	271	27	45
773	271	27	45
773	271	27	46
773	272	27	45
773	272	26	45
772	272	27	44
773	272	27	44
772	272	27	45
774	271	26	46
773	270	26	46
773	269	26	48
773	268	27	48
773	270	26	47
773	268	27	48
773	269	27	47
773	268	27	47
773	268	28	48
772	268	28	48
772	268	29	47
772	269	28	45
773	269	29	45
772	269	29	45
772	270	29	44
773	268	30	45
772	269	29	44
773	270	29	45
773	270	29	44
772	269	30	44
772	270	29	44
772	270	29	43
772	270	29	43
772	270	28	44
773	270	28	44
773	270	27	43
772	269	27	45
773	270	27	46
772	270	27	47
773	270	27	47
773	268	26	48
774	269	26	47
774	269	25	46
774	269	25	45
775	270	25	45
775	271	25	44
774	272	25	43
774	272	25	44
774	271	25	44
772	273	25	42
772	273	25	43
771	273	27	42
771	272	26	43
770	273	27	43
770	274	28	42
769	274	28	41
768	273	28	41
768	274	28	40
768	275	27	40
765	275	28	39
762	275	30	39
753	275	37	40
750	273	40	42
750	273	40	44
751	274	40	43
751	274	38	43
752	273	37	43
752	273	37	43
752	273	37	42
753	273	36	43
753	273	35	42
751	273	33	42
752	273	32	43
753	273	32	42
753	274	32	42
753	273	30	43
754	273	30	44
754	272	30	44
754	272	30	43
753	271	30	43
752	271	29	43
751	271	30	43
752	271	29	43
753	271	29	43
753	271	30	43
750	271	31	43
748	271	31	44
745	271	31	43
734	272	32	43
723	271	33	43
722	271	33	43
723	271	34	43
722	272	33	43
724	270	32	44
717	267	36	44
709	263	39	45
697	264	36	43
674	263	36	44
656	261	38	45
641	259	39	44
630	259	37	46
613	260	42	44
605	257	44	47
599	259	47	48
595	261	45	50
591	262	45	50
588	261	44	50
587	255	43	54
587	250	42	52
586	243	44	51
586	238	44	47
582	234	43	50
578	233	42	48
575	233	41	48
574	233	41	48
573	235	42	48
572	236	42	47
569	238	42	46
572	242	38	46
567	245	38	45
563	247	41	46
561	248	42	47
564	247	40	49
563	245	41	48
564	245	42	48
564	243	41	48
563	242	39	48
563	244	38	46
564	247	36	48
565	251	35	47
559	254	33	47
568	258	34	45
558	263	34	45
559	267	33	47
561	268	33	44
568	268	30	42
568	267	31	43
568	266	33	41
569	267	30	45
569	267	29	42
568	267	31	44
568	268	33	42
568	266	32	44
567	267	32	44
569	267	32	42
565	266	36	45
566	265	35	46
564	265	37	46
564	265	38	45
563	265	35	45
563	264	33	45
564	266	31	44
563	265	30	44
564	266	29	44
564	266	29	43
562	268	30	42
563	266	32	44
563	266	31	45
564	267	29	44
564	267	28	44
564	266	27	44
564	267	28	43
562	267	30	42
564	267	29	44
563	266	32	43
564	265	35	43
562	266	31	43
563	267	33	40
562	265	32	43
562	266	31	42
562	266	33	42
563	266	34	40
563	267	31	42
564	267	29	42
565	266	30	41
567	265	31	42
563	264	33	44
563	265	31	44
563	266	31	42
563	265	30	43
562	265	30	44
564	264	31	44
562	264	35	45
561	263	32	45
562	264	33	44
562	264	33	46
559	264	32	46
563	263	32	45
562	264	32	44
561	264	31	44
564	265	34	43
563	265	35	44
561	263	32	45
561	264	28	43
562	268	29	41
563	267	29	40
566	267	31	41
568	267	35	39
574	267	39	40
582	267	37	40
584	268	39	38
593	268	35	38
591	267	41	38
591	266	36	42
598	266	42	41
607	265	42	41
608	265	35	43
613	267	36	41
617	268	36	40
622	267	33	41
628	267	34	40
649	271	32	37
652	271	31	37
653	271	29	35
655	271	28	37
654	272	29	36
655	272	29	36
635	270	24	40
636	269	24	40
635	269	25	40
635	269	25	41
636	268	25	43
635	267	26	46
635	266	25	46
634	268	25	45
633	268	26	44
632	268	26	44
632	268	26	42
631	269	26	42
631	270	26	43
629	270	26	44
627	272	27	43
625	272	27	42
624	271	26	43
623	272	27	42
624	273	27	42
621	274	31	42
617	271	33	42
615	270	35	44
612	271	35	45
612	271	35	44
612	271	34	45
611	272	32	44
611	274	35	44
583	254	44	43
586	254	47	46
611	267	35	49
618	272	33	47
604	257	45	45
614	258	48	52
628	256	46	56
636	254	43	58
647	257	35	57
647	256	38	58
647	260	37	57
647	258	38	55
650	261	35	55
651	258	36	54
651	258	34	52
651	259	35	52
651	258	36	53
651	258	37	54
650	257	42	55
652	259	43	53
656	261	42	53
674	264	39	49
685	264	39	48
694	263	39	51
692	265	41	49
691	266	41	49
690	267	41	47
689	266	41	47
690	267	40	48
690	267	40	49
691	267	40	49
692	267	36	49
694	265	36	50
695	266	37	49
691	267	35	50
688	268	35	48
683	267	35	48
677	268	35	50
674	266	34	49
675	266	34	49
673	265	35	48
671	266	35	48
674	263	37	45
699	257	34	39
700	259	36	42
698	258	39	44
698	259	41	45
698	260	43	46
697	258	42	49
693	260	44	47
690	259	43	49
688	259	43	48
686	258	44	49
683	264	45	43
682	262	44	45
683	262	42	45
683	263	37	44
682	264	37	43
680	264	37	43
680	265	38	43
680	265	37	43
678	265	39	44
678	264	38	44
678	265	37	44
680	265	37	44
678	264	37	44
679	265	35	43
678	265	35	43
680	264	35	43
679	265	33	44
678	265	33	43
679	264	34	44
677	263	34	45
676	263	34	46
674	264	35	45
675	262	38	46
675	260	37	48
674	262	38	47
675	260	39	49
676	255	40	53
676	254	41	55
674	255	43	54
674	255	43	53
675	254	43	54
679	251	43	54
677	255	41	50
678	253	43	53
678	254	44	51
681	252	42	52
684	252	40	53
685	253	43	50
685	255	46	50
684	254	42	49
683	256	46	49
688	254	43	50
691	253	45	50
688	254	48	49
693	253	49	50
692	255	50	49
691	255	49	49
693	254	48	50
693	256	47	48
691	257	48	48
691	258	46	46
689	258	46	46
687	260	44	45
686	259	47	46
687	257	46	46
691	259	42	46
691	259	40	45
691	260	40	46
690	261	39	44
692	261	38	45
692	261	37	45
694	261	34	45
695	263	34	43
696	263	33	43
697	263	31	43
697	264	30	42
699	262	31	44
699	263	32	43
700	262	32	44
701	260	33	47
698	261	33	46
697	261	33	48
698	261	33	47
697	260	36	47
699	260	35	46
699	261	34	46
699	260	35	45
697	261	35	45
696	263	33	44
698	264	36	42
700	263	35	43
694	265	33	42
695	263	35	43
694	262	35	44
692	264	36	43
690	263	33	44
693	261	34	45
693	261	37	45
692	264	31	44
691	263	32	44
690	263	34	44
690	263	34	45
690	264	31	43
690	264	34	43
710	259	33	46
711	259	33	48
710	260	31	46
714	262	31	44
713	262	29	46
716	262	28	44
717	262	27	45
719	262	26	44
720	262	25	44
719	262	25	45
720	263	25	43
721	263	24	43
722	264	24	42
722	264	24	43
722	264	24	42
723	264	24	40
723	262	24	42
723	264	24	40
724	264	23	39
724	263	23	41
724	262	23	41
726	263	22	41
725	262	23	41
726	262	23	42
726	262	23	43
725	262	24	44
725	261	24	45
725	261	24	45
725	261	24	45
726	258	24	48
724	259	24	48
725	260	24	46
725	256	23	49
725	257	24	49
724	257	24	49
724	259	25	48
724	258	25	49
724	258	25	49
723	257	25	50
724	261	25	46
724	260	25	47
725	261	25	47
725	261	26	46
726	262	26	45
726	261	27	46
725	261	27	46
725	260	27	47
726	260	28	47
727	259	28	46
727	258	28	47
727	260	28	46
727	262	28	44
727	261	28	46
728	261	28	46
728	260	28	46
729	260	28	48
728	263	27	44
728	263	27	44
728	266	28	42
728	266	28	42
729	267	29	43
729	265	28	44
730	265	28	44
729	266	29	45
730	265	28	45
730	264	28	46
730	266	27	45
731	265	27	46
730	265	27	46
731	264	27	49
732	264	27	49
732	265	27	48
732	265	27	49
734	263	27	50
734	263	26	49
735	265	25	47
735	267	25	46
736	266	25	47
737	265	25	49
736	268	25	46
737	267	25	47
737	264	25	50
737	268	25	46
739	270	24	43
740	269	24	44
741	271	24	43
742	270	25	43
743	269	25	43
742	269	25	42
743	268	25	44
742	270	24	43
743	268	23	41
745	269	24	41
744	268	24	40
743	267	25	41
746	266	23	42
746	267	22	41
746	267	22	41
746	267	22	42
746	266	22	42
747	266	22	42
747	266	23	42
746	267	23	41
746	266	23	42
746	268	23	42
746	267	23	44
746	268	23	42
746	268	23	42
746	268	23	40
746	269	22	40
746	270	21	41
746	270	21	39
746	269	20	40
746	270	20	39
746	270	20	39
746	269	20	40
745	270	20	38
745	268	20	38
746	270	20	39
745	270	20	39
745	270	20	39
744	270	20	39
744	269	20	40
744	268	20	41
743	269	21	41
744	267	21	42
743	268	22	41
742	269	22	42
742	268	22	43
741	267	23	43
741	266	23	45
741	269	23	43
740	267	24	44
740	268	23	44
740	267	23	45
741	268	23	44
744	270	23	43
747	266	23	47
748	263	23	49
748	264	24	49
747	262	25	51
747	264	25	48
746	261	25	51
745	263	25	50
745	261	26	52
744	262	26	51
745	263	27	51
744	262	28	51
743	263	30	50
745	264	31	49
750	267	31	46
760	270	30	45
770	269	31	44
779	268	31	44
787	266	31	47
791	264	29	47
793	264	30	47
796	264	29	49
800	265	30	49
800	264	28	49
797	264	28	48
801	265	29	48
805	264	28	49
808	263	27	49
812	262	26	49
815	262	25	48
817	263	23	43
817	265	23	42
817	266	23	42
817	264	22	42
816	265	21	43
816	267	21	41
816	267	22	40
816	267	21	40
816	270	21	38
815	271	21	38
815	271	21	37
814	271	21	38
814	271	22	38
814	270	21	38
815	270	21	38
815	271	21	38
814	270	21	38
814	271	21	38
814	270	20	39
814	272	22	37
813	270	21	38
813	269	20	38
813	269	20	37
813	269	19	38
812	269	20	36
812	269	18	37
812	269	18	36
812	268	18	36
811	268	18	36
811	268	18	35
810	268	18	36
810	269	19	35
808	269	18	35
805	270	18	34
803	270	18	35
801	270	18	35
802	270	18	35
802	270	17	33
802	270	17	33
803	270	17	33
803	271	17	33
803	273	17	33
803	272	18	31
805	272	17	33
803	271	18	33
802	269	17	34
802	269	17	33
802	264	17	37
801	263	18	38
802	263	18	38
800	261	18	40
801	261	18	40
801	260	18	41
801	259	18	41
801	261	18	39
801	260	18	40
800	267	19	37
800	263	19	40
800	270	19	37
800	269	19	36
799	267	20	38
797	264	21	40
797	264	23	41
797	264	23	43
799	275	24	35
795	275	23	34
795	282	25	34
794	281	25	35
793	280	24	34
792	281	23	33
791	282	22	33
790	282	22	36
790	278	24	40
789	278	22	40
790	281	23	38
789	281	23	38
789	280	23	39
789	281	24	38
790	282	23	36
791	281	21	34
791	280	21	35
790	282	21	35
790	280	21	37
789	280	22	37
789	280	21	37
789	279	20	38
788	280	20	37
789	279	20	37
787	280	21	37
787	281	21	35
786	280	21	35
786	282	21	35
786	281	21	36
785	281	22	35
785	281	21	35
785	280	21	35
785	282	21	32
784	283	21	34
783	283	20	32
784	282	20	33
785	283	20	33
784	282	19	33
782	282	19	34
783	284	19	31
781	283	19	30
781	282	19	31
781	283	18	31
781	283	18	34
780	283	19	33
780	282	19	33
779	283	19	32
777	282	19	31
777	282	18	30
776	283	19	29
776	283	19	29
775	281	19	30
775	281	19	32
775	277	19	33
774	278	20	34
771	275	19	34
772	275	18	33
774	275	18	33
774	275	18	35
774	275	19	36
773	274	20	37
773	273	21	35
774	274	20	34
773	274	21	33
775	273	21	35
776	273	20	36
778	273	21	36
778	273	22	37
779	273	23	36
781	274	22	36
782	273	22	37
784	272	23	38
786	271	23	40
789	270	23	40
792	269	23	42
798	270	23	39
802	271	22	36
807	271	22	35
814	270	22	34
822	272	25	33
832	269	26	34
845	269	26	35
854	268	27	35
860	267	28	36
867	267	27	36
871	267	26	39
879	267	25	38
884	266	25	38
890	266	27	37
899	268	29	37
911	272	29	36
921	278	35	46
935	269	24	46
910	296	41	42
915	291	39	55
929	286	30	62
935	284	23	67
937	279	22	73
934	273	25	74
934	273	25	74
935	273	24	77
933	276	26	72
870	262	32	86
869	260	37	95
868	259	39	99
871	260	40	98
873	260	40	102
874	261	40	104
877	264	39	103
877	263	41	104
881	265	39	103
873	265	43	100
