906	310	32	68
906	307	31	71
905	306	31	71
904	305	32	72
903	305	32	74
902	305	32	71
902	305	32	73
901	305	32	73
900	305	32	72
900	305	32	73
901	304	31	73
901	305	31	73
901	305	31	73
901	305	32	71
901	305	31	73
901	306	31	72
900	305	32	71
899	306	32	72
898	306	32	72
898	306	32	73
898	306	31	73
897	306	31	74
896	307	32	73
896	307	32	74
895	307	33	75
895	307	32	74
894	307	32	75
894	307	32	74
892	308	33	74
892	306	33	75
892	306	33	76
891	308	35	77
891	308	36	78
892	309	36	77
892	309	35	75
894	310	35	74
893	309	36	74
893	309	37	76
894	309	37	77
890	310	38	76
893	310	36	77
893	310	36	76
892	311	37	76
892	311	37	74
891	311	37	74
890	311	37	76
891	311	34	74
892	311	33	75
892	310	34	75
892	309	34	77
891	310	35	76
889	310	35	77
886	308	35	77
886	308	34	77
887	305	34	78
887	307	34	74
885	306	33	74
885	308	33	73
880	309	33	78
882	307	34	80
883	307	33	80
884	306	33	81
882	309	32	78
882	308	32	77
882	308	32	80
879	308	33	81
880	308	33	81
881	308	35	81
881	309	33	80
880	308	33	79
880	310	32	78
879	310	32	79
878	310	32	80
878	311	33	80
877	311	33	81
875	309	35	83
875	307	35	86
875	308	34	85
875	308	34	84
874	308	34	84
875	309	34	84
876	310	35	81
877	311	33	76
877	312	34	76
875	311	33	77
875	311	34	77
874	313	33	78
873	313	34	82
873	313	35	80
874	313	35	84
872	312	36	81
873	312	35	80
872	312	34	80
873	313	35	79
874	313	33	78
873	316	34	76
872	314	35	81
873	316	35	80
871	316	36	80
870	315	36	81
870	314	36	82
870	315	35	80
869	315	35	78
868	315	35	79
867	314	35	78
868	315	34	75
867	316	33	77
869	316	33	78
868	317	32	75
869	317	32	76
869	317	32	73
869	318	31	74
870	319	31	73
870	319	31	73
869	318	32	75
869	317	32	75
868	317	34	76
868	318	34	75
869	318	33	76
867	320	33	74
866	320	33	73
865	320	33	72
865	321	34	72
864	320	34	75
865	320	33	74
864	320	34	75
863	319	34	75
861	320	35	76
860	319	36	76
860	318	37	77
860	318	37	76
857	318	36	76
858	316	36	79
858	319	37	75
859	317	40	77
891	316	38	77
889	316	39	78
893	315	36	80
890	315	39	82
891	316	38	80
889	317	41	81
889	317	39	80
892	317	38	80
891	317	38	79
888	315	40	83
888	319	41	80
884	317	44	82
891	320	39	80
847	323	39	81
843	321	39	78
892	319	39	78
891	318	37	81
892	319	38	80
890	320	39	76
846	320	37	73
844	326	41	77
841	321	40	78
887	319	37	77
886	319	36	77
887	320	37	78
886	320	37	80
887	322	37	80
885	322	38	79
887	322	38	82
887	322	37	81
886	322	38	80
887	322	38	79
888	322	36	78
889	322	38	80
889	323	39	80
889	323	40	80
890	324	40	79
890	324	41	82
890	323	41	82
891	324	42	82
890	324	43	82
892	324	41	81
893	324	41	81
892	324	42	81
894	325	40	80
895	325	41	80
896	325	39	80
896	325	40	79
896	326	39	78
896	327	40	78
897	328	39	78
897	328	39	80
896	327	40	79
898	328	38	79
896	325	41	83
898	327	39	81
898	326	39	83
899	326	39	83
899	328	39	82
901	327	38	83
901	328	38	81
901	327	38	83
901	328	39	83
901	328	40	84
901	330	39	82
901	331	39	80
902	330	39	83
903	330	39	82
904	330	38	83
905	330	38	86
904	330	39	86
902	330	43	84
907	330	39	86
907	330	39	86
907	330	39	85
906	330	40	86
901	329	43	84
906	331	41	84
907	330	40	82
908	330	40	84
908	331	41	84
909	332	38	84
909	333	38	85
909	332	39	85
909	333	39	84
905	333	41	85
906	333	41	84
908	333	41	85
907	333	41	85
906	333	43	86
907	333	41	86
908	333	41	85
908	333	43	86
910	334	41	86
911	334	41	85
912	335	40	88
913	335	40	90
911	334	42	88
911	334	42	88
913	335	40	89
914	335	41	89
911	334	42	88
912	334	42	89
915	335	40	88
912	335	42	88
912	333	43	88
914	335	40	88
918	336	37	87
919	335	36	89
920	336	36	91
922	337	35	91
921	340	35	88
924	341	34	88
921	339	36	94
920	339	37	91
922	339	35	91
921	339	36	95
919	340	38	90
918	339	38	90
922	338	36	95
916	337	38	96
917	341	38	91
919	341	37	92
913	339	42	96
910	344	43	90
908	339	44	97
909	344	42	90
901	336	46	98
899	335	49	102
904	338	49	102
899	343	51	97
877	353	56	97
893	337	51	101
900	325	50	95
862	324	44	82
856	325	44	77
856	327	42	77
864	327	37	76
866	327	34	74
867	327	32	74
867	328	34	71
867	327	35	73
868	327	35	74
868	327	37	76
868	327	37	75
868	327	38	77
870	327	37	77
872	327	37	78
871	328	37	79
873	327	37	79
871	328	37	80
874	328	37	79
875	327	37	81
870	327	39	80
872	327	39	78
871	328	39	77
871	331	40	75
872	328	39	79
868	331	38	79
830	331	41	88
830	331	41	89
834	332	41	87
830	334	49	86
830	334	49	87
829	333	49	87
870	328	44	88
870	331	38	81
873	330	37	83
872	331	37	81
871	332	37	81
870	331	38	82
870	331	41	84
867	331	43	88
862	333	47	85
834	334	40	87
834	333	48	92
834	333	41	94
834	333	45	94
831	333	44	94
827	334	58	95
830	332	43	98
876	344	45	92
902	346	42	86
875	334	40	95
873	336	43	98
826	337	45	94
831	336	49	94
826	336	53	96
868	340	50	98
860	338	56	96
865	334	48	102
862	338	50	100
867	339	48	101
867	338	51	102
864	337	51	96
822	337	60	95
777	374	52	89
782	375	46	85
779	376	49	84
780	374	52	85
777	375	50	86
829	335	53	92
824	334	51	91
862	340	49	93
828	339	48	89
826	336	52	86
823	339	44	83
857	333	44	82
818	343	51	87
818	340	50	86
822	339	48	85
853	334	49	95
849	338	59	93
865	340	49	99
817	345	52	87
788	376	53	102
786	381	56	92
785	379	56	95
788	378	55	92
785	377	52	91
783	378	55	93
782	379	55	95
782	381	56	95
777	380	53	99
778	379	54	89
776	377	53	94
775	388	56	93
777	386	52	85
814	349	53	83
818	340	50	82
821	343	45	82
819	345	45	81
816	347	44	80
813	346	47	82
770	331	43	84
772	334	41	80
763	333	42	79
761	333	39	79
761	333	37	77
762	333	39	80
759	332	40	81
760	333	39	83
760	331	40	88
762	336	44	86
768	340	42	82
770	344	44	77
769	346	43	81
770	346	42	81
772	346	42	82
771	347	43	80
771	341	40	82
767	347	43	80
696	355	43	88
695	365	42	84
695	364	42	83
696	363	41	84
693	362	43	84
694	361	43	86
694	360	41	90
693	359	43	85
693	367	43	83
689	365	43	86
689	364	45	86
689	366	45	85
686	365	47	85
690	365	43	87
690	365	43	87
690	363	44	88
690	362	44	90
690	364	42	87
690	364	43	87
687	360	45	90
688	367	47	89
660	349	50	88
667	354	42	88
665	346	40	87
663	342	51	83
658	343	49	85
687	370	51	90
685	362	56	93
683	362	54	89
736	356	62	98
751	354	55	103
749	355	55	101
752	358	52	102
747	357	55	102
752	360	52	97
756	359	55	97
756	358	51	99
780	361	53	89
759	353	44	92
773	359	47	88
778	358	54	91
770	356	54	92
775	360	53	108
775	405	54	98
771	410	55	90
767	408	58	92
766	411	61	85
772	413	57	85
772	373	53	96
779	369	49	105
774	374	52	98
777	374	49	101
778	374	48	96
773	370	51	96
778	366	52	98
771	368	54	90
778	366	52	94
777	370	51	90
777	371	51	91
773	372	53	92
776	372	54	95
770	372	56	97
771	371	58	102
771	373	54	105
771	374	56	103
772	374	57	107
769	372	57	104
772	371	57	104
767	371	59	107
772	374	56	97
767	374	60	102
768	374	60	99
768	372	56	100
768	382	60	108
769	381	59	101
771	381	60	102
771	383	59	99
769	381	63	105
773	381	58	105
775	379	60	103
776	379	57	106
776	379	57	103
775	376	60	106
777	379	59	104
776	374	61	105
776	380	61	97
775	379	60	99
773	380	60	103
780	361	59	96
780	375	55	95
805	360	49	93
777	363	46	92
778	361	47	97
778	367	48	104
777	386	57	100
777	388	59	102
782	388	57	97
776	382	61	102
780	396	60	96
777	387	61	102
782	387	59	104
781	392	61	99
765	368	65	105
776	391	71	101
780	385	65	109
778	383	62	107
772	369	59	102
774	375	54	98
775	368	52	104
778	374	55	105
775	375	63	111
787	392	68	117
792	390	67	123
789	392	69	124
792	393	66	111
786	397	71	128
791	398	71	111
791	393	69	113
777	379	53	105
777	371	55	89
780	368	56	102
779	370	52	98
781	364	59	104
794	402	69	109
799	397	68	116
798	399	65	113
801	400	67	110
797	399	69	107
795	394	69	114
805	407	67	124
802	406	67	120
799	370	69	112
766	390	61	107
768	387	56	99
775	385	51	99
778	381	49	100
776	383	51	96
780	387	49	97
774	389	56	95
778	387	55	102
772	392	61	108
754	405	64	117
761	398	68	118
765	397	73	115
764	409	61	113
767	394	58	108
709	391	61	108
602	360	51	96
601	369	47	94
598	376	47	90
599	374	52	96
600	375	54	94
602	375	53	92
603	375	52	93
606	377	52	88
605	376	54	89
608	370	53	93
610	376	51	93
610	374	51	93
610	375	53	93
610	375	53	92
610	373	54	95
612	375	55	97
610	368	56	103
614	376	51	94
612	370	54	103
613	377	51	101
610	374	54	101
612	381	53	94
610	376	55	100
612	380	55	101
612	379	60	99
614	384	55	99
612	372	53	97
613	384	56	107
615	382	57	108
619	388	56	104
618	384	61	108
624	388	61	106
620	393	60	99
626	390	55	104
627	388	57	104
629	388	59	110
568	380	54	99
565	378	71	91
569	383	53	97
571	381	63	93
619	382	60	105
563	384	61	91
634	393	59	111
640	392	58	120
642	394	58	116
642	396	56	118
644	398	56	113
639	398	61	112
643	398	59	119
638	399	63	116
639	395	62	120
638	397	64	122
642	398	61	124
641	397	60	118
641	397	62	114
640	395	64	115
638	396	68	114
643	397	66	117
655	404	58	111
654	404	62	109
662	406	56	110
612	387	72	97
668	406	62	111
629	388	70	102
623	385	58	102
621	384	60	103
628	384	61	106
632	390	68	103
630	392	69	108
624	388	72	106
