899	171	40	70
899	169	37	71
899	169	35	71
899	171	34	71
898	172	33	71
898	172	32	72
894	171	33	75
886	172	35	73
874	171	39	75
868	172	38	77
862	172	40	78
816	167	39	85
812	167	40	84
809	167	41	86
810	166	44	87
811	169	44	86
808	168	45	87
812	169	43	87
814	171	40	84
813	172	40	83
815	173	43	81
820	173	41	82
834	173	40	80
831	172	39	80
831	172	38	79
830	165	39	80
831	162	38	80
832	158	37	83
832	158	39	83
831	157	40	83
830	156	41	83
832	157	41	83
846	158	39	82
858	160	41	81
861	159	41	78
871	160	39	77
871	159	38	76
875	161	38	76
877	164	41	78
828	163	41	75
822	167	48	76
831	168	40	76
832	169	38	76
831	168	35	76
827	168	35	76
829	169	33	75
826	169	32	74
825	169	32	75
823	170	32	74
821	170	32	74
820	169	32	75
818	169	33	76
817	168	33	75
817	169	31	74
814	168	31	73
812	169	31	74
811	169	31	74
808	169	31	75
809	170	32	74
805	169	33	74
809	169	31	75
807	171	31	73
802	172	35	73
802	171	34	75
802	172	34	76
800	174	35	74
800	172	33	76
798	173	35	75
797	174	34	75
797	177	39	75
801	176	39	76
805	176	37	72
829	185	34	62
806	169	32	74
800	171	35	74
843	184	33	67
845	183	33	66
847	184	34	65
849	183	36	67
850	183	37	68
854	184	36	67
856	184	36	66
866	185	32	63
867	184	33	65
869	184	33	65
871	184	33	64
874	183	34	66
875	182	35	70
877	183	36	71
878	182	36	69
881	182	40	70
883	183	38	69
885	181	39	69
888	179	40	70
891	177	47	72
894	174	48	69
897	175	46	70
896	175	49	70
896	174	53	72
900	172	51	73
905	172	47	74
908	177	43	73
911	178	42	75
913	182	44	74
915	182	40	75
914	184	42	73
911	186	45	72
916	188	40	80
918	182	37	88
916	181	36	84
919	183	35	78
918	182	33	74
919	183	34	72
923	184	32	73
927	183	29	80
922	187	31	72
923	184	30	77
923	185	30	77
920	187	32	74
918	192	33	72
915	191	38	70
911	191	40	65
905	186	45	59
906	187	45	61
904	188	46	63
836	186	39	77
834	184	37	77
834	184	39	77
830	185	41	77
832	186	39	76
833	185	39	76
784	182	39	79
774	183	41	76
772	182	43	79
773	180	44	75
737	175	46	74
744	173	36	74
743	174	36	74
741	174	36	74
744	175	36	73
745	175	35	72
743	172	35	74
740	172	36	72
734	162	38	74
736	155	35	76
732	148	36	77
723	146	38	75
721	139	37	80
716	134	37	82
711	129	39	82
704	124	43	84
709	125	39	80
706	129	35	77
689	130	37	80
687	136	38	83
688	146	38	82
689	154	39	83
693	157	39	84
694	161	39	81
697	166	39	80
688	167	39	84
683	168	40	83
669	167	38	82
668	168	37	81
663	169	40	81
660	170	38	81
668	169	41	82
659	173	38	80
672	172	37	78
669	173	35	77
671	172	36	77
673	173	37	77
675	174	37	80
676	175	37	81
676	175	39	81
678	175	40	81
690	176	38	82
690	176	36	80
693	175	35	81
699	176	35	81
701	176	34	79
707	178	34	79
713	177	37	82
716	177	36	82
731	177	34	82
732	174	38	80
759	172	35	81
765	173	38	81
765	174	37	81
762	175	37	80
757	174	39	82
747	174	39	80
745	173	39	80
744	175	39	80
751	174	39	81
751	176	40	79
760	175	38	78
770	174	37	80
778	173	38	80
782	173	39	81
784	174	42	82
786	175	44	84
790	173	41	82
789	173	41	81
788	173	42	82
790	173	44	82
784	174	43	83
782	174	41	81
782	173	40	84
783	174	40	83
784	176	39	82
796	180	39	83
811	182	42	82
830	183	46	86
844	187	48	80
855	186	51	82
860	190	46	80
860	190	45	81
802	200	43	58
800	201	42	56
798	198	40	57
791	194	35	57
795	189	34	57
803	189	37	56
813	191	37	56
813	190	38	58
813	189	37	58
813	188	37	58
810	189	37	58
800	187	38	59
787	184	39	60
763	180	40	62
746	177	39	62
730	175	41	64
717	175	39	63
716	173	35	66
703	172	36	64
701	171	35	65
694	170	38	65
692	170	39	68
681	170	37	67
687	171	36	66
693	171	34	67
701	170	33	68
710	171	35	69
720	170	34	69
734	169	32	69
745	167	34	71
752	165	35	71
756	162	33	72
756	162	34	73
784	164	36	73
783	161	36	74
784	159	37	73
788	156	36	72
789	152	35	73
787	152	36	72
785	156	36	72
783	160	35	74
779	165	36	75
776	168	38	74
773	173	38	73
771	175	37	74
768	175	39	75
766	175	40	76
769	174	38	76
771	175	36	77
773	177	37	77
776	180	37	78
780	184	39	78
783	186	40	77
789	186	38	77
793	185	36	77
792	185	37	76
794	184	38	77
791	185	40	76
793	185	43	78
793	186	42	77
791	187	48	76
793	187	43	75
794	188	43	76
799	188	43	76
799	188	43	77
801	189	44	78
799	190	45	78
802	189	46	79
804	189	47	78
810	190	44	80
813	191	41	79
816	191	40	79
817	192	39	77
817	192	40	78
818	191	42	80
820	192	41	79
822	192	40	79
824	193	41	80
829	193	38	81
832	194	39	81
835	194	39	79
838	194	40	79
840	192	41	80
843	192	43	82
843	192	46	82
844	194	47	80
848	192	47	83
847	195	48	81
853	193	48	87
852	194	48	84
858	194	44	83
863	198	40	76
864	197	38	75
868	196	36	74
870	202	37	68
880	202	33	71
869	202	36	65
869	202	36	65
873	202	36	63
890	205	31	66
890	204	29	64
893	206	30	59
891	208	30	61
889	211	32	61
891	211	33	62
894	211	34	64
877	211	44	63
846	192	55	74
786	186	39	80
747	186	37	77
746	185	37	77
747	186	36	76
748	186	35	76
751	186	35	76
754	187	35	75
754	185	34	76
757	186	33	76
758	186	33	76
757	186	34	76
760	187	34	75
763	187	34	77
762	186	35	77
763	186	37	78
765	187	36	77
767	188	35	75
769	187	34	76
770	187	37	76
773	187	34	78
777	186	35	78
779	186	37	78
779	187	36	80
782	187	36	78
783	188	36	78
783	188	36	78
786	187	38	79
789	187	41	79
787	187	42	79
791	189	44	76
789	189	45	77
795	189	43	76
799	188	45	77
802	189	40	77
807	187	39	78
810	187	38	77
814	187	39	78
816	186	39	78
818	188	36	76
822	187	35	78
825	188	35	78
825	187	40	80
827	187	43	80
829	189	44	78
828	189	44	76
832	189	45	78
831	185	43	81
836	186	42	79
836	189	44	77
841	186	39	81
842	187	39	77
847	185	38	79
849	185	38	79
847	186	36	80
851	185	37	79
847	185	37	79
857	186	37	80
856	187	41	80
861	186	42	83
858	186	42	84
861	185	42	84
864	185	40	85
866	186	41	83
869	187	41	85
879	201	40	82
879	202	39	79
875	200	39	77
886	205	36	76
883	208	40	75
884	206	41	74
886	208	38	71
885	207	40	71
879	206	42	72
878	205	42	71
876	205	44	72
875	205	48	74
840	197	59	75
775	195	41	64
738	191	33	82
738	191	34	84
741	189	34	88
740	190	36	86
742	190	38	85
744	190	38	86
746	191	39	87
723	190	50	88
755	191	43	84
752	189	45	87
735	189	44	89
737	188	40	91
701	187	41	79
698	186	45	78
688	186	56	80
648	189	46	81
656	187	45	81
658	189	44	80
672	191	40	76
675	192	38	76
677	191	39	77
676	190	40	80
677	191	44	81
679	192	47	80
684	190	47	81
683	189	51	83
684	186	52	86
687	186	49	88
688	187	46	88
687	195	47	79
685	190	45	81
663	190	40	79
669	191	37	77
672	190	38	77
667	191	42	77
669	191	41	77
670	191	39	77
672	192	39	77
671	193	42	77
671	190	45	77
672	191	44	79
676	191	42	77
677	191	41	78
681	192	38	76
682	186	38	78
688	185	35	76
690	185	36	75
691	183	35	79
691	182	37	82
692	185	38	82
693	184	38	85
694	185	40	84
695	186	40	83
694	188	43	78
693	185	44	82
692	185	42	83
660	180	39	84
659	182	38	81
660	183	38	81
701	184	38	81
702	184	39	79
704	185	38	80
704	188	37	78
707	186	39	81
709	189	41	80
710	186	38	79
712	191	40	76
713	192	37	76
713	191	38	78
715	189	38	79
715	189	39	77
717	193	39	77
719	192	39	77
719	188	39	78
722	191	39	78
728	189	39	79
731	191	39	80
740	194	36	78
742	195	37	75
744	194	37	74
748	192	35	75
749	190	35	76
751	189	36	72
754	189	37	78
753	189	37	75
757	190	38	77
756	190	40	80
757	190	41	79
759	191	42	79
763	190	41	78
764	189	39	79
767	189	40	78
771	190	37	79
773	189	38	75
776	188	37	74
779	188	36	75
779	188	36	76
777	187	40	78
782	189	39	77
784	187	42	78
784	187	42	80
789	190	43	78
792	190	43	76
793	190	43	77
792	189	46	77
798	188	44	75
759	186	33	71
758	187	34	69
756	189	35	68
744	192	37	67
756	188	36	69
746	195	35	68
751	190	36	71
749	195	35	70
753	192	34	73
755	193	35	73
756	193	35	73
758	194	36	72
756	194	39	71
756	194	41	72
758	194	41	71
758	194	43	71
760	195	43	71
760	193	45	72
768	192	40	73
771	195	37	72
775	194	34	71
777	194	32	72
778	194	32	70
782	195	32	70
782	195	33	69
783	194	34	69
788	196	32	68
787	196	35	68
789	196	37	68
792	197	38	68
796	196	37	69
798	196	39	70
800	196	39	70
802	197	38	70
803	196	39	70
804	195	36	71
805	196	36	70
809	196	34	70
812	196	32	69
813	197	33	69
815	197	33	70
819	196	34	74
820	197	35	77
817	193	36	80
776	193	52	84
757	186	44	87
757	185	41	83
761	187	39	82
764	185	39	82
766	188	39	84
763	191	42	81
765	187	42	82
763	190	42	80
763	188	45	81
763	186	47	82
763	186	47	82
764	186	47	83
770	185	46	82
774	187	44	82
777	187	44	83
776	184	43	83
776	184	40	82
781	183	44	84
784	183	39	82
786	183	39	81
784	187	39	78
784	185	40	79
755	182	41	77
746	182	37	78
748	182	36	77
750	182	38	76
750	182	39	79
752	183	37	80
752	184	38	79
755	183	36	79
754	183	36	79
776	184	44	83
812	185	44	87
813	185	42	86
815	186	42	85
810	187	43	85
808	186	45	85
813	186	44	85
814	188	45	84
788	187	42	83
796	189	42	81
824	189	41	82
835	188	40	84
833	189	37	84
834	188	38	83
834	188	38	83
837	188	38	83
838	188	36	82
841	188	35	82
841	188	37	83
843	186	37	84
846	187	38	84
847	187	36	83
849	186	36	83
853	189	36	81
852	191	38	80
843	185	40	84
846	185	40	85
844	183	41	85
846	184	41	81
847	185	37	79
851	190	37	76
851	195	40	73
848	194	39	79
857	196	38	73
852	197	38	70
851	197	38	67
856	201	38	68
851	198	40	69
859	200	39	68
857	203	40	71
860	203	40	71
864	206	39	70
863	206	39	70
871	208	38	69
863	206	40	70
859	204	49	76
835	196	60	81
743	181	37	76
735	181	33	72
735	180	31	75
737	181	32	74
736	181	31	72
737	181	30	73
737	181	31	72
737	181	31	72
737	181	31	73
737	180	31	73
736	181	31	73
737	182	31	73
737	181	32	74
736	181	32	73
736	181	32	73
736	182	32	72
736	181	32	73
736	182	31	72
736	182	31	73
736	182	33	73
736	182	31	72
736	182	31	72
736	182	31	73
736	182	32	74
735	182	32	72
735	182	32	73
735	182	31	72
736	182	31	72
735	183	31	72
736	182	31	73
735	183	32	73
735	182	32	73
735	182	33	73
735	182	32	74
736	182	31	74
