444	331	18	32
443	330	17	32
444	330	17	32
443	330	17	32
444	330	17	32
444	330	17	32
443	330	17	32
444	330	17	32
443	330	17	32
443	330	17	32
444	330	17	32
444	330	17	32
444	330	17	32
444	330	17	32
444	330	17	32
444	330	17	32
443	330	17	32
443	330	17	32
443	330	17	32
443	330	18	33
442	329	18	33
442	329	18	33
442	329	18	33
443	329	18	34
442	329	18	34
442	329	18	34
442	329	18	34
442	328	18	34
443	327	18	35
442	327	18	35
442	327	18	35
441	327	19	35
442	326	19	35
441	326	18	36
442	325	18	36
443	325	18	36
442	325	18	37
442	323	19	39
442	323	19	39
442	322	19	40
443	320	19	41
442	319	20	41
442	319	20	41
443	318	21	41
445	319	21	40
444	318	24	43
443	318	26	42
443	318	27	44
443	317	27	45
445	315	27	46
448	316	25	46
450	315	24	46
452	315	24	46
453	316	24	46
454	315	23	46
455	314	24	48
456	314	24	47
457	314	24	47
458	315	25	47
459	316	26	46
460	316	26	46
460	317	26	46
462	316	25	45
463	316	25	44
465	317	24	44
466	315	24	45
467	315	25	45
469	315	25	43
471	316	25	44
472	316	26	44
474	316	27	45
475	316	27	45
476	317	28	45
476	316	29	45
477	316	30	46
479	316	29	45
480	316	28	44
484	316	26	43
485	315	25	44
488	316	25	44
489	315	24	46
491	314	25	46
492	315	25	46
493	314	25	46
494	315	26	46
495	315	26	46
497	316	26	44
498	315	26	45
500	315	25	44
503	315	25	43
504	315	25	42
505	315	25	44
507	314	25	44
508	313	25	42
510	313	24	41
511	314	26	45
512	314	27	45
512	315	28	45
513	315	29	46
514	315	30	45
516	315	29	46
520	315	25	45
523	315	24	45
524	314	24	45
526	314	24	45
526	314	25	46
527	313	24	46
529	313	24	46
531	314	24	46
531	314	25	46
532	315	26	46
533	314	25	46
536	315	24	44
538	315	23	43
540	316	23	42
541	314	24	43
543	314	23	42
545	315	24	44
545	315	26	45
547	315	25	44
549	315	25	43
549	316	27	43
549	315	28	45
551	315	28	44
554	315	25	43
557	315	24	43
560	314	23	41
561	315	22	39
564	317	21	41
564	316	22	43
565	315	22	43
566	315	22	43
568	316	22	44
568	315	23	44
569	316	23	43
569	316	24	44
570	316	24	43
570	317	25	43
572	316	24	43
573	317	24	42
574	316	24	43
575	316	25	43
576	316	25	43
579	317	25	42
580	316	25	43
581	318	26	42
583	317	26	43
584	317	26	42
585	317	26	43
586	317	26	43
587	317	25	43
589	316	24	44
590	317	24	44
592	317	24	44
593	316	24	44
593	316	24	45
593	316	25	45
595	317	25	45
596	317	25	44
597	318	25	44
597	318	26	44
599	318	26	44
599	318	25	44
599	317	25	44
601	318	25	45
602	318	25	45
602	317	25	45
604	318	25	45
605	317	25	45
606	318	27	45
606	319	28	44
606	318	27	44
608	319	27	43
608	319	26	44
608	319	26	43
609	319	25	43
610	320	25	43
610	320	25	42
610	321	25	42
610	321	26	41
611	322	26	41
611	323	26	40
612	323	25	39
613	323	25	40
612	324	24	39
613	324	24	38
612	325	24	38
613	326	24	37
613	326	24	37
613	326	23	37
614	327	23	36
613	327	23	36
613	328	23	35
612	328	23	35
612	328	23	34
612	328	23	34
612	329	23	34
613	328	23	34
612	328	23	34
613	328	23	34
612	328	23	34
613	329	23	34
612	328	24	34
612	328	23	34
612	328	23	34
612	328	23	34
612	328	23	34
613	329	23	34
613	328	24	34
612	329	24	34
613	329	23	34
613	330	23	34
613	329	24	34
613	329	23	34
614	329	23	34
613	329	24	34
614	330	23	34
614	330	23	34
613	330	23	34
614	330	23	33
614	330	24	33
613	331	24	33
615	331	23	34
614	330	24	33
614	330	23	34
615	330	23	34
614	330	23	34
615	330	23	34
615	330	23	34
614	331	23	33
615	331	23	33
614	330	24	33
614	330	23	33
615	330	23	33
614	330	23	33
615	330	23	33
615	330	23	33
615	331	23	33
615	330	24	33
615	330	23	33
614	330	23	33
614	331	23	33
614	330	23	33
615	330	23	33
615	330	23	33
615	330	23	33
614	330	23	33
616	331	23	33
615	331	23	33
615	330	24	33
615	330	23	33
616	331	23	33
615	331	23	33
616	330	23	33
616	330	23	33
616	330	23	33
615	330	23	33
615	331	23	33
615	331	23	33
615	331	23	33
616	330	23	33
616	331	23	33
615	331	23	33
616	331	23	33
615	331	23	33
616	331	23	33
616	331	23	33
615	331	23	33
616	331	24	33
616	331	23	33
615	331	23	33
616	331	24	33
616	331	23	33
615	331	23	33
616	331	24	33
616	331	23	33
615	331	23	33
616	331	23	33
615	331	23	33
616	331	23	33
615	331	23	33
616	331	23	33
616	331	23	33
616	330	23	33
616	331	23	33
615	331	23	33
616	331	23	33
616	331	23	33
616	330	23	33
616	331	23	33
616	331	23	33
615	331	23	33
616	331	24	33
615	331	23	33
616	331	23	33
615	331	23	33
616	331	23	33
616	331	23	33
616	331	24	33
616	331	23	33
616	331	23	33
616	331	23	33
616	330	23	33
616	330	23	33
615	331	24	33
616	331	23	33
615	331	23	33
616	331	24	33
615	331	23	33
616	331	24	33
616	331	23	33
615	331	24	33
616	331	23	33
616	331	23	33
615	331	24	33
616	331	23	33
615	331	23	33
616	331	24	33
615	331	24	32
616	332	24	33
616	331	24	32
616	331	24	32
615	331	24	33
615	331	24	33
617	331	24	33
616	331	24	32
615	331	24	32
616	331	24	33
616	331	23	33
616	331	23	32
616	331	24	33
616	331	23	33
616	331	23	32
617	331	24	33
616	331	24	33
616	331	23	33
616	331	23	32
616	331	24	32
616	331	23	33
616	331	24	33
616	331	23	32
615	331	24	33
616	331	24	33
616	331	23	33
617	331	23	33
616	332	23	32
617	331	23	33
616	331	23	32
617	331	23	33
616	331	23	32
616	331	24	33
616	331	23	33
616	331	23	32
616	331	24	32
616	331	24	33
616	331	23	33
617	331	23	32
615	332	23	33
616	332	24	33
617	331	23	32
616	331	23	32
616	331	24	32
616	331	24	33
616	331	24	33
617	331	23	32
615	332	24	32
616	332	24	32
616	332	23	32
615	332	24	32
617	332	24	32
616	332	24	32
616	332	24	32
616	331	24	32
615	332	24	33
615	331	24	32
615	332	24	33
615	332	24	32
615	332	24	32
615	332	24	32
615	331	24	32
615	332	24	32
615	332	24	32
615	332	23	32
615	332	24	32
614	332	23	32
615	332	23	32
614	332	23	32
614	332	23	32
613	332	23	32
613	332	23	32
613	332	23	32
613	332	23	32
613	331	23	33
613	330	23	33
613	330	23	34
612	329	23	34
612	328	23	35
612	328	23	35
612	327	23	36
612	326	23	36
612	326	23	36
612	324	23	37
613	325	23	37
613	323	22	38
614	323	22	38
613	322	22	40
614	321	22	40
614	321	22	40
614	319	22	42
613	319	23	43
613	318	24	44
614	317	24	45
614	316	24	45
614	316	24	46
615	316	24	46
615	315	24	46
616	316	24	46
616	315	23	46
617	315	23	46
618	315	23	46
618	315	23	46
618	316	23	46
619	315	23	47
619	315	23	47
619	315	23	47
619	315	23	46
620	316	23	47
620	315	22	46
621	316	22	47
622	315	22	46
622	315	22	46
622	315	22	46
622	316	22	46
623	315	22	46
622	315	22	46
623	315	22	45
624	315	22	45
624	315	22	46
624	314	22	46
625	315	22	46
625	315	22	46
626	315	22	46
625	315	22	46
626	315	22	46
626	316	22	45
626	315	22	45
626	315	22	45
627	315	22	45
627	315	22	45
627	314	23	45
627	314	22	45
627	314	22	46
628	315	22	46
628	314	22	46
628	315	22	46
628	315	22	46
628	315	22	45
628	315	22	45
628	316	22	45
628	315	22	44
628	316	22	44
628	315	22	45
627	315	22	44
628	314	22	45
628	315	22	44
628	315	22	44
628	314	22	45
628	315	22	44
627	315	22	44
627	315	22	44
628	316	21	43
628	315	21	43
627	314	21	44
628	315	21	44
627	314	22	44
626	314	22	44
626	314	22	44
625	314	23	44
625	314	22	44
625	315	23	44
624	315	23	44
623	315	23	44
624	315	23	44
623	316	23	43
622	315	23	42
621	315	23	42
622	315	22	42
620	314	23	42
620	314	22	42
620	314	22	43
619	314	23	43
618	315	23	42
618	314	23	43
617	315	22	43
616	315	23	43
617	315	23	42
616	315	23	42
615	314	24	42
614	314	23	41
614	315	23	43
613	314	23	42
613	315	22	43
613	314	22	42
612	315	22	42
612	315	23	43
611	316	22	42
611	315	23	43
610	315	23	42
609	315	22	41
608	314	23	41
608	315	22	41
607	316	22	40
607	315	22	41
606	316	22	40
605	315	22	41
605	316	22	41
605	316	22	41
604	315	22	41
604	316	22	40
604	316	22	40
603	316	23	40
602	317	23	40
603	316	22	40
601	317	23	40
602	316	22	40
601	317	22	40
600	317	23	39
600	318	23	39
600	318	23	38
599	319	23	37
599	319	22	36
598	321	23	36
598	320	22	36
599	320	22	36
598	321	22	35
598	322	22	35
598	322	21	35
598	323	21	34
599	323	21	33
598	325	21	33
598	325	21	32
598	325	20	32
599	325	20	32
598	325	20	32
597	326	20	31
598	325	20	31
598	326	20	31
598	326	20	31
599	327	20	31
598	327	20	30
598	327	20	30
598	327	20	30
598	328	19	29
598	328	20	29
599	327	19	29
599	327	20	29
598	328	19	29
598	328	19	29
599	327	20	29
599	328	19	29
598	328	19	29
600	328	18	29
599	328	19	29
599	329	18	29
600	328	19	29
599	328	19	29
599	328	19	29
599	329	19	29
599	329	19	29
599	328	20	29
599	328	20	29
599	328	19	29
599	328	19	29
599	328	19	29
599	328	19	29
599	328	19	29
599	328	19	29
597	328	18	30
598	328	18	30
595	328	21	32
593	328	22	33
595	327	21	33
597	327	21	32
596	327	22	31
596	328	22	31
595	328	23	31
595	328	22	36
592	328	24	43
592	327	25	47
592	327	25	52
591	327	26	54
592	327	24	53
592	327	25	54
594	326	25	54
593	326	27	54
594	326	27	54
591	326	29	55
594	326	27	55
594	326	28	55
594	327	28	55
595	327	27	55
596	327	27	55
598	327	27	56
600	327	27	55
599	326	28	56
601	326	28	56
600	326	29	56
600	326	29	56
601	326	29	56
600	327	30	55
600	327	30	56
603	328	29	55
602	328	30	54
604	329	29	54
607	329	27	54
608	329	26	54
608	328	25	55
608	328	25	56
609	328	25	57
609	328	26	57
610	329	26	56
609	329	28	56
610	328	28	57
609	328	29	57
611	328	29	58
611	329	28	57
611	329	29	57
614	328	28	58
615	328	27	59
617	329	27	59
618	328	28	58
619	328	29	57
619	329	29	57
619	328	30	57
617	328	31	57
619	328	30	57
620	328	30	58
620	329	30	57
622	329	30	56
623	330	30	56
623	330	30	56
625	330	27	55
624	329	25	58
623	329	25	58
615	330	26	55
605	329	26	57
597	330	26	56
589	333	26	53
584	334	27	54
584	330	28	57
583	332	29	56
583	331	28	58
584	330	28	59
586	331	27	59
588	331	27	59
589	331	27	60
589	331	29	60
590	331	30	60
591	330	30	60
589	330	33	60
591	330	32	59
591	330	32	60
591	330	33	60
593	330	32	60
594	331	32	59
593	332	33	59
596	332	32	58
598	331	30	59
599	331	29	59
600	332	27	59
601	331	27	62
602	330	26	62
602	330	27	63
601	330	28	63
602	331	30	62
601	331	33	62
602	332	32	62
602	332	33	63
602	332	33	63
606	333	31	62
607	332	30	63
610	333	30	62
611	332	30	63
611	331	31	63
613	332	31	63
614	332	32	63
613	332	33	63
614	332	34	63
615	332	34	62
616	332	34	62
617	333	34	63
617	333	34	62
618	333	34	62
619	333	33	62
621	334	32	62
622	334	31	61
623	333	29	62
624	332	29	64
624	332	28	65
625	332	28	65
626	332	28	66
626	333	30	65
624	333	32	65
622	334	35	65
626	334	33	65
624	334	34	65
630	335	31	65
628	333	32	66
629	334	32	65
633	334	32	66
636	334	32	66
635	334	33	66
637	333	33	65
636	334	36	65
637	334	35	65
636	334	37	65
637	334	36	65
637	335	38	65
639	335	37	66
641	335	35	66
642	336	33	65
644	336	32	65
646	336	30	64
646	334	29	67
644	337	31	63
646	336	30	64
648	334	30	67
650	335	31	67
647	336	34	67
642	336	37	67
647	337	36	66
643	337	38	68
650	337	34	67
646	338	38	66
656	337	32	67
656	336	33	69
658	337	33	68
659	337	34	68
660	337	35	68
661	335	35	69
662	337	35	68
662	337	36	67
662	337	36	67
663	338	37	68
663	338	38	67
663	337	38	67
666	338	36	68
667	338	35	66
667	339	34	66
669	338	33	67
671	339	31	67
670	338	31	69
673	337	29	69
673	336	30	71
672	337	33	71
672	338	35	70
674	338	35	70
674	338	34	70
675	339	35	70
674	340	36	69
674	339	36	71
678	340	35	71
681	339	34	71
683	338	34	73
685	339	34	71
686	339	35	72
685	338	36	72
686	339	37	71
687	339	37	71
687	340	38	70
687	339	39	71
689	338	38	72
689	339	38	71
691	339	37	71
693	340	35	71
695	339	34	71
695	339	33	71
695	340	33	71
696	341	33	71
699	340	30	73
700	339	31	74
699	339	32	74
697	339	36	75
697	340	37	74
696	340	38	74
702	340	35	74
701	340	37	75
704	341	35	75
705	341	35	76
708	340	35	76
709	340	36	76
710	340	37	76
712	340	37	75
713	341	37	75
711	340	40	75
712	340	41	75
713	341	41	75
714	341	40	75
715	341	40	75
717	342	39	75
718	343	39	74
719	342	37	73
720	343	36	72
722	341	34	73
723	344	34	72
724	349	33	68
726	346	30	70
727	342	31	76
724	342	36	76
720	341	38	78
717	342	39	77
710	345	36	75
695	345	38	76
679	341	39	79
670	341	36	78
671	336	35	79
673	335	35	80
675	335	36	80
676	336	37	78
677	335	38	78
677	335	39	78
677	334	40	78
678	334	40	78
678	335	40	78
679	335	38	78
679	336	39	78
681	336	39	79
682	335	38	79
685	336	36	78
685	337	34	77
686	337	34	79
687	339	33	75
689	355	30	61
691	339	29	75
690	337	33	79
688	336	38	81
688	336	40	81
690	336	39	81
690	336	39	82
692	337	39	82
693	337	39	83
695	336	39	84
699	336	38	83
700	336	41	84
701	336	41	83
703	337	42	83
704	336	43	82
704	337	45	83
705	337	45	83
707	337	45	83
708	338	45	83
709	339	45	84
710	338	44	83
713	338	42	83
716	339	39	82
718	339	37	82
719	338	35	83
721	340	33	82
720	345	35	78
724	344	32	78
724	342	34	80
724	339	38	85
723	340	42	84
723	340	43	84
725	340	40	85
724	341	42	85
726	341	43	86
728	341	43	86
731	341	41	86
733	339	42	88
737	340	43	87
739	341	44	87
741	341	45	87
741	341	48	87
741	341	47	87
743	341	48	87
744	341	48	87
746	341	48	88
746	342	49	88
748	342	48	88
750	342	45	87
753	341	43	88
754	341	42	87
757	341	39	88
759	342	37	89
761	343	36	88
761	345	38	85
761	342	41	90
761	342	45	89
761	343	46	89
763	343	45	90
763	344	46	90
763	344	46	91
765	344	48	91
769	344	44	92
771	342	45	94
775	343	47	92
776	344	49	92
778	343	50	92
777	344	53	91
772	345	58	91
779	344	57	93
777	345	59	92
780	344	58	95
782	346	57	95
787	345	53	95
789	346	53	92
793	346	48	92
796	346	45	91
798	346	43	92
800	349	42	88
803	354	40	84
803	347	41	92
804	346	44	95
803	345	51	95
804	347	55	94
805	347	56	96
806	347	56	96
807	348	56	96
810	347	55	97
810	347	56	97
809	347	55	99
814	348	55	96
821	347	55	97
827	348	53	96
830	347	53	97
830	348	57	96
828	348	60	97
829	349	63	98
827	349	63	101
829	349	68	103
831	349	65	104
826	349	69	105
827	349	65	103
838	350	57	100
846	349	53	98
847	349	53	100
854	350	47	97
859	350	43	97
861	349	44	100
859	353	52	96
860	351	56	98
861	351	59	100
864	351	57	100
862	352	59	102
868	352	58	103
865	352	60	103
863	351	63	104
848	354	72	106
873	352	64	107
864	352	71	110
875	352	67	105
863	354	75	107
878	353	70	105
875	354	71	102
888	354	64	103
878	354	70	106
889	354	65	109
873	365	71	104
866	361	73	115
861	360	69	118
869	359	73	125
873	365	70	119
864	356	71	124
805	363	71	124
797	355	79	127
808	365	73	124
817	358	69	128
811	360	77	128
822	363	70	126
820	363	73	126
820	368	65	125
819	373	66	120
812	375	68	118
806	371	66	123
801	375	67	121
781	371	70	124
858	375	67	120
866	360	71	125
860	360	76	126
856	367	83	126
859	366	74	125
854	371	70	119
846	365	75	126
836	362	78	128
817	365	80	124
810	365	75	128
805	369	73	124
800	368	73	127
800	372	68	123
803	375	62	118
787	367	56	115
778	384	55	100
748	364	61	106
708	367	62	103
743	378	66	107
754	380	65	112
754	380	76	112
757	383	74	110
757	381	73	113
755	383	69	113
753	383	65	115
755	381	61	114
762	381	57	115
764	380	57	103
774	380	50	111
760	381	57	111
752	383	61	112
744	383	65	112
721	382	79	112
720	385	76	112
724	383	74	114
728	385	72	113
732	383	69	116
731	384	68	117
742	383	55	117
743	382	50	115
748	383	47	116
743	385	51	105
744	386	53	111
748	383	54	115
745	384	68	112
750	385	69	113
752	386	73	113
757	386	74	114
762	387	69	114
772	386	64	115
748	387	65	119
756	384	62	122
796	385	55	115
800	382	58	111
800	382	66	113
793	381	76	117
795	383	80	118
779	383	92	123
768	384	100	124
769	384	98	125
773	384	95	124
782	384	89	122
796	382	78	123
806	383	69	122
817	380	60	126
821	380	58	127
825	381	59	125
828	395	63	113
828	387	73	120
829	383	85	125
826	383	97	126
829	384	95	125
832	386	98	124
