279	260	33	36
280	261	31	35
280	261	30	35
280	261	30	35
281	261	31	36
280	261	32	36
282	261	31	35
282	262	30	36
282	262	30	36
283	261	30	37
286	261	29	37
286	260	28	38
288	259	28	39
289	261	27	39
288	260	27	39
288	260	27	39
290	260	28	39
292	260	28	38
292	261	26	38
293	262	29	36
296	261	26	36
297	262	28	35
298	261	26	35
299	261	27	34
300	261	26	34
302	262	26	33
303	261	26	36
304	261	25	35
306	262	26	33
306	261	25	35
307	261	25	34
308	261	25	34
308	261	26	33
308	261	26	33
309	262	26	35
309	262	26	33
310	262	27	33
310	262	27	33
311	263	26	32
312	263	27	32
312	262	27	32
312	263	27	33
312	263	27	34
313	263	27	33
313	262	28	33
314	262	28	34
313	263	29	35
315	263	29	33
316	263	29	33
316	263	29	33
316	263	30	33
316	263	31	34
317	263	31	33
318	263	30	35
318	263	30	34
319	263	31	33
318	264	32	34
320	264	33	34
320	263	32	33
322	264	32	34
322	263	33	33
322	264	34	32
323	264	33	35
325	263	32	33
323	264	34	34
325	264	33	34
327	264	33	32
329	263	33	34
327	264	33	34
329	264	32	34
330	264	32	34
331	264	32	33
331	263	32	33
334	263	29	33
337	262	29	34
337	262	29	35
337	263	28	35
338	263	28	34
339	262	28	35
339	262	28	35
340	263	28	34
341	263	26	36
341	263	26	35
341	263	26	35
341	262	28	35
342	263	28	35
341	263	28	35
342	263	28	35
342	262	29	37
344	263	27	37
344	262	28	37
345	261	28	38
346	262	27	37
344	262	29	37
345	262	30	38
346	262	29	37
346	262	30	38
346	263	29	38
348	263	29	37
348	263	29	38
347	263	29	38
348	263	29	38
350	262	29	38
352	263	28	39
353	262	28	39
354	263	27	40
354	263	27	39
355	263	27	39
356	263	27	39
357	263	27	39
357	263	27	39
358	265	27	39
358	263	29	40
359	264	28	39
360	263	29	39
358	264	29	39
360	263	29	39
361	264	29	39
363	263	29	39
363	263	29	39
366	262	28	40
365	263	29	40
367	262	28	39
368	262	28	41
368	262	28	41
370	262	28	40
369	262	28	39
370	262	28	39
370	262	27	40
371	262	27	39
371	262	27	39
371	262	27	39
372	263	27	40
372	262	27	40
373	263	28	40
373	262	28	41
374	262	28	41
372	261	28	41
374	262	28	42
373	262	28	41
374	261	28	40
375	262	29	41
374	261	29	40
375	261	29	40
376	261	30	41
376	261	29	41
378	261	29	40
379	261	30	41
378	261	30	41
379	261	31	41
379	261	31	41
379	260	32	40
382	260	31	42
380	261	32	41
380	261	33	42
379	260	34	41
383	260	33	42
382	260	33	43
384	260	34	42
383	260	38	42
385	260	42	43
385	259	43	45
388	258	41	45
390	259	39	45
391	257	38	46
393	257	36	48
392	257	36	46
395	258	38	48
394	258	36	48
393	258	36	46
395	257	35	47
395	257	36	48
396	257	36	49
396	257	36	49
397	258	36	48
398	258	37	48
399	257	37	47
399	258	37	47
401	257	37	46
400	258	37	46
403	258	37	46
403	257	35	46
404	258	35	45
404	258	35	45
405	257	36	46
406	258	36	45
405	258	35	45
406	258	37	45
406	258	37	45
406	258	37	45
406	258	38	44
406	259	38	44
406	258	39	44
407	258	41	45
407	258	40	44
407	259	39	44
408	258	41	44
408	258	41	44
406	259	41	44
408	258	43	44
407	258	44	44
407	258	44	44
407	258	44	44
409	259	44	44
407	259	45	43
408	259	45	43
407	259	44	44
408	259	44	43
408	259	43	44
414	260	45	40
412	259	47	41
414	260	46	40
415	260	45	40
417	259	43	40
420	260	41	39
426	260	37	39
432	261	34	38
434	261	34	37
435	260	33	39
436	261	32	38
437	261	32	38
438	260	33	38
436	260	34	39
438	261	34	38
438	260	34	39
440	261	34	38
440	261	35	37
440	260	35	37
442	260	35	38
443	261	35	36
444	260	35	36
444	260	35	37
444	260	35	38
444	260	37	37
444	261	37	39
444	261	39	40
446	260	37	39
446	261	39	40
446	260	39	37
448	259	39	38
448	260	37	38
451	260	37	38
451	260	38	39
450	260	38	40
452	260	37	42
453	260	37	41
454	260	38	40
455	261	37	41
455	261	36	40
456	260	38	40
457	261	36	41
458	261	36	39
459	261	37	40
462	260	35	39
462	261	36	39
463	260	34	38
465	261	34	38
466	261	33	37
467	261	33	38
469	261	33	36
469	262	32	36
470	262	33	35
471	262	31	35
474	262	31	36
473	263	32	34
471	263	36	34
473	262	34	34
476	262	34	35
475	262	35	34
476	262	34	35
475	262	35	35
477	261	35	36
478	261	34	36
478	261	34	38
479	261	34	38
480	261	35	39
481	262	34	40
480	261	34	39
481	262	34	39
482	262	34	39
482	262	35	39
481	263	35	39
482	262	36	39
482	263	35	39
484	262	34	40
486	262	33	39
488	263	32	38
488	262	32	38
490	262	31	39
492	263	30	38
493	263	29	39
493	264	29	40
494	263	29	40
496	263	29	39
496	263	29	40
496	264	30	40
496	264	31	40
497	263	31	39
498	263	31	39
497	263	31	40
499	262	32	40
499	263	31	39
500	262	31	39
501	263	31	40
502	262	31	40
502	262	32	40
501	263	32	40
503	262	31	40
504	263	32	39
504	263	31	40
505	263	30	39
506	262	30	40
508	262	29	39
510	262	27	39
512	263	27	40
511	263	28	40
512	263	28	39
512	263	28	39
512	264	28	39
513	263	28	40
514	263	29	40
513	263	29	40
514	263	29	40
515	264	30	40
516	263	30	40
516	264	30	40
517	264	31	40
518	263	32	40
519	264	32	40
518	264	33	41
519	263	33	41
519	263	34	41
519	263	34	41
520	262	34	40
521	263	34	41
521	263	34	40
521	263	35	39
522	263	34	39
523	263	34	39
521	263	35	39
523	263	35	38
524	263	34	39
525	263	34	39
526	263	34	39
526	263	35	40
527	263	34	41
527	263	35	41
527	262	35	41
527	263	35	40
529	262	34	40
528	263	35	40
531	263	35	39
529	263	36	40
531	263	35	39
529	263	37	38
530	263	37	38
532	263	37	38
532	264	37	38
533	264	36	37
536	264	35	37
536	264	36	37
537	264	35	37
539	263	35	38
539	264	35	37
539	264	35	37
540	264	35	38
541	264	33	38
543	265	34	37
544	265	33	38
545	265	34	39
545	265	33	39
547	264	33	39
547	264	33	39
548	264	33	39
550	264	33	39
552	265	31	39
553	264	31	38
555	264	30	38
556	264	30	37
557	263	30	38
558	263	30	38
559	263	30	38
560	263	31	37
559	263	33	38
560	263	33	37
562	263	34	37
561	263	35	38
561	263	35	38
561	263	37	38
562	262	37	38
563	262	38	39
563	262	39	39
565	261	38	38
566	260	39	39
567	260	39	39
567	261	40	38
568	260	40	38
568	260	41	36
569	260	42	37
570	261	42	36
572	261	39	36
575	260	38	36
575	261	40	37
577	260	39	35
578	261	39	36
578	261	41	37
580	261	39	36
583	260	38	36
588	260	34	36
592	260	31	38
593	260	31	36
594	260	29	37
593	260	32	37
594	261	30	37
594	260	31	35
596	260	31	38
597	260	31	37
597	260	31	37
598	261	31	38
599	260	31	38
599	260	31	37
599	260	31	39
598	259	32	37
598	260	33	39
598	259	33	38
599	259	34	38
600	259	33	40
599	259	35	38
600	259	35	38
601	259	35	39
601	260	36	38
603	260	35	37
600	260	37	37
597	260	36	37
593	259	35	38
588	259	36	36
587	260	36	36
590	260	36	37
589	259	37	38
590	259	37	38
593	258	35	40
593	259	37	38
594	259	38	38
594	259	40	37
593	260	41	37
593	260	42	35
594	260	43	34
595	260	44	36
597	260	43	32
601	258	41	34
604	259	40	32
605	259	41	33
604	260	42	32
605	260	42	32
605	260	42	31
606	259	43	32
607	258	42	32
608	258	42	33
607	258	43	34
609	259	43	34
611	258	43	34
613	259	41	34
614	258	40	36
613	258	40	36
615	259	39	35
617	258	37	36
618	258	36	36
619	259	34	39
620	258	33	39
620	258	33	38
621	259	33	39
622	257	34	42
625	258	31	41
626	257	29	40
627	259	28	38
627	259	28	38
627	260	28	38
629	259	28	38
630	258	28	39
630	258	27	38
631	258	27	40
632	258	27	39
633	259	26	39
633	258	27	40
635	258	27	40
635	259	26	40
636	259	27	40
635	259	27	39
634	258	28	40
635	259	27	40
635	258	29	41
635	258	28	42
635	258	29	42
635	258	29	41
636	258	29	41
638	259	28	39
638	259	28	39
639	259	28	38
638	258	30	39
639	259	30	39
640	259	30	39
640	260	30	38
640	258	31	40
640	257	31	42
642	258	31	41
641	258	31	41
641	259	32	41
642	258	31	41
643	258	31	41
644	258	32	41
644	258	32	40
645	258	32	39
643	259	33	40
646	258	31	42
644	258	34	41
644	258	33	41
645	258	34	42
646	258	33	43
647	258	32	43
647	260	33	41
647	260	33	43
648	261	32	41
647	261	31	41
650	262	30	41
651	262	30	41
651	261	29	42
652	261	30	42
652	261	30	41
654	261	29	41
655	259	30	43
654	260	31	42
656	260	29	41
655	262	29	40
656	261	29	40
655	262	29	41
657	261	29	41
658	261	29	40
657	264	28	41
660	261	30	42
659	262	30	41
659	262	32	41
661	262	32	41
662	261	31	42
663	261	29	41
664	260	29	41
666	260	29	43
666	260	28	42
667	260	28	42
668	260	28	42
668	260	28	42
667	260	28	42
666	259	28	43
668	258	27	45
670	259	28	43
671	259	29	43
673	259	27	45
674	260	26	43
674	260	27	43
673	260	28	44
653	263	35	41
652	262	37	42
655	262	37	44
648	261	38	44
654	260	38	46
647	260	38	44
651	261	39	45
655	261	37	47
710	256	47	49
726	251	49	52
728	249	49	53
728	250	48	53
728	249	48	54
728	250	48	54
729	249	48	55
728	250	47	54
730	249	46	55
729	249	45	54
730	248	44	54
726	249	43	55
724	248	42	54
719	250	42	55
717	249	42	53
716	248	40	54
714	248	39	56
714	248	39	56
713	249	39	55
711	249	38	55
709	249	37	55
706	250	37	57
702	250	37	57
697	250	39	56
692	249	40	57
691	249	42	56
690	249	41	56
688	249	44	56
688	249	43	55
689	248	43	56
686	248	45	57
684	249	48	56
679	250	48	53
673	251	46	53
668	251	45	53
664	251	46	53
665	250	48	52
664	250	46	52
665	250	48	53
663	250	48	51
662	250	48	52
661	250	49	52
662	250	49	53
660	250	48	52
660	249	49	52
660	249	48	53
659	250	49	53
659	250	48	53
659	249	49	54
655	250	49	54
649	251	54	55
649	251	54	54
651	250	52	55
648	251	55	55
644	251	57	55
644	251	57	55
643	250	56	56
643	251	56	55
643	247	56	59
643	250	56	56
643	248	54	57
643	250	54	56
642	250	53	56
642	248	52	57
642	249	52	57
642	249	51	58
642	248	51	58
641	248	51	58
641	247	48	60
640	248	48	58
642	249	47	58
641	248	47	59
642	249	47	57
643	249	46	56
644	249	42	57
645	249	41	58
647	250	38	57
648	250	37	57
647	250	37	57
648	250	36	57
648	250	36	57
649	250	36	58
649	250	36	59
650	250	36	57
649	250	35	58
649	251	37	58
649	251	36	56
649	251	36	58
648	251	36	57
648	251	36	58
650	251	36	58
649	251	36	59
650	251	37	58
649	251	37	57
649	252	38	57
647	253	37	56
646	253	36	56
646	254	35	55
646	255	35	54
644	255	36	53
644	254	34	55
643	254	35	54
642	254	35	53
642	254	35	53
642	255	35	52
641	254	34	52
640	254	34	52
640	255	35	54
639	254	36	53
636	254	37	53
636	254	37	53
635	254	38	50
634	254	38	51
634	254	39	52
631	254	41	53
630	254	41	53
630	255	43	52
628	254	43	53
627	254	44	53
626	253	43	54
626	255	46	54
625	254	46	55
624	253	46	55
624	253	47	56
623	253	47	56
622	252	44	57
624	253	42	55
621	255	43	54
622	253	43	56
621	253	42	55
622	254	40	55
621	253	40	54
621	253	40	53
620	254	42	53
620	255	44	51
619	254	46	51
618	252	44	52
619	253	44	53
618	252	45	53
621	253	46	50
620	252	42	54
622	253	43	50
622	252	44	52
621	253	43	54
619	252	42	56
620	251	42	56
621	251	39	57
623	251	37	56
624	250	35	58
623	251	35	57
626	252	33	57
626	252	32	57
627	253	31	57
628	253	31	56
628	252	31	57
626	253	31	57
625	253	31	57
624	253	31	58
624	253	31	58
625	252	31	58
623	252	31	57
623	252	31	58
621	253	31	58
620	253	32	58
621	251	32	59
619	253	34	57
617	253	34	56
616	253	35	58
615	254	35	57
615	253	36	58
613	253	37	58
612	252	37	57
612	253	36	58
610	253	37	58
609	253	38	59
609	253	38	57
609	253	37	57
610	253	37	57
609	254	37	56
609	255	36	54
610	255	37	56
609	254	36	55
609	255	37	55
609	254	36	56
609	254	36	55
608	255	35	53
609	255	35	53
610	255	34	53
609	255	34	52
610	255	33	52
611	255	33	53
610	255	33	52
609	255	33	53
611	255	32	52
611	255	33	53
610	255	34	53
609	256	32	51
611	257	31	50
610	255	32	52
610	256	32	52
609	256	33	53
609	256	32	51
607	257	33	52
605	258	34	51
606	258	34	51
602	258	37	48
602	257	34	51
600	257	34	49
602	257	35	51
601	256	34	53
600	255	34	53
600	254	33	53
600	254	34	54
597	255	34	52
598	254	35	55
597	255	35	53
597	255	35	54
596	255	36	53
594	255	38	53
594	255	38	54
594	255	38	55
593	255	37	52
595	255	37	51
595	254	37	53
594	255	36	53
642	262	35	45
643	263	33	44
643	264	33	43
643	264	33	43
644	263	33	44
643	264	33	43
645	264	33	42
644	263	32	41
645	264	32	43
644	263	33	42
644	264	33	42
645	263	32	42
645	264	32	43
644	263	32	43
644	264	32	42
644	263	33	43
645	264	32	42
645	263	31	43
645	262	31	43
645	263	32	42
644	262	32	42
644	262	32	42
644	262	32	43
643	262	33	44
643	262	34	43
642	262	35	44
643	261	35	44
642	261	36	44
641	262	38	45
641	261	38	45
641	261	39	45
640	262	39	44
640	262	40	44
639	261	40	45
640	261	40	45
642	260	39	45
641	261	39	44
642	261	38	45
643	261	37	44
644	261	36	45
645	261	36	44
645	261	34	44
647	261	33	47
647	261	32	47
648	261	31	46
648	261	30	45
650	261	29	46
649	260	29	46
650	261	28	45
650	260	28	46
650	260	28	45
651	260	27	44
652	260	26	45
652	260	26	45
652	260	26	45
652	260	26	45
653	259	26	44
652	260	26	43
652	259	27	43
652	260	27	44
652	260	27	44
651	259	29	45
649	258	29	46
650	259	29	47
648	259	31	47
647	259	32	47
647	258	32	44
647	259	31	45
646	259	33	44
644	258	33	45
644	258	33	43
644	259	33	45
644	258	33	44
643	259	33	45
643	258	33	44
640	259	34	45
640	258	35	46
639	259	34	46
638	259	35	46
637	258	36	46
636	259	36	45
636	259	36	45
635	259	37	46
633	259	37	47
632	259	38	47
631	259	39	47
629	259	41	47
629	259	39	47
629	258	39	47
628	259	41	48
627	259	41	47
629	259	41	46
627	259	41	46
628	259	41	46
627	259	42	47
628	258	41	46
628	258	41	46
627	258	41	47
628	259	42	46
627	259	41	45
627	259	41	44
626	260	41	44
627	259	41	44
627	260	40	44
628	260	39	44
628	260	39	44
629	260	38	43
635	258	39	45
647	259	39	44
660	259	39	44
686	259	40	43
701	260	39	41
714	259	39	42
714	258	38	46
713	256	39	44
714	257	37	46
716	258	35	43
715	257	32	44
713	257	32	45
712	257	32	44
712	256	33	44
712	256	32	44
712	256	32	45
712	255	31	45
712	256	32	44
711	257	31	42
710	258	32	42
710	257	31	43
709	258	32	42
707	258	33	42
705	258	35	43
704	258	36	43
669	259	40	42
671	259	42	43
669	257	46	44
671	256	50	44
703	256	39	44
699	257	40	43
674	257	52	44
671	256	55	46
674	255	58	46
677	255	59	47
678	254	58	48
673	255	61	47
669	255	65	47
674	256	60	46
678	256	56	46
681	257	53	46
678	255	54	47
681	258	53	45
682	256	51	47
683	257	50	45
682	257	51	46
681	257	51	46
682	258	50	45
686	259	46	45
687	259	43	43
689	260	44	43
690	260	43	42
691	260	44	42
692	259	45	44
694	257	45	45
695	256	47	46
695	256	43	46
698	257	43	46
698	258	42	45
698	259	41	44
698	258	42	44
699	258	42	44
701	257	44	47
702	256	43	45
704	257	43	45
704	257	42	45
705	257	41	44
706	257	41	45
707	257	41	45
708	258	40	46
709	257	40	44
710	258	40	43
709	258	41	42
708	258	41	42
709	258	42	43
707	258	45	46
709	258	43	45
709	257	43	45
708	257	45	46
709	257	44	45
708	257	45	46
709	257	45	46
708	257	46	45
707	257	47	45
708	257	46	45
706	257	47	45
704	257	37	46
707	259	49	46
699	256	43	47
706	257	50	44
717	257	42	43
714	258	48	43
712	259	48	43
711	259	51	43
714	258	50	44
717	258	48	43
720	258	46	43
718	258	48	43
717	260	49	43
716	259	50	43
719	260	49	44
721	260	48	43
716	260	51	44
720	259	48	45
722	260	47	45
722	260	47	44
725	260	45	45
725	260	45	45
727	260	45	46
727	260	44	47
727	261	44	46
727	260	45	46
729	261	45	45
731	260	43	46
732	261	43	46
733	261	42	45
734	262	42	45
735	262	42	44
737	261	40	45
740	262	39	43
743	262	37	42
744	262	35	43
747	262	34	41
747	262	33	42
748	261	34	41
749	261	34	42
749	261	34	43
749	261	33	43
750	262	34	43
750	262	33	43
749	263	34	43
751	262	33	44
750	263	33	45
751	263	34	45
749	264	34	44
750	264	34	44
750	264	34	45
750	265	34	45
750	264	34	45
750	265	34	45
750	264	34	46
751	264	33	45
751	264	32	47
752	264	31	46
753	265	30	45
754	265	30	44
754	265	30	44
754	263	30	45
755	262	30	46
755	263	31	46
756	263	31	44
757	263	31	45
758	263	31	44
758	263	31	44
759	264	31	43
758	264	32	41
759	264	31	41
760	263	32	42
758	265	32	41
760	264	33	43
760	264	34	43
760	262	36	44
762	263	33	44
761	263	34	44
762	262	34	44
764	262	33	44
764	263	33	44
763	263	33	44
766	262	32	46
766	262	31	45
766	262	31	45
767	262	31	46
766	262	32	45
766	262	32	45
766	261	32	46
765	261	33	46
766	262	33	47
765	262	33	47
764	262	34	47
764	262	35	47
764	261	34	48
765	261	34	48
764	261	34	49
765	261	34	48
765	262	34	48
766	261	34	49
767	261	33	50
766	262	33	50
767	261	33	51
766	262	33	50
767	262	33	50
766	261	33	53
767	262	32	52
767	262	32	51
768	263	31	51
769	263	31	53
769	263	30	52
768	264	31	51
769	263	31	50
769	263	31	51
768	264	31	50
769	264	31	51
769	263	31	52
770	263	30	52
770	262	30	52
770	262	30	53
769	262	30	52
770	263	30	53
769	262	30	52
770	262	30	53
769	262	31	52
769	262	32	52
769	262	32	51
768	261	34	52
769	261	33	53
769	261	34	51
768	260	35	52
768	260	34	51
769	260	34	52
769	261	34	51
769	261	34	52
768	260	35	52
768	261	35	52
768	262	35	51
768	262	34	50
767	261	34	52
769	261	32	52
768	262	33	52
769	262	32	51
767	262	32	52
767	262	32	54
767	262	32	52
767	262	32	53
768	262	32	52
768	262	31	53
767	262	31	52
767	263	32	52
766	264	33	50
737	267	45	46
739	266	41	46
739	266	42	47
739	267	40	47
740	267	40	46
741	267	41	46
739	267	44	47
741	267	45	47
744	266	49	48
743	266	50	48
742	265	51	48
743	265	50	49
743	265	49	49
743	265	48	48
744	265	46	48
744	265	45	49
744	265	45	50
745	266	44	49
745	267	44	49
745	266	43	49
745	267	42	48
746	266	42	48
745	267	41	47
745	267	41	47
745	266	40	47
745	266	39	46
746	267	39	46
746	266	37	47
746	266	37	47
746	267	37	48
747	265	36	50
747	264	35	49
746	264	35	47
746	264	35	47
746	264	36	47
747	263	35	47
745	264	35	47
745	264	36	48
744	264	37	47
739	264	36	47
734	264	37	48
726	264	38	47
719	263	39	48
717	263	39	48
718	263	39	48
715	264	39	48
711	263	40	51
703	262	39	49
691	262	42	47
677	262	42	48
657	263	42	47
635	262	48	47
619	261	51	49
610	261	51	49
603	260	51	50
597	260	51	52
594	259	51	52
591	259	51	53
589	259	49	54
588	257	51	56
588	253	50	57
588	245	48	57
585	232	48	57
582	227	50	54
578	223	48	57
575	223	49	56
572	225	50	55
570	228	49	54
570	231	49	54
568	233	51	55
564	236	53	54
564	239	51	53
561	243	50	52
559	247	49	52
558	248	50	51
558	248	49	56
560	248	49	52
561	246	50	53
563	245	49	55
563	244	49	54
563	245	48	54
563	246	49	55
563	248	48	55
563	252	48	56
564	256	47	53
564	259	48	55
565	263	47	54
567	266	48	55
570	266	48	53
573	266	47	51
571	266	48	51
569	265	49	52
569	265	49	53
571	265	49	52
570	265	50	53
569	264	51	53
569	264	51	53
567	264	53	53
568	264	53	53
568	264	53	53
568	264	53	52
567	265	54	53
566	265	54	52
565	264	54	51
565	265	52	52
564	265	51	51
565	265	50	52
565	266	50	51
564	266	39	51
562	267	39	49
565	267	39	49
565	268	41	49
564	267	40	49
564	267	41	51
564	266	39	49
564	267	39	49
565	267	41	49
562	266	44	50
563	265	39	50
565	266	42	49
563	266	39	49
567	266	41	47
565	265	40	47
566	266	42	47
566	265	36	48
567	266	42	49
565	265	35	47
566	265	34	48
566	265	36	47
569	265	39	47
592	266	38	45
594	265	38	46
593	264	38	46
590	264	40	46
592	264	39	46
590	264	41	46
593	263	39	46
589	264	42	46
591	264	42	46
590	264	42	47
590	263	43	47
589	263	44	47
591	263	42	47
590	263	43	47
591	263	43	47
588	264	44	47
592	264	43	46
589	264	44	46
589	264	46	47
589	264	46	47
590	263	47	46
587	263	51	48
602	262	45	47
592	263	53	46
590	262	48	47
592	262	49	46
614	262	42	45
620	262	40	46
626	263	40	44
607	263	46	48
613	261	47	49
617	261	51	50
622	261	52	51
625	262	51	50
632	261	51	51
637	263	49	49
649	265	43	47
640	265	46	47
649	264	42	50
645	265	47	47
643	264	47	48
641	264	48	48
642	264	48	49
636	264	40	50
637	264	40	49
636	264	33	50
633	264	34	53
633	264	33	51
633	265	33	49
631	264	33	50
631	264	33	49
628	265	36	48
629	265	34	48
628	265	36	47
626	267	35	48
626	268	35	47
623	269	35	47
622	269	34	47
623	271	36	46
622	274	36	45
619	272	36	47
618	272	39	46
617	271	40	47
614	269	42	50
613	271	42	48
610	268	44	49
612	268	41	49
615	271	40	48
612	273	43	46
597	258	54	54
597	254	57	61
602	256	57	59
609	253	56	61
623	256	51	59
630	250	50	64
634	254	52	60
643	255	45	61
640	255	47	63
642	257	45	60
642	258	45	58
642	258	45	58
647	257	41	58
646	259	41	56
644	256	46	57
643	254	49	59
640	256	50	60
651	256	51	59
670	258	51	57
678	259	47	58
686	260	49	56
689	261	47	55
688	261	49	54
687	264	47	54
691	266	44	53
690	261	50	54
690	262	52	55
692	260	53	55
691	266	46	52
690	260	50	56
690	263	49	54
690	263	45	55
687	266	43	54
684	268	41	53
680	267	40	51
676	268	39	51
673	266	41	51
673	263	40	52
670	264	40	54
672	266	39	52
669	265	39	51
667	265	41	52
669	261	45	52
662	266	40	55
661	262	39	55
664	262	38	55
661	261	42	56
659	261	44	55
653	262	43	55
651	262	43	54
650	258	43	58
645	259	45	58
644	259	43	56
645	259	43	57
646	259	45	57
640	258	42	58
641	257	40	60
641	256	43	60
680	255	41	55
675	260	46	51
678	257	45	53
676	258	44	53
676	259	45	53
677	258	45	54
677	256	43	54
676	258	42	52
677	259	42	52
678	259	41	53
678	260	40	52
677	262	39	50
677	260	39	51
675	261	40	50
675	260	41	50
673	261	42	50
672	260	44	50
674	256	46	54
674	255	46	55
675	253	47	57
675	254	46	58
676	253	47	60
675	252	48	60
675	253	49	58
675	252	49	60
675	251	50	61
676	252	50	59
676	253	51	59
675	254	50	59
676	253	53	60
676	253	51	58
675	253	55	59
675	255	53	58
674	257	50	56
674	255	54	56
633	253	34	61
632	255	34	60
632	256	34	60
631	255	34	61
630	256	35	60
630	255	35	61
628	256	37	60
627	256	37	60
626	254	34	61
625	253	36	61
624	254	37	61
621	254	39	61
620	253	39	62
621	253	37	62
618	254	37	61
618	254	38	60
618	253	37	62
617	252	37	63
618	254	39	63
617	254	38	61
615	254	36	62
616	253	37	62
616	253	37	62
615	253	36	62
615	253	38	60
615	254	38	58
614	253	36	59
615	252	36	59
615	252	37	62
614	252	36	62
615	251	37	63
615	252	36	61
615	252	36	64
656	271	37	47
653	268	38	47
653	269	38	47
652	270	36	47
651	270	37	47
651	269	35	48
651	270	35	48
618	254	30	65
619	254	33	64
617	255	35	63
617	254	35	63
618	255	33	64
619	258	38	59
616	256	36	62
619	261	42	56
617	256	35	60
619	259	38	58
615	257	39	60
615	256	38	59
616	261	45	54
614	255	35	60
615	260	41	56
613	257	39	59
641	269	40	49
641	267	41	48
641	268	41	49
640	268	41	49
637	268	43	49
639	268	40	48
638	268	41	48
635	267	42	49
631	266	45	50
633	266	43	52
627	266	45	52
632	265	42	53
605	253	36	65
605	255	35	65
605	256	35	66
602	255	36	67
601	254	36	67
600	253	36	68
600	254	36	68
599	254	35	68
598	254	36	68
599	254	36	69
597	255	37	68
597	255	36	68
596	254	38	68
595	253	36	69
595	253	34	70
594	253	35	70
593	254	36	68
592	254	36	69
591	254	36	69
590	254	36	69
589	253	36	69
588	254	36	68
586	255	36	66
585	256	37	65
584	256	37	66
583	255	37	68
584	255	35	68
581	254	37	68
581	255	37	69
580	254	38	69
579	254	37	68
578	254	37	68
577	254	37	69
578	254	36	70
577	255	36	71
575	255	36	70
574	255	36	69
574	255	35	70
574	256	35	69
573	255	36	71
572	256	36	70
570	256	37	71
569	256	38	69
568	256	38	70
568	255	39	70
567	255	39	70
566	256	39	70
565	255	39	69
564	256	39	69
564	255	40	68
563	255	41	69
563	256	42	68
562	257	43	68
562	257	42	68
562	256	42	66
560	256	44	68
560	256	43	70
558	256	45	69
559	256	44	67
558	256	45	69
559	256	45	68
557	256	46	66
558	256	45	67
557	255	45	68
558	255	45	69
557	256	45	67
558	256	45	68
557	256	45	69
557	255	46	71
558	254	45	70
556	254	46	70
553	255	47	71
554	255	47	70
554	255	47	71
554	255	48	71
553	254	48	71
553	255	48	70
553	256	48	69
554	255	48	69
554	255	48	69
553	255	49	69
553	254	49	70
554	253	49	70
553	254	49	70
555	253	49	70
555	254	48	69
555	254	47	69
556	254	47	70
557	254	47	69
558	253	46	70
558	254	45	70
558	254	44	69
559	254	43	70
560	254	42	70
561	253	41	71
562	253	40	71
563	253	39	69
563	252	39	69
563	252	38	68
565	254	37	65
565	253	37	65
565	253	36	66
566	252	36	64
566	253	35	64
566	253	35	68
565	253	36	66
565	253	36	66
567	253	35	63
567	253	35	63
566	252	36	63
565	253	37	65
564	254	37	64
563	253	38	65
561	253	39	68
560	253	39	70
560	253	39	74
558	254	41	72
559	254	40	75
560	254	39	74
559	253	39	76
560	253	38	76
559	254	39	77
559	254	37	76
562	253	36	75
561	253	36	75
561	254	36	77
562	254	35	75
562	255	36	76
561	254	35	75
560	254	36	75
560	254	35	75
560	253	37	74
560	252	37	78
561	252	41	79
564	249	42	82
570	250	44	79
576	251	47	78
585	249	46	79
592	249	46	80
597	249	44	79
597	249	44	78
599	249	43	78
598	248	42	79
599	249	43	80
603	249	46	80
606	248	45	80
605	249	43	78
606	249	41	80
606	250	40	81
606	250	40	82
606	249	39	82
607	250	37	80
609	251	37	79
611	251	36	77
611	254	33	75
610	254	34	77
608	253	35	77
608	253	33	76
610	254	33	75
609	254	31	75
609	254	33	76
608	255	33	76
606	254	34	77
606	253	34	77
605	254	35	75
604	254	36	73
604	253	35	75
606	254	36	74
605	255	39	72
602	254	36	72
600	255	36	75
603	255	38	72
601	256	39	72
604	255	44	67
599	257	38	71
600	256	37	67
598	257	35	61
598	257	35	65
596	257	37	65
594	257	38	69
595	257	38	69
595	257	40	69
591	257	41	71
589	257	39	71
589	255	38	74
587	255	40	78
587	256	40	77
586	255	41	78
587	255	41	76
585	255	42	77
585	254	42	79
583	255	43	78
584	255	42	76
584	254	42	78
584	254	42	78
583	255	43	79
582	254	43	80
580	254	45	82
578	254	46	83
578	253	46	86
576	253	47	85
578	252	46	86
579	253	45	86
577	253	45	86
579	253	44	85
579	254	44	85
577	252	45	86
580	252	42	85
579	251	42	86
579	251	41	85
579	252	41	84
580	251	41	84
581	251	39	84
580	251	39	83
581	251	38	83
581	251	38	84
581	251	38	86
582	251	39	87
580	253	39	84
581	252	38	84
582	251	37	83
582	252	36	83
582	252	37	83
582	254	38	81
582	253	36	82
583	253	34	82
584	258	38	74
583	254	39	82
585	256	39	80
582	254	39	84
585	253	35	85
607	263	43	65
586	255	39	82
583	255	38	84
585	255	45	81
581	257	50	80
579	255	47	82
578	255	46	83
577	255	43	83
577	254	43	84
577	254	44	84
576	254	43	86
576	255	44	84
575	255	44	85
574	254	43	85
573	254	43	85
572	255	43	85
573	254	43	85
607	262	40	66
571	254	40	86
569	252	41	86
568	253	40	82
568	253	40	87
566	253	42	85
565	253	41	81
564	252	41	82
563	254	40	82
562	254	42	80
561	255	45	75
561	256	45	75
558	254	46	75
558	257	43	76
556	254	43	76
555	254	42	77
554	255	40	77
554	254	39	79
554	253	39	77
553	253	37	77
553	253	36	80
552	252	36	79
549	251	38	77
548	252	39	74
547	252	39	76
546	253	40	74
546	253	41	77
544	253	42	77
545	253	42	77
545	252	42	79
546	253	42	79
546	253	43	81
547	252	43	80
548	253	43	78
548	253	44	80
549	253	46	82
550	254	46	84
552	253	48	83
556	250	48	86
558	248	48	85
560	249	48	86
563	250	47	81
571	250	45	82
577	251	45	79
587	250	44	82
602	247	43	82
614	248	44	81
628	249	45	80
640	250	44	77
646	250	45	79
652	250	45	80
657	250	45	80
660	250	44	81
664	251	45	81
669	250	44	81
679	249	43	81
694	251	42	80
758	267	43	66
813	257	37	66
847	265	39	59
878	265	39	64
889	257	40	82
897	256	44	89
898	254	46	94
895	252	48	95
896	246	46	102
898	248	44	99
899	248	43	98
898	249	43	99
895	249	45	100
894	248	44	102
893	248	46	102
893	249	45	102
891	247	46	104
889	248	48	105
889	248	46	104
886	248	48	104
885	249	48	104
883	249	49	103
882	251	49	103
881	251	50	103
879	251	50	101
879	251	47	101
877	253	45	101
876	254	46	102
876	255	45	102
874	256	44	102
873	257	45	98
871	259	43	98
869	259	43	97
867	260	43	99
863	260	45	97
860	261	47	96
855	262	49	101
852	263	50	96
850	266	52	91
847	264	52	94
845	265	52	93
842	266	53	93
840	267	54	95
838	267	54	97
838	267	53	103
837	266	53	101
836	265	52	105
836	263	53	104
837	262	51	105
834	260	52	103
833	256	54	105
833	255	54	104
831	255	56	95
828	254	59	87
828	252	61	87
826	252	61	84
824	252	64	80
823	252	66	79
823	251	70	74
826	250	71	70
832	251	74	69
839	249	73	67
847	250	73	65
854	250	80	65
857	250	81	66
862	252	80	63
867	253	80	62
871	250	80	67
873	247	80	69
878	248	77	71
884	252	72	70
887	252	70	73
890	251	68	74
894	251	65	75
900	251	58	76
909	250	50	75
915	251	44	76
917	250	42	77
918	249	41	79
920	251	39	80
920	251	38	81
922	252	37	82
927	251	31	83
934	252	24	82
935	249	24	62
938	249	21	56
935	251	24	50
936	251	23	52
934	252	25	50
934	252	24	53
936	252	22	58
937	253	22	58
937	253	21	58
934	254	25	56
935	252	24	59
932	252	27	61
877	261	46	57
879	262	55	66
849	249	72	75
812	235	77	82
831	231	95	87
813	228	141	95
813	226	143	98
812	225	143	97
809	225	145	97
804	224	150	97
802	226	153	96
803	225	152	96
807	224	148	98
814	223	142	98
823	223	132	101
831	223	125	102
840	222	117	101
846	223	111	102
