871	235	24	41
873	238	22	41
876	244	20	39
879	246	19	38
882	249	17	37
882	252	17	39
884	254	17	38
885	254	17	38
889	256	18	40
905	261	19	39
909	264	20	40
912	268	19	38
911	269	19	38
907	270	19	38
902	268	21	38
904	265	21	38
911	263	19	39
914	262	19	39
916	260	19	39
918	254	19	39
921	252	19	40
924	253	19	38
924	252	19	39
920	255	18	38
904	257	20	38
900	256	20	38
898	255	20	38
900	255	22	37
902	255	24	38
905	258	21	40
906	260	21	41
906	261	20	40
905	261	20	40
904	259	20	40
912	253	20	40
915	244	20	41
918	236	18	42
920	230	18	41
922	228	17	40
925	232	18	39
922	238	20	41
915	243	22	44
904	253	25	43
897	257	23	42
893	259	21	40
895	259	21	39
899	260	20	39
900	261	19	40
894	263	20	39
884	260	19	41
884	260	19	40
883	259	18	39
882	260	18	40
879	257	19	41
882	245	18	39
883	243	19	39
885	245	19	39
884	248	19	39
884	248	20	38
890	246	21	39
892	246	20	38
893	245	20	39
893	244	20	39
891	243	20	40
888	240	17	39
889	239	17	40
889	237	17	41
889	236	18	40
889	237	17	39
879	246	20	40
874	249	21	42
871	253	22	41
869	255	21	44
867	260	22	41
868	260	20	39
869	255	19	42
866	253	19	40
863	250	19	40
860	249	19	40
855	245	18	41
854	245	18	41
853	244	18	41
851	244	18	40
848	243	19	39
844	242	21	40
844	242	21	38
844	241	20	38
842	241	22	39
838	241	22	39
832	240	21	39
830	241	21	40
831	240	21	40
831	240	20	39
833	240	19	39
834	238	17	41
832	238	18	40
829	238	18	38
826	239	20	39
823	238	20	39
821	239	20	39
819	240	22	39
819	240	22	40
817	241	21	40
818	242	21	41
818	242	20	41
820	242	18	39
820	244	17	38
821	243	17	39
821	244	17	39
818	245	18	40
817	245	17	38
814	244	17	38
812	244	18	38
811	242	19	39
808	243	19	38
807	240	20	39
805	241	18	37
803	238	19	38
803	236	19	39
800	235	18	38
800	234	18	38
800	234	16	38
799	233	16	37
798	233	15	37
796	234	15	36
793	233	17	37
793	233	18	38
794	233	17	36
791	231	19	37
795	232	18	37
795	232	20	38
794	233	20	38
795	232	19	39
795	233	18	39
795	235	16	38
795	235	17	38
793	236	18	39
794	236	19	38
800	236	18	38
805	241	16	35
806	239	17	37
803	240	18	36
802	241	19	37
799	240	20	38
799	240	21	39
800	240	21	39
801	239	20	38
802	239	20	38
802	238	19	38
803	238	18	38
802	237	16	38
800	236	17	38
799	236	17	38
799	236	16	38
797	237	17	37
795	237	18	38
792	237	20	38
791	235	20	38
790	235	22	38
787	237	20	37
786	236	19	38
784	237	19	38
784	237	18	38
784	237	18	38
782	238	17	37
781	237	16	38
780	237	17	39
778	238	17	39
777	238	17	38
772	238	18	37
770	240	19	38
769	240	20	39
769	242	20	39
771	244	19	39
776	248	18	39
779	249	17	37
781	251	16	38
783	252	16	38
784	252	16	38
785	252	16	38
785	254	15	39
785	254	15	39
785	254	16	40
785	253	18	41
785	254	19	41
790	260	19	39
793	259	20	39
794	260	20	39
796	261	19	40
798	262	20	39
815	265	19	38
822	266	18	38
827	267	20	40
830	269	20	40
833	270	18	41
835	273	17	42
834	275	17	41
835	277	19	38
835	279	21	39
838	278	23	40
848	280	21	40
850	281	22	41
853	284	22	41
855	285	23	41
858	285	22	42
868	289	19	41
869	290	18	41
870	293	18	41
871	295	17	42
870	294	17	41
874	297	17	39
874	297	19	40
874	298	20	40
875	298	21	39
876	298	23	40
880	299	21	41
882	301	20	40
884	302	20	40
885	303	18	40
885	305	17	39
881	308	17	38
877	308	17	39
876	308	18	41
875	307	18	40
875	308	18	41
874	307	19	40
871	306	19	40
867	306	21	40
864	307	21	40
862	306	21	40
862	305	21	40
861	304	21	41
862	304	21	41
861	304	20	41
861	303	18	41
860	305	17	42
859	306	17	41
859	307	17	42
858	308	17	43
856	310	18	43
851	316	20	40
851	318	20	42
850	320	21	42
846	326	21	40
842	329	20	38
832	336	22	40
832	337	20	42
832	338	19	41
832	338	19	41
832	339	18	41
824	346	18	39
818	347	19	40
812	347	20	40
804	348	22	42
798	348	22	42
789	344	21	42
788	343	20	42
786	341	20	42
784	337	21	42
781	337	21	42
779	333	21	42
780	330	20	42
781	328	21	44
785	325	20	44
785	322	20	44
781	319	21	42
774	318	21	42
763	318	23	41
755	318	23	41
747	318	24	42
744	316	22	43
746	315	21	43
750	314	20	43
755	314	20	43
758	314	20	42
758	314	22	42
752	314	22	42
747	317	21	41
742	318	21	40
740	318	20	40
741	317	21	42
741	317	21	41
742	318	21	41
741	317	21	42
740	316	23	43
743	319	24	42
748	323	22	40
750	326	20	37
752	330	18	36
753	332	19	38
758	337	21	38
763	335	21	41
767	339	20	39
772	345	18	38
773	346	18	39
772	352	19	39
769	356	18	37
768	357	18	38
766	358	19	39
769	356	20	39
774	348	20	39
776	341	20	40
773	337	20	39
768	333	21	38
763	327	22	39
752	314	23	40
750	310	22	41
747	309	20	40
742	306	20	38
734	305	21	38
720	300	20	39
714	299	22	41
710	299	21	40
706	299	21	41
703	299	21	41
699	300	22	40
697	302	22	40
696	304	20	39
696	304	20	39
695	306	19	39
698	308	18	39
698	309	18	39
699	310	18	39
701	312	17	38
699	314	17	38
695	319	19	39
693	320	19	39
690	324	19	38
691	324	19	40
694	330	19	38
710	338	19	38
719	339	19	37
731	342	19	36
741	344	20	36
751	349	19	36
776	354	18	34
791	354	19	36
806	356	19	37
820	363	18	35
831	366	19	35
846	371	19	36
852	372	21	38
858	371	21	39
862	371	24	38
868	368	24	38
875	367	22	39
876	367	21	38
876	366	21	39
875	363	22	40
874	361	20	40
871	360	21	39
869	357	19	41
868	354	20	41
865	352	20	40
862	349	20	41
859	348	21	42
854	345	22	40
853	344	22	39
851	343	23	40
849	341	23	42
845	340	24	41
843	338	24	41
841	336	22	41
838	337	22	39
835	338	22	41
833	338	21	43
829	342	20	42
828	344	20	41
826	345	20	40
825	344	22	42
824	344	23	42
823	345	24	41
821	344	24	41
820	345	25	41
818	346	25	40
817	344	25	39
817	342	24	40
818	340	23	41
818	339	23	42
817	338	22	41
818	337	21	40
817	334	21	42
816	333	22	43
815	332	22	42
814	330	21	41
813	330	21	40
812	329	22	41
812	329	23	40
810	328	24	41
809	328	25	42
810	330	25	41
809	331	22	41
809	333	22	43
808	336	22	44
809	336	22	44
808	337	21	43
808	339	20	43
806	340	20	43
804	341	22	43
801	342	23	43
799	342	24	44
796	341	26	43
793	341	27	43
792	340	26	43
788	340	25	43
787	337	25	43
784	336	23	42
782	335	23	43
780	335	24	43
778	333	23	44
775	331	23	45
771	329	23	44
771	326	23	44
769	325	23	42
766	324	21	41
764	324	22	41
759	324	23	41
756	326	23	42
752	328	22	42
749	331	22	41
747	331	22	41
735	330	21	42
731	329	21	43
726	330	22	44
719	330	25	47
718	336	23	47
714	336	24	50
715	344	23	46
716	344	23	46
719	346	23	44
722	348	23	42
725	346	23	43
723	346	24	44
721	347	23	43
718	348	24	43
716	349	24	44
715	350	25	45
715	352	24	42
717	348	22	43
716	348	21	42
713	343	23	43
707	342	24	44
704	341	24	44
702	341	25	44
701	339	24	44
700	338	23	43
696	337	24	41
691	336	23	41
689	337	22	41
687	337	22	41
686	336	22	42
685	335	21	42
684	334	20	41
682	334	20	41
680	333	20	41
678	333	20	40
674	333	21	40
672	332	22	40
673	330	22	40
672	330	23	40
670	329	24	41
664	332	22	39
662	331	24	41
660	331	25	42
659	332	25	41
659	332	23	41
656	332	22	41
654	332	21	41
653	330	20	41
652	328	20	41
650	328	21	40
645	327	21	40
644	326	22	40
640	326	24	40
640	327	24	40
637	326	26	40
637	328	24	40
636	328	24	42
635	330	24	42
634	331	22	42
633	333	22	41
628	335	21	41
627	337	21	41
625	338	21	41
623	338	21	42
623	338	22	42
623	337	22	41
622	337	23	41
621	337	25	41
622	336	25	40
619	334	26	42
619	334	26	41
617	334	26	41
618	334	26	42
618	334	25	42
618	333	26	43
617	335	23	43
616	336	23	44
614	338	22	43
614	339	23	44
612	340	23	42
613	340	22	41
611	341	23	41
609	340	24	41
607	340	24	42
605	337	24	43
600	335	23	42
597	333	23	43
593	331	23	42
590	330	22	43
586	328	20	42
581	324	20	41
576	323	22	43
573	322	22	43
569	321	22	43
564	321	23	43
562	319	23	42
562	318	23	41
562	317	22	41
562	316	22	41
559	317	23	40
554	316	22	39
550	317	22	39
547	316	23	41
543	317	21	41
540	320	20	41
537	320	20	41
537	319	20	41
536	317	20	41
533	317	21	41
531	315	21	40
526	314	21	39
519	314	22	39
516	314	23	39
514	313	23	40
512	313	24	41
509	313	23	41
504	313	21	40
501	313	21	40
499	313	22	40
498	313	22	41
495	312	22	41
493	314	22	42
490	313	23	43
490	312	24	44
489	314	24	43
489	314	24	42
486	314	25	42
484	315	24	41
483	314	25	41
480	315	26	40
478	314	26	40
474	314	25	38
472	314	24	38
469	314	24	39
468	313	24	40
465	312	24	41
461	310	21	38
458	311	21	38
457	308	21	38
456	307	21	39
453	306	22	39
445	304	23	41
438	303	23	39
432	302	23	39
426	299	24	43
421	299	26	41
415	299	25	40
413	298	24	40
410	298	24	39
407	297	22	40
404	296	21	38
403	297	21	37
401	297	21	38
402	296	21	38
400	296	23	40
401	297	22	40
401	298	22	41
403	301	21	40
404	303	21	41
402	306	22	41
400	305	23	44
394	307	25	45
391	308	27	46
388	312	24	44
389	315	22	42
388	316	22	41
387	316	22	42
387	319	21	40
385	320	22	40
385	319	22	42
385	319	22	42
385	321	23	41
385	321	23	41
384	321	24	41
382	323	23	39
378	322	25	40
374	324	23	39
372	323	21	39
369	323	22	39
366	321	21	40
364	320	22	40
359	317	22	38
354	317	24	40
351	315	25	41
346	315	27	41
343	312	28	42
338	310	26	42
334	308	25	40
335	307	23	39
334	305	22	40
334	304	23	39
336	303	22	39
342	304	22	38
342	303	22	38
344	303	25	39
376	310	34	39
399	309	38	40
407	310	38	41
426	308	32	43
433	310	33	42
445	313	27	42
464	318	24	38
467	317	23	40
474	319	21	39
480	323	20	37
485	323	21	37
498	328	22	38
504	328	25	40
514	329	25	39
518	329	27	40
528	331	27	39
539	332	24	40
542	331	26	41
548	332	26	41
552	331	26	43
558	327	26	42
574	322	25	40
576	322	24	40
578	321	23	39
580	322	22	40
580	323	22	42
575	328	21	40
574	328	21	39
576	328	21	39
577	327	22	40
579	324	22	40
579	323	21	35
577	322	22	37
574	321	24	36
575	321	23	36
574	321	24	38
575	320	23	38
577	320	23	39
577	319	22	37
578	319	21	36
578	319	21	36
578	318	21	35
577	318	22	37
578	317	22	37
575	317	22	37
575	317	24	36
576	317	22	35
577	317	22	36
576	318	22	36
575	317	23	36
574	317	22	36
575	314	21	35
572	313	22	35
572	312	23	36
570	312	23	36
570	309	22	35
567	308	22	35
569	308	20	34
566	308	22	33
565	308	22	34
562	307	23	35
560	307	23	34
561	305	23	34
560	304	22	35
560	304	22	36
559	304	22	36
559	305	22	36
560	305	21	35
562	305	20	35
563	305	20	35
562	305	21	35
561	305	21	35
558	305	22	36
557	305	23	36
555	305	24	36
553	305	23	36
552	305	23	36
551	304	23	36
551	305	23	37
553	307	21	37
552	309	21	38
552	313	20	38
551	312	20	39
551	315	20	38
551	315	19	39
550	315	21	39
550	316	21	38
551	317	21	35
552	318	21	35
553	316	22	36
554	313	22	35
553	311	21	37
543	307	22	36
540	306	22	36
539	303	22	36
536	302	21	38
534	302	22	40
523	297	23	40
519	300	24	38
514	301	23	37
512	300	23	39
508	301	25	39
508	303	24	39
508	303	24	38
508	303	24	38
507	304	24	37
508	303	24	37
509	302	24	36
510	301	23	37
511	300	23	37
513	298	21	39
514	298	21	40
514	297	21	37
514	298	22	36
514	298	21	38
513	298	22	37
512	298	22	38
506	303	21	35
503	302	22	34
502	303	21	35
500	304	22	35
500	303	21	37
499	304	21	37
498	305	20	36
499	303	19	37
500	303	18	36
501	301	18	37
500	302	19	36
500	301	20	37
499	301	20	37
497	300	21	40
496	299	19	39
495	295	18	37
493	293	19	36
494	291	19	36
491	289	20	39
487	288	22	38
479	287	21	35
476	286	18	34
474	284	18	35
474	282	17	36
473	281	17	37
472	280	16	35
471	279	16	36
468	279	18	38
465	279	19	39
462	283	19	36
461	284	19	36
460	284	19	39
460	283	20	38
460	283	22	38
460	283	21	38
458	282	22	39
452	281	25	37
445	278	27	38
444	272	27	45
441	271	29	46
443	280	29	39
443	275	27	40
445	281	26	37
445	279	25	40
445	279	25	42
444	276	25	44
443	274	24	43
443	281	24	39
445	281	24	39
442	277	24	39
439	272	25	41
439	278	24	39
439	259	21	37
438	260	20	43
436	258	21	43
429	256	24	40
423	253	24	41
420	259	27	51
413	254	27	55
412	257	30	58
408	251	34	64
408	248	37	65
388	233	53	64
405	243	39	69
400	252	41	65
394	258	42	64
373	239	43	81
391	256	34	68
390	245	34	73
389	242	35	72
393	244	35	76
391	245	34	83
383	269	44	78
368	275	46	86
358	279	40	81
358	285	41	74
364	286	58	79
374	276	56	79
393	273	51	84
407	268	47	73
422	262	37	83
418	259	40	85
413	255	45	84
409	259	43	85
398	253	46	79
403	250	35	81
400	249	33	78
399	247	30	76
396	244	31	73
394	245	30	73
387	244	34	71
386	243	32	71
382	241	33	71
382	238	31	72
381	239	33	72
382	238	33	72
379	237	34	71
382	239	33	70
380	237	34	70
383	238	32	69
386	240	34	73
389	242	35	74
391	244	35	77
389	246	35	76
393	249	35	72
395	250	39	76
396	248	36	74
398	250	35	74
396	253	38	77
398	254	35	74
399	255	35	70
398	257	36	70
401	255	37	71
402	254	38	72
404	253	41	71
403	254	42	68
403	252	40	69
406	252	51	71
402	256	49	76
397	255	52	81
387	258	57	75
387	255	63	70
382	247	58	78
389	246	56	77
378	256	64	78
408	262	55	72
385	249	60	79
405	262	49	77
377	249	57	72
385	254	53	78
416	265	44	76
398	255	48	79
421	269	45	68
389	256	54	72
395	262	48	73
380	264	42	71
371	295	39	72
378	268	34	60
382	280	28	51
384	291	26	42
386	293	26	38
387	293	24	36
387	290	23	39
384	292	24	37
382	292	23	38
380	289	24	37
375	288	24	38
372	288	25	38
369	287	24	40
367	284	23	42
361	285	25	44
356	288	27	41
357	288	24	39
357	289	24	37
357	288	23	37
357	288	23	39
356	289	22	39
356	289	22	37
355	290	23	35
356	290	23	36
356	290	23	35
356	291	22	34
356	292	22	33
355	292	22	33
355	292	22	35
352	292	23	37
349	292	25	34
347	293	25	32
345	292	23	34
341	294	24	38
336	295	25	38
331	297	26	36
330	298	25	36
330	299	24	34
329	299	24	34
329	300	24	34
330	298	24	35
329	299	24	34
328	300	24	34
327	300	23	34
326	302	23	32
328	302	23	33
331	303	23	33
332	302	22	32
333	302	22	33
332	301	23	33
332	300	23	34
332	300	24	34
331	299	23	34
332	298	23	35
333	295	22	37
331	292	24	38
329	292	23	36
325	291	24	34
322	292	24	34
322	292	25	32
322	291	24	31
321	289	24	31
319	287	23	31
316	286	24	32
316	284	23	34
313	281	23	35
312	278	23	36
311	277	23	34
312	276	23	34
314	276	22	33
313	276	22	34
314	274	21	34
315	273	21	35
314	273	21	35
314	274	21	34
314	274	21	33
313	275	22	32
311	272	23	33
308	271	23	33
305	268	22	33
301	269	22	30
298	269	22	32
294	270	21	31
289	270	21	31
285	270	21	31
282	272	21	30
279	274	23	30
276	274	23	31
273	274	23	31
270	274	23	30
267	273	24	30
264	273	23	31
260	270	23	32
255	271	24	33
250	270	25	33
240	271	25	32
235	271	25	32
229	271	24	32
225	269	23	33
220	271	23	32
211	270	24	32
206	268	23	33
198	269	25	31
194	265	24	34
188	263	25	34
177	258	23	32
168	258	25	31
160	254	24	32
150	252	26	32
143	251	26	30
130	247	23	30
121	245	24	28
111	240	22	28
103	238	22	29
97	234	22	31
87	230	21	32
82	229	22	32
76	227	23	33
73	225	24	33
71	225	23	33
69	223	23	33
69	222	23	34
67	221	24	33
64	222	24	33
64	221	24	33
62	221	23	33
62	219	23	34
60	218	22	34
59	216	23	34
57	216	24	33
55	216	23	33
55	215	23	32
52	216	24	31
50	215	24	31
46	213	24	33
44	212	24	33
43	210	23	34
42	209	23	35
42	210	23	35
42	209	22	34
41	205	21	35
41	201	21	36
40	196	21	38
39	193	22	38
39	189	22	39
35	183	22	39
33	179	23	37
30	175	24	34
27	171	23	37
24	168	24	37
20	165	25	36
18	163	24	36
16	161	23	37
13	162	23	37
12	162	23	36
12	162	23	37
10	163	23	36
11	162	23	36
10	164	22	36
10	165	21	36
11	167	22	36
12	169	23	35
16	173	25	33
19	177	24	32
24	176	24	34
31	181	23	31
35	182	22	31
40	185	22	31
43	187	23	30
47	189	23	30
53	190	22	31
62	193	23	28
66	194	23	28
69	194	22	30
71	194	22	31
74	194	22	31
78	194	22	33
81	196	22	32
83	196	22	33
85	198	23	32
87	201	22	32
92	206	22	30
97	207	20	31
98	209	23	30
101	210	23	33
107	214	23	29
119	220	27	29
127	222	37	32
131	204	54	48
125	184	67	70
138	187	76	73
183	173	73	94
208	163	78	115
249	170	100	101
244	171	64	111
252	176	61	108
272	174	60	111
274	193	75	93
284	186	64	110
277	183	74	112
283	192	99	113
316	187	71	111
309	191	80	114
338	193	66	109
346	195	59	101
334	211	65	86
328	216	71	95
364	163	42	98
366	163	35	75
370	163	32	77
371	168	31	71
374	169	30	67
373	171	29	75
367	177	29	69
365	179	28	70
362	186	28	65
362	188	28	63
361	186	30	67
361	189	37	67
364	184	36	67
372	176	31	70
376	178	31	64
373	170	36	72
371	173	44	74
389	172	38	77
358	170	55	78
394	159	41	81
396	163	36	72
382	154	38	74
376	144	41	89
379	148	39	83
382	157	35	81
385	163	33	65
386	166	28	64
383	161	28	64
379	159	28	62
367	149	28	66
363	142	28	65
363	152	28	56
364	143	25	60
363	146	26	64
363	140	26	61
362	134	26	62
359	142	27	69
355	142	29	70
354	146	29	67
355	144	29	67
357	146	29	67
360	151	28	62
351	139	28	63
351	134	28	60
352	133	30	70
353	132	30	63
358	137	30	61
357	140	29	63
358	143	28	63
354	136	30	70
356	138	31	67
357	133	30	62
358	138	29	60
359	140	28	59
359	142	28	57
359	142	28	56
361	138	27	56
