730	318	118	31
766	297	53	76
765	299	66	67
756	305	68	51
749	309	87	43
767	295	64	65
778	285	48	82
779	278	43	92
776	287	51	79
765	283	51	86
768	282	47	91
769	285	47	85
736	287	52	84
771	287	48	83
773	289	45	78
777	295	47	74
760	288	45	82
751	288	49	85
764	294	53	76
746	290	59	85
745	294	53	80
763	301	56	75
767	298	52	74
762	297	51	76
732	283	47	91
718	288	53	83
709	297	63	76
703	297	59	78
703	295	59	83
707	293	53	86
702	298	55	82
705	296	52	87
701	298	57	86
709	298	54	87
715	298	52	88
734	302	50	82
732	302	49	84
724	303	55	87
742	312	56	76
748	308	49	81
748	318	59	75
722	303	55	89
731	302	55	87
740	312	58	86
730	297	55	95
736	302	52	85
745	311	51	88
745	295	46	96
748	298	42	90
744	297	48	90
745	299	45	82
742	296	50	94
745	305	52	84
762	312	55	81
833	336	45	73
832	338	43	74
831	338	43	74
836	338	43	74
836	338	37	74
837	339	41	76
837	338	40	74
835	338	41	76
839	342	41	78
837	342	44	74
838	339	46	74
838	339	44	77
837	339	45	77
835	338	46	73
835	339	43	78
835	338	41	73
830	337	44	73
828	336	45	78
826	333	47	82
825	332	48	83
824	332	49	83
828	331	49	84
833	332	46	81
836	333	45	79
839	336	46	77
844	336	46	77
853	339	40	79
855	340	41	79
856	340	39	76
858	340	37	82
858	341	37	82
855	342	40	77
853	342	42	76
852	342	43	78
848	342	46	78
847	341	46	85
844	339	49	83
843	334	49	81
844	332	46	80
843	329	46	75
840	328	48	70
834	325	47	69
832	326	46	70
829	326	43	73
824	328	46	70
821	328	45	69
817	330	46	66
818	326	47	67
820	328	46	71
824	325	46	72
830	327	46	70
832	320	48	75
832	315	46	73
834	310	44	73
831	304	45	70
829	301	45	73
821	295	41	68
819	291	40	71
816	288	40	69
811	284	41	70
810	278	38	70
790	273	44	67
776	272	39	69
764	271	38	66
749	269	39	65
733	266	37	64
695	257	39	66
677	255	38	61
664	252	40	65
653	247	42	65
647	245	43	68
649	252	42	70
658	258	44	71
672	266	44	67
690	272	42	68
702	277	42	75
709	286	41	71
709	288	41	75
713	293	41	73
718	299	42	68
734	302	39	65
762	303	46	65
774	307	46	58
788	311	46	66
793	311	49	67
796	315	50	70
795	314	47	68
803	315	45	67
808	313	46	67
816	314	44	69
825	317	43	65
831	315	43	67
841	318	38	66
836	320	40	63
847	321	37	68
848	323	39	68
852	325	38	66
859	326	41	65
855	323	43	65
859	319	46	65
859	313	46	66
858	308	46	67
853	305	47	66
849	302	48	68
848	301	47	75
846	303	49	74
854	307	46	69
859	305	48	72
858	304	48	71
861	303	45	69
862	303	45	66
859	303	49	64
860	302	50	65
864	302	50	65
867	302	48	67
864	303	50	68
865	305	48	67
861	309	48	70
858	310	48	73
858	312	48	74
861	314	47	73
866	319	43	68
874	323	44	68
876	324	44	66
880	324	43	66
882	324	42	66
880	322	46	68
882	322	49	66
881	320	49	66
880	324	53	63
876	327	54	59
878	322	53	63
883	312	53	72
886	310	50	74
880	306	52	78
879	305	54	79
884	308	47	76
889	315	53	64
885	314	52	65
887	313	47	66
891	311	41	68
892	311	40	70
899	307	38	74
902	309	40	74
903	318	45	65
909	321	42	62
912	318	36	65
920	321	31	64
924	317	30	68
930	310	26	73
932	306	27	75
931	313	27	67
927	316	30	59
925	325	32	51
926	325	33	54
902	302	49	76
885	302	58	88
838	329	79	79
819	316	71	80
786	318	81	81
721	324	69	92
731	371	113	76
722	369	142	72
723	354	140	81
699	350	125	84
727	365	158	85
722	359	164	89
610	365	215	92
639	362	247	98
590	365	274	100
599	363	288	99
620	364	280	100
658	377	241	94
645	372	262	100
657	366	241	106
666	359	238	109
668	366	247	99
681	361	239	106
694	364	241	97
659	368	247	95
683	364	223	98
681	373	233	92
679	372	246	92
686	375	245	92
689	376	242	93
696	375	242	92
703	376	227	96
693	377	256	95
701	375	251	96
705	374	246	95
712	373	238	96
713	373	237	97
718	374	231	100
721	375	227	100
725	377	227	100
728	380	225	100
730	383	222	98
742	386	211	92
742	389	208	91
745	390	208	94
747	391	205	94
750	391	203	92
753	385	201	97
757	379	198	97
764	373	193	97
767	370	190	96
769	368	187	96
777	366	179	93
781	365	173	92
791	366	162	94
828	362	129	95
837	349	117	98
845	352	112	100
872	327	86	140
883	345	76	122
901	345	58	113
910	366	49	89
918	367	41	88
910	365	48	91
892	371	65	91
877	371	79	89
869	365	89	90
856	359	103	94
854	350	103	102
852	347	105	90
853	352	102	96
856	348	100	93
864	357	93	91
873	348	84	97
878	355	79	94
879	362	77	90
879	369	78	87
881	374	75	84
888	378	70	85
901	385	58	83
913	379	46	91
921	371	38	110
920	354	39	119
923	349	36	123
924	349	35	132
818	424	106	74
794	404	137	89
803	280	81	108
803	277	74	120
820	311	78	92
823	283	66	118
830	318	71	85
835	309	64	92
832	306	69	94
827	288	77	108
834	270	69	120
839	289	64	107
834	297	65	81
838	291	63	88
832	288	66	92
837	290	72	86
843	289	69	87
841	290	73	87
868	290	63	98
867	295	65	107
872	292	68	98
879	296	59	88
873	297	64	83
893	300	59	86
880	298	66	80
892	297	55	88
893	295	57	82
898	293	53	91
890	298	61	86
895	301	59	85
900	302	55	83
900	304	54	82
900	306	56	91
899	294	57	102
902	303	53	99
902	306	53	93
904	307	54	96
909	312	48	92
911	316	45	97
909	322	46	80
915	321	44	82
921	316	38	90
917	313	39	94
902	296	57	120
869	269	70	168
778	360	169	104
733	355	125	109
735	363	110	119
773	364	88	113
785	369	75	103
780	365	80	115
763	365	100	109
752	366	116	117
775	363	105	110
797	365	95	121
735	360	121	118
762	355	112	117
727	353	122	130
641	350	119	123
558	276	84	106
572	287	68	102
505	302	67	99
504	315	126	83
593	274	65	103
584	269	50	84
563	270	56	101
550	271	47	80
541	278	54	81
541	274	51	66
542	277	48	79
536	283	61	72
555	283	49	71
559	272	50	75
559	252	52	85
569	279	55	71
569	268	60	80
570	276	68	75
582	278	61	86
608	252	51	93
615	299	56	85
617	284	60	79
608	292	66	77
629	297	48	72
626	278	45	89
622	290	55	92
626	290	52	85
626	260	52	100
626	279	47	90
626	281	45	87
635	288	42	83
642	292	41	86
651	299	42	87
658	305	43	92
677	304	46	91
689	303	47	100
693	308	61	113
711	308	61	116
718	317	70	123
762	338	66	108
757	336	76	123
783	346	69	99
795	349	69	103
807	347	59	110
827	348	74	121
812	351	99	122
743	325	117	131
722	317	144	136
740	270	103	113
761	287	86	121
795	296	68	97
772	280	87	101
793	291	80	112
770	291	100	116
794	283	102	128
794	285	106	113
808	274	89	120
829	272	80	122
844	266	69	96
818	275	101	94
860	279	76	109
850	272	92	118
693	249	126	103
674	258	88	130
674	326	81	99
699	307	64	95
716	303	55	90
708	314	64	96
709	316	72	110
723	302	66	91
744	295	48	86
747	287	48	82
746	287	48	83
751	285	43	83
752	287	39	80
753	285	39	77
750	285	47	79
747	283	58	94
759	279	50	90
759	273	52	91
730	290	52	84
753	266	55	85
759	259	53	87
774	248	46	86
768	241	51	85
778	243	47	92
777	236	47	82
785	241	41	76
782	240	46	74
788	238	38	75
783	242	48	76
795	246	46	76
791	247	55	76
809	248	46	83
812	248	50	81
816	250	47	78
824	240	38	78
818	241	41	69
813	234	44	73
810	231	42	75
813	225	39	81
811	223	41	82
815	219	41	71
819	218	37	71
816	213	40	69
806	213	41	69
799	210	42	69
793	206	42	69
788	201	44	74
780	192	41	73
783	185	41	71
782	185	35	73
784	182	34	73
784	182	35	71
786	183	34	65
786	183	35	67
786	182	33	67
788	183	32	69
787	186	34	66
789	186	37	68
790	187	36	67
793	187	39	66
796	188	38	66
798	188	39	68
802	189	38	65
797	193	42	64
801	187	41	64
804	185	38	64
806	179	36	69
809	178	34	67
792	193	57	67
816	177	41	75
820	180	42	72
822	184	41	67
833	181	39	73
846	183	35	69
832	194	51	65
849	182	43	74
845	190	49	66
860	179	38	69
859	180	41	65
863	178	37	67
855	183	41	65
870	181	36	67
872	180	36	65
868	193	48	63
872	183	41	68
869	187	45	64
862	195	57	60
860	185	47	67
872	182	47	68
886	172	41	70
887	173	41	67
888	172	41	69
890	172	39	69
894	182	42	67
894	172	39	73
895	162	40	71
896	163	44	73
901	169	44	75
907	176	44	68
910	169	42	73
912	176	40	73
913	172	41	75
911	188	41	76
909	184	40	72
905	180	46	79
909	174	42	82
907	181	43	75
912	182	41	78
917	185	37	84
920	180	37	83
922	187	34	83
922	182	37	80
921	189	36	85
904	202	43	64
909	200	45	74
911	201	41	74
909	203	41	68
917	203	40	79
913	136	40	104
913	134	40	112
910	134	44	113
913	123	42	108
911	120	40	113
907	122	47	108
900	125	52	114
896	197	55	93
914	189	40	78
914	199	39	67
915	197	38	78
915	201	36	68
919	200	36	72
920	198	31	78
922	199	34	69
919	198	33	80
918	202	34	80
919	200	36	82
909	199	38	93
901	195	44	92
873	201	49	79
911	187	43	95
907	183	48	99
879	189	63	91
898	187	54	104
892	190	60	100
890	188	65	107
891	188	66	119
