192	324	17	42
191	322	17	43
191	323	17	43
191	323	17	43
191	323	17	43
191	322	17	43
191	322	18	43
192	322	18	43
191	322	18	43
190	323	19	43
190	323	19	42
189	323	20	43
189	324	20	42
188	323	20	42
188	323	20	42
187	323	21	43
186	323	21	42
185	323	21	42
186	323	21	42
185	323	20	42
185	323	20	42
185	323	19	42
185	323	18	42
185	323	18	42
185	323	18	42
184	323	18	42
184	322	18	42
183	323	18	43
184	322	18	42
184	323	18	42
183	323	18	42
184	324	18	41
183	323	18	41
183	323	18	41
183	324	18	41
183	324	18	41
182	323	18	42
183	324	18	42
182	323	18	42
182	323	18	42
181	323	18	42
180	323	18	41
180	324	18	41
180	323	17	41
179	323	18	41
177	324	19	41
175	324	21	41
174	324	22	41
173	323	23	41
172	323	24	42
171	323	25	42
171	323	22	42
171	323	23	43
171	322	22	42
169	322	20	42
169	323	18	43
166	322	18	42
167	324	17	41
166	324	17	41
165	325	18	39
165	328	18	37
162	326	19	37
162	327	18	37
157	325	21	39
159	324	20	40
160	326	20	38
159	326	20	39
159	327	20	38
158	326	20	39
158	327	20	38
157	327	20	39
155	326	20	38
156	327	19	38
155	328	18	38
154	326	18	39
154	327	18	38
152	327	18	39
151	328	18	39
149	326	19	39
149	326	18	41
148	326	18	41
149	326	18	40
148	325	18	40
147	327	17	39
147	326	18	39
147	327	17	39
146	327	18	35
146	327	18	32
146	327	18	32
143	327	19	30
143	327	19	31
142	329	20	31
141	327	20	33
138	328	22	35
141	330	20	35
136	329	23	36
131	330	25	36
131	329	25	39
127	329	27	41
132	329	27	39
128	329	27	39
131	329	27	39
136	331	26	38
136	330	25	38
142	330	22	38
143	328	20	35
146	328	18	36
145	329	19	36
145	329	19	39
146	329	18	40
145	328	19	43
143	326	22	44
142	326	23	43
144	326	20	46
169	325	20	45
146	326	19	46
168	325	21	45
166	325	21	45
165	325	21	44
165	324	21	46
165	325	21	45
164	325	21	45
164	325	21	45
164	325	21	45
164	325	20	45
164	325	20	44
163	325	20	44
164	325	20	44
162	325	21	44
161	326	21	46
162	325	21	46
159	325	22	47
161	325	20	46
160	325	20	46
160	325	21	45
151	327	21	47
152	327	21	46
152	328	20	48
151	329	21	49
153	329	22	48
156	327	27	50
173	324	24	51
171	324	25	52
172	323	23	53
171	324	23	51
167	324	23	49
168	324	23	49
162	325	25	48
162	325	26	49
161	325	25	48
160	328	24	47
159	331	22	44
159	328	22	47
160	326	21	49
159	326	21	49
158	324	21	50
157	329	23	46
156	323	20	45
158	329	21	49
154	324	19	48
156	326	21	50
152	325	21	49
152	324	22	48
150	324	21	49
149	325	22	49
149	325	23	48
147	324	21	49
148	325	20	48
149	325	20	47
150	328	22	46
147	326	22	47
139	328	24	45
169	335	23	51
170	337	24	54
171	336	23	55
171	337	24	55
171	337	27	57
172	337	27	57
173	337	27	58
173	337	27	59
175	336	27	58
175	336	28	60
176	336	27	60
178	337	27	60
177	338	29	60
178	338	29	60
179	337	28	60
180	338	27	60
181	338	26	61
181	339	26	61
182	339	27	62
183	341	27	61
185	342	26	60
185	341	27	61
186	340	27	62
186	340	27	62
187	339	28	63
188	340	29	63
189	341	29	64
190	344	30	64
190	343	31	63
190	342	29	62
191	342	28	64
192	342	28	65
193	343	28	64
194	344	28	66
195	346	28	65
196	345	28	66
197	346	28	67
198	345	28	68
199	345	29	68
199	344	30	67
200	345	30	68
201	345	31	66
202	348	31	68
202	347	32	64
202	347	30	63
204	347	30	62
204	346	31	64
205	347	31	71
205	347	32	71
207	348	31	71
208	349	32	67
209	350	33	63
212	351	29	65
213	351	28	67
215	352	28	69
216	351	28	69
218	354	29	69
217	353	31	74
219	356	32	73
218	353	35	73
219	355	34	72
218	353	36	71
222	355	34	74
222	354	36	76
224	355	35	75
227	357	34	78
228	358	34	75
232	358	32	72
233	358	32	73
236	357	32	77
237	358	34	79
238	358	36	81
239	359	38	84
240	360	40	84
243	360	40	85
245	360	39	83
246	360	40	84
248	360	40	86
250	360	40	87
254	361	40	88
255	364	40	88
258	366	39	88
260	365	38	87
265	366	36	87
268	364	36	89
270	365	38	89
272	365	41	90
273	366	45	92
276	369	46	92
279	370	46	91
283	368	45	89
286	368	45	93
289	367	48	96
292	367	47	95
298	369	45	95
302	371	46	97
306	373	45	98
309	374	43	97
314	373	41	95
318	373	43	98
320	372	47	100
324	371	48	101
326	373	53	100
329	375	54	101
342	377	50	102
345	378	51	102
351	377	50	101
358	375	50	104
362	375	52	107
367	375	52	106
375	377	50	106
381	379	49	109
387	381	49	110
394	383	47	107
402	384	44	106
404	383	47	108
409	382	50	110
411	382	56	112
414	382	62	113
420	385	63	112
439	388	55	114
446	388	57	112
454	389	56	113
461	386	60	115
468	386	59	118
474	388	62	118
484	389	59	117
491	391	60	119
500	394	60	122
512	396	56	121
518	396	58	124
527	393	60	120
534	395	66	124
538	396	76	127
547	399	81	127
551	403	87	131
557	405	80	127
567	409	71	125
570	409	69	126
581	410	67	126
591	411	69	127
593	414	73	131
590	414	78	130
599	416	77	128
610	419	84	124
613	420	89	123
617	422	90	124
619	423	87	122
622	425	84	121
623	425	80	120
620	423	85	122
617	421	89	124
611	416	94	128
606	415	98	130
599	413	102	131
595	416	101	129
588	417	98	128
580	417	94	128
574	417	90	128
567	418	95	126
558	416	103	128
547	413	108	132
539	413	107	132
532	412	106	132
523	412	101	134
517	414	87	133
506	416	80	129
493	416	87	130
483	413	95	132
474	411	98	133
459	409	101	134
448	408	96	133
441	409	87	131
435	411	74	128
424	412	65	129
412	410	75	129
399	408	83	128
383	407	91	129
370	407	95	126
359	407	94	128
345	407	86	128
333	407	80	128
322	406	74	129
311	404	78	130
300	401	82	132
281	400	86	131
271	401	87	127
261	400	82	127
255	402	69	126
248	402	55	125
233	403	55	124
222	400	64	123
208	397	76	125
189	397	89	124
180	395	91	123
168	396	83	123
157	397	69	122
148	397	60	121
133	394	63	124
122	392	71	124
111	390	73	124
98	390	77	121
89	389	76	120
84	390	67	118
79	391	56	118
69	389	52	119
61	389	52	117
49	389	59	116
33	385	72	118
19	388	80	114
9	390	80	111
8	389	63	112
6	390	51	111
2	381	44	116
