542	92	106	85
537	94	111	85
536	93	112	85
536	94	113	84
536	94	113	85
536	93	113	86
536	95	112	84
536	94	113	85
536	94	113	85
536	93	113	86
537	95	112	84
537	94	113	85
536	93	113	85
537	93	113	85
537	93	112	85
537	94	113	85
537	94	112	85
537	93	113	86
537	94	112	85
537	94	113	85
537	94	113	85
537	93	113	85
538	94	112	85
537	93	112	86
537	94	112	84
537	94	112	85
537	94	112	85
537	94	113	85
538	93	112	85
538	92	112	86
537	93	112	85
538	93	112	85
537	93	112	85
537	94	112	85
537	94	114	86
537	94	113	86
536	93	114	86
536	92	113	87
535	93	115	86
535	94	115	85
535	94	116	86
535	94	115	86
535	93	115	87
534	94	115	86
534	95	116	85
534	93	116	87
534	94	114	86
533	94	116	86
532	95	116	85
531	94	117	85
530	94	118	85
529	94	118	85
527	95	118	84
526	95	119	85
522	98	122	84
521	96	115	85
518	100	110	83
515	100	112	84
512	102	110	84
511	104	107	84
508	107	103	82
506	108	106	83
505	109	106	83
504	110	106	83
503	110	106	82
502	109	107	82
502	108	107	82
501	108	108	82
501	108	111	80
503	109	112	78
502	109	111	77
503	111	111	75
504	112	111	73
503	114	111	71
503	115	112	71
503	117	111	69
504	118	112	70
504	120	112	70
505	121	112	71
505	122	111	73
505	122	108	79
504	123	108	81
503	122	109	84
504	122	108	86
505	122	107	87
507	122	104	89
508	122	103	90
507	123	105	90
509	122	105	91
507	123	108	91
507	124	108	91
507	123	109	90
507	123	110	89
506	124	112	88
505	124	113	87
506	124	112	85
505	125	113	83
507	125	111	81
507	126	111	79
507	127	110	77
506	128	110	76
506	127	113	77
507	127	111	78
507	127	111	79
507	126	110	81
507	123	108	85
508	123	108	85
508	124	107	85
508	124	108	87
507	125	110	89
507	125	111	90
506	128	115	88
506	129	114	87
506	128	116	87
507	129	117	86
507	129	115	85
508	128	115	85
507	129	115	84
508	128	116	84
507	129	116	84
508	128	116	84
508	128	115	83
507	129	116	84
507	128	116	83
506	128	117	83
506	129	116	84
507	129	116	84
508	128	116	85
506	129	117	86
508	127	116	87
508	126	116	86
510	126	114	86
509	127	115	84
510	127	115	84
510	128	114	84
509	129	118	86
510	129	121	85
513	130	111	85
507	130	117	82
506	128	130	91
456	76	225	208
360	154	285	263
320	50	339	353
287	31	463	437
231	9	514	524
246	15	516	486
312	26	461	264
275	1	463	263
180	5	480	234
1	63	348	272
64	17	316	221
44	21	283	204
32	44	340	190
3	31	284	201
0	40	290	198
1	61	217	187
6	145	198	195
0	173	174	151
114	234	214	141
9	232	177	175
56	187	202	166
119	229	163	151
138	215	176	148
160	219	203	140
409	117	185	108
521	137	110	87
521	140	101	86
522	143	99	85
525	144	96	86
524	145	95	86
523	148	95	86
522	149	95	87
521	148	95	89
518	148	97	89
516	148	101	89
513	145	104	89
509	144	108	87
508	142	109	86
506	140	110	87
503	137	111	89
503	130	104	91
501	125	105	93
504	119	102	94
505	114	104	90
507	109	105	88
512	99	105	88
514	95	107	90
516	93	110	87
526	90	104	85
528	88	105	85
531	88	103	84
533	89	101	83
534	89	100	84
532	88	101	85
532	88	101	84
532	89	102	84
532	91	103	83
533	89	102	85
533	92	103	83
533	91	101	83
532	92	102	83
532	91	102	84
532	92	103	83
531	91	102	84
530	92	103	83
528	92	105	83
527	92	108	82
530	92	105	82
528	91	106	84
523	90	108	82
518	104	101	71
512	102	100	75
508	103	99	74
505	105	97	72
500	104	102	74
481	106	108	84
471	112	114	82
459	118	116	86
445	123	121	84
432	130	123	81
412	131	125	88
405	142	125	77
401	142	115	85
400	139	111	90
390	140	117	92
386	141	122	93
381	139	126	95
402	141	112	92
400	140	122	89
408	139	117	92
415	141	119	87
415	143	119	85
417	143	119	86
416	145	119	85
415	143	118	89
395	144	123	88
388	144	128	95
385	146	128	98
380	144	131	102
385	145	122	104
388	147	118	103
380	145	123	104
388	146	118	105
378	145	122	105
384	145	126	107
385	147	121	103
384	147	117	105
381	147	123	106
375	147	128	106
375	148	134	106
371	150	132	104
369	148	134	106
366	151	131	106
369	150	132	111
361	147	128	113
360	147	138	115
363	148	138	115
354	146	131	118
360	144	141	119
355	146	135	119
362	144	140	120
355	146	131	118
371	148	135	116
355	142	125	122
377	151	131	112
363	143	124	121
364	146	138	118
353	145	123	121
369	150	131	116
352	145	120	123
366	145	121	122
357	152	130	116
364	147	123	119
365	153	122	115
366	151	107	118
365	147	99	125
367	147	100	124
369	146	99	125
343	144	115	124
334	149	125	117
335	146	120	128
347	148	117	125
359	149	107	119
349	153	123	114
351	152	122	118
343	153	135	118
342	154	129	121
346	155	125	119
345	156	124	119
352	155	121	120
348	156	118	119
356	155	115	120
352	156	118	119
358	154	115	119
352	161	119	112
359	159	118	113
358	160	117	113
357	160	120	114
357	160	121	115
358	158	125	115
353	158	129	116
354	154	127	118
351	154	121	120
354	151	112	125
354	149	109	126
353	150	107	127
349	152	117	125
351	153	114	127
383	164	94	109
383	168	92	104
369	156	95	115
377	168	102	109
368	155	106	119
355	148	110	123
355	147	118	123
363	144	122	117
423	149	129	90
448	147	115	88
453	140	116	93
462	135	114	89
467	131	113	88
475	125	112	90
478	123	114	91
476	121	115	90
483	118	113	89
483	118	112	86
490	114	113	85
497	113	113	84
498	112	113	83
500	112	113	83
501	109	116	84
502	106	114	86
504	104	115	86
505	100	113	84
505	98	110	85
505	96	111	85
501	90	105	84
498	89	109	83
497	85	106	85
493	79	108	84
487	76	113	84
480	65	112	83
479	62	112	81
477	60	111	82
475	59	112	80
472	59	113	82
470	65	107	82
467	71	109	81
465	74	108	82
466	76	107	81
467	79	109	82
468	81	112	84
470	83	111	81
471	84	109	81
473	84	109	81
473	83	109	82
471	90	109	85
470	96	108	85
471	103	105	86
471	113	105	85
470	121	107	92
471	136	108	91
470	147	109	93
470	156	109	93
469	167	111	92
467	175	113	91
465	186	112	90
462	191	114	88
461	193	114	89
460	197	116	90
458	202	117	89
461	205	116	86
461	206	115	86
464	206	113	86
463	206	113	86
464	206	112	86
465	205	113	86
465	201	112	89
463	203	116	87
464	200	114	90
460	201	118	89
453	203	121	87
449	204	122	88
447	202	120	89
441	204	123	91
438	204	123	92
435	204	126	93
431	207	128	89
433	206	128	89
430	207	129	87
431	205	130	89
431	204	130	89
430	204	132	88
432	204	130	84
432	203	131	84
432	203	132	83
436	202	130	84
438	201	125	82
440	199	124	85
443	198	121	85
443	198	121	87
444	195	126	88
445	195	128	87
445	195	129	85
446	197	132	83
447	197	132	84
455	199	128	83
456	198	129	88
462	196	123	90
462	200	119	88
465	198	116	89
466	197	115	92
466	198	116	90
465	198	115	91
466	199	108	89
466	198	108	92
463	198	108	95
454	199	119	93
448	198	128	97
444	201	132	95
441	199	132	100
443	201	129	97
436	203	135	97
433	204	134	97
433	206	135	97
435	206	132	95
432	206	136	99
433	206	136	98
432	206	138	99
433	207	137	99
434	207	137	95
436	209	135	92
438	209	135	89
445	211	131	94
441	208	135	96
453	209	125	94
448	209	130	96
454	211	128	94
449	210	132	97
452	211	130	97
453	212	130	94
456	212	127	93
459	214	124	94
462	213	120	96
463	215	116	92
466	216	111	85
466	217	106	89
462	219	109	87
458	221	115	87
453	223	124	84
449	221	129	85
448	221	131	91
446	219	132	95
445	220	132	96
446	222	132	94
447	222	130	96
448	223	129	93
449	224	126	92
450	225	126	90
454	225	124	89
452	226	126	87
451	225	128	87
449	224	129	86
448	223	131	85
446	223	132	86
445	223	132	84
445	223	132	83
440	221	134	82
435	220	136	79
436	220	134	76
435	220	136	75
435	220	136	74
436	220	135	72
438	219	134	74
441	218	130	74
442	218	129	76
442	218	126	78
444	217	117	85
446	218	116	89
446	219	115	90
444	218	118	92
448	217	118	93
446	220	124	87
446	220	127	93
445	221	129	94
449	220	125	96
451	221	124	92
454	222	120	94
457	223	118	93
458	223	116	97
460	224	115	96
462	223	113	96
457	225	118	96
453	227	124	94
448	228	127	89
446	229	127	92
445	229	126	92
445	228	121	96
443	228	122	100
443	230	119	99
443	230	115	98
443	230	112	96
443	230	109	95
444	229	106	99
440	229	109	100
439	227	111	104
438	228	117	102
439	228	122	97
442	226	121	98
439	228	125	96
443	226	125	98
445	228	123	97
449	227	120	101
448	227	119	102
447	226	120	104
447	229	117	100
443	229	120	95
442	228	121	93
440	229	124	96
439	231	126	95
438	231	126	99
442	230	120	101
443	230	114	101
442	230	113	101
443	230	110	102
443	231	110	100
442	231	109	96
437	230	117	93
438	226	123	99
438	227	127	99
440	227	126	97
440	228	127	98
445	228	120	95
442	227	126	99
444	227	124	97
442	225	127	99
442	226	128	100
443	226	127	101
442	226	127	99
441	227	125	99
438	227	129	102
437	227	128	101
432	228	131	102
435	230	125	105
430	230	131	107
428	232	133	105
425	230	135	108
423	231	135	110
424	231	133	111
424	232	131	112
424	232	130	113
427	232	127	114
432	231	120	115
433	232	109	114
433	232	105	111
435	229	104	109
435	232	112	104
436	233	116	95
437	234	117	89
438	234	117	87
437	233	120	90
435	235	123	86
434	231	130	85
436	230	130	89
439	232	127	84
438	232	125	90
442	231	120	90
445	231	116	91
447	231	114	94
448	232	114	95
448	230	114	97
447	231	115	97
442	230	120	96
439	230	124	95
442	228	122	100
435	231	130	99
431	227	133	108
428	229	135	108
426	228	132	109
424	228	132	112
431	228	126	114
435	230	105	113
439	226	85	116
443	225	77	113
443	227	79	113
439	228	95	106
437	232	106	99
433	232	116	93
431	227	125	88
431	231	128	94
436	232	122	95
435	232	124	93
437	232	119	93
438	233	115	92
438	231	113	93
436	230	113	95
433	231	113	91
428	230	116	97
421	229	120	98
418	231	121	98
412	231	125	101
409	231	127	103
408	230	126	106
406	230	127	107
406	230	128	108
408	227	129	110
415	226	126	110
421	225	123	105
437	222	127	91
447	220	124	99
453	218	127	94
466	216	117	86
478	214	125	86
492	206	130	129
498	198	161	126
506	194	149	140
497	191	155	146
514	187	144	146
515	178	139	111
534	177	122	89
535	177	126	83
547	177	117	80
551	179	116	79
559	181	112	80
558	182	111	81
559	183	112	82
556	184	112	81
556	184	114	82
557	185	114	82
556	185	114	82
558	183	116	82
566	182	107	81
574	180	100	81
579	177	106	82
581	176	110	84
582	176	110	82
582	178	111	82
580	180	113	82
573	184	110	80
569	186	110	83
566	186	110	87
562	189	112	87
556	191	112	87
519	193	131	96
518	194	123	90
508	202	133	124
496	210	151	127
489	211	178	132
467	209	210	131
457	217	161	118
439	220	145	108
431	214	127	100
424	218	119	93
414	217	120	96
409	218	122	101
406	217	123	112
405	216	122	113
406	216	119	113
406	217	119	112
406	219	120	110
406	219	121	110
409	219	120	110
