440	223	66	138
455	220	65	141
460	219	65	144
462	218	64	145
462	218	62	145
465	219	64	146
472	219	63	146
472	219	63	146
472	218	65	145
469	218	64	146
469	219	64	148
465	220	65	147
462	220	66	147
459	220	68	147
455	222	70	147
453	223	72	146
450	224	69	146
448	223	68	148
447	224	67	149
446	226	66	149
446	226	66	150
445	229	65	150
445	229	65	150
444	228	66	151
442	228	66	151
441	226	65	152
439	224	65	151
436	225	65	151
435	226	63	151
434	227	63	150
431	227	63	150
424	226	65	150
423	225	65	150
421	224	63	151
418	224	66	151
416	223	65	151
411	223	65	152
409	223	65	151
407	223	64	152
404	223	65	152
400	223	66	151
395	223	68	152
394	222	68	152
391	222	72	153
388	223	71	153
381	223	74	153
377	224	74	154
376	225	72	153
373	225	72	153
370	225	72	153
368	226	70	153
364	226	68	154
363	226	68	153
361	225	67	154
360	225	67	154
357	224	66	154
352	225	70	154
350	224	70	156
349	224	68	156
347	224	69	156
345	225	67	155
342	225	66	156
341	225	64	154
338	224	63	152
336	226	63	152
333	227	66	154
327	226	65	151
325	228	67	154
321	228	69	156
316	228	70	156
314	228	68	156
312	227	66	155
311	227	64	153
310	228	63	143
307	225	63	138
307	224	62	151
303	227	64	147
302	227	63	146
308	229	64	148
318	233	67	152
325	235	71	159
335	235	68	156
338	236	71	155
331	239	81	149
330	235	85	158
315	232	97	165
327	203	103	193
334	216	120	179
369	219	157	180
415	175	151	235
408	161	174	244
399	229	139	175
470	239	90	157
500	237	92	159
521	236	87	158
523	236	76	155
547	237	70	150
561	239	68	150
569	238	67	149
577	238	68	149
584	239	69	150
599	240	72	149
603	240	71	148
601	241	70	147
599	240	68	149
597	239	63	149
591	240	64	148
589	241	68	149
586	240	71	151
583	239	68	154
579	239	71	152
576	239	70	153
574	237	74	154
569	239	77	154
564	239	75	158
562	238	77	159
557	242	83	159
554	247	80	153
549	251	80	148
545	247	76	151
544	244	70	152
540	245	69	151
537	246	72	148
531	246	73	149
532	245	75	152
524	241	73	158
520	243	72	163
516	241	72	162
515	248	75	158
510	243	75	160
511	256	81	150
505	254	82	148
502	253	82	150
498	256	82	147
496	255	82	149
493	254	83	149
497	249	89	157
492	246	88	163
500	245	83	166
502	248	85	160
504	243	88	167
517	239	85	172
523	246	91	166
527	244	95	171
524	247	88	168
517	244	90	174
511	242	91	176
502	244	91	171
489	244	97	167
488	244	94	169
490	242	88	170
487	239	88	171
485	240	85	166
482	240	85	167
479	241	88	167
477	240	90	165
476	243	85	168
471	243	87	165
469	245	85	165
469	245	91	162
465	245	87	164
465	245	95	163
460	243	84	170
457	243	85	168
457	242	86	169
457	241	87	170
455	243	86	168
452	241	86	169
453	241	89	171
453	240	89	171
452	241	89	170
451	241	86	171
451	243	90	168
448	247	89	166
447	247	87	162
447	249	90	162
444	253	90	159
443	257	80	154
444	261	76	149
445	261	76	148
445	262	75	147
444	263	74	143
444	262	74	145
444	263	73	144
444	263	71	142
443	264	73	142
443	263	74	142
443	263	75	143
441	261	74	144
443	260	76	144
441	259	76	143
441	259	76	144
441	258	77	144
441	257	78	144
441	255	78	145
440	256	80	144
440	256	80	145
440	255	80	145
439	256	81	145
439	256	80	144
439	255	79	146
439	256	79	145
439	257	80	145
440	257	79	144
439	257	78	143
440	257	77	144
440	257	76	143
439	256	76	144
440	258	77	142
440	258	77	142
440	258	78	142
441	258	76	142
440	257	77	143
442	258	77	142
442	258	76	142
442	258	76	143
441	258	76	142
441	258	77	142
441	258	76	142
441	258	75	142
441	258	76	143
442	258	77	142
442	258	77	142
442	258	76	142
441	258	76	142
441	257	76	142
442	257	76	143
441	257	75	143
442	257	76	143
441	257	76	143
441	257	76	144
441	256	76	144
441	257	77	143
442	257	76	143
441	258	76	142
442	257	76	143
441	257	77	143
441	257	76	142
441	258	77	142
442	258	79	142
442	258	77	142
442	258	76	142
441	258	77	142
441	259	76	142
441	258	76	142
442	258	76	143
442	258	76	142
442	258	76	142
441	258	75	142
442	259	75	143
442	258	76	141
442	258	76	141
443	259	75	142
442	259	76	142
441	258	77	142
442	258	78	142
442	258	79	143
442	258	80	143
441	258	81	144
441	258	81	143
441	258	81	144
441	258	81	144
442	258	81	144
442	258	81	144
443	259	82	143
441	258	82	143
443	257	82	143
442	258	83	144
444	257	83	142
443	259	86	143
443	257	85	142
443	258	87	143
443	257	87	141
444	259	88	144
443	258	88	143
443	258	88	142
443	258	89	142
442	257	90	142
442	259	90	144
442	258	90	144
442	258	91	143
442	259	92	143
442	260	92	142
443	261	92	141
443	263	93	140
442	264	93	138
442	264	93	138
441	267	94	136
441	269	94	133
441	270	94	132
441	272	94	130
441	272	94	129
441	274	95	127
441	275	95	127
440	275	93	127
441	276	94	125
442	275	94	126
442	275	92	126
442	275	90	126
443	275	92	125
442	275	91	127
443	275	90	126
443	275	92	126
442	275	91	127
444	275	89	126
444	275	92	127
442	275	90	128
443	274	89	126
445	274	91	127
443	274	89	128
445	274	87	127
444	273	90	128
444	273	89	129
445	271	89	130
444	271	88	131
445	270	86	131
445	269	88	132
445	268	87	134
445	267	86	135
445	267	89	136
445	266	86	136
444	266	89	137
444	264	84	137
444	262	84	132
444	263	82	138
445	260	86	123
445	263	78	137
445	260	81	138
445	261	82	140
444	260	82	137
444	260	81	139
445	261	81	141
445	261	80	139
445	261	79	139
444	261	79	140
444	262	81	140
445	261	77	140
445	260	77	141
444	260	75	141
444	260	74	141
444	260	73	142
445	259	73	142
445	259	72	141
444	259	73	141
444	259	72	141
443	259	71	140
443	260	71	140
443	260	71	140
443	260	71	140
443	260	71	140
442	260	71	139
443	260	70	140
442	260	69	140
442	259	69	141
441	259	69	141
441	258	70	142
441	258	71	142
442	256	70	144
442	256	71	144
441	256	72	145
441	255	72	145
441	254	72	146
442	254	72	145
442	254	71	145
442	254	71	146
442	254	70	146
443	254	69	146
444	254	69	145
443	253	70	146
443	252	69	147
443	251	69	148
444	252	69	147
444	252	69	147
444	249	68	151
444	246	68	153
442	248	67	152
443	244	65	154
439	245	66	152
439	242	67	154
437	244	68	156
436	240	73	157
432	242	74	156
429	242	75	155
427	237	77	160
424	238	80	161
423	235	79	163
420	234	83	166
417	233	85	167
413	233	82	167
411	233	89	167
408	232	89	168
406	234	93	168
403	232	92	170
400	233	85	169
395	234	85	166
394	234	84	166
392	235	83	164
391	235	82	164
389	235	80	164
385	235	81	163
384	236	79	162
382	236	79	164
381	237	81	163
379	237	81	163
377	237	82	164
375	237	85	165
373	236	85	168
371	237	82	167
368	237	81	167
365	237	82	166
363	237	82	166
360	237	83	167
358	237	81	166
355	237	78	168
352	235	79	168
350	236	79	167
346	234	80	170
344	233	82	172
339	234	81	171
335	233	81	172
332	233	84	172
325	233	90	173
317	231	97	175
310	232	102	174
309	233	101	175
309	232	103	176
307	234	105	176
302	233	105	177
297	234	103	176
292	235	98	177
287	235	97	174
282	236	97	173
277	237	92	173
273	238	91	173
268	238	90	173
264	237	90	174
260	237	91	174
256	236	93	174
250	239	95	174
247	241	97	175
242	243	95	175
239	245	98	175
235	243	97	177
227	241	86	177
221	240	80	174
219	237	79	176
213	240	81	171
207	240	80	171
200	242	84	172
188	243	93	174
177	242	101	176
170	241	108	178
165	242	112	178
164	245	111	176
161	244	109	177
160	244	105	178
157	245	95	178
153	245	96	176
146	246	93	175
141	247	88	174
137	246	90	177
134	246	90	177
129	246	91	178
121	246	86	178
120	247	86	176
115	247	89	178
108	248	95	177
103	250	99	176
99	252	98	176
97	253	95	177
96	253	94	176
95	254	91	175
89	254	89	174
86	255	84	172
80	255	82	173
76	256	81	171
71	257	83	171
66	257	80	170
62	256	80	172
58	257	84	166
56	258	89	172
65	261	87	175
69	262	85	174
72	261	86	173
73	262	80	173
73	263	80	173
72	264	79	171
80	264	76	170
93	266	72	165
127	267	76	162
148	264	89	168
171	267	102	169
185	263	96	173
204	265	99	173
228	266	95	172
235	266	94	171
236	266	89	170
236	267	82	168
232	268	87	167
227	268	93	168
220	267	92	169
216	266	93	169
212	265	97	170
207	263	104	172
202	263	102	168
198	266	94	166
190	267	75	164
188	268	88	165
184	272	89	164
179	273	90	163
175	272	90	165
168	273	94	164
163	273	95	164
160	274	90	162
161	278	80	164
155	277	76	164
141	276	86	169
138	273	87	167
139	273	83	166
127	275	89	164
136	274	80	163
128	276	83	162
123	276	86	161
121	278	88	162
103	279	94	163
107	277	89	163
93	278	94	162
101	277	79	156
97	279	74	156
90	278	75	164
88	277	75	165
78	277	81	166
77	279	83	162
75	279	83	161
70	281	87	159
69	281	86	159
68	283	83	158
65	282	85	162
72	281	79	160
78	281	77	157
80	279	79	160
88	279	77	160
106	280	79	160
130	275	83	161
215	275	83	158
262	272	83	152
300	273	82	154
344	276	84	152
369	280	84	153
384	280	88	154
381	275	91	156
376	275	95	156
372	278	95	156
369	277	91	156
365	277	85	154
365	276	79	155
362	277	79	154
362	277	78	154
363	275	79	154
365	276	81	156
365	276	85	157
366	277	89	156
369	277	94	158
369	277	96	155
368	277	94	156
365	277	94	156
366	276	91	156
370	277	87	154
368	275	84	154
370	276	80	155
369	276	81	156
369	277	83	156
369	277	84	157
369	278	85	157
372	278	87	156
376	279	89	154
385	279	92	153
395	281	93	154
404	282	88	153
406	281	87	154
402	282	80	154
400	280	81	155
403	280	76	155
406	281	77	153
413	282	73	152
417	282	72	152
422	283	73	152
423	283	75	152
425	282	78	152
430	285	78	151
439	285	76	151
452	286	72	151
467	286	75	152
476	286	73	151
486	287	70	149
488	287	68	149
485	287	70	149
480	287	73	148
480	287	74	149
475	289	78	146
471	289	80	147
468	290	82	147
464	290	81	146
462	290	80	146
459	291	75	146
459	291	73	145
458	290	73	145
460	291	71	145
461	292	70	144
460	292	70	143
458	293	71	142
458	293	71	141
454	293	72	141
450	293	74	142
447	291	74	141
443	291	72	140
444	291	68	141
441	291	69	142
437	292	69	140
433	290	71	140
431	290	71	140
428	288	72	140
426	286	72	140
423	286	74	139
419	288	76	137
416	288	77	137
412	289	77	136
411	289	77	135
408	288	74	137
406	289	71	136
403	288	70	135
400	289	69	134
397	290	70	135
396	289	69	136
393	289	71	135
391	289	70	135
388	289	72	134
387	288	72	135
386	289	72	135
383	290	72	134
381	291	71	132
381	292	68	131
375	292	70	131
374	292	68	130
371	292	68	130
369	293	67	128
366	294	69	128
365	294	68	127
362	295	69	125
358	295	71	125
356	297	70	124
355	298	70	124
350	299	74	122
349	299	76	122
344	300	80	123
342	300	80	122
341	300	78	120
342	300	75	119
338	301	75	119
338	300	74	120
331	299	77	122
333	300	72	120
332	300	71	120
332	302	73	117
337	301	75	118
354	305	72	116
361	309	74	117
366	309	74	118
372	310	70	117
371	309	71	117
373	308	71	117
373	308	72	118
377	309	74	118
381	308	72	118
382	308	71	118
386	309	69	118
386	308	69	118
392	309	70	117
400	308	71	118
410	308	71	118
430	311	70	116
436	309	70	118
435	309	70	118
