777	315	37	30
776	315	38	30
775	314	36	30
774	314	37	31
773	314	36	31
770	315	37	30
768	315	38	31
766	315	37	30
764	314	37	31
762	315	37	31
760	315	36	31
759	316	36	29
757	316	37	30
757	316	37	30
756	315	37	31
755	315	36	31
753	315	35	31
752	315	36	31
750	315	37	31
749	315	37	31
747	314	38	31
746	315	37	30
744	316	38	31
743	316	37	31
742	316	37	30
741	317	37	29
739	317	37	29
737	317	37	29
736	316	37	28
736	316	36	28
735	315	36	29
733	316	37	29
732	316	36	30
730	315	35	29
729	316	35	28
728	316	36	29
727	316	36	29
726	316	37	29
725	316	36	29
723	316	36	29
722	315	37	30
719	316	37	29
719	315	37	30
718	316	37	30
716	316	37	30
715	316	37	30
713	316	37	30
711	315	38	30
709	315	38	30
707	316	40	29
705	317	39	29
704	316	39	30
703	316	39	31
701	316	39	30
700	317	39	30
699	317	38	30
698	316	38	30
696	317	38	30
696	316	39	31
694	317	37	30
693	316	38	30
691	316	37	30
690	316	38	32
688	317	37	30
688	315	36	32
685	316	36	31
684	317	37	30
683	317	37	30
682	317	38	29
681	317	39	30
679	317	39	30
677	317	39	30
676	317	39	29
674	317	39	30
674	316	39	30
672	317	38	29
670	317	40	31
670	316	37	31
667	318	38	32
667	317	37	33
665	316	37	34
663	316	38	35
663	317	38	33
662	318	39	32
661	317	36	32
660	316	36	33
659	316	36	32
658	316	35	31
656	317	36	31
654	317	36	31
653	317	36	31
651	317	37	32
650	317	36	31
649	316	37	31
647	316	37	31
646	317	36	31
644	316	38	31
642	317	37	30
641	318	37	30
640	318	37	29
638	317	38	29
638	318	37	30
636	318	38	29
634	317	40	31
633	318	39	29
632	317	37	30
630	316	36	30
629	316	36	30
627	316	36	31
626	317	37	31
625	317	36	30
625	317	35	30
623	317	36	30
622	317	35	29
621	317	36	31
619	318	35	29
618	318	36	29
617	317	36	30
614	317	37	30
613	317	36	30
613	317	36	30
611	316	37	31
609	317	37	30
608	317	37	30
608	316	36	30
606	317	36	30
604	316	35	30
604	318	35	29
603	317	35	30
601	316	35	31
599	316	36	31
598	316	36	32
597	316	36	31
595	316	37	31
595	316	36	32
594	316	35	31
593	316	35	31
591	315	35	32
590	317	36	32
589	316	36	32
587	317	36	32
586	316	36	33
584	317	36	30
584	318	35	29
582	317	36	30
580	317	38	31
580	317	38	32
578	317	37	31
577	316	37	32
576	318	37	31
575	319	38	31
574	318	37	31
573	317	37	32
571	317	37	32
570	317	36	32
569	319	36	31
568	319	38	32
566	317	36	32
564	316	35	32
564	317	34	31
563	318	33	30
562	317	34	30
561	317	33	30
560	316	34	32
558	318	33	30
557	316	35	32
556	317	34	31
555	317	34	31
554	317	33	31
553	317	32	30
553	317	32	29
551	317	32	29
550	316	32	30
547	317	32	28
547	317	32	28
546	318	32	28
544	318	32	27
544	316	32	32
543	317	32	31
540	319	33	31
539	321	33	32
537	322	33	32
536	324	33	33
535	325	34	32
534	325	33	33
533	326	34	32
532	328	34	33
530	329	34	31
530	332	34	31
527	333	34	31
526	334	35	32
525	335	34	32
524	336	34	32
523	337	35	32
522	335	36	34
521	337	35	32
519	338	35	33
519	338	34	33
517	337	33	32
517	337	33	31
515	337	33	31
514	337	33	31
512	337	32	30
511	339	32	32
509	341	33	29
507	342	34	29
504	341	35	32
504	339	34	33
503	339	33	31
502	339	32	29
501	339	33	29
499	340	32	29
498	341	33	31
496	339	34	31
495	338	34	33
492	337	35	33
491	334	34	33
490	333	34	34
488	333	34	33
486	330	34	33
486	330	34	32
484	328	34	33
482	325	33	32
481	322	33	34
481	322	33	33
479	322	34	32
477	322	34	33
475	323	34	32
475	325	33	31
473	327	34	30
472	327	34	31
472	328	33	32
470	329	33	30
469	329	34	31
467	331	34	32
467	330	34	32
465	329	33	34
466	324	32	33
465	323	33	33
463	323	34	31
463	324	34	31
463	324	34	29
461	323	34	29
461	323	33	28
460	323	32	27
459	323	32	27
459	323	32	27
458	323	32	27
456	323	34	28
456	324	34	27
455	323	33	26
454	324	33	26
454	324	33	26
452	323	34	27
451	324	34	27
450	325	34	26
450	324	34	26
449	324	33	27
448	324	33	25
446	324	33	26
446	324	32	26
445	323	32	27
444	323	32	26
443	324	32	26
442	323	32	26
441	324	32	25
440	324	32	25
439	324	32	26
438	323	32	26
437	323	32	26
437	323	32	27
436	324	33	27
436	323	32	26
435	325	32	26
433	324	32	27
432	324	33	27
431	324	34	27
429	324	33	28
429	324	34	27
429	324	34	27
432	324	35	26
439	323	34	26
451	323	33	25
464	323	33	25
475	324	33	26
482	325	34	25
483	325	33	26
483	324	33	24
481	324	35	24
482	324	33	25
481	323	33	25
479	324	34	25
479	324	34	26
478	323	35	27
476	324	36	28
473	325	35	27
474	327	34	28
472	330	35	28
472	333	36	27
472	335	36	28
471	339	36	26
470	339	36	27
467	339	38	28
465	337	35	28
465	335	35	28
465	334	32	28
464	335	32	25
462	334	34	25
461	333	34	26
459	334	32	28
459	334	33	28
458	333	35	29
457	332	35	30
457	329	33	31
457	326	32	29
455	326	32	29
454	323	33	30
454	323	33	28
452	323	34	29
452	322	34	29
449	323	35	29
449	323	35	30
448	324	36	27
446	323	37	30
444	324	38	29
443	324	39	30
441	323	41	31
441	325	40	29
439	324	41	31
437	323	43	31
436	323	44	30
435	322	44	30
432	323	45	29
429	323	41	31
429	324	43	31
426	323	45	31
424	323	44	30
424	323	40	31
423	324	38	29
423	323	38	28
422	323	36	29
421	323	35	28
419	322	35	29
418	322	35	30
415	322	38	29
414	322	37	29
413	323	37	29
412	323	37	29
410	323	39	28
408	322	37	28
407	322	38	29
405	323	39	28
404	322	39	30
403	323	39	29
401	323	40	29
400	324	39	29
398	324	39	29
397	324	39	29
395	325	38	29
392	324	39	29
391	323	38	30
389	324	36	31
387	323	36	32
388	323	37	31
388	323	35	31
388	325	36	29
388	325	33	30
389	325	32	30
388	325	32	29
388	325	32	29
388	325	33	29
386	324	35	30
386	324	35	30
387	325	35	30
386	326	36	30
386	325	36	31
385	326	35	30
387	326	37	31
387	325	37	30
390	327	37	31
388	327	38	30
390	327	38	32
390	327	37	32
392	326	36	31
393	326	37	31
393	327	37	30
392	326	37	29
393	326	36	27
392	325	36	27
392	325	36	28
391	325	36	28
393	325	35	28
391	325	36	28
390	326	37	30
390	325	35	28
390	324	36	28
389	324	36	29
390	324	35	29
388	324	35	28
388	324	35	28
388	325	35	28
390	324	34	29
388	324	35	30
389	324	35	30
389	325	35	29
390	327	35	28
389	324	35	30
389	324	35	29
390	324	34	29
390	324	35	29
390	324	35	29
390	324	35	29
390	324	35	29
389	323	36	30
389	324	35	29
389	324	36	29
389	324	36	29
389	323	36	30
389	324	37	30
389	323	36	30
390	323	36	30
390	323	35	29
390	324	36	30
390	324	36	29
390	324	34	28
391	324	33	28
392	324	34	28
392	323	33	27
393	324	31	26
393	325	31	26
397	323	31	27
398	324	33	29
387	324	33	29
387	324	33	29
386	323	33	28
387	323	32	28
387	325	32	27
388	324	33	28
386	323	33	28
391	324	31	27
371	324	31	27
353	323	30	27
334	322	30	27
316	323	30	26
296	323	31	27
295	324	31	27
292	324	32	27
291	324	33	28
289	323	33	29
288	323	33	28
286	323	33	28
285	323	32	28
283	323	33	29
283	323	33	30
281	323	33	29
279	323	35	30
278	324	33	29
277	323	34	30
275	323	34	29
274	323	34	30
273	324	34	29
272	324	34	29
272	324	34	29
270	324	34	28
269	323	33	28
268	323	34	28
266	324	33	28
265	323	34	29
264	324	35	29
262	323	34	29
260	323	35	29
260	324	33	27
259	324	33	27
258	324	34	28
256	324	34	27
255	324	34	28
253	323	34	30
251	323	35	29
250	323	34	30
248	322	35	31
248	323	35	29
247	322	35	30
245	323	36	30
242	322	35	29
242	323	33	30
241	322	35	31
240	322	37	31
240	322	37	31
238	323	36	30
238	322	36	31
237	322	37	31
235	323	38	31
234	323	37	31
233	322	38	33
233	322	37	30
233	324	36	30
233	323	36	30
232	324	37	30
232	325	35	29
232	324	35	29
231	324	35	30
232	325	34	30
233	326	34	30
234	326	34	30
234	327	34	29
233	327	34	29
232	329	34	29
234	330	36	32
233	329	34	31
233	329	36	31
233	330	35	29
234	330	33	29
237	333	32	27
240	333	32	26
240	333	32	26
241	333	33	26
241	332	33	27
240	331	34	28
240	330	34	28
240	332	33	28
239	331	34	28
239	330	36	29
240	330	35	28
240	329	37	29
242	329	35	28
246	329	34	27
249	331	34	27
249	330	36	27
250	329	37	27
251	329	35	28
252	330	35	27
253	331	34	27
256	332	32	25
257	331	32	25
257	331	34	26
260	331	34	27
260	330	35	27
262	330	33	27
264	332	32	26
263	331	34	27
264	332	34	27
264	330	36	27
264	330	34	27
267	330	34	27
267	329	37	27
273	330	34	26
277	337	37	24
277	330	38	24
282	330	36	25
282	330	36	25
281	329	39	26
285	328	39	28
283	327	40	29
284	326	39	30
284	325	39	30
284	326	39	30
284	326	39	31
285	327	36	29
291	327	33	28
298	325	32	27
299	327	32	25
301	325	29	27
299	324	31	27
304	325	35	28
302	323	34	29
300	321	36	30
307	319	41	31
306	320	40	30
305	320	40	30
304	319	40	30
305	320	41	31
304	320	41	30
303	321	40	30
302	321	40	29
303	321	42	29
302	322	42	29
301	322	42	28
301	321	42	29
300	321	41	29
300	321	41	30
300	322	42	29
299	322	41	29
299	322	42	29
297	322	42	29
297	322	42	29
297	321	42	29
297	321	42	29
295	321	42	29
294	322	43	29
293	322	43	29
292	322	42	28
291	322	42	28
290	321	43	29
288	320	42	29
287	321	43	29
285	321	43	29
285	320	44	30
285	321	42	29
283	321	42	29
282	322	41	28
282	322	40	28
281	322	40	29
281	321	42	29
280	322	41	29
279	321	43	30
278	322	43	29
276	322	41	29
276	322	40	27
275	322	41	28
274	322	41	28
273	322	43	29
271	322	42	27
270	321	43	29
268	322	45	30
270	322	42	28
268	322	42	29
270	324	40	27
271	324	39	26
269	323	40	26
267	324	41	26
270	325	40	26
264	323	43	28
265	323	42	28
265	323	42	28
264	323	42	28
260	322	44	28
261	322	43	29
262	322	42	28
261	323	42	28
262	324	39	27
253	322	44	29
252	322	45	29
251	321	45	29
252	320	46	30
250	322	46	29
252	321	44	29
250	321	45	29
252	321	42	28
251	322	42	28
251	322	41	28
252	322	40	28
250	322	41	28
251	322	40	28
251	322	40	28
250	322	40	28
251	323	40	28
250	323	39	28
250	323	39	28
250	323	40	27
249	323	40	28
249	323	40	28
249	323	39	27
249	323	39	28
247	322	40	28
247	322	40	28
247	322	39	27
248	322	39	28
247	322	39	28
246	322	39	28
246	323	40	29
246	322	40	28
245	322	40	29
246	322	39	29
245	322	39	28
