515	304	19	36
514	303	17	37
512	302	17	38
511	303	17	37
510	302	18	38
509	303	17	38
508	303	17	38
507	303	18	38
507	304	18	38
506	305	18	38
505	304	18	37
503	305	18	38
502	304	17	38
501	305	18	38
500	305	18	38
498	305	18	37
498	305	17	37
498	305	17	38
497	304	17	37
495	304	17	38
495	303	18	38
494	304	17	38
494	304	17	38
493	304	17	38
492	304	17	38
492	304	18	38
490	305	18	38
489	305	19	37
489	305	18	38
487	306	18	37
486	305	18	38
485	306	18	38
485	305	17	38
483	305	18	38
482	305	18	38
481	305	18	38
480	304	18	39
479	304	18	38
478	305	19	38
478	304	19	39
477	304	18	38
478	305	18	38
478	304	18	38
477	304	18	38
477	305	17	38
476	304	17	38
476	304	18	38
476	304	18	38
476	305	17	38
477	305	18	39
477	304	17	40
477	304	17	40
477	305	17	40
476	305	17	39
476	305	17	39
475	306	17	39
476	305	17	39
475	306	17	39
475	306	17	40
475	306	17	39
475	306	17	40
475	306	18	40
476	306	18	40
475	306	18	39
476	307	18	39
475	307	19	40
476	307	18	40
476	307	18	40
475	307	18	39
476	308	17	39
476	308	18	39
477	308	18	39
477	308	18	39
477	308	19	39
478	309	19	39
477	309	18	39
477	308	18	39
479	308	18	39
477	308	18	39
479	310	18	38
478	310	18	38
478	310	17	38
478	310	18	40
478	311	18	40
479	311	18	39
478	312	19	39
480	312	18	40
479	312	18	39
478	313	18	39
479	312	18	40
479	312	18	39
478	313	18	40
480	312	18	40
479	312	18	40
480	311	18	41
481	312	17	40
480	312	18	40
479	312	18	40
479	312	19	40
480	312	19	40
480	311	18	41
480	313	19	40
482	313	19	40
481	311	19	41
482	310	19	41
482	309	19	42
484	309	18	41
482	309	19	42
483	309	19	42
483	306	18	43
483	306	19	42
484	305	19	42
484	306	19	42
484	306	19	41
485	306	19	42
485	306	19	41
485	306	20	41
486	307	21	42
489	306	20	41
490	306	20	41
491	306	19	42
492	306	20	42
492	306	20	42
492	306	20	42
493	306	19	42
493	306	20	42
493	307	21	42
493	307	22	42
493	307	21	41
494	307	21	41
494	307	20	41
494	307	20	41
495	307	20	41
495	306	20	41
496	307	20	41
497	307	20	41
498	307	20	42
497	307	19	42
498	307	20	42
497	306	21	42
498	308	19	42
498	307	19	42
499	308	19	42
499	307	19	42
497	309	20	42
498	308	19	42
497	307	20	42
497	307	20	42
498	307	20	43
498	307	20	43
499	307	21	43
499	308	20	42
498	307	20	42
499	308	19	42
499	309	20	42
498	308	20	42
499	307	20	43
501	308	19	43
501	307	19	43
501	307	19	44
502	306	19	44
501	307	19	45
501	307	19	44
502	307	20	44
502	308	19	44
502	307	19	44
502	307	20	44
501	308	20	44
502	308	19	44
501	308	20	44
501	308	20	44
501	310	21	43
500	309	21	44
500	311	22	44
498	313	24	43
498	315	24	44
499	315	24	44
502	315	22	45
502	317	22	44
502	318	21	44
502	316	21	45
502	316	21	45
503	315	20	46
504	317	19	45
503	317	20	45
502	318	20	46
502	317	20	45
502	317	20	45
501	318	21	45
501	319	21	45
500	318	22	46
501	318	22	46
501	318	21	46
501	318	22	47
500	317	21	46
500	316	21	48
500	316	21	47
500	317	21	46
500	316	21	47
499	317	22	47
498	316	22	46
499	316	23	46
498	316	22	46
497	317	23	46
496	318	22	45
498	317	21	46
496	316	23	48
497	316	22	46
496	316	21	46
497	316	21	46
497	318	22	47
497	317	22	46
497	317	21	47
497	317	22	47
474	319	23	47
475	319	25	46
475	319	26	46
479	319	25	46
476	320	23	46
497	318	23	47
496	316	23	48
497	314	23	48
496	313	22	47
496	310	23	48
496	307	24	49
498	307	24	47
499	308	24	47
501	308	24	46
507	310	26	44
510	309	25	45
516	309	26	45
524	310	25	45
549	309	23	46
551	306	22	48
550	308	22	46
550	307	22	47
550	307	22	47
551	307	22	48
550	308	22	46
550	307	21	47
550	307	21	47
550	306	21	48
550	307	21	48
550	308	21	47
550	308	21	48
551	308	21	48
551	308	20	47
550	308	21	47
550	308	21	48
551	308	21	47
552	307	22	49
551	308	22	48
559	308	22	48
563	308	24	48
563	308	25	48
570	306	24	49
569	307	24	50
571	307	23	50
572	307	23	50
573	307	24	49
576	307	24	49
578	308	24	48
580	309	25	48
583	308	23	48
584	309	23	47
583	309	23	47
583	309	24	47
591	307	23	49
597	308	24	48
595	307	27	48
612	307	25	48
613	307	24	47
613	307	23	48
612	307	23	48
614	307	25	49
622	306	23	48
624	305	22	49
625	303	22	50
625	302	22	49
624	300	22	50
626	298	22	51
625	302	26	49
618	305	28	50
624	308	26	50
642	308	24	51
642	309	24	50
641	309	23	49
641	310	23	49
641	309	22	50
640	310	23	49
640	310	23	49
639	310	23	50
638	310	24	49
639	309	23	50
638	310	23	50
638	309	22	50
638	309	23	50
637	309	22	50
637	309	23	50
637	310	24	50
637	310	23	50
636	310	23	51
636	310	23	51
636	310	23	50
637	309	22	51
635	311	23	50
637	309	22	51
635	310	22	51
635	310	23	51
635	309	23	51
633	310	24	52
632	309	25	52
632	310	24	51
630	310	25	52
632	310	24	51
631	310	23	51
631	311	23	51
631	310	23	51
631	310	24	52
628	310	25	52
628	310	23	51
628	310	24	51
629	311	24	51
629	310	24	52
628	310	24	52
627	310	24	52
629	310	23	52
629	310	23	52
630	311	23	51
630	312	24	51
630	312	23	51
631	312	23	51
629	312	24	51
628	312	24	51
628	312	25	51
627	313	24	51
626	312	25	51
625	311	25	52
625	312	26	52
624	312	25	51
623	312	25	52
623	312	24	52
622	313	24	51
623	312	25	52
623	312	24	51
622	312	24	51
621	312	25	51
622	312	25	52
621	312	24	51
621	311	24	53
620	311	24	53
621	312	24	53
620	310	25	53
620	311	25	53
620	312	25	53
621	312	25	52
621	312	24	53
621	312	25	53
621	312	24	53
621	313	23	51
621	313	24	51
620	313	24	52
620	313	24	52
620	313	24	52
619	313	24	52
619	313	24	52
618	313	24	52
617	312	24	53
617	312	24	53
617	313	24	53
617	312	24	53
617	313	23	52
616	312	25	53
615	313	24	52
615	313	25	53
615	313	23	53
616	313	24	53
616	314	24	53
616	313	25	54
615	313	25	53
615	313	25	53
616	313	26	53
616	313	24	54
616	314	24	54
617	314	24	52
617	314	23	53
616	313	24	53
616	313	25	53
616	313	25	54
615	313	25	54
615	314	25	54
615	314	25	53
613	314	25	53
613	314	26	54
612	314	26	54
613	314	25	53
613	315	25	53
612	314	25	53
611	315	25	53
610	315	26	53
610	315	27	53
609	316	26	53
609	314	26	54
608	315	26	53
610	315	26	53
610	314	25	54
610	315	25	54
609	314	26	55
610	314	26	55
611	316	25	56
610	322	26	54
610	324	27	54
610	323	25	54
610	319	25	57
608	316	26	57
608	315	25	55
608	315	25	55
607	316	26	55
608	315	26	55
608	315	25	56
606	315	26	55
605	315	27	56
606	315	28	56
605	315	27	56
606	316	27	55
604	316	27	55
604	316	28	55
604	316	27	55
603	315	29	54
602	315	28	55
601	315	28	55
601	316	28	55
602	316	27	56
604	316	28	56
603	315	28	56
600	315	29	57
604	316	28	56
603	316	29	56
604	316	27	55
603	317	27	55
604	316	26	56
604	317	26	56
604	318	25	55
602	316	26	56
603	317	27	56
601	317	27	56
601	317	27	56
599	317	28	57
600	318	28	56
598	317	29	56
599	317	28	56
599	318	28	56
598	318	28	56
597	319	27	56
596	318	27	56
597	319	26	55
597	318	27	56
596	318	27	56
595	318	27	56
597	317	27	57
597	319	26	56
596	317	27	58
596	317	28	57
596	318	29	57
595	318	29	57
597	319	28	57
597	319	28	57
596	319	29	57
596	319	29	57
596	319	29	57
595	319	29	57
594	319	28	57
593	319	29	58
592	319	30	58
591	318	30	57
592	318	30	58
591	319	30	59
589	318	32	59
591	318	31	58
590	319	30	58
590	318	31	58
589	319	29	58
588	318	31	59
588	319	29	59
587	317	30	60
589	317	29	60
588	318	29	59
587	317	30	60
589	318	29	59
590	318	29	60
590	317	28	61
589	318	29	60
591	318	27	60
589	318	28	61
590	318	29	61
590	318	28	62
590	318	28	61
588	319	29	61
587	319	31	61
587	319	29	60
587	319	31	61
585	319	31	61
585	319	32	61
585	319	30	61
583	319	31	61
584	319	31	61
585	320	30	61
582	320	31	61
585	320	31	61
584	320	29	61
583	319	31	62
583	320	28	61
581	319	30	62
584	319	30	62
583	320	29	61
584	320	29	63
583	321	29	63
583	323	28	62
570	322	36	61
559	321	31	61
551	321	34	61
547	322	32	62
549	319	30	63
550	320	31	61
560	321	33	61
543	325	33	59
550	326	27	63
555	326	29	65
552	325	33	64
584	321	32	64
584	317	32	64
586	313	35	64
594	312	34	62
604	313	33	61
612	314	36	61
630	315	34	63
647	317	30	63
652	316	31	62
654	311	34	65
657	307	37	65
641	307	35	63
646	306	30	61
649	302	30	64
651	300	30	65
654	300	31	65
657	298	30	66
671	298	31	64
686	298	31	64
701	298	29	67
708	300	31	66
738	300	32	65
733	302	31	65
724	296	35	68
722	294	35	67
717	292	35	66
715	290	34	66
706	289	35	66
708	288	34	66
713	288	32	66
712	287	30	66
715	285	31	67
718	287	33	68
720	290	32	67
718	289	31	67
714	286	33	67
711	283	34	67
708	283	34	66
711	284	33	67
709	287	33	71
708	291	35	71
707	294	37	71
709	296	32	70
708	299	34	68
707	297	33	69
709	295	33	70
708	294	32	70
708	291	31	71
708	291	31	70
707	291	32	70
706	292	32	71
705	294	33	71
706	298	31	70
707	303	30	69
705	307	31	69
704	311	30	71
705	316	31	70
703	321	33	71
703	325	32	70
702	324	32	70
703	324	31	71
703	321	31	71
703	319	31	74
701	319	33	71
701	319	34	71
702	321	33	71
702	323	33	71
702	324	32	70
702	325	32	74
701	326	32	73
701	326	32	72
700	327	34	70
701	326	33	72
700	328	33	70
700	327	34	72
700	326	35	73
699	326	36	72
700	326	34	72
700	327	32	72
701	324	31	74
700	323	32	73
699	320	32	75
699	317	33	75
698	314	33	77
699	314	32	75
697	311	34	76
697	310	34	76
697	309	33	76
697	309	32	76
697	309	32	74
696	309	32	73
696	310	32	73
695	312	33	72
696	311	32	72
694	311	33	74
695	312	31	72
695	312	32	74
694	313	32	71
695	314	31	71
693	314	33	73
691	316	33	71
691	315	32	73
692	314	32	74
691	315	33	74
690	315	33	74
689	313	33	76
688	313	34	76
689	316	35	76
688	318	33	74
689	319	32	76
687	320	33	77
687	321	32	76
686	325	34	74
685	325	33	78
684	326	34	77
683	326	34	77
683	327	34	78
683	323	32	77
683	320	33	79
683	317	33	78
681	311	35	78
681	306	34	79
680	302	35	79
680	302	35	79
680	302	35	79
679	304	34	76
678	306	35	77
679	309	35	78
679	313	35	77
679	315	35	77
678	315	35	78
677	314	36	79
675	313	37	79
676	313	37	79
675	313	37	79
674	312	37	79
672	312	38	79
671	313	37	79
673	314	35	78
673	315	34	80
672	317	35	80
672	321	35	79
670	323	35	79
670	324	36	80
669	324	36	80
668	324	37	81
667	325	36	79
666	323	37	81
665	321	38	82
665	322	39	79
665	321	37	80
663	321	38	82
664	322	38	80
663	323	38	79
663	322	40	81
625	324	39	80
665	325	36	80
663	325	38	82
661	324	39	81
659	323	39	81
661	321	38	82
621	322	37	81
620	320	36	83
619	321	38	83
619	321	39	83
653	322	38	81
649	322	38	79
640	322	40	81
631	319	39	80
626	317	40	81
623	316	41	81
622	316	38	81
620	315	39	82
618	317	40	82
614	319	42	82
572	323	41	82
562	325	40	79
552	325	39	78
577	325	38	79
574	324	37	79
564	324	40	78
562	325	39	79
558	327	39	81
555	332	39	81
554	336	40	81
549	340	42	83
547	341	39	81
543	341	40	80
534	339	41	82
533	339	38	81
528	338	39	82
521	335	40	83
519	333	39	83
514	331	39	84
509	330	39	84
504	331	38	82
489	335	40	81
479	336	42	85
469	337	42	86
467	340	38	85
466	340	38	85
465	340	38	87
462	340	40	87
461	341	39	86
459	340	39	86
458	342	38	86
458	342	38	87
456	341	37	86
456	343	36	84
454	341	38	87
407	340	40	91
409	341	39	91
407	340	39	92
404	340	38	93
405	341	36	93
403	341	36	92
404	342	36	92
401	341	37	93
401	342	37	93
399	342	39	94
399	342	38	93
397	342	41	94
396	342	40	93
394	342	43	94
393	342	43	95
394	341	45	95
393	343	49	93
392	343	50	94
389	343	47	93
440	343	37	91
439	342	39	93
439	342	38	93
439	342	38	94
440	341	37	95
440	341	37	96
440	341	38	97
436	341	40	96
435	342	41	95
433	342	42	93
435	341	43	95
436	340	40	96
435	338	39	97
434	335	40	97
430	331	45	97
431	327	41	98
430	324	40	98
430	323	40	97
430	322	40	97
428	321	41	97
428	321	39	98
427	322	39	96
425	323	40	98
424	324	40	98
422	324	42	99
423	325	41	99
421	326	42	98
421	325	42	98
420	325	42	99
419	323	43	100
418	319	43	103
416	321	45	101
415	320	44	101
413	319	44	102
411	320	45	102
411	320	44	101
409	320	45	102
410	322	47	101
409	322	44	102
408	322	45	102
406	324	44	101
406	324	44	100
405	324	45	101
403	325	44	100
403	325	44	101
402	326	43	101
402	326	43	100
401	326	43	100
400	325	46	102
398	327	46	99
398	327	47	102
398	328	47	100
395	329	48	102
392	330	49	101
392	330	47	101
391	332	49	101
390	331	49	103
388	331	51	103
389	332	50	102
390	331	48	104
391	330	47	105
391	331	46	105
390	331	46	106
390	331	46	106
390	332	46	106
388	331	46	107
389	332	44	107
388	333	44	106
387	333	44	107
387	334	44	107
386	335	45	108
386	336	45	106
386	336	44	106
385	334	43	107
385	333	45	108
385	334	44	105
384	333	44	107
383	332	45	110
382	331	45	108
382	331	47	109
380	331	47	108
379	331	47	108
379	331	47	108
377	331	46	108
378	331	45	108
376	329	45	109
375	328	46	109
376	326	45	109
374	325	47	109
373	324	47	110
372	320	47	109
371	318	48	113
372	319	46	109
371	318	45	110
371	316	45	111
370	315	46	111
370	315	44	111
368	315	44	111
367	316	45	112
367	315	45	112
367	314	44	113
365	314	45	112
364	315	46	111
363	312	47	112
363	314	47	113
359	315	49	114
360	318	48	111
356	318	50	113
358	318	48	112
355	318	51	114
355	314	50	113
354	312	48	113
352	311	50	115
353	307	47	115
352	305	48	118
351	308	48	115
350	309	48	116
347	310	50	117
348	313	47	112
346	313	47	117
347	313	48	116
345	314	49	117
346	315	48	117
345	316	51	118
346	319	50	116
345	319	51	119
344	321	53	118
343	326	52	114
341	321	51	119
342	321	50	119
340	320	51	121
337	320	52	122
336	320	52	121
334	320	52	123
331	321	54	124
329	322	55	122
328	320	55	125
326	321	56	123
325	323	54	123
323	322	55	126
321	321	54	126
319	321	53	127
320	320	52	128
318	321	51	128
318	320	51	127
315	319	52	129
312	320	54	126
311	322	57	126
313	322	59	126
339	323	58	123
335	323	59	124
306	320	66	127
306	324	63	122
302	321	62	126
302	321	54	126
298	317	56	130
300	315	52	131
298	314	52	131
296	312	53	132
294	311	55	133
292	310	54	133
290	310	53	133
288	311	53	132
284	312	57	132
283	313	56	131
281	315	57	132
236	314	73	131
226	317	81	133
225	315	75	136
225	316	79	135
224	317	71	134
223	316	67	134
223	316	67	133
227	315	75	136
218	315	70	136
215	318	72	132
213	318	70	134
221	317	81	138
213	325	81	132
229	324	103	135
203	329	82	142
210	332	85	138
210	337	76	133
201	343	70	130
198	341	67	136
198	340	70	137
193	339	66	139
191	337	63	138
189	336	62	137
193	335	68	137
196	331	68	138
196	329	71	140
199	328	73	137
204	328	73	139
208	332	62	136
205	332	64	142
202	335	62	141
199	337	62	146
199	338	67	146
199	339	72	144
193	341	66	143
187	340	66	144
190	341	60	143
189	339	63	144
189	338	64	146
185	339	61	146
189	339	68	144
180	339	68	149
175	341	69	151
176	342	71	146
225	341	62	146
221	341	63	146
180	345	62	150
223	341	63	149
218	339	69	151
219	339	72	154
214	340	78	153
214	342	73	152
254	344	72	149
227	343	68	153
230	345	66	153
226	347	65	151
221	346	68	156
171	349	71	153
171	348	72	153
169	347	71	152
171	346	71	153
179	347	74	151
200	344	76	155
200	344	73	155
191	344	80	156
204	345	69	155
197	346	76	156
196	346	74	158
196	349	73	157
204	352	68	155
203	352	66	156
200	354	64	154
199	356	65	153
196	355	65	154
194	357	65	154
191	355	65	157
192	353	63	158
188	355	63	158
184	354	65	159
183	355	65	158
179	357	67	158
178	357	68	159
173	358	72	159
169	356	72	161
165	356	73	163
164	356	71	162
161	356	71	164
158	356	74	164
158	356	72	164
159	357	75	167
161	359	71	163
159	359	70	168
158	360	70	168
156	360	70	169
154	360	73	173
149	361	78	173
143	362	78	168
149	364	76	167
148	367	74	166
148	367	75	172
146	368	77	172
153	368	73	172
153	368	78	169
146	366	78	168
149	367	73	169
142	366	80	172
143	367	76	167
147	365	75	172
144	366	77	174
129	367	85	176
132	367	80	174
133	369	77	175
128	371	80	172
131	372	77	169
124	371	81	173
120	372	81	174
118	371	81	173
120	369	80	179
120	368	78	176
120	368	75	175
122	367	72	183
120	366	75	188
119	366	77	184
119	368	77	181
122	369	77	182
126	371	73	179
133	373	73	176
133	375	75	175
135	373	82	183
133	374	85	186
138	375	85	187
141	373	88	193
144	373	88	191
149	372	87	188
152	370	91	194
161	371	86	191
155	371	91	195
164	373	87	190
156	374	94	192
165	375	92	189
171	377	87	188
173	379	91	187
174	380	96	188
174	381	92	188
177	382	93	188
166	383	97	187
175	380	89	190
177	382	84	188
176	381	86	189
179	381	87	188
182	380	92	189
190	379	90	188
193	381	89	186
199	383	89	185
202	383	88	185
197	384	90	186
195	384	90	184
197	383	93	185
197	382	95	184
202	382	95	184
211	383	93	183
210	388	89	181
215	385	91	182
208	391	91	175
204	386	101	175
212	389	86	176
222	391	81	175
217	398	78	170
218	397	84	165
212	404	81	166
126	400	118	158
202	394	85	175
197	392	102	174
198	392	94	177
199	389	97	180
135	393	89	177
139	391	82	179
142	393	86	176
138	396	96	173
203	397	95	173
194	400	96	169
191	394	99	175
198	395	94	176
198	391	90	180
198	392	92	178
198	389	88	181
201	387	89	181
198	390	86	179
197	387	83	182
194	386	85	182
190	391	85	178
190	385	85	185
192	382	88	188
199	379	92	191
211	375	98	194
217	373	99	197
227	383	108	187
235	376	107	193
245	379	107	191
256	381	110	189
258	383	124	186
199	392	108	181
217	393	104	178
229	395	101	176
242	396	104	175
261	397	103	174
268	397	99	175
276	397	101	175
287	395	97	178
296	392	102	181
300	390	103	183
378	386	106	184
380	383	104	187
386	387	104	182
410	389	100	181
436	394	100	176
463	398	97	173
489	400	88	169
499	397	90	169
508	398	88	170
515	395	85	172
514	392	81	176
515	388	80	176
518	390	81	174
522	390	81	170
530	393	79	166
532	397	79	153
538	392	83	155
540	389	89	166
546	390	92	167
548	392	93	164
552	391	93	159
544	386	108	166
494	383	135	186
520	381	117	191
573	397	110	174
581	406	118	169
596	418	124	157
622	419	113	152
633	422	103	151
641	412	100	160
649	412	103	158
655	419	115	153
667	425	112	145
685	435	115	136
713	435	103	137
748	428	101	145
