360	204	323	273
351	205	334	266
352	204	334	266
351	202	335	265
350	203	337	267
351	203	339	267
351	203	338	269
351	206	339	267
352	208	340	266
354	211	337	264
354	215	340	261
354	217	339	259
354	219	334	254
351	219	334	254
347	218	337	251
345	217	341	252
343	216	345	255
342	216	346	256
345	217	342	256
347	220	339	254
350	225	338	249
356	231	332	246
365	238	325	238
362	241	328	235
368	244	322	232
371	245	322	229
375	244	319	231
371	244	321	230
373	239	322	236
369	235	323	235
367	229	323	242
363	225	327	246
357	221	330	249
356	218	332	251
351	216	341	249
352	215	346	247
352	214	350	244
359	211	344	245
369	209	335	241
388	202	320	246
409	193	300	249
421	180	289	259
429	168	284	270
450	156	264	277
492	138	224	290
495	131	221	286
513	124	202	280
518	119	199	274
522	111	198	271
525	101	199	270
529	94	198	258
524	89	208	253
520	90	217	241
520	92	221	226
515	91	231	217
508	87	240	219
509	88	237	215
517	87	224	221
530	89	207	224
543	86	186	241
562	99	157	250
570	111	142	246
576	119	134	249
572	128	138	250
552	140	158	248
534	153	177	235
517	165	192	229
487	173	217	228
459	184	243	221
442	194	248	211
444	203	238	203
446	212	220	192
438	216	210	190
427	219	197	190
353	226	247	183
292	231	293	171
278	240	289	166
267	220	279	180
262	217	255	183
254	218	208	182
253	218	159	184
250	226	149	176
249	221	147	181
247	219	149	182
247	217	152	182
246	211	148	185
246	208	146	186
244	199	146	193
242	194	146	195
245	190	159	195
239	191	161	193
248	188	164	195
240	186	169	201
251	182	165	204
257	182	176	211
256	183	182	211
259	186	178	208
257	180	182	214
262	181	182	212
258	183	187	207
263	190	185	201
264	197	192	195
264	200	208	196
260	198	216	200
270	199	216	203
274	196	223	207
276	197	214	204
283	203	214	196
281	189	226	207
282	178	225	209
290	172	221	212
294	172	217	204
304	169	212	205
313	164	209	205
323	160	202	206
332	159	197	209
339	168	190	201
344	173	179	200
352	178	174	202
361	202	177	192
365	216	170	188
373	228	167	180
380	241	166	172
380	245	177	173
376	246	180	183
371	239	188	186
366	230	188	190
359	220	194	189
352	209	189	193
349	188	191	196
343	183	193	186
343	174	188	185
343	162	184	181
343	150	185	182
343	144	205	171
342	143	214	165
344	147	213	158
346	149	204	156
350	149	194	158
356	149	204	160
358	151	187	164
361	155	193	161
355	154	176	165
351	154	176	173
343	154	165	179
334	154	170	182
329	154	163	179
325	150	184	175
319	145	166	177
316	136	183	171
308	124	177	176
303	116	207	150
299	114	213	137
297	110	215	128
294	106	218	117
292	103	222	104
293	101	221	101
294	98	220	93
293	96	219	89
296	94	221	85
297	92	219	83
297	90	219	77
301	88	214	73
304	87	218	75
304	84	220	77
308	86	223	75
310	87	227	75
314	87	228	71
321	93	224	68
326	95	223	68
333	98	220	64
338	102	217	61
343	106	213	57
346	108	211	55
348	111	210	53
347	112	211	53
350	114	209	51
350	114	209	54
352	116	207	54
355	118	206	56
358	121	205	57
361	123	206	59
365	124	203	61
369	126	200	61
370	126	199	64
372	127	199	67
371	129	201	69
373	131	198	69
375	132	200	67
380	135	196	66
383	134	198	67
386	135	199	67
388	133	196	68
390	133	196	68
394	133	191	67
394	132	189	67
393	132	189	67
394	132	188	67
394	132	186	68
394	133	187	68
392	134	185	68
392	134	185	66
393	135	183	66
392	135	184	67
394	135	184	68
396	135	184	68
400	136	183	67
404	137	183	66
408	137	183	64
409	136	183	61
412	137	182	58
415	138	179	54
418	138	179	51
423	139	175	49
424	141	176	47
427	143	170	48
430	143	166	53
433	143	169	59
434	143	174	65
437	144	173	68
440	147	171	70
443	148	169	74
446	149	169	77
447	150	169	81
449	152	170	82
452	152	171	85
452	152	170	84
453	152	171	86
453	152	172	85
453	153	170	87
454	154	169	87
452	154	168	91
451	156	167	95
450	156	167	100
447	157	167	105
446	159	161	108
444	163	155	111
443	167	149	108
444	170	144	114
444	172	144	114
447	179	135	117
454	192	119	105
460	202	106	96
473	217	89	81
482	230	73	67
484	240	67	62
481	251	67	57
480	257	68	55
480	261	69	54
481	262	70	55
481	264	70	56
482	265	67	56
481	266	66	57
479	265	67	59
476	265	66	57
471	266	66	54
466	264	67	52
464	259	68	55
463	254	68	58
464	250	67	62
466	247	66	66
467	247	65	67
469	248	65	68
471	251	64	69
475	255	64	71
480	266	66	65
486	277	66	60
491	285	64	58
495	296	65	55
500	309	65	49
506	317	65	48
510	322	64	47
514	333	64	40
516	337	66	39
520	336	67	42
522	336	68	44
524	336	67	44
525	336	65	44
523	335	64	45
521	332	64	47
521	331	62	49
517	331	64	50
516	332	63	51
512	333	63	52
511	340	63	48
514	345	61	47
514	349	59	46
518	350	57	47
518	349	65	48
517	357	70	41
517	362	74	36
518	364	76	34
520	365	75	33
520	366	75	34
519	367	76	32
518	365	73	34
520	366	74	33
519	366	77	33
517	367	77	30
516	368	77	30
512	366	78	30
511	366	72	31
508	366	68	30
507	366	65	29
506	364	60	30
506	360	59	32
508	358	54	33
509	356	52	33
511	354	47	33
516	349	41	35
520	345	45	38
525	338	45	42
540	340	66	46
584	359	92	38
579	355	100	44
579	353	105	45
582	356	102	45
588	353	100	50
588	356	98	48
588	352	94	48
585	357	96	42
591	324	88	69
593	321	85	72
594	318	80	70
592	318	73	47
595	320	63	42
601	320	63	41
609	319	66	42
616	320	76	52
617	322	82	56
622	323	81	54
626	322	79	54
625	319	80	53
622	316	84	54
621	314	86	55
614	311	93	55
611	307	97	59
602	305	106	61
599	304	111	62
595	301	114	65
595	297	111	68
592	294	109	69
589	292	107	70
581	292	110	71
579	291	103	71
561	291	111	77
551	293	111	77
536	294	115	81
530	296	115	82
522	297	115	81
512	301	119	76
506	305	119	71
503	308	117	68
500	302	116	75
498	304	119	74
497	304	118	77
496	301	114	79
494	303	117	76
492	307	115	72
488	309	117	72
484	310	115	62
480	313	98	62
478	314	99	61
478	316	90	62
476	318	94	58
476	319	86	53
476	319	72	51
473	322	72	52
471	322	74	52
468	324	75	51
466	325	76	52
464	324	80	53
463	325	78	52
461	324	84	52
462	324	88	52
462	324	82	53
460	326	86	53
458	328	83	53
455	329	87	54
453	331	84	53
450	331	82	54
448	333	85	54
446	333	83	53
446	335	85	52
447	335	86	52
448	335	87	53
450	334	87	54
449	334	87	54
451	332	86	54
453	334	87	54
456	336	88	52
458	337	89	54
461	338	90	53
462	338	90	54
462	336	90	56
461	334	92	58
461	332	93	58
458	329	101	58
456	324	104	59
455	320	105	61
455	318	105	62
455	318	101	62
456	317	99	63
456	314	96	64
456	313	96	65
454	312	94	64
456	311	92	65
456	311	90	65
457	313	88	64
461	313	95	65
459	314	100	64
461	315	107	63
464	315	107	63
467	313	111	63
472	310	123	67
471	309	124	71
471	308	127	74
476	308	125	85
471	305	129	85
476	311	126	81
465	312	140	77
460	314	153	79
457	314	160	79
457	322	170	78
450	322	187	80
447	322	202	81
448	321	207	83
439	322	176	82
425	325	133	79
421	329	120	78
419	327	116	82
416	334	107	80
411	329	103	89
406	333	100	89
410	336	91	87
401	342	96	85
386	336	111	95
378	339	119	95
376	344	126	93
382	352	125	87
388	354	124	86
398	357	120	85
388	357	130	86
393	355	125	89
390	357	126	88
390	360	124	84
383	360	125	85
384	353	121	90
368	348	132	95
364	344	135	97
361	337	142	105
358	327	147	114
355	323	155	117
350	317	161	120
346	315	166	123
346	314	163	126
348	316	157	125
347	326	151	119
348	332	141	117
350	337	130	113
349	347	124	108
353	350	116	103
351	348	121	103
349	351	127	103
349	357	135	101
352	357	138	104
345	341	141	108
344	341	138	110
339	346	143	108
335	348	145	104
328	352	146	102
321	356	144	103
317	360	141	103
311	364	141	103
307	372	140	101
301	376	143	97
302	375	143	96
301	370	144	94
302	366	156	93
296	353	153	103
290	340	185	109
291	323	188	128
285	305	182	144
283	296	168	150
284	294	177	154
291	305	174	142
284	314	172	138
285	330	149	130
283	345	143	119
281	355	145	116
280	375	140	103
280	378	137	96
282	375	133	111
282	362	128	118
267	362	141	118
259	354	143	120
247	351	155	122
366	320	139	101
355	322	151	102
366	323	151	105
382	328	160	111
400	348	175	103
460	374	142	93
488	398	142	83
512	407	144	83
538	408	140	80
543	398	149	79
584	371	149	94
590	366	147	90
592	370	146	88
591	367	147	94
584	364	156	102
538	404	145	76
531	413	134	76
506	419	137	75
476	424	132	73
450	422	134	72
404	411	166	74
372	393	141	90
342	380	146	100
333	373	155	105
319	358	162	112
307	326	157	137
297	327	167	133
294	328	172	126
301	330	178	129
312	345	183	125
361	370	164	113
397	382	163	103
444	383	155	111
474	399	154	108
509	404	160	114
554	418	156	113
576	406	160	117
578	398	159	118
585	409	153	108
581	414	157	104
573	422	152	104
549	439	166	97
522	447	168	94
501	453	173	93
480	452	169	98
457	453	175	99
436	451	182	101
421	442	186	108
414	434	192	115
406	423	200	126
403	420	206	126
415	416	203	127
426	414	201	128
431	414	209	128
435	417	219	127
444	413	227	135
463	420	222	133
479	399	216	156
495	429	215	139
510	418	210	147
518	399	208	167
524	418	197	154
527	423	195	147
519	423	186	145
509	422	176	140
495	424	169	129
478	429	171	124
460	424	173	128
446	437	174	124
