397	276	120	107
393	262	121	110
388	245	129	108
384	234	130	107
380	216	136	113
377	206	137	115
375	199	135	115
374	197	135	115
371	197	136	115
366	193	143	121
357	195	158	131
341	183	176	151
309	181	250	176
298	156	278	210
288	160	291	214
283	167	300	222
278	182	309	227
273	191	314	231
269	203	320	233
266	206	321	240
265	208	318	243
264	215	318	241
264	217	316	243
262	222	318	244
260	223	319	244
261	221	317	247
264	218	316	251
267	212	312	255
267	191	314	263
266	176	317	267
264	167	322	263
262	162	328	249
265	151	328	241
267	137	333	215
273	125	331	209
279	117	329	201
285	110	323	190
286	100	323	177
288	88	320	163
292	83	314	148
293	79	316	130
296	72	307	118
304	63	305	106
304	51	310	111
313	43	300	106
319	39	307	80
334	37	297	75
342	37	302	75
354	34	307	83
362	29	313	90
375	26	299	94
385	25	297	99
397	25	290	102
407	27	298	108
413	29	297	110
418	32	289	114
425	34	274	118
427	35	275	125
435	41	277	126
452	43	263	132
463	46	252	137
465	51	247	138
466	57	249	142
467	64	261	146
474	70	254	146
477	78	255	151
484	88	247	156
485	90	248	160
484	96	250	166
486	97	247	173
487	101	246	196
446	106	285	234
409	98	326	246
410	96	330	233
409	96	330	218
414	93	325	206
417	89	319	204
421	86	313	206
424	92	297	214
430	87	290	218
443	90	277	218
563	99	189	209
612	199	137	118
632	223	113	92
632	222	114	94
633	223	115	94
633	224	116	91
633	228	116	84
630	232	117	75
634	229	113	74
602	225	136	80
475	203	130	104
427	201	91	100
457	131	94	102
475	80	137	84
459	78	217	99
448	71	246	121
435	68	254	126
418	69	263	123
416	68	266	115
408	68	270	110
405	69	271	103
409	72	268	96
402	77	277	84
401	85	273	70
402	89	264	67
408	96	266	69
412	94	277	78
414	104	288	81
417	107	289	90
416	111	300	98
418	113	302	109
428	114	300	125
433	113	313	160
448	115	310	191
459	119	306	182
464	119	310	186
490	119	293	197
512	126	281	215
529	139	272	219
552	158	254	219
592	163	218	228
607	167	204	234
639	187	167	233
666	198	137	231
679	215	121	223
686	226	114	212
675	247	126	195
647	256	156	193
628	253	162	192
607	252	182	194
590	245	195	200
580	241	204	200
579	236	198	198
576	233	193	195
573	228	187	195
576	225	175	192
567	220	172	188
572	211	165	187
554	213	166	168
488	206	223	171
485	196	223	172
484	195	225	167
488	187	223	174
494	187	221	173
497	183	220	172
503	179	213	169
507	176	213	163
509	173	215	159
520	171	207	158
532	167	202	155
542	162	198	155
558	157	184	149
562	152	188	141
561	155	194	131
557	152	205	139
565	152	204	128
559	149	223	141
572	148	221	128
595	145	206	123
600	142	205	120
606	138	200	116
613	136	193	110
614	132	193	102
611	130	195	91
596	131	207	83
585	128	217	82
579	130	223	78
576	130	227	76
575	130	229	73
577	127	230	73
576	128	231	71
575	127	231	68
575	127	233	65
574	127	233	64
572	126	234	64
571	125	234	66
569	127	237	63
571	126	237	64
578	126	233	61
586	129	227	56
591	131	225	54
597	130	221	55
598	132	222	55
601	130	219	56
597	130	222	59
598	129	222	59
596	129	223	60
595	130	223	60
593	130	224	62
592	132	222	62
590	132	219	64
586	134	221	66
584	134	221	68
581	134	220	70
580	135	219	71
582	136	216	73
581	138	216	72
583	139	213	68
583	142	212	63
584	142	211	58
588	143	208	55
592	144	206	51
597	149	202	46
600	153	200	44
603	156	197	45
608	157	194	47
609	161	195	45
613	163	195	45
618	165	195	46
622	166	196	49
628	164	195	51
633	161	196	54
638	160	193	54
643	160	190	53
646	161	191	54
651	162	190	56
657	163	187	60
663	165	183	63
671	167	176	71
683	169	166	78
684	172	166	81
692	176	162	85
703	180	159	96
710	186	156	106
717	189	166	114
720	191	158	116
735	193	149	126
751	200	132	121
760	204	112	124
773	213	96	121
782	221	85	122
790	231	77	121
796	240	70	122
796	246	70	131
794	253	75	131
790	263	82	127
781	270	95	132
773	272	102	134
759	279	115	132
745	283	123	128
734	285	132	128
727	287	136	127
726	289	135	127
726	291	132	128
729	292	128	128
731	295	127	126
732	294	126	126
734	294	125	124
735	295	123	122
736	295	122	118
737	297	121	115
740	298	119	114
743	299	120	115
740	300	125	118
732	298	132	120
725	305	122	108
720	308	120	101
716	307	118	97
714	311	110	89
711	318	108	75
709	320	107	72
709	326	93	64
709	332	90	55
700	329	95	60
701	328	99	57
696	334	100	49
704	335	89	46
700	331	97	52
661	320	92	69
646	321	88	72
636	322	87	67
626	340	82	70
622	348	93	76
609	265	154	112
598	247	155	122
601	248	147	121
593	257	149	111
596	256	142	115
605	265	130	105
620	269	115	100
622	272	108	98
630	278	101	90
602	276	127	97
619	276	110	94
612	278	114	94
618	277	106	93
618	276	103	93
617	276	102	94
615	275	102	94
612	272	103	97
611	270	102	96
609	269	101	97
605	264	102	99
597	260	105	100
596	261	106	100
594	255	107	106
591	256	112	103
590	260	112	101
585	261	116	99
582	259	118	100
579	260	121	100
576	263	124	99
578	262	121	100
576	264	123	101
578	262	121	101
578	265	121	101
576	260	126	106
579	257	127	109
578	252	133	115
579	249	133	117
581	242	135	122
580	240	136	125
581	238	137	124
581	237	137	127
584	235	136	129
585	233	136	132
586	233	136	132
590	233	134	133
575	234	144	134
578	237	139	134
571	239	141	134
571	242	139	135
576	245	134	132
586	256	122	120
583	262	126	113
585	261	125	114
584	265	126	108
588	267	125	109
583	269	129	107
578	270	135	110
569	270	146	114
565	264	152	121
556	261	162	124
542	253	180	131
533	247	192	139
534	242	192	142
533	234	194	148
530	230	196	153
526	217	199	163
517	204	208	171
517	194	206	173
517	186	204	177
515	181	208	173
514	175	207	172
513	164	210	169
511	161	213	165
508	155	217	160
507	152	218	157
506	147	219	154
506	143	220	150
506	141	218	149
508	140	215	151
509	138	210	151
508	137	212	150
506	138	214	151
506	136	217	151
510	135	216	151
514	136	217	148
518	136	216	149
527	138	213	150
534	139	209	152
534	140	211	154
530	143	223	159
532	144	223	166
544	148	212	174
551	150	210	177
557	153	208	184
562	158	207	186
566	161	206	190
567	170	207	189
573	175	199	189
572	185	201	185
578	190	194	187
569	196	198	189
551	205	206	188
537	210	220	194
529	216	226	196
525	220	229	196
521	227	233	196
520	232	230	196
514	238	236	194
512	245	235	187
513	247	233	188
513	250	230	186
509	251	231	188
505	251	235	190
499	250	241	190
494	247	245	193
489	245	252	195
488	239	252	199
484	237	258	199
482	235	262	203
479	234	264	205
475	229	268	210
471	223	268	215
471	221	266	213
468	215	267	214
462	212	269	218
458	207	267	221
458	204	264	222
454	201	260	224
451	200	265	222
446	199	272	223
443	199	273	227
442	202	274	224
442	207	272	221
440	210	274	220
436	217	277	216
436	220	279	212
436	225	281	207
435	229	283	205
436	232	283	201
435	233	289	202
435	232	286	205
432	222	290	220
429	215	295	227
427	206	295	234
426	194	296	244
423	188	296	244
420	173	300	245
421	165	298	247
417	159	299	244
413	153	302	247
409	151	299	251
403	151	297	251
398	154	299	252
391	156	303	254
386	159	306	258
380	162	314	262
376	166	320	268
378	171	317	265
379	174	318	264
379	177	319	263
378	175	323	265
384	179	324	262
384	177	328	266
383	177	334	270
381	175	338	270
384	177	335	264
387	174	331	266
389	173	329	268
394	168	327	276
398	161	323	280
402	154	324	283
410	143	322	287
414	133	326	290
410	124	337	292
412	117	337	288
411	100	343	295
412	84	344	280
411	74	341	266
401	71	347	257
390	65	352	244
383	61	350	231
371	55	355	227
361	51	352	219
348	47	349	217
343	43	340	214
325	40	340	217
313	33	347	221
300	33	336	220
292	34	330	218
286	35	327	219
280	35	322	220
262	34	340	223
259	35	345	221
255	35	352	216
253	33	364	217
255	33	368	218
261	33	369	231
266	34	371	241
268	35	377	244
275	37	377	251
280	39	377	258
283	45	374	269
283	48	383	280
281	51	391	290
286	55	386	298
292	62	385	301
303	66	376	307
304	73	378	311
307	78	376	316
310	87	373	313
316	94	365	310
323	105	353	307
330	112	346	310
330	123	342	307
334	132	335	305
340	141	327	301
