55	234	71	74
56	232	70	74
60	232	68	75
58	232	70	76
58	231	71	75
62	231	70	75
60	230	71	75
61	230	70	76
65	230	67	76
64	230	68	75
66	230	73	76
67	231	70	75
70	231	68	76
72	231	68	76
75	231	66	77
79	231	64	75
83	230	62	77
81	230	67	76
83	229	68	75
83	229	68	76
83	229	70	75
86	229	68	75
82	228	73	75
87	229	69	75
88	228	71	75
89	229	71	75
87	229	74	74
90	229	71	75
90	228	72	75
89	228	73	75
92	228	71	75
88	227	75	77
90	227	72	77
90	227	73	77
90	227	74	77
88	226	77	77
95	227	72	77
92	227	77	76
94	227	75	76
96	228	75	76
99	227	74	76
102	228	74	76
103	227	72	77
104	226	74	78
105	226	73	78
105	226	77	78
107	225	73	79
108	225	73	79
109	225	70	80
108	225	72	79
110	225	72	79
108	225	73	79
107	226	72	78
106	226	73	78
105	226	74	78
103	225	74	78
103	225	72	79
105	225	72	79
104	225	71	81
104	224	71	79
104	225	71	79
105	225	70	79
105	224	71	79
103	224	71	80
104	225	72	79
103	225	73	79
103	224	77	79
101	224	78	78
96	224	81	79
91	225	89	79
91	223	89	79
91	224	91	79
93	224	88	79
95	224	86	79
92	224	88	79
92	224	87	80
89	224	86	80
87	225	87	80
87	225	83	79
83	225	84	79
85	226	81	80
83	224	79	80
79	225	85	81
78	226	83	79
79	224	82	79
77	223	82	80
74	224	84	81
74	224	82	80
67	223	85	80
62	224	91	81
63	224	88	82
64	224	83	83
67	223	77	83
62	223	80	84
71	222	72	86
68	221	74	89
58	222	79	87
57	222	78	86
50	223	82	87
49	224	79	85
43	224	80	85
50	225	72	85
42	225	79	86
41	226	76	85
39	228	73	84
34	227	73	85
29	229	82	85
28	229	82	81
23	229	85	82
17	232	88	80
14	232	84	77
11	234	80	77
1	233	85	76
5	236	85	75
2	236	88	74
2	237	83	73
0	238	87	75
1	238	88	72
2	239	84	72
1	238	84	73
0	238	84	73
2	239	82	74
2	238	80	73
2	238	79	75
2	238	80	75
1	238	80	75
1	236	80	75
1	237	78	75
0	236	77	76
0	234	85	79
0	232	82	77
0	232	80	80
0	232	86	79
1	230	80	80
0	230	84	80
0	229	84	80
0	228	82	80
0	226	86	81
2	228	87	81
2	226	89	82
2	225	88	82
5	224	88	83
8	224	90	83
19	223	82	86
12	223	88	84
15	222	88	84
18	221	86	84
25	221	81	85
19	221	88	86
17	221	89	85
23	221	85	85
22	221	87	86
23	221	86	86
24	221	86	86
22	220	85	86
19	221	89	86
15	221	91	86
11	221	91	86
8	221	91	85
1	221	96	86
0	221	97	86
0	219	94	87
0	219	94	87
0	219	93	87
0	218	92	87
0	218	92	87
0	219	91	88
0	218	90	88
0	218	91	88
0	219	91	89
0	218	90	88
0	219	90	88
0	219	90	88
0	219	90	88
0	218	91	89
0	219	90	89
0	219	90	89
0	219	88	89
0	219	88	89
0	220	87	88
0	221	88	86
0	220	87	86
0	222	86	86
0	222	82	85
0	222	83	85
0	223	79	84
0	223	78	84
0	224	76	84
0	225	74	84
0	224	71	83
0	225	70	84
0	226	68	84
0	226	70	84
0	227	67	82
0	229	67	80
0	230	67	80
0	228	66	81
0	229	65	80
0	229	65	79
0	230	64	79
0	230	63	80
0	230	63	80
0	230	64	78
0	229	63	79
0	229	63	80
0	229	63	80
0	229	62	80
0	228	64	82
0	229	64	81
0	228	65	82
0	229	72	82
0	228	68	82
0	228	67	84
0	228	77	82
0	229	79	81
0	229	78	81
0	230	78	81
0	230	85	81
0	230	82	81
0	230	80	80
0	230	78	79
0	230	76	80
0	230	73	80
1	230	69	81
0	230	68	80
1	230	68	81
0	229	70	82
0	230	71	82
0	229	71	82
1	230	71	81
1	230	71	80
0	230	72	80
1	231	73	81
2	231	72	77
0	228	75	81
1	230	77	80
0	230	82	81
0	229	80	79
0	229	82	80
0	228	81	80
0	228	82	81
0	224	81	85
1	225	77	81
1	224	81	82
0	223	81	84
3	225	77	82
8	223	73	84
9	224	73	84
13	223	72	84
18	224	70	84
19	222	72	85
22	221	71	87
21	221	72	88
26	220	72	86
25	219	73	88
30	219	72	88
33	220	71	87
36	219	74	87
39	220	74	86
42	221	73	86
43	221	70	85
50	220	70	86
55	220	64	85
58	219	66	86
58	219	69	85
60	218	70	87
64	218	76	86
63	217	77	87
68	219	73	85
70	217	68	87
73	217	67	88
76	217	67	87
79	217	69	88
83	219	71	85
86	218	68	84
88	219	70	84
92	218	72	84
94	217	75	83
97	218	73	83
96	216	74	84
99	216	75	84
105	216	72	83
105	216	77	85
107	215	79	86
105	216	80	86
106	215	83	86
108	215	84	86
106	215	88	86
113	216	80	85
112	216	83	86
111	216	85	85
111	216	82	86
108	215	85	87
115	215	82	86
112	214	86	87
117	214	83	87
115	214	86	87
117	214	87	89
118	214	87	88
118	215	88	87
122	215	86	87
123	215	87	86
122	215	90	86
124	215	93	85
128	214	93	86
127	213	91	87
136	213	88	86
135	213	89	88
136	214	89	85
134	214	92	85
135	215	89	85
132	215	93	85
130	215	93	84
127	216	89	84
132	217	90	84
129	216	86	84
127	217	93	85
126	218	87	83
128	219	86	82
123	218	90	82
123	219	89	83
126	221	83	81
122	220	84	81
128	220	82	84
123	220	83	81
125	220	89	83
121	220	88	81
126	220	80	83
121	219	83	83
125	218	81	84
125	218	83	85
121	218	88	84
120	216	89	85
122	216	85	87
127	216	82	87
127	216	83	88
129	217	78	88
132	216	78	87
134	216	70	86
136	215	72	87
134	217	73	88
139	216	67	85
141	216	78	89
141	216	75	87
142	217	73	87
142	216	80	87
142	217	80	87
144	216	78	87
144	216	82	87
144	217	85	88
149	216	80	88
149	216	78	86
146	217	85	90
146	216	82	91
148	216	77	87
155	216	71	88
145	217	78	87
142	215	78	85
147	215	74	85
142	214	78	87
150	216	70	86
144	214	76	86
145	216	74	86
147	214	72	85
150	217	69	87
144	217	75	85
145	215	76	82
146	216	73	84
148	216	77	83
145	217	83	84
145	216	86	86
143	217	87	86
151	216	82	85
149	217	78	83
154	218	81	85
153	217	73	86
156	216	81	85
155	220	83	85
159	218	81	83
161	217	85	85
167	217	84	84
166	218	86	84
172	218	83	83
174	218	87	86
176	216	83	91
181	216	82	91
182	216	81	88
186	215	80	89
189	216	78	90
191	217	77	87
192	217	77	89
196	218	75	89
203	218	69	92
209	218	66	90
213	218	65	90
216	219	66	89
218	218	67	89
224	217	71	90
230	216	66	95
229	216	66	97
232	216	68	96
235	216	65	98
240	217	65	96
244	218	67	94
244	218	65	95
249	219	67	91
252	218	66	91
265	223	72	103
282	230	70	107
271	222	76	110
270	218	71	100
275	219	68	114
281	217	68	105
289	217	65	106
293	218	66	102
296	223	65	113
297	217	66	98
300	237	68	92
304	223	68	90
303	225	70	92
306	225	70	88
309	217	77	90
315	216	66	88
321	214	67	86
321	215	66	89
332	214	71	86
334	214	70	86
337	216	63	84
344	214	81	86
343	214	89	85
345	216	95	83
346	216	95	83
348	215	99	84
349	216	95	84
353	215	95	83
354	215	94	83
357	215	90	83
361	215	93	84
363	214	91	84
365	214	91	83
368	214	91	83
370	214	92	83
371	212	80	86
378	214	82	85
374	215	81	85
381	214	77	84
384	214	79	84
385	215	80	83
386	213	75	83
389	214	76	85
389	214	76	84
390	214	77	84
392	214	79	83
391	213	79	83
394	213	82	86
395	213	80	82
396	213	82	83
397	213	81	82
398	213	79	82
399	214	78	82
400	213	79	83
402	212	78	84
404	212	78	84
405	211	77	85
408	210	76	85
411	211	73	87
414	210	71	86
416	210	72	86
420	210	72	84
424	211	72	84
426	211	75	81
431	211	74	81
432	212	77	82
435	211	78	82
435	209	79	83
440	209	77	84
444	208	77	84
447	208	76	84
446	208	78	85
452	208	79	85
450	207	82	84
458	207	80	86
456	207	84	84
462	206	81	86
468	204	82	88
465	208	87	87
470	207	84	86
467	207	81	87
465	207	80	88
469	205	78	88
468	206	78	88
470	205	78	88
472	205	79	88
474	205	79	87
473	206	81	86
480	204	83	87
484	204	74	87
490	206	77	85
490	205	70	87
491	203	66	84
494	204	67	86
496	203	68	83
498	203	66	85
502	202	71	85
500	202	72	88
502	201	71	88
505	200	66	89
505	201	69	90
506	201	72	88
507	200	71	89
508	201	74	90
508	204	80	86
511	209	82	85
515	210	83	83
512	209	79	83
515	211	82	82
511	208	79	83
513	209	80	82
516	208	80	84
516	207	81	85
513	202	79	87
515	205	80	84
515	202	79	87
517	205	77	85
521	205	83	87
521	203	80	90
524	203	84	87
523	205	80	89
525	206	87	87
524	200	88	92
528	203	85	93
525	202	88	91
528	200	89	93
532	200	86	93
530	200	84	93
534	200	81	93
533	200	84	94
531	200	84	94
528	199	85	95
525	202	85	94
521	204	88	90
521	206	86	89
519	206	84	88
519	204	89	90
516	202	86	92
519	200	85	94
520	199	85	95
516	199	83	91
516	202	85	92
515	200	84	93
516	199	80	94
510	198	77	94
507	199	76	91
511	196	78	93
515	200	80	95
508	199	81	94
515	198	77	94
510	198	75	95
505	197	72	96
509	195	71	98
505	194	72	100
504	195	73	100
497	197	74	99
490	204	83	95
488	200	81	95
483	197	84	99
486	199	84	98
485	198	81	99
473	198	80	98
475	202	86	97
478	201	86	96
473	199	86	95
472	202	83	97
467	206	92	90
452	201	93	93
458	203	83	93
448	205	94	91
453	207	87	89
440	205	81	93
436	206	91	91
432	208	93	91
437	209	89	90
439	211	79	86
436	211	80	87
434	213	81	85
432	211	81	87
433	212	82	86
430	212	83	85
431	212	83	86
429	212	77	85
429	213	75	88
432	212	79	86
432	212	81	87
429	213	71	85
431	212	78	86
432	212	78	85
431	212	79	85
430	212	78	85
430	211	82	86
431	210	82	86
431	210	77	87
428	209	75	92
431	205	84	93
435	206	79	89
436	206	82	90
435	206	88	92
438	206	91	91
435	205	87	90
437	205	84	93
436	204	80	93
437	202	80	96
439	201	81	92
442	201	81	91
440	202	80	92
441	199	81	94
440	201	79	94
442	197	84	95
437	199	85	96
439	198	82	96
430	197	86	97
426	198	87	97
421	196	87	97
425	196	94	100
420	196	90	98
430	194	90	100
433	195	77	101
430	194	73	102
424	194	83	101
418	194	87	101
409	196	90	102
403	196	86	100
402	194	92	100
396	197	102	99
396	198	92	99
394	197	97	99
392	197	90	100
392	197	87	99
385	197	96	100
382	196	89	100
378	195	90	99
373	194	94	100
369	194	94	102
366	194	97	103
358	194	105	104
355	193	106	104
355	193	104	105
352	194	104	106
348	194	102	105
344	194	105	105
341	193	103	107
339	193	98	108
337	193	98	110
336	193	98	112
343	191	88	109
340	190	90	112
338	191	88	112
330	190	93	112
329	191	89	110
323	191	90	113
318	192	92	115
308	194	97	112
302	196	96	111
303	197	91	109
299	194	90	110
296	194	88	114
293	193	85	116
288	191	86	121
281	190	90	124
274	192	94	119
267	193	99	119
264	192	96	126
261	193	96	121
249	194	101	121
243	195	103	123
243	194	102	127
249	192	95	126
238	193	102	128
236	193	98	130
221	193	108	127
223	193	109	124
