842	312	16	43
840	312	17	42
840	311	17	42
840	311	18	43
839	311	18	43
838	311	18	44
837	310	18	44
837	310	18	44
837	310	18	44
836	311	19	44
836	311	18	43
836	311	18	43
835	312	18	43
834	313	18	41
833	312	19	42
832	313	19	41
831	310	18	43
830	312	18	42
830	311	18	42
829	311	18	42
828	312	18	42
828	312	17	42
827	312	17	42
827	312	17	42
825	312	18	43
825	311	18	44
824	311	19	44
824	311	19	44
823	311	19	44
822	311	19	44
822	311	19	44
821	311	19	44
821	312	19	44
820	311	19	44
820	311	19	44
819	312	19	44
818	312	19	44
818	312	19	44
817	312	19	44
817	312	19	44
816	311	19	44
816	311	19	45
815	311	19	45
815	311	19	45
814	311	19	45
813	312	20	45
813	311	19	45
812	312	19	44
812	312	19	44
811	313	19	44
811	313	19	44
810	312	19	44
811	313	19	44
809	312	19	45
809	313	19	45
808	312	19	44
808	312	19	44
808	313	19	45
807	313	19	45
806	314	19	44
806	314	19	44
805	314	19	44
805	315	19	44
804	314	20	45
803	314	20	45
802	314	20	45
802	315	20	45
802	313	20	45
801	314	20	45
801	314	20	45
801	314	20	46
800	315	20	45
801	316	19	45
800	315	19	45
800	316	19	44
801	315	19	45
800	316	20	45
800	315	20	45
799	316	20	45
799	316	20	45
800	314	20	46
799	315	20	46
799	315	20	46
798	314	20	46
798	315	21	46
798	315	21	47
797	315	22	47
797	315	22	47
797	315	22	47
797	315	22	46
796	315	22	46
796	316	22	46
795	316	22	47
795	315	22	47
795	315	22	47
795	315	22	47
795	315	22	48
794	315	23	48
795	315	23	47
794	315	23	47
793	315	23	47
794	316	23	47
793	316	24	48
794	316	24	48
792	315	23	47
792	316	23	47
793	315	23	47
793	316	23	48
792	316	23	47
792	316	23	47
793	317	22	48
793	316	23	48
792	317	23	48
791	317	22	48
791	317	23	48
791	317	23	48
790	318	23	48
790	317	23	48
790	317	22	48
790	316	22	48
789	317	22	49
790	317	22	49
789	317	22	48
788	317	22	48
789	317	21	49
788	317	22	49
788	317	21	49
788	318	21	49
789	318	20	49
787	317	21	50
788	318	21	49
787	317	21	50
787	317	21	50
787	318	22	51
786	317	22	51
786	316	23	51
786	317	22	50
785	317	23	50
786	318	22	50
785	317	22	51
785	318	22	50
784	318	23	50
784	318	23	51
784	317	23	51
783	318	23	51
783	317	23	52
783	318	23	51
784	318	22	51
782	318	23	52
783	318	22	51
783	319	22	50
782	318	22	50
783	319	22	51
783	319	22	52
783	318	22	52
782	318	23	52
782	318	23	52
782	317	23	52
781	317	23	53
781	317	23	54
781	316	23	53
780	316	25	54
780	317	24	53
779	317	25	53
779	316	25	53
779	317	24	53
778	317	24	54
778	317	24	54
776	317	25	54
775	317	25	54
776	317	24	54
775	316	25	55
774	318	25	54
774	318	24	54
774	318	25	53
773	318	25	53
774	318	24	54
773	318	24	54
773	318	24	54
772	318	24	54
772	319	24	53
772	320	24	53
772	319	24	53
772	319	24	54
771	319	24	54
771	320	23	54
770	320	24	54
770	321	24	53
769	321	24	53
769	322	24	52
769	322	23	53
769	322	24	53
777	322	24	53
785	320	25	52
795	318	25	54
806	316	25	55
825	314	26	57
845	312	27	57
851	318	26	53
853	321	24	53
853	320	22	53
852	321	23	52
849	321	23	53
846	322	23	53
844	322	23	54
842	322	23	54
842	321	23	55
841	321	23	55
840	321	23	55
839	322	24	55
838	321	24	55
839	322	23	55
838	322	24	55
837	323	23	54
837	324	23	54
836	323	23	55
835	323	23	55
835	323	22	55
835	323	22	55
834	324	22	55
835	323	22	57
834	323	22	56
833	323	22	57
833	323	21	56
834	324	22	55
834	324	21	54
833	325	21	55
833	324	22	56
834	325	21	56
833	324	22	57
832	324	22	56
833	324	21	57
833	324	22	57
833	324	22	57
832	324	23	57
832	324	22	58
833	325	22	58
832	325	22	57
832	326	22	57
831	325	22	58
831	326	22	57
830	325	22	58
830	325	22	58
830	325	22	59
830	325	22	58
829	325	22	58
829	325	22	58
829	327	22	58
829	326	22	57
828	327	22	57
828	327	22	57
827	327	22	58
827	328	22	59
828	327	22	58
827	328	21	58
827	327	22	58
826	328	22	59
825	326	23	59
825	328	23	59
825	327	24	60
823	328	25	60
822	328	26	59
821	328	26	59
820	329	25	60
819	329	25	59
817	329	25	60
818	328	24	59
819	328	23	60
817	328	24	60
817	328	23	60
817	327	23	61
816	329	23	60
817	329	22	59
816	329	23	58
815	331	22	57
815	331	22	59
814	331	22	59
813	330	23	60
813	331	22	61
813	331	22	60
812	330	23	61
811	330	23	61
810	331	23	62
809	330	24	62
809	329	24	62
808	331	24	61
807	331	25	62
805	331	24	61
805	332	26	60
804	331	25	62
802	331	25	62
802	331	25	61
802	331	24	63
801	331	24	63
800	331	24	64
801	330	23	63
798	331	24	62
798	330	22	63
798	331	23	63
798	332	22	61
797	332	23	62
798	333	22	61
797	332	22	62
797	332	22	63
797	331	22	64
796	332	23	63
796	332	24	63
795	332	25	62
794	332	25	62
794	331	25	63
793	333	24	62
792	334	24	61
794	333	24	62
791	333	24	61
791	334	22	61
791	335	22	60
792	334	22	60
791	335	22	60
790	333	21	62
788	332	22	62
788	332	22	61
789	333	21	60
789	333	22	60
791	333	22	60
791	334	21	61
789	334	21	61
790	334	21	61
790	334	24	61
788	331	25	64
787	333	25	63
782	331	26	66
784	330	26	67
786	330	26	66
783	331	26	66
780	330	30	66
781	331	31	66
780	331	31	67
779	331	32	69
782	331	28	72
781	332	27	71
755	331	35	68
741	331	43	75
718	354	60	82
700	362	47	105
702	366	43	105
699	371	45	93
700	373	43	89
701	370	42	101
698	369	46	101
692	366	49	105
695	363	46	110
690	363	48	107
689	360	50	112
691	359	48	113
689	360	49	108
690	360	47	109
689	363	46	106
688	367	47	103
685	373	46	97
683	372	44	99
680	366	44	106
680	371	45	103
677	368	48	107
677	366	50	111
673	369	51	112
668	366	57	109
669	362	55	116
670	374	56	114
674	374	49	110
673	370	48	116
666	367	55	111
668	364	52	118
655	359	64	116
659	358	69	113
611	373	67	120
568	390	59	130
566	387	59	148
567	395	58	143
567	383	59	151
562	398	61	140
559	403	61	134
559	401	61	138
560	404	61	138
558	403	62	140
557	405	61	140
556	402	62	145
557	401	59	147
559	401	57	146
558	404	57	144
557	405	57	141
556	405	57	137
555	406	56	137
553	409	58	139
549	408	62	134
548	407	60	129
546	406	59	142
543	405	63	146
541	405	63	143
539	404	66	155
538	407	64	147
534	406	66	150
534	408	65	152
531	408	66	152
530	411	65	151
529	413	66	151
527	410	66	151
525	413	67	157
522	412	70	159
522	413	68	158
519	412	68	156
518	411	67	157
516	406	69	159
515	403	67	161
520	392	62	141
518	393	61	142
587	388	70	132
514	396	66	162
512	408	64	160
513	407	62	157
511	411	63	154
579	397	62	132
572	394	70	126
584	392	53	135
578	391	60	137
577	391	64	132
583	388	58	134
582	392	53	125
581	387	61	114
591	383	62	109
593	379	70	114
584	383	64	114
587	379	66	121
583	382	68	120
577	383	71	126
570	378	81	127
566	395	86	141
567	392	87	139
573	379	77	122
571	380	71	130
564	383	72	124
571	383	69	123
565	387	72	122
557	384	77	124
562	386	67	125
565	391	61	121
562	393	61	114
574	392	60	113
571	389	73	113
572	388	68	119
579	385	64	119
560	391	61	119
548	391	68	111
561	391	68	115
551	384	72	122
552	392	61	132
546	397	64	120
553	396	77	116
551	393	70	119
552	396	62	116
549	397	62	115
544	397	65	117
541	407	63	110
540	400	63	119
507	403	61	113
543	403	62	115
534	402	66	115
524	407	75	126
520	407	70	117
538	397	72	120
532	397	78	122
487	399	78	132
508	400	87	122
488	394	98	134
485	393	93	144
470	411	100	141
469	409	108	136
464	404	100	137
464	420	99	136
435	416	101	135
436	429	95	135
428	414	84	143
418	420	77	137
405	420	70	134
383	432	79	127
372	416	73	123
367	414	76	120
351	428	80	120
345	439	81	123
337	436	82	122
344	425	83	131
381	407	75	137
374	405	85	136
364	396	96	138
330	388	92	144
355	379	89	144
324	381	82	133
334	380	90	129
310	369	106	137
283	406	122	149
295	398	96	160
287	390	95	161
274	375	66	152
278	385	65	136
273	384	67	132
269	395	72	130
259	396	70	126
240	394	71	133
258	395	70	135
232	393	66	132
236	395	59	122
238	398	60	116
240	396	68	120
267	408	68	135
226	405	76	135
254	424	95	141
251	413	83	151
248	414	86	151
247	417	88	152
261	424	87	149
214	417	76	144
217	419	74	138
212	423	75	136
161	431	88	132
217	422	73	142
245	427	65	137
201	405	82	147
255	435	86	138
247	430	94	142
239	418	103	144
223	411	106	154
275	423	128	148
411	415	91	154
410	371	120	151
579	363	71	129
575	370	73	117
579	358	98	111
587	372	59	118
589	373	48	117
589	374	47	116
589	376	46	114
589	376	47	114
590	377	46	110
589	379	47	113
589	377	47	117
588	377	47	118
585	375	52	119
582	375	57	120
569	376	70	119
583	378	61	118
585	376	54	120
583	376	58	122
577	375	67	121
578	376	68	122
583	380	56	119
566	376	68	115
583	382	52	120
581	380	54	121
581	382	53	120
580	382	50	120
573	380	61	119
579	379	50	123
580	381	47	123
579	381	48	123
581	381	48	126
580	383	45	123
580	385	44	120
578	385	46	121
578	385	46	123
577	384	49	126
574	384	49	127
573	383	53	128
573	384	51	125
573	382	51	129
574	382	51	131
571	383	52	130
572	383	52	132
572	385	53	132
570	385	57	131
570	387	54	131
570	390	53	132
569	390	54	132
570	389	58	133
574	387	58	136
580	386	55	136
583	387	55	135
585	388	53	133
587	389	53	133
590	389	52	135
595	390	54	136
599	390	55	138
606	388	56	138
611	387	57	142
617	388	57	141
622	389	56	140
625	390	59	135
629	388	60	140
633	389	59	139
636	391	59	135
639	390	56	144
638	389	58	148
637	389	57	146
637	392	55	143
636	392	58	139
635	393	60	145
633	393	60	146
632	392	61	152
631	395	63	146
628	392	65	145
624	390	66	141
679	363	61	107
686	362	50	106
683	363	50	104
682	363	58	103
677	361	63	105
679	360	58	107
683	363	56	103
678	363	58	103
681	363	56	104
679	362	61	105
680	362	55	106
680	364	55	105
676	362	64	105
669	364	62	103
631	407	64	134
624	402	68	126
623	406	74	139
623	406	66	139
628	409	65	141
627	410	62	137
620	409	71	138
624	412	72	142
623	410	75	144
626	413	75	138
621	408	79	142
652	411	68	143
657	408	67	140
657	409	67	147
661	409	66	148
668	415	58	135
672	416	56	127
669	413	57	127
666	421	62	130
668	417	59	134
690	372	58	133
629	379	66	115
662	419	72	142
671	417	65	149
666	410	73	149
692	420	69	152
694	419	75	153
696	422	77	150
707	430	70	144
698	426	79	148
698	429	76	145
695	428	80	145
695	431	75	142
692	428	79	146
689	429	77	145
689	427	79	146
689	426	77	148
690	426	74	149
686	426	77	148
686	429	73	145
681	429	76	145
677	432	75	140
676	435	73	138
675	437	72	135
670	430	73	136
670	434	78	138
667	425	78	144
669	430	84	144
664	430	83	144
660	431	85	144
653	432	90	141
650	434	92	141
648	436	96	139
638	438	97	137
632	437	102	138
626	435	103	140
631	441	97	134
690	375	94	138
626	430	97	143
620	432	93	142
624	437	89	138
614	420	92	151
610	425	93	148
605	427	94	142
538	393	78	153
563	398	94	139
609	452	89	121
602	433	89	137
