730	299	220	77
727	299	216	74
728	302	215	75
728	304	214	75
727	306	216	75
728	309	215	74
728	309	214	74
728	309	215	74
728	307	213	75
728	306	214	74
728	306	213	74
728	306	215	74
728	308	214	75
728	310	214	75
729	313	215	75
728	316	213	75
728	317	214	73
728	317	213	74
729	314	214	75
727	313	213	75
728	311	215	75
727	312	214	73
727	313	213	73
726	313	213	73
727	314	214	73
726	315	213	73
727	316	215	73
726	317	214	73
725	317	214	73
725	317	214	73
725	318	215	73
728	319	215	73
731	320	217	73
738	318	218	74
743	319	216	74
746	318	213	75
749	321	210	74
750	320	209	74
749	319	210	75
751	319	208	74
750	321	209	73
745	322	212	74
737	323	213	73
735	321	213	74
731	321	213	74
729	318	214	74
729	319	213	73
728	318	213	73
728	318	214	72
726	318	213	72
725	320	213	73
724	324	214	73
723	327	214	73
722	330	214	73
720	333	214	73
719	333	214	73
718	334	213	72
716	332	212	73
714	331	213	73
713	332	213	72
711	331	212	73
708	332	214	72
706	334	215	72
705	334	215	72
711	333	217	73
709	332	215	73
706	329	214	73
705	325	214	73
702	326	214	73
701	324	213	72
700	324	213	72
695	326	212	72
694	328	213	72
692	330	212	72
689	333	211	73
689	335	210	74
687	339	209	72
684	341	210	72
682	344	209	72
679	346	210	72
675	347	211	72
666	349	220	71
669	348	217	73
673	348	212	72
671	348	219	72
679	348	215	74
685	351	216	74
691	354	218	75
695	358	220	74
705	358	216	74
713	358	213	73
720	358	206	72
721	358	208	71
720	356	212	73
726	356	206	72
729	355	207	71
734	355	206	72
734	356	212	73
739	358	211	74
742	359	207	72
742	360	207	71
738	361	211	71
739	360	204	71
732	358	210	72
733	359	206	70
729	358	208	70
726	358	208	69
717	358	214	69
708	357	221	71
700	357	226	71
703	356	221	72
698	356	221	71
703	356	211	74
697	356	216	73
698	357	209	72
692	358	214	73
689	358	212	76
685	359	213	82
679	363	213	82
676	364	211	81
676	361	210	77
674	366	205	87
673	361	206	80
672	364	203	83
670	364	203	80
666	378	207	91
657	366	214	103
657	396	216	99
653	396	221	103
650	399	223	98
649	383	220	90
638	397	242	110
638	399	236	102
635	389	240	101
628	393	250	116
627	396	245	114
623	397	249	110
620	399	257	109
616	398	264	106
617	394	266	115
615	393	278	113
622	390	273	103
628	393	275	96
642	400	276	99
650	398	281	101
658	403	277	99
663	406	285	97
662	403	289	101
661	405	291	103
660	403	287	105
662	402	288	110
663	402	287	104
668	401	285	107
672	400	283	109
674	402	281	107
674	404	281	106
674	404	282	107
672	404	284	107
678	404	276	108
676	402	275	108
667	403	286	108
659	400	294	110
662	401	273	113
656	406	276	111
649	407	290	114
642	409	277	116
634	409	282	112
634	410	255	112
629	412	252	110
625	414	233	113
432	429	206	107
432	432	206	102
432	433	205	103
432	433	207	103
431	432	212	103
431	433	216	102
431	433	221	101
433	433	219	101
433	434	216	101
432	435	217	102
435	436	220	101
433	436	221	100
436	436	226	100
435	436	310	101
427	432	307	107
426	434	305	106
428	436	322	107
427	435	329	106
426	436	322	105
428	436	318	105
429	436	318	108
433	436	310	108
432	437	304	110
433	437	297	107
433	439	288	108
433	440	285	108
432	440	285	110
431	442	274	109
434	447	294	110
431	448	302	113
428	453	319	111
432	447	291	112
440	455	370	114
448	451	288	113
469	447	245	112
483	445	254	105
494	441	237	107
513	420	210	106
520	416	208	105
534	412	204	104
545	407	210	103
574	407	202	99
590	407	204	98
604	400	206	96
611	387	203	96
613	378	202	94
617	373	202	90
628	370	205	95
652	378	201	90
666	378	208	91
678	377	211	93
685	375	208	94
694	365	205	99
700	364	205	96
707	366	210	97
715	367	216	100
730	364	216	98
744	362	213	99
757	358	200	100
765	354	194	99
771	351	187	97
774	349	184	96
779	354	180	95
788	359	170	98
802	367	157	98
821	371	137	96
840	375	118	92
859	380	100	88
884	386	75	81
909	394	50	70
931	385	28	85
930	367	29	101
925	363	34	118
918	380	38	131
877	463	79	104
735	496	171	69
634	435	238	88
622	482	263	86
606	477	262	85
601	477	261	86
596	479	266	85
606	477	260	85
604	489	268	76
621	490	264	73
628	497	273	67
730	427	227	87
662	504	269	65
695	503	251	66
698	505	256	65
574	461	219	85
598	464	249	92
628	466	253	89
662	468	247	92
689	473	255	89
703	482	245	80
711	489	244	74
716	495	239	68
713	496	243	66
715	495	240	67
714	490	241	71
713	486	242	75
715	485	241	75
722	492	236	71
729	507	230	58
735	524	222	46
738	532	218	41
766	537	192	38
786	535	171	40
782	536	177	37
786	538	170	33
779	538	180	33
779	536	180	34
781	530	178	38
808	524	150	43
827	518	132	48
827	515	129	50
848	518	111	47
863	522	96	44
888	523	71	43
895	527	64	40
899	520	60	48
826	533	133	33
815	527	143	38
826	526	133	40
811	526	148	38
807	521	152	46
755	530	204	40
737	527	216	42
726	523	229	46
730	522	218	46
720	522	230	48
683	519	259	51
691	518	260	50
708	522	243	49
703	520	250	48
699	517	251	54
689	514	260	55
683	513	259	56
679	511	263	58
674	510	267	60
669	508	273	61
669	506	280	65
673	503	273	66
679	500	275	67
680	498	276	65
677	500	276	63
677	501	277	62
670	500	283	62
666	504	285	59
684	504	268	59
687	506	264	57
700	505	249	57
690	504	260	59
705	503	252	61
721	497	231	66
717	488	238	73
720	487	234	74
735	484	217	75
751	485	203	73
764	487	188	70
776	488	179	68
790	490	164	69
778	486	176	70
773	487	180	73
791	486	164	72
811	482	144	79
812	483	144	74
834	483	125	76
811	484	137	72
694	478	181	79
714	483	158	75
730	485	164	73
747	483	191	74
758	491	193	69
769	486	150	70
773	475	153	82
774	472	160	85
774	472	172	82
772	469	178	80
773	468	184	88
774	478	184	79
781	488	176	71
793	496	166	63
801	507	158	52
807	511	152	48
811	517	148	43
816	519	143	41
821	513	138	45
824	509	135	49
831	507	128	51
842	507	116	52
854	509	105	49
868	517	91	42
885	525	74	36
903	532	56	29
919	537	40	23
929	542	30	19
937	507	20	54
932	480	23	77
925	449	31	108
923	411	34	137
912	348	47	59
925	342	34	57
935	337	23	63
931	327	26	81
926	313	31	102
920	296	36	127
907	278	49	144
831	206	76	54
853	217	57	50
868	217	59	46
867	210	47	57
886	223	31	47
898	221	25	45
904	221	26	45
910	225	26	46
915	228	26	45
937	223	22	53
935	230	23	51
904	243	24	49
890	251	24	47
871	257	23	48
848	264	24	47
843	262	29	49
818	263	34	53
806	262	35	54
789	268	33	51
796	270	28	52
804	271	25	51
821	268	23	50
838	259	25	53
858	251	28	43
872	243	25	47
877	234	24	47
879	229	23	49
879	228	24	48
871	230	25	47
851	237	25	48
844	237	33	52
838	232	36	54
843	226	34	55
844	220	37	56
844	225	38	55
855	230	36	51
862	235	39	51
875	233	37	53
881	234	32	54
868	227	36	51
856	212	37	57
825	200	55	56
790	157	104	54
828	196	61	58
843	202	43	47
857	200	41	45
869	195	38	47
880	194	35	47
894	191	41	49
902	191	42	48
903	190	32	53
907	188	28	48
924	186	27	48
912	188	38	47
915	188	31	49
925	189	33	45
932	190	26	51
937	202	22	50
939	205	20	60
907	194	51	51
907	194	46	53
925	191	33	58
929	181	30	68
895	159	53	35
906	156	49	36
927	146	32	42
938	129	20	49
938	129	21	44
934	129	23	40
928	129	31	39
927	130	31	41
933	127	24	47
944	124	15	53
900	117	23	44
868	147	25	40
880	142	24	41
893	138	23	40
903	135	23	39
909	133	23	40
912	134	22	40
918	136	21	41
928	139	20	40
939	138	18	45
942	113	14	75
936	126	22	80
932	132	27	85
895	118	39	49
915	62	28	45
939	41	19	85
928	49	29	63
935	46	23	66
937	37	21	75
939	49	20	69
939	36	17	81
936	22	19	97
929	15	28	105
920	18	38	115
894	64	59	121
795	135	89	73
805	112	99	89
791	113	104	84
828	109	92	87
831	103	94	93
831	105	104	98
719	119	140	94
685	126	160	85
684	122	165	82
691	126	119	77
698	134	123	83
699	141	129	76
708	147	128	71
720	142	150	70
729	139	141	75
743	122	134	87
737	129	154	76
741	129	155	73
746	123	151	73
743	123	118	65
757	114	97	70
763	109	97	65
773	115	100	65
788	98	101	79
785	108	109	77
799	93	97	75
811	92	95	79
822	100	98	85
817	111	121	76
818	101	105	88
810	96	103	97
790	241	128	68
783	232	127	69
788	232	118	71
784	231	124	66
796	235	123	61
808	237	124	60
815	240	123	57
824	239	122	54
837	242	113	49
836	240	116	49
846	238	110	50
845	230	109	51
839	222	114	58
839	216	113	60
815	198	125	61
832	197	115	72
837	202	110	68
840	214	108	66
763	168	150	88
667	166	134	93
614	165	141	97
453	348	189	80
446	367	197	92
444	365	197	92
441	363	197	91
442	364	195	91
443	362	195	90
447	360	192	90
447	357	191	91
447	355	189	91
447	352	188	90
442	348	187	90
437	344	188	90
435	342	186	88
438	341	185	87
444	341	179	86
436	341	188	85
441	341	184	86
443	342	184	85
447	342	182	85
447	337	185	86
444	332	187	86
445	331	186	85
442	329	186	85
445	329	183	86
450	327	177	83
456	323	174	84
460	321	172	83
457	318	175	83
461	317	173	81
462	315	172	80
462	315	171	80
464	311	169	79
468	305	167	81
466	303	169	79
467	303	167	78
463	303	168	78
463	303	167	79
461	303	167	78
461	304	166	78
461	303	164	76
457	303	165	76
458	300	160	77
454	297	161	78
449	294	160	78
443	291	155	77
437	288	156	76
426	282	160	76
416	278	160	76
407	272	157	75
401	268	154	74
400	266	152	72
396	266	152	71
395	266	152	72
396	268	154	72
397	268	151	71
401	268	148	70
407	267	144	69
412	268	143	69
417	269	142	69
423	270	141	69
428	273	140	70
432	277	139	69
440	281	140	69
449	283	139	69
457	285	138	68
461	284	137	68
462	278	135	69
462	273	134	68
458	268	133	68
458	262	132	67
461	259	131	66
465	256	129	65
468	256	129	64
471	257	128	64
474	257	129	64
477	260	127	66
480	265	126	65
485	268	124	65
489	270	125	65
496	270	123	63
500	268	121	63
503	262	120	62
504	257	119	61
500	253	118	60
496	253	117	59
492	253	118	60
492	256	116	59
490	259	115	59
488	260	115	59
486	258	114	59
481	255	112	59
476	250	111	59
470	244	110	59
465	239	109	57
460	232	109	57
454	230	108	57
449	229	108	56
444	231	111	57
441	232	109	58
442	233	109	57
440	232	108	56
435	231	107	55
433	227	104	55
429	225	101	55
424	224	100	54
420	221	99	54
415	218	101	53
413	217	101	53
408	216	101	53
405	214	99	53
398	213	100	54
396	213	97	54
390	213	97	53
380	212	100	53
381	208	96	52
373	205	99	51
374	202	93	52
367	201	93	51
365	200	91	51
362	201	89	51
359	202	88	52
352	204	91	51
357	205	83	51
351	208	85	50
347	208	82	50
351	209	74	49
348	210	67	48
329	211	75	48
308	213	88	49
278	212	112	50
278	210	108	51
249	209	130	54
242	211	129	54
230	212	125	57
225	217	115	55
217	219	113	58
213	219	109	56
205	222	109	56
198	221	105	54
192	220	99	53
187	220	99	59
180	218	99	57
181	220	97	56
180	224	94	58
180	228	93	60
188	232	88	56
184	234	84	54
175	236	86	56
170	239	82	54
157	237	84	51
153	236	78	52
150	233	76	51
152	235	73	50
150	236	74	49
157	238	69	50
