282	351	38	54
282	345	36	60
277	344	37	62
272	343	37	61
272	343	36	62
273	341	36	63
280	339	36	60
285	336	37	61
292	334	35	60
294	330	34	60
296	327	33	62
297	323	33	62
299	319	35	61
305	317	35	60
310	313	36	61
316	311	35	60
321	307	34	58
323	304	33	58
327	299	34	57
331	295	34	59
336	291	35	56
343	291	35	57
348	291	36	57
354	293	35	58
360	293	35	59
366	294	35	57
370	292	34	56
373	289	34	58
379	284	33	59
380	280	32	59
382	279	32	58
381	277	32	56
380	275	33	57
381	273	32	58
380	270	31	58
381	268	32	60
382	264	31	60
385	260	32	58
387	255	32	59
390	250	31	58
392	245	30	58
394	242	31	59
396	240	32	57
401	240	32	56
409	242	34	57
417	245	32	55
422	244	31	57
425	245	31	56
427	245	32	56
431	246	31	55
435	248	31	56
436	249	31	56
438	252	31	55
437	254	31	52
432	255	32	51
429	258	31	51
426	259	31	51
422	260	32	52
417	263	33	53
411	266	33	57
406	269	32	57
403	272	30	56
399	275	29	55
396	278	30	54
387	281	31	60
379	282	32	60
374	288	31	64
371	294	29	57
370	297	30	54
369	298	29	53
369	295	27	53
369	291	27	53
368	287	26	52
368	285	27	49
360	288	40	54
355	294	54	73
347	301	56	86
374	316	88	107
384	332	117	138
431	320	127	136
431	332	112	141
417	305	122	147
486	147	105	143
454	156	89	152
447	171	93	139
435	170	98	130
476	206	98	135
438	186	98	127
485	193	104	136
491	195	114	147
485	187	119	162
437	172	105	151
404	176	86	151
408	204	95	129
463	196	116	135
467	204	118	147
450	202	117	150
408	197	110	142
411	193	111	149
378	186	98	151
358	180	91	150
362	203	97	153
333	196	95	145
334	198	97	154
325	210	108	143
315	225	111	145
288	222	116	134
292	247	105	128
296	241	101	129
310	221	88	134
305	219	94	153
284	210	90	161
266	233	111	148
265	231	110	143
249	232	101	139
249	262	109	138
246	250	111	152
232	236	117	152
216	215	101	159
243	226	96	146
221	217	81	130
258	252	96	129
259	269	110	140
271	271	119	145
260	256	123	153
238	240	107	149
240	258	109	152
230	272	107	140
224	272	102	136
270	283	106	145
270	283	109	152
252	286	108	147
263	284	112	143
285	274	113	159
277	264	120	149
295	273	120	155
239	206	105	141
241	218	99	148
225	265	115	149
255	219	103	147
261	235	101	152
243	260	105	147
234	272	107	130
256	258	107	145
275	249	107	140
288	290	113	161
281	242	122	159
259	237	136	164
243	243	132	158
253	243	124	166
288	222	128	161
270	184	108	137
294	235	105	143
311	281	123	154
289	247	119	147
291	235	113	140
300	262	115	155
302	260	120	162
314	247	130	164
287	234	134	160
257	252	123	155
277	233	130	170
275	246	128	171
318	257	132	162
327	240	127	154
318	264	119	160
348	273	126	164
314	247	120	163
309	265	122	160
340	266	127	175
352	270	124	180
376	290	138	180
379	259	119	183
384	274	110	166
392	289	102	150
409	288	110	149
414	296	115	155
415	287	113	153
444	302	129	158
443	291	130	161
455	294	121	164
442	295	129	150
447	274	119	148
480	283	118	157
467	267	112	152
494	263	115	155
506	283	138	159
479	266	133	162
472	265	132	155
482	266	135	150
466	276	126	150
510	262	128	164
529	281	145	160
540	253	148	164
502	266	139	164
538	287	138	171
562	274	161	175
561	278	174	188
557	276	161	172
580	280	158	166
554	260	139	168
551	276	131	157
556	276	128	145
554	271	129	159
592	272	137	160
593	287	131	152
592	276	137	150
616	273	132	158
609	269	137	152
593	281	140	141
595	287	128	145
608	276	135	149
607	285	126	146
576	285	137	132
577	281	128	149
576	278	127	155
567	274	130	161
543	279	129	152
570	283	137	166
538	280	125	157
553	276	124	154
543	277	119	162
534	278	119	147
530	304	110	139
559	290	106	133
544	274	99	127
589	280	108	132
599	299	110	134
529	308	113	115
553	301	105	118
587	295	103	134
566	300	109	138
562	299	109	128
536	300	103	121
536	313	97	119
520	322	93	115
531	320	92	110
536	325	92	109
548	318	101	112
523	319	98	114
550	309	99	110
543	312	106	116
531	311	102	120
542	308	108	120
517	321	99	123
554	308	95	121
502	328	87	116
531	327	94	105
558	314	97	120
553	318	107	127
560	320	111	138
572	304	125	143
559	299	125	148
537	297	135	146
530	305	125	150
546	301	130	140
570	311	132	161
558	294	129	154
577	305	127	155
588	318	128	154
590	312	146	151
587	310	141	153
590	301	130	148
571	308	134	144
581	308	136	148
576	303	134	148
555	311	133	151
553	274	114	140
557	296	101	139
598	306	121	136
585	315	123	150
590	303	128	146
587	312	127	154
587	302	128	146
586	304	124	153
579	309	128	139
576	312	125	142
587	308	120	150
585	304	124	146
592	312	128	154
583	295	126	143
584	305	127	149
577	305	136	146
597	302	131	155
596	313	137	157
592	304	130	149
573	300	129	146
564	304	123	144
579	308	118	149
589	299	125	148
558	332	118	143
589	318	124	147
604	301	118	147
590	302	122	152
540	329	113	140
589	298	116	145
586	309	124	149
595	302	122	157
578	306	131	153
556	313	129	138
563	302	111	139
588	317	120	144
595	309	121	139
583	319	124	153
583	294	124	152
585	298	122	156
601	314	131	155
543	315	134	131
572	305	123	144
556	311	126	141
548	301	112	133
583	309	124	141
598	308	124	151
577	310	131	141
567	305	126	144
566	303	119	150
574	310	116	152
530	317	119	129
564	301	112	138
597	314	124	146
580	299	121	136
608	301	124	162
582	309	136	155
573	295	124	152
595	305	119	152
584	301	119	133
607	276	105	150
597	315	124	151
563	292	113	134
562	315	115	133
568	300	105	125
577	322	112	133
592	307	106	148
581	315	115	154
549	316	122	137
583	300	114	150
578	301	116	142
559	321	118	125
588	297	119	145
594	322	128	148
588	308	121	137
593	309	120	146
581	319	128	141
597	309	125	153
598	304	128	137
605	330	141	141
607	321	138	152
594	316	140	148
585	305	128	141
597	312	116	147
582	312	118	142
597	323	122	150
577	311	119	134
595	311	122	134
597	333	122	142
604	324	129	144
562	325	131	135
547	321	118	139
565	303	117	144
588	329	122	144
606	320	129	144
532	329	130	123
536	329	116	126
535	331	107	121
533	338	105	116
577	341	103	123
591	315	109	128
598	316	120	137
596	319	125	148
578	318	123	131
591	324	119	145
605	323	123	137
587	316	123	136
590	321	122	132
529	329	111	120
527	332	108	112
527	334	100	110
537	351	93	96
572	342	90	114
599	333	93	126
595	324	105	131
565	318	130	121
575	302	127	144
589	305	136	153
570	312	135	146
581	300	124	153
583	320	121	153
544	324	135	130
573	319	129	146
566	313	130	136
601	324	136	158
591	320	140	149
589	319	134	152
557	329	133	139
568	318	128	143
601	315	130	150
607	305	143	164
594	310	159	164
569	315	139	156
570	311	132	149
611	313	131	144
618	321	139	153
610	318	146	152
632	312	151	168
565	315	145	148
580	322	137	140
540	331	130	118
551	324	126	119
593	311	118	131
615	315	121	155
618	312	134	155
614	311	146	148
600	317	148	135
618	319	139	156
610	311	137	153
613	315	142	157
623	307	148	165
577	325	130	147
583	310	129	143
614	315	129	163
619	311	134	166
609	312	145	161
599	305	138	162
573	311	144	147
608	311	144	156
