745	316	20	47
744	314	20	49
744	315	20	49
744	315	21	48
744	316	21	47
743	316	21	47
743	317	21	47
744	317	21	47
744	318	21	46
743	319	21	46
744	318	21	46
743	318	21	47
742	318	21	47
743	318	21	47
742	318	21	48
742	317	21	48
743	317	21	48
742	318	22	48
743	318	21	48
743	318	21	48
743	319	21	47
743	318	22	48
744	318	22	48
744	318	22	48
745	318	22	48
744	319	22	47
745	319	22	48
745	318	22	48
745	319	22	47
746	319	22	47
745	319	22	47
745	319	22	47
746	320	22	47
745	320	22	46
746	321	22	47
745	321	22	47
745	320	22	47
746	321	22	47
745	320	22	48
745	320	22	48
744	320	21	48
745	320	22	48
744	320	22	49
745	321	22	48
744	321	22	48
745	320	22	48
745	320	22	48
745	321	22	48
745	321	21	49
745	321	22	49
745	320	22	49
744	321	22	49
745	321	22	49
744	320	22	48
745	321	22	49
744	320	22	49
745	320	23	49
745	321	23	49
745	321	22	49
745	322	22	48
744	321	22	48
745	322	22	48
743	322	22	48
744	322	22	49
743	322	23	50
743	321	22	50
743	322	22	49
742	321	22	50
741	322	22	49
741	321	22	49
742	321	22	49
742	322	21	48
742	322	21	48
741	323	21	48
742	322	21	49
741	323	22	48
741	323	21	49
741	323	22	49
741	323	22	49
742	323	22	49
742	323	22	49
741	322	23	50
741	323	23	50
742	322	22	50
742	322	22	50
742	323	22	49
742	323	22	49
742	324	22	48
741	323	21	48
741	325	21	48
742	324	20	50
742	323	21	50
742	323	20	50
741	323	20	50
742	323	20	50
741	322	20	51
742	323	19	50
742	323	19	50
741	323	19	50
742	324	20	50
743	325	20	49
744	326	20	48
750	324	22	50
756	324	23	48
766	324	24	50
776	322	25	52
789	323	24	51
802	323	25	51
817	324	25	51
832	323	23	51
832	322	23	52
829	322	23	51
828	323	23	52
824	323	23	50
823	324	23	51
822	324	22	51
822	324	22	51
822	325	22	51
822	324	22	51
822	322	22	52
822	324	21	51
822	324	21	52
823	324	21	52
823	324	21	52
822	324	21	53
822	324	22	52
821	324	22	52
821	323	22	52
822	324	21	53
821	324	21	53
821	323	21	53
821	324	21	54
820	322	21	55
820	322	21	55
820	322	21	55
819	322	21	55
819	322	22	56
819	322	22	56
818	323	22	56
817	323	22	55
817	323	22	55
818	323	22	55
817	324	22	55
817	324	22	55
816	324	22	56
815	324	23	56
814	325	22	56
814	325	22	55
814	325	22	55
813	325	22	56
814	324	23	57
813	325	22	56
814	325	21	55
814	325	21	54
814	326	21	54
814	325	21	55
814	325	22	55
814	325	23	56
813	325	23	57
814	324	24	56
813	325	23	57
812	325	23	57
813	325	24	56
813	325	23	56
813	325	22	56
813	325	23	56
813	325	22	56
813	326	22	56
812	326	23	57
812	326	23	58
811	325	24	59
810	326	25	59
810	326	25	59
809	326	25	59
810	326	25	59
809	325	27	59
809	324	27	60
809	325	25	60
808	325	27	59
807	325	26	59
808	325	28	59
808	325	27	59
811	326	27	59
812	326	28	60
808	324	31	64
774	323	32	64
770	321	36	65
776	320	38	66
773	320	35	69
766	321	36	71
729	335	43	75
720	336	44	80
732	334	45	85
727	337	48	85
727	339	46	81
728	332	41	80
720	331	45	87
715	333	45	84
729	330	40	82
726	326	40	78
729	331	34	75
725	328	38	78
718	326	42	76
719	326	42	84
681	342	43	83
678	351	44	87
676	347	44	89
679	350	37	80
671	344	47	85
662	351	60	89
676	343	62	93
634	354	62	107
590	353	61	103
592	354	55	110
590	349	62	113
586	352	56	114
587	353	55	110
586	352	58	104
580	351	52	103
577	350	49	101
571	351	51	99
579	354	46	90
566	354	57	103
580	354	53	105
572	357	54	100
569	352	53	105
566	353	54	99
566	355	51	102
568	356	51	96
538	351	50	79
530	350	44	80
516	354	38	71
515	355	35	65
511	358	34	59
446	333	31	62
441	333	33	61
441	334	33	59
442	334	33	59
442	334	33	58
442	334	33	57
443	333	33	59
443	334	32	59
444	334	32	60
445	333	33	60
445	333	33	60
447	332	33	61
448	333	32	60
449	332	32	61
449	332	33	63
450	331	32	64
451	332	31	65
452	331	31	64
454	330	29	62
455	331	29	61
455	330	29	61
456	331	29	60
456	332	29	59
456	332	29	58
456	331	30	58
457	332	30	57
456	333	30	56
457	332	30	56
457	332	30	56
458	331	29	56
459	330	29	56
460	330	28	56
460	330	29	57
459	331	30	58
459	330	29	57
460	331	28	55
461	331	28	57
463	330	27	58
465	329	26	59
466	331	28	60
466	331	27	58
469	330	26	56
471	329	24	49
472	330	24	51
474	330	24	51
475	331	24	51
476	331	24	49
475	333	24	49
478	331	23	52
478	332	22	48
480	331	22	48
481	331	22	49
481	331	22	51
482	330	22	53
483	329	23	54
484	328	23	55
484	329	24	55
485	329	24	54
484	330	24	54
485	329	25	54
485	329	29	57
491	330	29	54
497	331	26	50
497	332	27	52
513	331	27	53
494	332	26	51
490	332	23	49
488	334	24	45
491	334	24	45
490	333	27	44
490	333	25	46
506	334	25	52
505	333	27	53
500	335	26	54
483	334	28	54
498	334	27	63
479	335	26	53
481	335	25	51
482	335	25	51
477	335	24	50
479	335	22	48
479	334	24	51
479	334	26	54
474	335	25	54
475	334	25	55
475	334	25	56
476	335	26	57
470	336	24	52
471	338	24	51
480	337	23	53
481	339	23	48
479	339	23	47
481	340	23	49
465	340	23	48
465	339	23	48
465	337	25	51
467	336	26	54
461	337	26	52
460	336	26	57
460	335	27	59
462	337	26	58
473	337	25	55
464	337	29	55
460	337	30	57
475	335	28	57
523	324	28	56
525	323	26	55
525	324	27	54
526	324	27	54
526	324	28	55
527	324	28	54
528	324	27	55
529	325	27	53
531	325	27	52
531	325	28	53
532	325	27	53
532	326	29	52
533	325	28	53
533	325	29	52
533	324	29	53
533	325	30	53
533	324	30	53
533	324	30	52
533	323	29	52
532	323	29	53
533	324	27	52
534	323	26	52
534	323	26	52
534	323	25	52
534	322	25	52
534	322	26	52
535	323	26	52
535	322	27	53
535	324	26	53
536	323	25	53
537	323	24	52
538	323	23	53
538	322	24	55
538	322	24	56
539	322	23	54
539	321	23	53
539	323	24	51
539	322	24	50
536	322	25	52
534	322	26	53
531	321	26	51
526	322	26	49
519	322	24	50
511	322	23	50
511	321	23	49
511	320	22	51
512	320	22	51
510	320	23	51
502	322	23	49
491	323	23	47
480	324	24	45
469	323	25	48
451	324	23	47
434	322	23	48
422	322	23	48
415	322	23	49
410	323	24	53
407	326	24	51
401	323	26	53
395	321	30	57
399	324	27	55
388	320	32	55
392	317	28	55
392	312	30	56
389	304	34	56
383	296	42	57
430	303	46	70
423	318	45	78
419	311	48	79
415	310	43	83
417	319	44	79
410	323	45	82
397	336	50	82
407	330	48	82
422	321	53	86
401	330	52	85
406	336	50	91
382	349	55	91
404	328	45	87
399	320	42	82
406	316	41	81
412	321	43	85
403	339	46	81
396	327	40	86
402	324	36	76
396	326	36	70
395	330	34	66
397	332	34	66
398	336	36	61
396	335	34	59
400	336	33	57
397	334	33	55
396	335	35	56
434	330	31	51
438	327	27	54
435	327	29	53
435	325	28	53
434	323	32	52
436	326	27	52
428	324	36	47
424	324	44	57
411	330	52	72
399	334	54	78
401	339	55	85
399	338	60	82
400	352	64	88
406	363	69	95
398	358	60	99
397	359	75	101
391	361	78	118
395	361	87	122
396	368	88	123
384	358	102	139
362	401	121	160
371	396	113	175
359	397	125	173
320	381	148	177
329	407	146	168
333	390	146	175
214	427	142	148
159	426	129	147
183	425	136	143
166	420	148	147
158	428	135	147
158	430	138	144
163	438	120	137
155	450	82	125
150	450	80	123
150	454	75	120
147	459	79	116
145	456	82	119
143	457	86	117
142	460	81	115
140	458	78	117
138	462	79	113
131	462	84	113
127	467	87	108
124	468	91	107
125	469	83	105
121	471	90	104
122	472	78	102
118	470	89	105
115	470	81	103
105	472	91	103
103	473	94	102
98	475	92	100
95	469	94	105
93	473	93	102
92	478	89	97
91	476	83	99
88	474	85	101
84	466	94	108
80	460	101	115
87	467	93	108
87	465	98	109
90	467	94	106
91	438	91	132
87	474	99	101
84	435	98	132
90	475	88	100
15	438	91	130
19	442	82	133
16	443	91	130
25	442	88	132
22	443	88	131
27	445	87	128
26	446	89	127
29	445	97	129
28	448	82	127
27	447	88	128
24	447	80	128
24	448	91	127
17	447	86	127
15	448	93	127
13	451	77	124
7	445	94	128
8	449	78	126
5	447	95	124
3	450	76	124
1	452	74	122
0	454	68	120
0	460	62	114
0	457	61	116
0	455	62	113
20	351	53	93
14	349	52	96
17	349	50	94
20	350	49	93
19	351	51	93
20	354	54	91
48	348	44	93
35	347	58	91
41	349	58	94
28	346	63	97
20	352	50	94
23	348	55	95
25	348	52	95
23	349	51	94
24	348	51	95
25	349	49	94
31	351	49	92
38	350	50	93
38	350	55	91
47	351	47	91
75	353	47	89
88	354	43	87
86	352	49	87
101	351	45	90
71	352	51	87
74	348	52	93
66	348	54	90
77	350	51	89
82	349	48	87
105	348	40	88
107	350	39	86
106	349	39	86
126	348	46	87
104	349	41	89
109	348	42	87
118	350	40	88
126	350	46	89
136	350	48	90
103	348	57	87
97	347	59	90
111	347	55	91
106	347	62	90
107	349	60	90
98	349	61	90
106	347	57	92
62	348	58	92
60	349	53	91
41	354	48	88
42	356	44	85
39	357	44	82
35	357	49	83
38	357	54	85
33	354	55	88
34	351	54	92
48	355	50	90
48	351	49	91
50	353	48	91
50	352	48	92
53	353	46	91
47	353	49	92
45	355	48	91
46	351	51	93
46	353	52	92
48	353	53	92
39	352	69	92
57	353	63	93
78	349	55	96
72	349	62	94
75	352	60	94
73	350	60	95
73	352	55	94
75	349	54	95
72	349	56	94
72	349	59	94
73	355	58	91
65	350	62	92
67	354	55	91
68	352	53	92
65	352	55	90
62	353	55	90
59	354	55	89
60	352	58	91
59	355	56	90
62	352	56	93
62	358	54	88
65	354	51	92
66	356	53	88
66	357	55	86
69	360	60	83
59	355	63	91
58	358	61	91
61	361	56	89
62	360	53	88
93	356	51	89
97	352	50	93
97	358	46	87
97	358	47	85
100	355	40	89
99	356	43	86
100	354	43	88
95	356	44	87
94	357	48	86
95	358	49	85
93	355	48	87
59	355	52	90
63	367	49	82
99	359	44	83
94	357	48	85
90	361	55	84
93	357	52	88
94	358	55	86
98	363	60	83
158	384	48	83
159	384	48	79
166	384	52	82
164	387	51	84
154	384	48	93
157	384	56	89
201	393	55	96
208	398	51	94
210	396	48	97
206	401	55	100
210	402	47	95
205	401	49	94
180	392	48	93
198	400	48	100
189	402	51	95
191	399	53	102
190	401	52	103
186	402	51	101
183	399	52	103
177	397	54	105
172	398	54	101
173	404	54	98
126	385	55	90
138	389	61	92
135	393	62	94
165	400	50	101
165	406	56	103
164	404	64	110
117	393	56	100
159	400	52	106
120	393	69	103
129	390	68	96
109	393	59	99
113	390	63	99
120	394	59	90
113	394	51	90
151	405	54	105
146	405	54	108
142	406	55	111
134	407	65	137
139	409	59	113
133	407	59	109
110	397	60	100
131	405	52	110
125	412	57	114
125	408	52	117
120	408	55	110
121	410	54	109
119	408	52	107
80	394	62	100
69	393	57	97
73	393	50	75
77	394	58	91
70	389	46	79
71	398	49	72
77	393	52	81
82	399	55	89
65	398	54	80
63	396	52	81
61	399	58	94
61	396	50	95
60	398	50	84
69	398	49	82
62	399	48	78
61	403	46	76
61	404	43	75
61	404	45	72
65	401	48	73
64	400	54	84
64	403	59	88
58	404	57	103
58	409	63	104
63	423	61	126
41	420	69	139
36	420	69	145
32	424	71	144
28	422	75	144
24	408	76	157
31	426	87	139
34	436	81	131
93	431	77	130
100	433	70	135
95	434	70	127
135	469	88	102
128	468	93	107
115	463	108	109
66	426	83	141
64	423	83	149
25	423	74	147
20	430	71	135
63	431	75	135
66	432	69	139
61	433	73	135
59	431	74	140
57	432	72	142
47	430	79	143
51	426	74	147
47	425	75	147
46	429	75	145
44	427	75	148
38	430	79	145
32	427	87	147
36	426	77	148
36	426	73	146
32	425	75	148
35	428	69	139
29	447	76	124
35	428	63	117
35	429	60	99
33	386	55	90
38	405	50	83
36	402	50	81
24	358	49	87
19	358	51	84
19	358	48	88
21	356	49	91
27	361	53	90
29	355	58	95
67	355	52	90
74	356	48	89
77	355	50	87
51	355	54	89
52	352	51	91
41	356	53	93
22	366	59	88
11	372	58	98
50	354	52	93
49	357	56	90
83	353	44	92
47	357	52	89
25	366	50	82
57	357	49	89
90	360	40	83
77	356	49	86
55	354	51	91
54	354	48	91
51	354	47	92
23	359	51	85
21	361	51	84
27	359	53	86
18	361	48	85
18	358	47	87
13	357	49	92
17	362	45	85
19	357	44	90
18	356	48	92
19	357	48	90
26	356	53	95
11	367	57	82
20	363	48	90
22	359	53	91
5	361	60	84
13	367	46	80
21	357	45	89
21	358	48	94
7	368	56	83
16	364	50	85
22	363	45	85
19	363	47	87
19	363	47	87
3	362	53	86
11	366	50	88
12	366	59	84
18	368	62	86
7	363	60	89
93	402	50	81
91	401	49	81
86	399	50	85
82	399	52	85
80	399	51	86
75	400	53	84
71	399	55	89
70	399	55	92
67	399	54	92
65	399	54	95
63	399	53	93
60	398	54	95
58	398	54	102
57	398	52	99
54	399	54	103
51	402	54	101
49	402	56	103
46	401	57	103
