576	211	99	96
577	212	100	91
578	212	98	91
579	212	96	92
578	212	97	91
579	212	97	92
579	211	98	91
580	211	99	92
581	209	99	93
582	209	98	93
582	208	99	95
584	208	100	95
584	209	100	95
586	209	103	95
584	208	106	98
587	210	106	98
586	210	108	96
587	210	106	96
590	208	108	97
591	207	114	98
591	208	116	95
591	208	114	94
593	208	109	94
597	206	105	96
591	205	104	99
591	205	101	98
595	206	96	99
593	206	96	98
596	209	91	95
592	203	95	100
589	205	97	98
587	205	101	96
591	205	96	98
590	204	93	98
591	204	92	97
588	202	94	101
590	202	88	98
587	201	89	96
591	202	85	97
585	202	91	97
581	200	91	100
585	197	89	105
570	199	99	104
565	199	107	101
558	200	114	100
554	200	118	100
551	199	120	102
547	199	125	104
550	200	120	102
545	201	125	104
544	201	117	102
538	196	101	105
533	196	106	103
533	198	110	105
528	200	116	102
524	199	120	103
525	199	116	103
522	202	118	101
521	202	119	101
522	204	119	100
519	202	123	101
521	202	121	102
521	202	119	101
522	204	115	101
520	205	119	100
518	207	121	98
513	208	122	96
501	201	109	98
497	202	101	97
494	204	102	95
492	204	105	94
491	204	110	95
485	203	115	95
489	204	117	99
486	204	118	97
486	204	113	97
486	204	115	96
487	205	110	96
488	205	118	96
486	204	114	97
488	203	110	96
488	204	108	95
488	204	108	95
491	204	107	94
493	203	104	94
491	203	104	94
494	203	102	93
491	203	105	94
500	202	101	94
497	202	99	94
502	201	100	95
498	202	99	94
504	202	100	95
509	202	95	94
502	199	103	97
515	202	97	97
510	200	105	97
514	201	108	98
517	201	116	99
517	201	120	101
519	203	122	99
520	202	121	101
524	202	116	103
533	202	109	103
544	201	101	103
544	200	104	104
553	200	106	104
557	202	99	102
562	201	99	101
562	205	94	99
560	203	104	99
562	204	101	99
564	204	102	99
567	204	99	99
567	205	102	97
569	204	104	98
573	204	101	99
575	205	104	100
574	205	108	100
571	207	113	99
575	206	112	99
575	206	112	97
577	208	110	97
575	206	111	97
584	205	104	100
579	209	111	95
576	209	114	98
578	207	114	97
581	206	114	99
582	205	114	100
581	205	113	101
594	201	103	104
579	208	118	98
593	202	103	105
591	209	106	98
592	204	107	98
601	209	100	95
592	208	103	94
600	209	99	94
597	210	98	94
588	211	106	92
583	210	110	91
588	208	106	94
583	209	105	95
584	206	108	96
579	208	99	98
578	207	105	96
580	210	106	93
577	210	103	94
577	212	103	93
578	211	100	93
579	214	98	89
578	213	96	89
578	211	95	91
578	211	95	91
576	210	94	91
573	209	87	93
574	210	79	91
574	208	75	91
571	208	75	91
568	210	74	88
562	212	78	87
559	211	78	88
557	213	79	89
550	210	84	94
549	214	84	87
540	212	89	89
536	210	86	88
537	213	86	90
534	210	85	92
527	211	87	88
528	210	82	87
521	210	84	88
513	205	84	88
480	192	100	99
510	210	92	92
485	192	95	98
489	198	95	96
482	195	97	96
483	193	92	98
478	194	94	96
473	187	92	97
472	190	96	100
476	189	93	99
470	186	92	104
466	187	101	102
459	184	102	106
432	178	110	109
424	178	102	116
416	176	102	113
428	180	97	115
407	175	92	116
408	183	88	113
418	182	97	111
421	178	93	111
435	185	98	110
426	184	98	107
421	181	101	112
421	181	97	115
438	178	96	111
421	187	86	110
419	189	85	99
451	200	95	94
443	192	90	97
422	191	87	95
328	226	84	77
311	229	82	71
314	229	82	71
309	229	77	73
312	231	76	71
312	231	76	72
310	232	76	72
317	233	77	73
318	231	74	76
317	231	77	76
316	232	76	79
319	230	76	78
318	226	75	83
320	224	83	90
298	229	99	90
319	226	87	91
321	225	87	86
401	209	75	90
399	206	71	91
407	203	77	95
409	197	90	99
411	195	99	99
427	198	90	94
416	193	84	99
425	193	90	99
397	191	89	100
357	218	78	85
344	221	80	84
342	224	80	82
339	224	80	82
339	225	80	83
331	225	79	83
332	225	73	79
327	226	72	81
326	225	74	80
320	225	73	83
319	224	70	85
318	225	71	84
317	224	71	85
314	226	73	83
311	226	74	82
308	226	76	80
305	226	78	81
302	226	82	82
296	226	79	83
289	223	71	86
282	222	72	86
280	225	73	85
279	224	70	85
275	223	71	84
270	224	71	83
268	224	73	83
263	224	72	81
258	226	73	85
256	225	72	86
251	225	75	87
241	226	78	85
242	227	80	85
231	224	83	88
232	229	82	82
219	224	90	87
221	226	86	87
218	224	85	87
219	225	92	88
210	225	86	90
206	228	93	86
203	229	92	86
201	229	94	87
197	228	100	85
196	231	95	81
196	228	89	85
192	228	83	82
190	231	77	74
193	229	70	74
192	228	71	75
190	229	72	76
187	231	70	72
184	231	69	71
184	232	63	72
176	232	77	73
172	231	80	72
167	231	78	71
170	229	77	74
171	226	79	74
167	225	73	75
165	223	81	78
157	225	80	78
146	227	74	74
146	233	67	70
140	227	68	71
140	235	68	68
141	229	63	70
137	233	62	67
135	230	61	69
127	234	66	66
125	229	67	70
124	234	66	67
124	232	65	69
120	234	67	70
118	232	66	71
110	231	72	71
111	231	68	72
106	231	70	72
102	234	69	70
101	235	67	71
95	236	70	69
90	232	70	72
91	231	67	74
85	220	68	82
82	234	74	76
79	229	73	77
78	231	71	74
74	231	73	76
63	233	82	72
70	230	79	78
72	237	77	72
55	236	84	71
60	231	83	76
53	235	84	73
52	232	86	75
52	234	86	75
48	236	88	73
57	234	78	74
55	237	77	70
55	237	75	70
49	238	78	69
58	235	71	72
52	239	76	66
53	239	69	68
54	235	74	72
52	239	80	66
49	237	70	68
50	238	74	69
51	233	72	74
48	239	73	68
50	239	77	68
50	238	70	69
48	237	71	71
48	235	74	72
47	238	73	69
47	235	73	72
47	237	73	69
47	239	77	68
49	237	70	71
47	239	72	68
47	237	73	70
47	235	72	71
49	238	71	68
47	238	72	71
48	238	73	69
47	236	72	72
47	237	73	70
47	238	72	70
46	239	73	69
48	236	71	70
47	236	70	71
46	237	68	69
48	238	70	69
47	237	67	70
49	237	70	70
47	238	65	70
48	238	68	69
47	237	69	71
47	236	70	71
47	238	68	69
48	237	68	69
47	237	67	70
48	239	70	69
45	235	71	73
47	239	70	68
46	237	69	70
48	240	71	68
45	236	70	72
46	239	69	68
47	238	68	70
49	240	70	68
45	236	69	71
48	239	69	69
48	240	71	68
48	239	74	69
47	240	73	68
48	241	75	67
55	239	70	68
52	238	69	68
50	238	73	68
51	238	73	70
50	238	72	70
52	239	77	69
49	238	74	69
53	239	79	69
53	239	76	68
56	238	78	69
51	238	80	68
61	240	75	68
66	234	72	71
76	237	66	69
57	239	79	67
82	240	63	65
81	240	62	66
80	238	64	68
75	239	66	68
73	238	68	68
77	239	66	67
81	239	65	67
82	241	64	67
83	239	63	68
63	238	76	69
81	241	70	67
77	238	74	71
76	241	81	67
81	238	72	71
84	238	74	69
84	240	71	67
80	236	76	71
87	239	71	68
87	241	72	67
88	241	72	68
90	242	71	67
90	241	71	67
89	240	73	68
89	239	73	68
92	239	72	68
94	241	72	67
93	239	73	69
94	238	72	69
91	238	73	68
93	239	75	68
89	239	82	69
89	234	84	72
108	240	77	68
116	241	72	65
114	239	74	67
117	240	73	66
121	241	72	65
116	240	74	66
116	236	73	69
122	239	73	65
113	238	74	67
120	238	71	67
112	238	71	67
109	233	68	70
112	238	68	66
116	233	62	71
120	234	62	69
119	236	61	67
119	237	58	65
116	234	60	68
111	236	65	67
110	237	63	68
104	238	66	67
108	241	63	66
112	241	60	65
108	240	65	64
56	228	74	82
106	239	69	66
108	240	62	65
108	241	59	63
107	240	62	65
105	242	62	64
104	241	62	64
99	239	65	67
100	241	66	67
101	240	64	66
104	241	63	67
106	240	58	65
101	239	62	68
100	239	62	67
101	240	63	67
98	239	61	68
92	237	65	70
92	238	67	68
92	238	66	67
91	238	65	69
92	237	66	70
90	239	64	67
87	237	68	72
80	235	74	72
87	234	71	72
82	238	72	70
88	238	69	70
85	239	66	69
88	237	67	71
85	238	66	70
88	239	64	68
88	238	65	69
88	239	63	68
88	240	63	67
88	240	62	67
89	240	61	67
88	240	61	69
90	241	60	65
87	238	61	71
87	239	60	68
89	240	58	67
90	241	55	65
91	241	54	66
88	240	55	66
93	241	53	65
90	241	55	65
92	242	53	65
88	241	54	66
92	243	51	64
89	242	53	65
90	244	52	64
91	244	51	62
90	245	52	63
89	247	52	61
91	246	51	61
89	248	53	60
88	249	52	59
86	248	52	59
86	249	52	60
81	249	54	61
75	251	60	58
69	254	64	60
68	251	64	65
71	255	63	58
68	256	65	58
69	255	65	60
66	254	67	59
69	251	64	64
68	253	66	62
72	253	63	60
70	253	64	63
68	256	67	61
70	257	68	58
62	257	74	60
70	255	69	58
72	256	64	58
66	257	69	59
71	255	66	57
67	256	69	57
70	254	68	61
70	257	68	58
62	256	76	57
69	255	69	59
64	256	71	58
71	255	65	58
66	256	68	58
68	251	65	65
70	248	63	67
67	252	68	65
69	250	65	67
70	249	65	65
