186	119	16	32
187	117	14	34
185	118	15	34
185	118	14	35
184	117	14	35
182	118	16	35
182	117	15	36
181	117	15	35
181	117	15	36
181	117	16	36
181	118	14	36
181	118	15	36
180	118	15	34
180	118	15	36
177	118	16	35
178	117	17	36
177	118	16	35
177	117	15	36
176	117	15	36
175	118	15	35
175	117	15	35
174	118	15	34
174	118	16	35
173	118	15	35
174	118	16	35
174	118	15	34
174	118	15	34
173	118	15	34
173	119	15	34
173	119	15	33
172	119	15	34
172	119	15	33
172	119	15	34
172	118	15	34
172	119	15	34
173	119	15	33
172	119	15	34
173	119	15	33
173	118	15	34
174	119	15	33
173	118	15	33
174	119	15	35
174	118	15	34
174	118	15	34
174	118	15	34
174	119	15	34
175	119	15	34
175	119	14	33
175	119	14	33
176	118	15	33
177	118	14	34
177	118	14	34
178	119	14	34
179	118	15	35
178	118	16	37
180	118	15	36
180	119	16	37
181	118	16	37
183	118	15	35
183	117	14	35
184	119	14	34
185	118	14	34
186	118	14	34
187	119	14	35
187	119	15	35
188	118	15	34
189	118	15	34
190	118	15	34
192	119	16	35
194	119	15	33
194	118	16	33
197	118	16	37
197	117	16	38
197	117	15	37
198	117	16	37
