414	72	13	41
412	72	15	40
412	72	15	39
411	74	15	41
411	73	16	40
410	73	15	41
410	74	16	40
410	74	15	41
410	75	15	41
410	75	15	41
409	76	15	41
409	75	15	40
409	76	15	41
409	76	15	40
409	77	15	40
408	76	16	41
408	76	16	40
408	77	16	39
408	77	15	39
408	78	15	40
407	78	15	41
407	78	16	41
407	78	16	41
407	79	16	43
406	79	17	43
406	79	17	43
406	80	17	42
405	81	18	42
406	81	18	43
406	81	17	42
406	83	17	42
407	83	17	42
408	83	17	42
409	84	17	42
410	85	18	42
411	84	18	43
411	85	19	42
413	86	19	42
414	86	19	42
415	86	19	43
415	86	19	44
417	88	19	44
417	88	20	44
419	88	20	46
420	89	20	46
421	89	20	46
423	89	20	49
423	89	20	49
424	90	20	48
425	91	20	48
427	91	20	49
429	93	20	47
431	93	20	50
431	93	21	49
432	93	21	52
432	93	21	51
433	93	21	50
434	94	21	50
436	95	20	51
436	95	20	50
437	95	20	51
438	95	19	50
438	95	20	54
442	97	20	51
444	99	20	53
447	98	20	53
447	100	20	52
449	100	19	51
448	101	20	54
452	102	20	54
454	104	20	53
456	105	20	57
457	106	20	56
458	105	20	57
458	107	20	58
460	109	20	57
460	108	20	58
460	108	20	56
461	109	21	58
462	109	20	56
462	108	21	58
462	109	21	59
463	110	21	58
464	111	22	59
465	111	21	59
465	111	21	60
466	111	21	60
467	112	21	59
468	113	21	61
467	113	22	60
469	123	23	56
469	179	27	34
460	160	27	43
439	165	34	45
421	164	28	45
422	163	25	40
422	163	22	37
422	163	21	34
421	164	20	33
422	162	21	36
419	164	22	35
422	161	19	33
420	164	21	32
421	164	18	36
421	163	18	32
420	164	19	32
418	163	18	32
418	163	19	33
418	163	18	31
418	163	16	30
418	163	16	31
419	163	15	30
416	163	16	32
418	162	16	33
416	163	18	32
416	163	18	31
416	162	17	35
414	162	19	35
415	161	17	33
414	162	17	36
412	161	22	46
413	163	20	46
411	161	22	53
412	161	21	53
409	162	24	54
405	160	26	56
396	164	38	54
398	162	34	54
399	165	33	53
390	163	41	60
371	225	25	57
372	226	24	59
371	225	26	63
369	227	31	67
418	296	29	57
416	298	30	79
413	299	32	83
410	301	32	82
409	301	33	84
405	302	33	84
402	303	33	86
399	305	33	87
395	306	34	88
395	306	35	87
391	308	35	88
386	311	33	85
384	312	33	87
381	312	32	90
377	314	33	91
375	314	32	92
372	316	33	91
370	316	33	93
366	319	34	90
364	319	34	92
357	321	36	97
353	322	36	94
348	323	36	101
343	326	37	102
339	327	38	99
333	329	39	101
329	329	39	101
325	333	40	101
314	334	41	105
308	337	42	100
296	339	44	106
291	344	45	106
285	340	47	110
280	336	46	118
278	342	46	112
271	346	47	109
265	353	46	102
256	355	46	101
250	358	44	99
243	359	45	99
232	365	45	92
223	369	46	88
212	372	48	85
203	375	50	83
