366	385	89	74
387	371	86	87
399	365	84	93
418	357	82	100
427	353	81	104
444	344	77	112
459	335	74	109
467	333	72	107
481	325	68	106
499	314	63	101
514	305	57	97
526	296	54	94
533	291	53	91
539	285	51	89
546	278	50	86
552	269	47	85
565	253	43	75
563	255	43	77
566	246	41	75
566	245	43	72
566	236	41	70
565	235	42	68
565	233	41	67
564	231	42	66
563	227	40	65
561	223	39	64
558	219	37	63
554	215	36	60
552	213	36	59
549	211	35	58
546	207	33	57
542	205	33	56
538	202	32	56
532	199	31	54
528	195	30	55
525	193	30	53
523	191	29	54
520	191	29	53
518	190	29	52
515	189	28	50
512	186	27	49
508	183	26	50
506	181	27	49
504	180	29	50
503	178	29	49
500	176	28	49
500	177	29	48
497	175	28	47
496	174	27	45
490	168	28	50
489	168	27	47
484	171	28	43
483	168	27	44
480	168	26	42
474	166	28	42
472	161	26	46
470	164	26	42
467	166	25	40
466	165	24	40
462	167	24	37
458	165	22	35
456	162	22	38
447	162	27	37
448	159	23	39
444	158	22	39
441	155	23	40
436	154	25	40
436	152	25	42
432	155	26	38
431	153	27	40
430	150	26	42
428	150	24	41
427	149	25	42
425	151	24	40
425	150	24	41
424	151	24	41
423	148	23	40
421	150	23	38
421	149	22	39
419	151	22	38
418	152	23	36
416	148	24	38
414	149	24	38
412	147	25	38
410	148	25	38
409	148	25	38
407	147	25	38
406	146	25	39
405	147	26	38
403	145	24	40
405	148	23	37
402	146	23	37
401	147	24	36
400	147	23	36
401	146	24	36
398	146	27	37
397	147	27	36
396	146	26	37
398	145	27	36
397	146	26	35
396	144	26	37
395	144	26	37
395	146	25	35
395	145	24	36
394	146	25	35
392	144	24	37
393	143	23	39
391	143	24	38
389	145	25	35
388	142	25	38
387	140	24	41
385	139	25	42
384	137	25	42
383	139	24	41
382	140	24	40
381	140	23	39
381	140	21	39
376	142	22	37
373	141	23	38
373	143	22	36
370	143	21	33
370	143	21	32
371	142	19	33
370	143	20	32
370	142	20	32
370	140	20	33
371	139	21	34
372	138	20	35
371	139	22	34
372	138	21	35
369	135	22	37
372	138	22	35
370	135	22	35
372	136	22	35
370	133	23	37
370	132	24	39
370	133	23	37
368	131	24	39
370	132	22	37
368	133	22	36
367	133	22	36
366	135	20	34
368	135	21	34
366	134	20	34
365	133	21	35
365	135	19	33
364	134	19	34
363	134	20	33
364	137	19	30
364	135	18	31
363	137	19	30
362	135	17	30
361	136	19	30
361	136	19	30
360	135	18	28
359	136	18	29
360	135	18	28
358	134	17	30
357	136	19	28
356	134	19	29
355	135	18	30
352	132	20	31
354	133	18	30
352	133	20	30
352	133	18	29
353	134	18	30
348	126	20	34
347	125	20	36
348	126	21	34
323	120	19	33
323	120	19	33
323	124	21	33
325	119	20	35
344	124	19	34
345	126	18	34
344	126	19	34
344	126	19	34
343	126	19	34
342	124	21	34
340	125	21	33
340	125	20	34
337	124	22	35
338	125	21	34
336	124	20	34
336	126	20	33
334	125	20	34
332	124	20	35
332	125	19	33
331	125	20	33
325	125	23	32
325	123	23	32
