183	270	18	42
184	269	19	44
187	268	19	43
189	268	18	43
191	269	21	42
193	268	21	42
196	269	20	40
199	269	23	40
201	269	22	42
203	269	22	39
205	269	21	41
207	269	20	40
210	269	20	41
213	268	20	43
217	270	20	41
217	269	20	43
221	269	21	42
222	268	21	44
226	268	22	44
228	267	23	47
230	266	24	46
233	266	23	45
235	266	22	46
236	267	23	44
238	267	23	46
241	266	22	46
242	266	23	48
243	267	24	59
244	266	26	62
246	266	26	61
249	265	26	61
251	265	25	61
254	265	26	62
255	264	25	65
257	265	27	63
259	265	28	64
263	265	26	65
266	265	27	61
267	264	27	67
269	263	26	68
272	262	26	68
276	264	24	68
276	263	25	63
278	264	26	71
281	262	25	70
283	263	27	73
284	264	28	74
286	264	28	75
288	263	28	73
289	260	28	77
294	261	27	76
295	261	29	76
296	261	30	78
298	262	33	77
299	263	34	75
301	263	35	76
302	261	35	77
305	260	33	78
306	259	33	79
311	258	31	79
314	259	29	78
317	258	26	78
319	258	27	79
321	259	27	77
321	258	28	79
324	258	28	78
325	258	30	79
328	256	29	79
330	256	28	79
333	257	27	72
334	257	27	75
336	256	27	77
336	258	29	71
339	258	30	74
340	258	32	72
342	259	32	74
343	257	32	78
346	256	31	75
350	256	29	77
353	255	28	77
357	256	27	76
358	256	27	74
360	256	26	73
362	255	27	75
364	256	28	75
365	255	30	76
368	254	28	77
370	255	26	74
374	256	25	68
375	256	24	66
377	255	25	64
378	258	25	74
380	261	28	61
380	260	27	64
382	262	27	63
384	265	28	62
385	266	24	56
387	265	23	54
390	266	24	56
392	254	25	51
395	254	24	48
400	253	21	46
401	253	20	49
404	253	20	46
406	251	19	48
406	252	19	49
406	252	21	53
407	252	21	55
408	251	22	61
410	252	23	62
412	252	23	61
413	253	23	58
414	252	25	58
415	253	25	58
417	253	25	57
420	255	26	58
422	254	25	57
425	254	25	55
427	251	24	56
430	251	24	59
431	251	25	55
434	253	24	58
435	252	25	56
438	253	24	57
441	253	23	57
442	251	23	59
444	250	23	59
445	250	25	59
447	252	24	59
448	251	26	64
451	252	25	63
450	252	27	66
453	252	27	65
454	250	28	67
458	253	28	66
459	251	29	68
465	252	26	66
467	251	27	66
469	250	27	70
472	251	28	66
476	251	28	71
477	252	27	71
478	253	30	68
479	253	33	67
480	253	33	67
481	253	33	65
485	253	33	64
489	251	30	65
491	250	30	65
494	248	30	64
498	247	33	67
499	248	33	65
501	247	32	65
502	244	33	68
505	240	34	71
507	240	35	72
508	239	34	73
515	237	31	73
518	236	30	73
519	234	28	71
521	235	28	73
523	235	29	72
524	233	29	76
524	232	31	75
525	235	31	74
529	233	29	73
529	233	29	70
533	233	28	68
534	232	27	67
536	234	27	67
537	231	29	69
539	232	29	68
540	230	29	69
542	228	29	71
543	227	29	71
546	229	28	71
549	230	28	69
551	229	26	68
552	228	27	67
553	227	27	67
556	226	26	69
555	228	28	65
557	229	26	68
559	228	27	68
561	228	27	65
561	259	25	41
565	225	26	56
565	223	25	63
566	233	26	59
568	223	26	63
568	224	26	63
571	227	25	57
571	229	25	56
572	226	27	57
575	227	28	61
576	227	28	62
576	227	29	64
577	226	29	64
578	224	29	65
580	224	30	65
580	232	27	64
581	228	27	68
581	226	28	67
581	224	29	70
583	226	29	66
582	226	29	66
586	229	26	59
585	218	29	59
588	227	27	60
591	229	25	62
592	227	25	63
591	228	27	61
590	225	27	61
593	233	26	58
594	229	26	62
593	216	27	70
595	217	27	73
597	220	27	65
594	214	29	73
596	214	28	74
596	213	28	75
