395	364	47	35
394	364	47	34
392	365	47	34
389	365	48	34
389	365	48	34
387	366	48	34
387	366	44	34
385	365	46	34
383	366	48	35
382	366	47	34
381	367	48	35
380	368	47	34
377	368	48	34
376	367	48	35
376	369	47	34
374	369	48	35
371	369	48	34
371	369	49	35
370	369	47	35
369	370	48	35
367	371	48	35
365	371	48	35
364	371	49	35
361	371	48	35
359	372	48	35
357	372	49	35
355	373	50	36
355	373	50	36
353	375	50	35
351	374	50	36
348	374	52	36
347	374	51	36
346	375	50	36
344	376	51	36
342	375	53	37
339	377	52	37
338	377	51	37
336	377	52	38
333	378	52	37
331	378	54	38
330	378	53	37
328	378	52	38
325	379	54	38
323	380	54	37
321	380	54	38
320	381	53	38
317	380	55	38
314	382	55	38
312	382	56	39
310	382	57	39
308	383	56	39
306	384	56	40
304	384	56	40
302	382	56	41
299	381	58	41
298	379	57	40
297	377	57	41
293	371	59	42
289	367	59	43
288	365	57	41
286	363	58	42
284	358	59	41
282	355	59	43
280	353	60	42
278	350	60	42
274	345	60	43
274	343	59	44
269	339	62	44
268	337	61	43
267	335	60	42
261	328	63	46
261	327	61	42
259	324	62	43
255	319	62	43
253	319	63	43
252	315	62	44
248	310	62	44
246	309	63	44
244	305	63	45
241	302	64	44
237	297	65	45
235	295	63	44
233	289	63	45
230	289	63	44
228	283	65	46
225	281	65	44
224	279	65	43
221	274	65	46
219	270	65	47
218	270	64	45
214	264	66	46
212	262	65	46
209	257	65	47
208	255	65	46
204	251	66	48
202	247	66	47
199	241	66	48
197	240	65	48
195	237	65	47
193	234	65	47
189	228	67	49
187	227	65	48
186	221	65	49
184	219	64	48
181	213	66	53
180	212	65	50
177	207	67	51
177	206	65	51
173	201	67	52
173	198	66	51
170	194	66	52
169	194	66	53
168	191	66	52
166	185	67	55
164	184	68	53
164	182	68	53
163	177	67	54
162	175	66	54
159	171	68	54
158	169	68	56
157	165	66	54
156	163	68	55
155	158	67	56
154	156	69	57
152	152	69	57
151	148	68	59
150	146	69	58
150	143	69	58
148	142	70	59
148	139	68	57
147	137	70	58
146	133	70	58
146	130	69	57
145	130	71	58
144	125	71	59
143	123	72	59
142	118	73	60
143	117	72	60
141	114	76	61
142	111	75	60
141	110	75	61
140	107	76	61
141	103	77	63
140	101	78	63
140	101	78	63
141	96	80	64
142	95	78	62
141	93	79	63
143	89	81	66
142	88	81	65
143	85	81	65
142	80	85	68
142	82	86	67
143	79	86	68
145	76	87	69
144	75	88	68
144	73	90	68
145	68	91	71
145	69	94	71
146	65	95	71
148	63	94	70
149	61	97	71
149	60	99	71
153	56	100	73
153	56	103	74
156	55	101	72
157	52	105	74
158	51	107	76
161	48	108	77
163	47	110	78
164	45	113	81
164	43	116	83
167	41	118	86
168	39	122	90
171	38	123	89
174	36	127	93
176	36	130	94
178	34	133	95
185	32	131	93
186	31	135	96
193	30	136	96
195	29	140	101
198	29	142	101
204	30	145	101
209	30	147	103
212	32	151	105
217	36	155	105
221	39	159	108
224	41	162	109
230	44	173	111
236	46	171	115
241	52	182	116
248	54	184	120
255	56	185	120
262	61	194	122
272	65	192	126
277	69	197	126
286	74	194	130
286	76	198	131
289	80	211	134
292	85	215	138
296	91	226	139
302	96	230	145
306	102	238	147
314	106	244	153
320	109	249	155
325	115	256	158
332	122	269	162
340	125	266	167
353	132	266	172
362	140	261	175
375	152	254	177
