245	132	16	45
245	135	17	42
245	134	17	42
246	133	17	42
247	134	17	43
248	134	17	43
248	135	18	42
248	135	18	42
250	134	17	41
250	133	18	41
250	135	18	40
251	134	18	42
251	135	18	41
253	135	18	41
253	136	18	41
254	134	18	40
254	135	17	39
254	134	17	41
255	134	17	42
255	134	18	41
254	135	18	42
253	136	18	42
250	136	19	43
250	136	18	42
249	135	19	43
249	136	18	42
249	137	18	42
249	138	18	41
247	138	18	41
246	137	18	41
246	137	17	41
244	137	17	42
243	136	17	42
242	136	18	43
242	137	19	42
240	138	19	42
239	138	19	42
238	139	20	41
236	139	18	40
237	139	17	40
236	139	16	41
235	138	16	40
235	140	17	40
234	139	17	41
234	139	17	42
233	140	18	41
233	139	18	42
233	138	18	42
232	138	17	41
232	138	17	42
232	139	17	41
232	139	18	42
232	137	17	43
231	139	17	41
232	138	18	43
232	139	17	42
231	139	17	42
231	138	18	43
231	140	18	42
232	138	17	42
231	138	19	44
231	138	18	44
224	138	18	43
221	139	18	42
212	138	19	43
208	139	19	44
200	138	19	43
195	139	19	42
193	139	19	43
183	138	19	45
177	138	20	44
170	138	19	44
164	139	20	45
158	139	21	44
153	140	20	43
145	139	19	44
142	140	19	44
136	140	18	43
129	142	18	41
123	140	19	43
121	141	18	42
113	141	18	42
108	142	17	41
101	144	18	40
95	144	19	41
91	143	19	41
82	143	20	42
77	145	20	40
73	144	19	42
71	142	19	43
73	143	18	41
73	145	18	43
73	144	19	44
73	144	20	44
74	143	20	45
74	143	20	45
76	144	19	44
76	143	19	43
77	144	19	44
77	146	19	41
78	146	19	43
79	146	20	43
80	146	21	42
82	145	20	44
83	144	19	44
85	144	19	44
85	144	19	44
86	144	19	44
85	145	19	44
87	145	20	44
86	145	20	45
88	145	21	45
89	146	21	46
90	146	20	44
90	145	20	45
91	144	19	45
92	144	19	44
93	146	20	44
94	144	20	46
95	146	19	44
95	146	20	44
97	146	20	44
98	144	20	45
97	144	20	45
98	145	20	44
98	146	20	44
99	145	20	45
100	146	19	45
100	145	20	45
100	146	19	46
100	146	20	43
101	145	19	44
102	146	19	44
102	144	21	47
103	145	21	47
104	145	20	47
104	146	20	46
104	147	20	45
106	145	20	47
108	147	19	46
110	149	19	45
110	147	19	44
110	146	20	46
111	146	19	46
110	147	20	45
111	148	19	45
111	148	20	43
111	148	19	45
111	149	20	45
112	147	20	48
112	149	20	46
111	148	20	46
112	147	19	48
112	148	19	46
113	147	19	47
113	146	19	47
113	149	19	45
114	149	19	43
113	150	18	45
113	150	19	42
113	150	20	46
113	148	19	45
113	148	19	47
114	147	20	45
114	149	20	44
114	149	21	45
113	150	22	43
115	148	21	48
116	150	21	46
117	148	21	46
118	147	21	47
118	148	21	46
120	148	21	46
120	150	21	45
120	149	20	43
122	147	20	48
122	148	21	48
122	149	21	46
124	149	21	46
125	146	21	50
126	147	21	47
126	147	21	48
127	147	21	49
128	149	21	48
128	148	21	49
129	149	21	49
131	149	20	50
131	149	21	49
133	149	20	47
134	149	21	47
134	150	21	47
135	150	21	46
135	150	21	47
136	148	21	48
137	150	22	47
138	150	21	47
139	151	21	46
140	150	20	47
140	150	20	48
141	149	21	52
142	151	21	49
143	151	20	49
144	152	21	50
145	153	22	49
146	155	21	47
147	155	21	49
147	155	21	48
148	154	21	50
149	155	21	47
149	156	21	48
149	157	21	45
150	157	21	48
151	157	21	48
152	158	21	48
153	158	21	49
153	157	21	49
154	158	22	48
155	158	21	48
156	157	21	49
156	160	21	48
157	159	21	50
157	159	21	49
160	164	22	50
162	164	22	52
163	165	22	49
165	165	22	49
165	167	21	48
166	167	21	48
167	166	21	49
167	168	21	49
168	169	21	49
169	170	22	49
169	171	21	50
170	171	21	48
172	172	21	48
173	172	22	47
175	174	22	47
176	174	21	47
176	175	21	48
177	173	21	49
178	175	22	49
178	175	21	49
178	177	21	47
178	178	22	47
180	177	21	48
180	178	21	46
180	178	22	49
181	179	22	47
182	180	23	49
183	179	23	51
183	179	22	47
184	181	21	47
185	180	22	49
185	181	22	48
185	180	22	48
185	181	21	46
186	182	21	45
186	183	21	44
185	184	22	46
186	185	21	48
187	185	22	45
186	188	23	51
186	188	23	51
187	188	24	53
187	188	23	51
187	191	23	50
185	191	24	52
147	214	24	49
148	214	22	45
148	213	23	47
184	208	21	43
181	207	24	44
183	204	28	48
177	206	27	48
187	203	28	51
169	207	29	45
143	215	25	56
143	219	27	45
139	220	22	40
140	213	20	42
139	216	20	39
137	216	21	38
134	214	23	41
133	214	25	45
127	217	28	46
179	207	24	46
181	200	24	46
181	201	27	44
175	202	27	48
175	202	28	47
177	202	28	48
181	204	25	50
179	201	26	51
180	200	24	53
170	200	27	53
170	200	28	54
169	199	27	55
170	198	30	55
170	198	29	53
168	199	30	50
170	199	28	50
171	198	24	49
171	198	27	52
170	196	24	53
171	199	23	53
169	198	24	53
167	197	26	53
166	197	27	56
167	196	25	57
169	197	25	53
168	197	25	54
162	195	25	55
164	196	24	53
164	196	23	51
159	197	24	53
166	192	24	54
160	196	24	51
158	196	26	55
158	198	25	56
159	195	26	56
161	197	24	53
163	196	23	52
163	197	23	51
160	195	24	51
163	196	23	53
160	197	25	50
158	197	26	53
158	197	26	53
156	196	27	55
156	197	27	55
157	196	27	54
156	197	26	53
158	198	23	50
156	196	23	53
158	197	25	51
158	196	23	50
157	196	22	49
156	198	24	50
157	197	26	52
158	198	23	51
156	196	26	52
157	196	24	51
156	195	26	53
156	196	24	51
156	195	26	52
156	196	25	51
157	195	24	52
158	195	25	51
156	195	25	53
156	195	24	52
158	196	24	52
157	194	24	53
157	193	24	53
156	192	25	54
156	196	24	53
157	193	24	54
156	192	25	55
158	194	25	54
156	192	25	55
157	191	25	55
158	193	24	54
158	192	25	54
157	191	25	54
156	193	24	53
158	192	25	53
158	193	23	51
159	193	24	51
159	192	24	51
159	192	24	52
159	192	24	52
158	190	24	51
160	191	24	53
160	191	25	53
160	192	25	53
159	192	26	54
159	191	26	56
159	191	27	58
160	190	26	58
161	191	24	55
162	192	25	55
164	191	24	55
164	191	23	53
165	191	23	52
164	192	23	53
166	192	22	52
165	191	23	53
167	191	21	52
167	190	22	53
167	190	23	53
167	191	22	50
166	190	23	52
167	191	23	53
167	190	22	51
170	192	20	47
167	191	20	44
170	192	18	39
170	192	19	42
170	193	20	44
171	192	20	44
171	192	18	43
171	192	19	43
172	193	19	43
172	192	20	44
172	191	20	46
173	191	20	43
173	192	19	43
172	191	19	45
174	193	18	40
174	192	18	41
173	192	18	43
173	193	18	41
173	194	18	44
171	195	19	44
170	197	19	44
169	195	19	46
169	196	20	45
168	195	20	44
167	194	20	44
165	193	20	45
165	192	21	47
164	191	21	50
163	192	21	51
163	193	21	52
163	193	21	52
160	193	22	53
158	192	22	56
155	192	22	56
154	191	23	57
153	191	23	58
151	192	23	56
149	192	22	56
148	193	22	55
146	194	23	56
142	192	27	59
139	193	26	59
138	193	25	63
133	193	25	60
131	191	25	62
128	194	26	58
127	194	26	57
126	195	26	57
122	193	29	58
119	194	29	60
118	193	29	59
116	195	23	57
115	192	24	58
111	193	25	64
108	192	26	61
106	194	27	61
103	193	31	61
101	195	30	60
98	194	28	62
96	195	27	59
96	194	26	60
91	193	24	61
89	193	25	62
87	196	25	60
82	195	28	59
80	195	30	61
76	199	30	60
74	196	29	63
74	196	28	65
72	194	27	65
68	196	26	65
67	196	25	63
66	196	24	61
59	199	27	57
59	198	26	57
56	200	27	56
53	198	26	59
52	196	24	58
51	196	25	59
48	196	26	59
46	195	25	60
42	196	25	61
38	196	27	67
34	197	27	75
35	198	26	72
32	197	26	79
31	197	25	66
28	198	26	64
11	210	31	63
29	197	27	67
29	198	28	75
30	200	30	71
35	198	30	73
44	200	32	72
46	199	32	67
55	205	32	72
58	205	35	70
61	203	36	73
66	202	36	71
69	203	35	70
71	202	33	67
76	201	32	67
77	200	32	67
80	200	32	66
86	199	29	62
95	199	27	63
98	200	27	66
103	202	27	62
105	201	30	64
108	198	29	62
113	199	28	62
118	200	29	63
123	199	28	64
126	199	28	63
128	198	28	64
133	202	30	61
135	203	31	61
140	205	33	59
143	206	32	58
144	205	29	57
150	204	29	56
154	204	27	58
158	207	26	54
162	207	25	55
164	206	28	55
166	204	32	58
169	204	37	62
174	203	35	63
180	203	33	61
184	204	29	60
189	201	26	64
192	203	26	62
193	202	28	62
198	205	31	59
199	210	33	55
205	205	32	58
207	212	32	51
210	209	29	54
216	219	25	47
222	204	27	58
227	204	32	58
229	204	36	60
235	205	36	61
240	211	31	56
246	214	26	52
254	217	23	51
255	218	25	50
254	213	27	51
263	210	27	54
265	211	27	52
265	205	27	60
271	206	28	58
276	205	26	60
278	208	26	54
281	207	27	57
282	206	30	58
286	205	31	62
290	204	32	64
295	204	33	62
301	203	28	64
305	203	28	59
309	202	27	62
311	202	26	61
312	201	28	63
316	205	30	59
318	209	32	57
321	205	31	59
325	209	31	58
337	210	28	58
335	207	25	59
336	205	26	60
341	205	25	60
342	209	24	56
346	206	28	57
348	207	29	57
349	206	32	60
352	206	35	60
356	204	32	62
358	203	31	64
365	209	26	57
369	206	25	60
371	206	25	62
376	205	25	60
379	204	26	58
381	203	27	63
383	203	28	62
387	204	25	61
391	203	24	60
392	203	25	62
397	204	23	60
401	203	22	63
403	202	25	60
409	203	28	60
412	203	30	60
411	203	32	61
413	202	36	63
419	201	31	64
428	202	27	63
428	203	28	57
433	203	28	56
435	204	31	60
440	205	29	58
444	205	27	59
448	205	26	56
451	205	25	52
453	205	23	53
458	205	24	58
459	204	26	61
458	204	28	61
456	205	30	61
454	205	31	61
452	205	32	62
450	206	33	61
