176	113	46	35
174	113	48	34
174	113	48	34
174	113	48	34
176	114	47	34
177	114	46	34
177	115	46	34
178	115	45	34
178	115	45	34
177	115	46	35
179	116	45	35
179	116	45	35
180	116	45	35
179	117	46	35
179	117	46	35
178	117	46	35
179	118	45	36
179	118	47	36
179	119	46	36
178	118	46	36
178	119	47	37
180	120	47	38
179	120	47	37
178	120	48	38
179	121	48	38
178	120	48	38
180	121	47	39
178	121	48	38
179	122	49	38
178	123	49	38
179	123	49	39
178	123	50	39
177	123	50	39
177	125	51	39
177	124	52	39
176	125	52	40
175	125	54	40
174	125	54	40
174	126	54	40
174	126	54	41
175	126	53	41
175	127	54	40
176	126	53	42
175	128	53	41
174	129	54	41
173	128	55	42
175	129	54	41
175	129	54	42
173	130	56	42
173	130	56	42
174	130	55	42
174	131	55	42
174	131	55	42
175	132	56	42
175	132	54	42
176	132	55	42
175	132	55	43
177	133	56	43
173	132	57	42
176	132	57	43
177	133	56	43
175	132	56	43
177	134	57	44
174	133	58	45
174	131	58	45
175	135	59	45
175	131	59	46
176	134	59	46
176	131	58	46
175	134	61	47
178	134	59	46
178	137	60	46
180	139	59	45
181	137	58	46
182	139	58	46
181	139	60	45
183	141	59	45
181	141	60	46
184	142	59	46
182	142	61	47
181	140	62	49
184	142	60	47
185	144	60	47
187	146	59	48
186	146	61	49
188	147	61	48
188	149	62	48
189	148	62	50
190	151	62	49
190	150	63	49
190	149	63	50
191	152	63	50
191	152	64	51
192	152	64	51
191	154	65	50
193	154	64	50
193	153	64	51
194	154	64	51
194	155	65	52
195	155	65	52
195	157	65	52
195	156	66	54
197	157	65	54
196	156	66	55
197	157	66	54
198	159	66	54
197	159	66	54
198	158	67	55
198	160	67	54
199	160	67	55
200	161	68	55
200	162	68	55
201	164	68	55
202	163	68	55
202	164	68	56
203	164	69	57
203	164	69	57
203	165	70	58
204	166	70	57
205	166	70	59
205	167	71	58
205	168	71	59
206	168	71	59
206	168	72	59
207	170	72	59
207	170	73	60
208	171	73	60
208	173	73	60
208	172	74	62
209	173	74	61
209	173	74	62
210	175	75	62
210	175	75	62
211	176	75	62
212	177	76	63
212	179	76	62
214	180	77	63
213	180	77	64
215	181	78	64
214	183	78	65
215	183	79	65
216	185	79	65
216	186	80	67
217	185	80	68
217	187	80	67
218	187	81	69
219	189	80	68
219	189	81	70
220	190	81	70
221	191	82	71
221	193	83	71
221	191	83	73
222	195	84	70
223	195	84	73
224	197	85	73
224	196	86	75
225	199	87	74
226	200	87	74
226	200	89	75
228	202	89	76
229	202	90	76
230	205	89	77
231	204	91	78
232	208	91	78
233	208	92	79
234	210	93	80
235	210	94	81
236	212	94	82
238	212	95	83
238	214	95	83
240	216	97	84
241	219	97	84
242	218	99	86
244	222	99	86
245	221	100	89
245	224	100	88
248	227	101	88
248	226	102	91
250	230	103	91
251	231	104	92
254	235	105	92
254	235	106	94
256	239	107	94
257	240	108	96
260	244	109	95
261	243	110	99
264	247	111	99
265	249	112	100
266	252	114	101
268	252	115	103
270	256	117	105
271	257	117	106
274	262	119	106
276	263	120	108
277	268	122	108
279	268	123	112
281	272	125	112
283	275	126	113
285	279	128	116
286	281	130	116
290	285	132	118
291	287	134	120
294	292	136	120
296	294	136	123
299	298	138	124
301	300	140	126
303	305	143	126
305	309	143	128
308	312	146	129
310	315	148	133
313	319	151	131
