287	229	112	93
288	223	114	96
288	223	114	95
290	222	113	95
290	222	114	94
291	222	114	93
292	221	115	93
293	221	115	93
293	221	116	92
294	221	117	92
294	221	118	91
296	220	118	91
296	220	119	90
297	219	120	90
297	218	120	90
299	218	122	89
300	217	123	89
300	217	124	89
302	216	125	89
302	217	126	88
304	216	128	88
304	216	129	88
306	215	131	88
306	214	132	88
308	215	134	88
309	214	135	87
309	214	137	87
310	213	139	86
311	213	140	87
313	212	143	86
314	212	144	86
316	212	145	86
317	212	146	86
318	211	149	86
320	211	149	85
321	211	151	85
323	210	152	85
324	211	153	85
326	210	155	85
327	210	156	85
327	210	158	84
330	209	158	84
331	209	159	85
334	207	160	85
334	207	162	85
336	206	164	85
338	206	166	85
340	206	167	85
341	205	170	85
344	205	171	85
347	204	173	85
348	204	175	85
352	203	175	85
354	203	176	86
356	203	178	85
358	202	178	84
360	203	180	85
360	202	181	84
363	202	183	84
365	202	183	83
367	202	185	83
368	202	187	84
372	201	187	83
373	201	188	83
376	201	190	84
378	201	190	84
381	200	191	83
383	201	190	85
385	200	193	83
386	200	195	85
350	201	205	85
341	198	200	86
309	201	206	87
270	198	204	86
228	200	207	86
202	199	212	86
177	201	205	84
184	201	203	84
184	200	206	83
190	201	203	84
193	199	204	84
196	200	204	83
200	200	203	83
204	199	205	83
204	200	205	83
209	199	210	82
210	199	206	83
215	199	213	83
218	198	212	83
221	198	211	83
223	197	212	84
225	198	209	83
228	197	212	84
231	196	210	83
234	196	213	83
236	195	214	83
242	195	216	83
243	195	215	84
248	195	215	84
249	194	215	84
253	194	218	85
251	194	223	85
213	191	225	86
174	195	222	85
144	194	228	86
108	194	225	86
71	196	222	85
74	196	226	84
78	195	224	84
79	195	225	85
86	195	223	84
87	196	224	84
91	194	224	84
94	195	223	84
99	195	223	83
104	195	225	84
108	195	226	84
107	195	225	83
112	194	229	83
117	193	227	84
120	193	227	84
124	193	230	84
128	192	226	82
131	192	224	84
135	192	221	84
139	190	223	86
144	189	222	87
147	191	222	86
151	188	227	87
158	189	229	85
158	187	235	86
163	188	228	86
165	187	227	86
170	187	225	86
173	185	227	88
179	184	225	88
181	184	223	89
188	183	224	90
194	183	221	90
196	181	223	91
200	179	224	92
200	179	226	92
202	180	232	91
202	182	236	90
202	179	242	91
202	179	239	92
200	177	257	92
199	178	263	93
200	176	276	94
211	182	273	88
201	179	289	90
207	180	292	88
232	181	271	88
240	180	270	89
292	182	233	89
298	183	228	88
307	182	221	85
298	183	230	88
266	182	225	88
221	181	233	87
201	184	231	85
183	183	230	85
199	183	224	86
207	184	225	84
215	182	222	85
225	182	224	86
230	184	224	82
241	184	215	83
244	179	212	88
257	180	200	89
263	174	200	94
279	177	219	92
291	179	227	89
295	177	228	91
307	175	225	92
320	177	229	87
331	172	235	95
347	175	229	90
351	176	230	89
361	175	233	91
360	174	233	93
323	172	232	95
295	174	229	91
305	173	225	92
318	166	217	97
320	174	220	93
334	170	213	93
349	171	209	92
360	171	208	92
362	168	191	96
357	180	225	87
340	165	225	100
309	171	218	96
278	169	218	99
275	175	201	94
239	178	195	88
195	167	208	102
179	172	224	100
142	165	226	109
110	174	236	97
105	178	230	90
71	173	230	91
41	173	228	91
25	180	227	84
5	177	217	87
5	183	189	81
11	184	179	80
16	178	191	88
23	178	196	87
21	174	200	93
46	171	184	94
51	174	192	90
44	172	219	94
44	171	236	92
50	168	246	100
69	169	224	100
80	168	231	98
86	166	223	97
101	166	224	95
121	163	241	97
135	162	250	100
147	161	246	102
160	161	237	101
175	157	232	103
188	162	232	97
204	160	225	101
220	159	238	103
225	154	229	106
236	156	219	108
254	157	216	112
228	155	214	101
