270	175	135	98
268	172	137	98
269	173	138	97
269	174	137	97
269	173	137	97
269	174	137	97
269	173	138	97
269	173	137	97
269	174	138	97
268	174	138	97
268	173	138	98
268	173	138	97
268	173	138	97
268	173	138	98
267	173	138	97
267	173	139	97
267	172	139	97
267	173	139	96
267	173	138	97
266	172	139	97
266	172	139	97
266	172	139	97
265	172	139	97
265	172	140	96
265	173	139	97
264	172	139	98
264	171	140	97
263	172	140	97
263	172	140	97
262	171	141	97
261	171	141	97
261	170	141	98
259	169	141	98
259	170	141	97
258	169	142	97
257	169	142	96
256	168	143	96
255	167	142	96
253	167	143	96
252	168	144	95
251	167	144	96
248	166	145	95
247	166	146	95
245	164	147	95
243	165	147	94
241	165	148	93
239	163	149	95
237	163	148	94
235	163	149	94
232	162	150	95
230	160	151	95
227	161	152	93
224	160	152	94
222	159	153	94
219	159	154	93
216	158	153	94
214	158	153	94
211	157	154	93
206	157	156	91
204	157	157	91
199	156	158	91
196	155	158	92
193	154	159	93
186	153	161	91
185	153	161	91
180	152	163	91
175	152	163	90
172	152	166	89
163	152	168	89
162	152	168	87
157	149	169	88
151	149	171	86
147	148	172	87
141	148	172	87
139	147	173	87
139	145	176	89
180	145	177	86
198	143	185	88
215	142	180	87
219	142	183	87
219	140	180	88
211	139	183	87
204	139	184	86
200	138	186	87
195	138	185	86
184	139	188	86
182	138	189	86
176	138	191	85
166	139	193	84
161	138	196	84
151	137	197	84
145	137	200	84
139	137	201	84
129	137	203	84
125	136	204	85
124	135	201	85
121	134	195	85
119	135	192	84
114	136	193	83
109	136	190	82
105	137	191	82
110	137	184	82
105	133	187	85
115	133	195	84
146	132	186	85
174	129	195	86
180	130	187	86
173	132	187	85
174	130	180	85
178	129	173	86
167	131	179	86
173	133	167	83
172	133	164	83
175	133	158	84
123	132	203	84
118	133	206	82
117	132	204	83
104	132	211	83
94	132	215	84
97	132	211	83
93	133	209	83
88	132	211	83
84	134	213	83
80	132	213	84
80	131	212	85
78	131	211	85
77	132	210	85
78	133	207	83
69	131	215	84
69	133	211	83
72	132	208	84
86	132	193	84
73	133	205	83
88	132	190	85
86	132	192	83
84	133	195	82
77	132	200	83
92	132	184	84
90	133	190	83
82	134	199	83
94	131	185	84
90	133	189	84
76	132	205	83
93	132	182	84
93	133	187	83
90	133	189	83
80	132	201	83
97	131	180	84
89	132	190	85
81	133	200	83
90	133	188	83
83	132	197	84
92	132	184	84
94	133	185	83
95	132	185	84
89	132	192	83
79	133	202	83
92	132	184	84
95	133	183	83
94	132	185	83
79	131	201	84
90	131	186	84
82	134	196	82
90	131	188	85
83	133	197	83
88	132	190	84
89	132	192	83
85	132	198	83
89	133	194	82
80	132	204	82
87	134	195	82
75	132	210	84
91	133	195	81
78	131	210	84
80	132	209	83
82	132	208	84
82	132	209	84
82	132	212	84
80	132	213	84
86	132	211	84
82	131	217	85
85	133	214	83
91	133	210	83
89	134	215	83
93	133	213	83
93	133	215	83
95	132	215	83
95	132	216	84
99	133	214	82
103	133	213	82
104	133	214	84
109	132	211	84
110	131	214	84
122	131	205	84
165	132	166	83
154	132	179	84
146	133	191	83
146	133	195	84
138	130	208	85
156	131	192	85
176	132	176	83
170	132	186	84
172	133	187	84
172	130	192	86
180	130	188	85
183	131	188	85
184	131	192	85
189	131	191	85
196	131	188	84
200	132	189	85
197	130	196	87
202	130	194	88
192	130	207	89
188	131	212	89
185	134	211	88
163	132	204	91
131	132	213	89
98	132	211	90
104	132	211	88
110	132	206	89
117	133	204	87
112	132	211	89
114	133	212	89
118	132	212	88
119	131	212	88
121	131	212	88
126	131	211	88
127	132	210	88
131	132	210	89
135	131	208	88
138	131	208	88
140	131	207	88
145	131	206	88
147	131	204	88
149	130	204	89
153	131	203	89
159	129	196	90
138	129	197	91
92	129	205	89
81	129	196	91
84	130	198	88
88	130	197	91
92	131	194	88
93	130	196	87
96	130	195	90
102	130	187	86
102	130	191	88
107	130	189	88
109	130	187	88
111	130	187	86
110	129	189	90
114	129	187	88
117	129	185	88
119	129	185	89
122	129	183	90
124	129	182	90
126	129	181	89
128	129	180	89
131	129	178	87
135	129	177	87
135	128	177	88
139	128	175	89
139	128	176	89
144	126	171	88
142	127	175	89
144	127	173	89
147	126	170	90
148	127	172	89
148	127	171	90
148	127	172	89
150	127	170	89
151	126	171	90
151	126	170	89
151	127	170	89
151	127	170	89
152	127	171	90
154	123	167	91
152	124	170	90
156	119	166	85
149	40	172	101
148	24	172	102
149	28	171	93
148	28	172	91
150	28	171	91
149	28	171	89
149	28	171	90
150	28	171	89
148	28	172	90
149	29	172	90
150	28	170	89
149	27	171	90
149	28	171	90
149	28	171	90
149	28	171	90
149	29	171	90
149	29	171	89
149	29	170	89
149	28	171	90
149	28	172	90
149	29	171	90
148	29	171	89
148	29	171	89
147	29	171	89
148	29	171	90
147	28	170	89
147	29	170	89
146	29	170	90
146	30	170	89
146	30	170	89
146	30	170	89
146	29	170	89
144	30	170	89
144	30	168	89
143	30	168	89
143	31	169	89
142	31	168	89
141	31	167	89
139	31	167	90
139	31	166	90
138	32	166	90
138	32	163	91
136	32	164	91
135	32	164	91
135	33	161	93
134	33	161	93
133	34	159	92
132	34	158	93
132	34	156	94
131	34	156	94
132	35	153	94
131	36	152	94
131	36	149	94
130	37	149	94
131	39	146	92
131	39	144	94
130	41	144	95
130	41	143	95
130	42	141	95
131	44	137	95
132	43	134	96
132	46	133	95
134	46	131	95
134	46	127	96
136	49	125	94
137	47	123	97
138	49	121	96
139	49	118	98
141	49	117	100
142	50	115	100
143	49	116	103
144	50	116	102
145	50	117	103
147	53	118	102
148	53	118	103
149	54	118	105
151	56	118	104
153	59	120	104
153	58	121	107
154	60	123	105
155	59	124	108
157	61	124	108
158	63	126	107
160	64	128	109
160	65	130	110
161	67	131	110
163	69	133	111
164	70	133	112
166	72	135	111
167	73	137	114
168	74	138	114
169	76	139	115
171	78	141	116
172	78	142	116
174	80	142	117
176	83	144	117
177	83	146	120
179	86	146	120
181	87	148	122
182	88	149	121
184	90	148	120
187	92	148	123
188	94	149	124
189	96	150	125
191	98	151	126
193	99	151	127
194	103	152	126
197	104	153	128
199	105	153	131
200	107	155	130
202	110	156	131
204	112	156	132
205	113	158	134
207	115	158	134
208	119	160	135
210	121	161	137
211	124	162	137
214	126	163	140
213	127	165	141
216	131	164	142
218	135	166	144
220	137	166	145
220	138	168	147
222	143	170	150
225	145	170	152
226	149	170	155
227	151	171	157
228	156	173	156
229	157	174	162
230	162	175	161
231	165	177	161
232	170	179	166
234	172	179	167
234	175	180	169
235	181	184	173
236	183	184	176
236	186	187	179
237	192	190	183
238	195	192	184
239	195	194	191
239	202	195	186
