206	174	71	57
199	166	79	66
199	167	74	65
197	168	73	66
196	169	79	64
198	167	74	66
195	166	77	66
195	167	76	66
196	167	75	66
196	167	77	66
197	168	77	65
197	165	73	68
194	167	77	65
197	165	71	69
196	165	73	69
195	165	74	68
193	163	73	71
194	165	75	69
190	165	77	69
193	164	77	71
192	164	78	71
179	161	74	75
179	159	76	76
191	163	83	70
194	166	77	69
195	165	79	70
197	162	81	74
198	164	88	73
199	161	78	72
256	169	54	94
206	166	73	72
202	164	81	77
208	163	73	79
211	156	69	89
232	179	54	105
229	178	56	112
217	172	61	118
206	166	68	79
205	163	69	82
200	163	71	82
195	160	76	90
187	161	80	85
201	168	78	68
197	168	78	66
194	168	79	66
193	168	82	66
189	168	84	66
194	167	79	67
194	169	79	65
194	167	77	66
193	168	79	64
195	169	79	64
196	167	77	67
199	169	76	65
198	165	76	68
197	168	76	64
197	166	76	66
198	168	74	65
196	169	80	65
195	167	77	67
198	168	77	66
195	165	79	68
198	167	76	67
196	168	79	66
196	166	76	68
194	167	78	68
194	166	78	68
195	165	78	68
195	165	77	69
198	168	73	67
198	167	76	67
195	166	79	68
198	166	75	69
195	166	77	68
196	168	75	66
195	169	78	65
196	169	78	67
196	168	77	67
196	165	75	68
194	168	79	66
195	168	79	67
196	168	76	68
198	168	77	68
196	167	77	66
195	164	77	69
196	167	76	67
197	169	76	65
197	167	77	67
196	165	77	68
197	166	75	68
197	167	77	66
197	167	75	67
197	168	78	66
196	165	77	68
195	167	77	67
197	167	77	67
195	167	77	68
197	167	78	67
196	166	76	69
195	168	80	65
197	168	77	67
196	166	76	68
197	166	75	67
196	168	79	65
197	167	77	67
198	167	75	68
196	166	76	68
197	166	77	67
195	167	81	66
195	168	78	67
194	169	79	66
193	168	84	66
193	168	79	66
193	169	80	65
195	168	78	67
195	168	80	66
193	169	82	65
192	168	84	65
192	168	82	66
194	168	80	67
196	168	81	66
197	169	79	65
195	167	80	65
195	167	83	66
197	166	77	68
198	167	77	67
195	167	80	66
196	166	79	67
195	167	80	66
198	167	79	67
197	166	78	68
198	167	75	67
196	167	79	66
194	168	82	66
195	167	80	68
196	166	77	69
194	168	80	65
193	167	80	66
194	167	79	67
196	168	79	66
195	168	81	66
191	167	85	65
190	163	86	71
190	165	79	69
195	169	83	67
192	163	95	77
205	158	102	95
236	167	139	108
222	172	152	109
203	180	155	114
194	181	159	115
179	182	167	121
166	191	168	122
159	190	172	124
143	197	176	130
124	202	183	133
110	205	186	131
92	214	196	139
79	222	200	136
60	227	208	144
39	233	210	152
24	237	218	153
2	246	223	154
2	246	213	164
0	243	206	180
6	254	184	181
0	272	173	173
0	280	149	177
9	266	125	182
57	186	155	100
173	162	106	75
185	161	86	70
194	170	78	64
194	167	79	68
197	168	76	67
193	165	76	68
193	164	76	70
195	166	75	68
195	167	77	68
194	167	80	66
191	165	82	68
191	167	81	67
191	165	80	70
193	166	82	69
190	164	80	70
195	166	80	68
192	163	82	71
196	163	78	71
194	162	82	74
189	161	85	73
193	164	79	71
195	166	77	70
197	161	78	78
197	159	80	79
196	156	72	78
198	167	77	70
199	164	75	78
224	177	57	94
227	173	55	100
222	165	54	103
216	176	56	98
213	170	56	104
206	172	60	96
209	181	59	102
203	174	59	98
202	163	68	84
199	160	69	86
197	163	67	82
198	166	73	74
196	164	74	76
192	164	81	74
193	165	81	70
191	165	81	69
187	168	85	66
189	167	86	67
189	166	86	69
192	167	81	66
193	168	80	66
194	168	80	66
193	168	79	66
194	168	79	66
192	166	80	67
195	167	77	66
195	169	79	65
195	167	78	67
196	169	78	65
196	168	78	66
194	166	79	67
194	167	79	66
196	170	79	64
197	167	78	67
197	168	77	65
195	166	78	68
195	166	77	67
194	167	76	67
197	167	75	68
197	166	73	68
196	166	76	67
194	165	78	68
196	166	77	68
196	166	75	68
197	168	77	66
196	165	77	70
194	164	75	70
195	162	73	72
195	168	76	68
198	167	75	68
196	164	78	69
195	164	76	70
194	166	77	68
195	163	73	72
195	166	73	70
195	168	79	67
196	167	78	67
194	164	78	70
194	165	77	69
197	168	74	69
194	166	78	68
196	166	76	68
196	164	74	70
196	166	75	68
197	166	76	68
196	167	77	68
196	167	75	68
195	165	76	69
195	166	76	68
197	165	74	70
197	167	77	67
196	166	79	68
197	165	73	70
195	166	76	68
195	165	74	70
195	164	74	72
197	168	76	68
195	166	77	69
197	166	75	68
196	166	75	68
196	166	75	68
198	166	74	69
195	165	76	69
197	166	74	68
195	168	77	66
195	168	79	66
196	167	77	69
194	167	82	67
193	166	79	68
193	164	77	69
196	167	76	68
197	169	77	66
197	165	74	71
195	167	77	67
197	166	73	68
194	167	80	65
195	165	75	69
195	166	77	69
196	168	76	67
196	166	75	69
197	164	75	70
196	166	73	68
197	166	71	69
197	165	74	69
197	166	75	68
195	165	76	69
197	165	73	68
197	166	73	69
197	166	73	69
197	166	75	68
196	164	75	70
194	166	77	68
195	164	75	69
199	167	72	68
197	165	73	70
196	164	75	69
195	165	77	68
194	167	78	66
196	165	73	70
196	162	71	74
194	161	73	73
197	165	71	69
194	165	75	68
195	164	74	70
194	164	75	71
197	166	76	69
197	166	75	69
194	163	72	71
195	164	75	70
192	165	76	69
195	164	72	73
196	166	75	70
195	166	77	68
196	166	76	68
196	165	76	69
195	167	75	67
197	166	74	68
197	168	77	66
195	165	75	69
194	167	79	66
195	167	77	67
197	170	77	65
196	166	78	68
195	167	79	66
193	165	81	68
193	169	80	64
192	167	81	66
192	168	82	66
191	169	83	64
193	168	81	66
191	164	80	70
196	169	78	65
196	168	79	66
193	166	80	67
192	164	80	69
195	169	80	65
195	168	78	67
195	169	78	66
193	167	77	68
193	166	80	67
193	166	78	67
192	164	78	69
198	170	76	66
195	167	76	69
193	167	80	67
193	166	79	67
192	167	80	67
192	166	79	68
195	166	78	69
194	168	79	67
189	165	82	68
196	164	75	69
194	167	77	66
194	166	77	68
195	169	80	66
193	165	78	68
191	167	80	66
195	166	77	67
194	168	78	66
195	167	76	68
192	167	82	65
191	166	79	68
190	165	79	69
196	165	74	69
196	168	76	68
193	168	82	67
192	166	81	67
192	164	76	68
196	166	76	68
195	168	78	66
194	167	76	68
195	166	75	69
192	166	78	68
192	164	78	69
196	166	76	69
196	169	78	66
193	166	77	69
193	166	79	68
193	166	77	68
192	167	80	67
189	165	80	68
195	166	77	69
196	167	76	68
193	166	79	68
192	166	79	67
196	165	74	70
196	166	75	68
195	168	78	66
192	165	76	68
194	162	75	71
193	166	77	68
194	165	74	68
194	166	73	71
194	164	75	71
192	163	77	71
194	165	75	69
193	165	76	69
194	166	76	70
192	167	78	69
192	166	78	69
191	163	78	70
