294	112	38	46
295	108	36	53
294	108	36	56
292	108	39	56
290	110	39	54
287	109	40	55
286	109	41	55
285	109	41	57
282	110	41	57
282	109	41	59
280	111	42	57
279	110	48	59
276	110	53	57
275	111	54	59
271	112	56	58
271	112	56	58
268	111	57	59
266	113	57	58
264	113	58	57
262	113	58	59
259	113	59	59
258	113	59	59
256	114	58	61
255	114	58	60
253	113	60	59
252	114	59	60
248	114	60	61
247	115	59	62
245	115	61	61
240	116	62	61
239	115	62	62
239	116	62	63
235	115	65	62
232	115	64	65
231	116	64	64
230	116	65	64
226	117	64	65
225	117	64	65
224	117	64	65
241	115	73	68
281	116	67	67
301	119	65	68
298	117	65	67
296	119	66	68
293	118	65	66
291	120	67	70
289	119	67	67
289	120	68	70
283	121	68	67
281	121	68	69
280	119	68	70
279	121	68	68
275	122	68	69
272	123	69	70
271	122	71	71
267	122	70	72
266	123	69	71
261	123	72	73
258	123	72	74
258	125	71	73
253	125	72	73
251	126	71	72
246	125	73	74
247	126	72	75
242	127	73	76
237	127	76	77
237	128	73	76
237	127	74	76
261	127	78	79
297	128	75	76
311	129	80	78
320	128	74	79
322	128	76	78
320	128	76	82
316	130	77	78
313	131	76	80
312	130	76	79
306	131	79	81
309	132	76	79
304	132	77	82
301	134	78	81
301	134	78	82
300	133	75	84
296	135	76	83
295	134	76	85
294	136	76	83
289	138	77	84
290	137	76	86
289	135	77	88
283	138	78	86
284	137	76	87
282	139	76	87
280	138	77	89
279	140	77	90
277	139	77	89
276	142	76	90
273	141	77	90
270	141	79	93
271	142	75	89
266	143	77	93
268	143	74	93
266	144	74	91
266	145	75	92
264	146	75	93
263	146	73	96
262	146	73	95
261	147	72	96
261	147	73	95
260	148	73	95
258	149	74	96
258	150	74	98
258	150	72	94
255	150	75	101
255	150	75	99
254	151	76	105
253	152	76	103
253	152	78	108
252	153	79	107
251	154	79	108
252	154	78	108
251	155	79	110
250	158	80	111
253	160	78	112
251	158	80	116
251	159	81	116
251	161	82	117
250	161	84	118
251	161	84	120
251	161	85	122
252	159	84	124
256	123	79	120
254	110	85	119
253	88	86	124
251	79	92	122
249	79	96	126
251	82	95	127
253	82	96	128
252	86	98	130
254	85	99	131
254	87	100	132
254	88	102	136
254	88	105	133
257	90	107	138
257	91	108	137
259	92	108	141
259	93	109	138
260	96	111	142
263	96	114	148
262	97	117	151
263	99	120	152
264	100	123	153
268	102	125	160
268	104	128	158
268	105	130	161
269	106	133	164
271	109	135	168
272	109	137	170
275	112	142	176
275	112	145	178
280	115	146	179
280	116	150	179
285	118	156	183
286	120	156	183
289	121	160	186
292	125	164	187
294	125	169	196
299	128	175	203
302	132	182	203
305	132	184	205
313	135	189	213
313	137	194	211
317	139	198	215
321	142	206	222
328	144	212	228
330	146	219	231
334	146	224	234
340	149	229	243
351	153	231	250
354	156	235	254
364	160	246	260
376	168	249	260
382	173	247	266
