173	165	29	52
172	162	27	55
173	162	25	55
171	161	25	55
170	162	25	53
169	165	24	51
168	166	25	50
168	163	25	51
165	163	27	52
163	163	28	54
164	167	30	59
163	157	34	78
164	162	35	79
164	166	34	81
164	172	32	77
165	177	31	80
163	184	31	76
168	196	29	69
171	204	26	66
175	218	23	58
173	217	24	60
173	222	24	57
172	216	26	60
173	221	26	61
175	220	27	61
176	217	28	58
172	215	29	63
150	221	30	67
149	234	32	60
149	234	35	62
182	249	24	55
182	251	24	52
145	237	25	59
144	232	26	63
143	236	26	60
141	232	27	63
140	239	26	56
139	236	24	57
136	243	25	56
135	250	24	55
133	251	25	60
128	257	26	60
125	256	28	63
125	257	27	62
124	257	26	61
120	256	26	62
113	254	28	71
114	258	25	70
115	259	24	67
112	257	26	69
112	258	26	69
111	257	27	69
109	257	29	71
107	257	31	74
108	261	30	73
108	267	28	70
107	273	28	67
106	278	26	68
105	278	28	68
105	290	27	64
103	295	28	68
100	290	28	75
98	290	29	77
92	287	32	78
91	286	32	78
92	284	31	79
91	286	31	78
91	284	32	80
91	288	31	77
90	288	30	76
91	287	29	76
89	289	30	73
88	284	30	77
87	284	30	77
86	282	32	79
87	284	31	79
85	286	30	77
84	285	31	77
82	286	30	76
80	285	30	76
96	288	30	73
107	283	31	76
119	281	33	76
134	278	37	77
163	278	33	73
158	280	33	76
166	279	32	75
179	282	31	75
182	281	30	77
177	281	31	75
180	281	30	75
177	280	30	76
174	278	31	77
181	278	30	75
195	278	32	75
201	277	32	78
207	275	32	77
210	278	31	75
211	276	31	77
212	277	31	78
210	275	31	76
209	278	33	75
207	274	31	77
206	275	31	77
206	272	32	79
205	273	32	78
203	278	30	73
202	275	30	76
202	281	29	71
199	276	31	75
197	279	31	73
194	276	31	73
194	273	31	76
190	275	32	75
189	274	31	76
188	273	31	75
187	275	31	75
186	273	32	75
186	274	30	72
183	272	31	75
184	274	30	72
183	275	28	72
181	273	28	72
183	275	29	72
184	274	28	72
180	272	30	74
171	275	26	69
171	274	27	70
168	274	27	68
181	272	26	72
179	274	28	70
162	277	27	64
179	275	26	69
161	274	29	68
156	275	30	69
154	274	30	69
154	274	31	71
174	273	27	71
173	273	27	69
172	273	29	69
171	274	32	67
171	274	32	66
171	273	30	68
169	272	32	69
142	275	31	66
141	275	26	66
149	273	32	66
188	276	30	62
188	276	27	63
186	275	25	64
185	275	25	62
183	277	23	61
183	278	22	60
180	281	23	56
179	279	23	59
177	280	24	58
173	275	27	62
174	271	30	69
180	272	31	69
158	270	30	67
164	274	29	63
197	269	27	70
193	270	28	69
195	269	28	69
195	269	29	69
200	270	30	68
199	270	31	67
197	270	31	68
196	271	31	68
194	277	27	63
193	278	25	60
188	289	23	50
190	290	22	47
188	289	24	46
186	288	26	47
186	288	25	48
185	289	25	49
185	288	24	49
183	286	24	51
183	286	23	51
209	268	27	67
207	268	28	67
214	266	29	68
219	265	28	69
195	268	28	65
187	265	29	66
190	266	30	66
185	264	28	66
187	263	26	65
187	263	26	64
187	263	25	62
187	263	25	64
187	262	25	65
187	262	27	65
207	274	27	61
184	260	29	67
201	264	35	68
208	261	37	71
229	262	29	72
244	262	28	69
282	260	30	71
288	259	30	70
299	259	28	70
310	259	29	68
309	260	31	67
315	259	33	67
305	276	25	50
305	274	23	51
306	279	21	46
305	280	22	47
306	281	21	45
305	280	21	47
306	280	21	47
305	278	21	47
305	279	22	46
304	279	21	46
304	279	21	46
303	280	22	45
302	279	22	46
302	279	22	46
303	279	22	46
303	279	22	46
303	278	22	46
302	278	22	45
303	277	22	46
302	277	22	47
304	278	22	45
304	278	22	45
304	279	22	45
305	278	22	45
305	278	22	45
307	278	22	45
307	277	22	45
308	278	21	45
309	277	21	44
309	277	22	43
309	276	21	45
310	277	22	44
311	276	23	45
312	276	23	46
311	275	23	46
312	275	23	46
312	275	24	45
313	275	24	44
313	276	23	44
313	276	22	43
312	276	23	44
313	276	23	44
312	276	21	43
312	276	21	43
311	275	21	44
311	274	20	44
310	274	19	44
310	273	20	44
309	274	20	44
308	275	21	42
307	277	21	42
306	275	21	43
306	274	21	44
305	271	21	46
304	271	21	46
302	269	22	47
288	263	23	51
298	267	25	49
302	270	21	48
299	269	22	47
295	267	24	48
300	268	21	47
298	264	22	49
296	261	25	53
296	261	24	53
295	258	24	55
297	262	23	53
298	258	22	56
297	257	22	57
298	257	22	57
297	255	22	56
298	256	22	56
299	253	22	59
297	269	22	47
298	265	23	50
298	255	25	59
299	247	26	63
302	248	25	61
304	247	25	63
302	249	28	61
307	251	25	60
305	248	24	60
309	250	24	59
307	250	23	59
308	254	26	56
291	269	23	46
289	269	22	44
291	269	21	44
289	268	21	44
288	268	21	45
289	269	22	44
288	269	22	44
286	270	24	45
285	269	24	44
287	269	23	44
287	269	22	45
288	267	22	45
287	268	22	44
287	268	23	45
286	270	23	44
286	270	22	43
287	270	22	43
287	269	22	43
287	267	22	44
287	267	22	43
287	267	23	43
287	267	23	43
288	267	22	43
288	268	21	42
288	268	21	43
289	266	21	43
289	266	21	43
289	266	22	43
288	267	22	43
287	266	23	44
287	266	23	43
287	266	24	43
287	266	23	43
287	266	22	43
286	266	22	43
286	265	21	44
286	264	22	45
286	266	22	43
286	265	22	44
286	267	22	41
287	265	23	42
286	266	21	42
288	263	21	42
288	263	20	43
287	259	20	46
289	253	20	50
315	244	23	57
313	244	23	57
311	245	24	55
311	244	25	57
309	242	24	58
311	242	25	57
319	241	22	56
310	242	24	57
310	241	24	59
323	241	21	59
318	242	22	56
322	241	21	56
318	241	22	56
310	242	25	57
317	242	22	57
305	243	22	57
305	244	23	54
306	242	22	56
309	242	25	54
319	240	20	57
317	242	21	56
301	240	24	58
303	240	25	59
301	239	25	59
302	239	24	60
302	239	25	59
301	240	24	59
301	241	23	57
303	241	25	57
316	240	21	58
316	240	21	56
314	239	22	58
301	239	23	58
305	240	24	57
300	239	24	58
302	238	24	58
301	239	24	59
302	239	24	57
302	241	23	56
304	241	24	55
302	239	23	57
302	243	25	55
300	241	25	56
301	241	26	56
300	240	23	58
299	241	25	58
281	254	23	53
281	256	22	49
282	254	22	48
282	253	22	48
299	239	25	59
299	240	27	59
298	244	28	56
299	240	28	58
299	241	27	59
301	239	27	60
299	244	28	57
301	237	28	59
298	241	26	58
301	239	26	60
283	254	22	47
302	240	25	57
284	253	22	48
302	238	24	58
301	238	24	59
301	239	25	56
303	238	24	58
303	237	24	59
303	236	24	60
304	236	25	60
304	237	23	59
304	236	24	59
303	236	25	59
304	236	24	60
305	237	25	59
306	237	26	59
306	236	26	59
308	240	26	57
307	238	24	58
304	239	23	56
314	237	22	57
314	236	21	57
302	236	22	56
302	239	27	55
298	235	23	58
298	235	25	58
297	235	23	58
297	236	24	58
295	235	25	59
297	236	25	58
316	236	23	59
317	235	23	58
316	235	23	58
317	235	22	58
317	236	22	57
317	237	22	56
318	238	23	56
318	238	23	55
318	236	23	57
317	236	24	56
319	235	24	58
317	236	24	57
320	237	23	57
320	236	23	58
322	234	22	54
321	235	23	57
323	235	22	57
323	234	23	58
322	233	24	59
324	233	23	58
323	233	24	59
323	233	25	60
324	233	26	60
324	232	25	59
323	231	27	61
324	232	26	60
325	232	29	59
351	233	27	55
345	233	28	54
341	232	26	57
340	232	24	57
341	230	23	58
332	231	22	58
333	229	23	58
327	232	23	58
326	231	25	59
326	232	26	59
324	232	26	59
319	232	25	58
316	232	23	58
314	233	23	56
311	231	23	59
308	232	24	58
303	235	25	56
302	234	26	58
301	234	25	58
300	234	25	59
300	231	25	62
293	230	29	62
286	229	27	64
279	229	26	64
280	228	27	64
281	229	27	64
278	228	28	65
277	229	28	65
274	229	28	65
269	232	26	61
270	232	27	62
264	232	26	62
266	232	26	61
267	230	26	64
256	232	28	62
254	233	28	61
248	233	28	60
249	233	29	60
240	233	28	61
242	232	30	63
240	233	26	63
237	231	27	64
236	230	27	65
236	231	28	65
228	236	30	59
231	236	27	58
226	237	26	57
221	236	22	59
221	236	22	58
217	234	23	58
215	237	24	60
212	238	23	56
211	235	25	58
209	231	27	61
206	232	29	62
205	235	29	61
203	225	32	69
199	226	32	67
198	227	28	64
171	266	31	72
170	264	31	72
187	236	30	56
187	234	29	57
181	235	27	57
174	235	23	56
170	235	26	56
167	234	27	56
165	234	29	54
167	234	34	55
158	234	27	55
156	233	27	56
161	234	30	55
153	233	26	57
151	233	23	58
149	233	26	56
153	234	29	55
147	233	33	56
146	234	32	56
144	233	32	57
142	232	32	57
133	232	25	59
128	233	25	57
128	234	25	57
127	233	26	57
123	234	26	57
127	234	30	56
127	234	29	56
125	235	23	56
125	244	24	50
102	257	28	69
101	256	27	69
100	251	29	64
103	232	28	60
105	232	28	59
98	233	28	58
101	232	29	58
93	231	27	59
93	231	26	59
91	231	27	56
84	232	28	56
84	232	31	57
81	232	29	62
80	232	33	59
77	233	32	65
73	232	33	75
72	233	31	76
71	229	30	78
71	229	29	75
69	229	29	64
68	230	30	62
63	230	31	60
57	245	30	75
56	230	33	77
53	245	30	75
53	229	30	69
52	226	29	59
51	227	28	57
47	229	29	56
45	230	29	61
37	245	29	71
37	240	29	76
35	240	29	73
34	237	29	77
33	230	32	84
32	229	32	86
28	229	33	84
25	228	36	87
23	244	32	73
22	241	30	72
23	230	32	71
22	230	30	61
18	234	32	75
19	226	32	59
13	238	29	73
14	226	32	79
10	225	34	71
9	226	33	70
6	226	33	61
6	227	33	67
6	225	32	57
5	226	30	58
3	227	29	62
2	226	29	62
0	228	28	80
1	222	28	71
0	234	23	72
0	227	23	67
1	228	22	69
0	227	25	59
0	227	23	61
0	226	21	57
0	228	19	54
0	226	16	54
0	226	17	54
0	226	16	55
0	226	14	54
0	225	14	56
0	222	14	58
0	221	14	61
1	217	15	68
0	218	20	64
0	219	21	75
0	217	28	75
0	212	31	78
0	212	34	79
2	220	38	70
1	222	44	84
97	242	32	64
