72	274	35	82
73	271	34	82
74	271	34	83
74	271	34	83
74	270	35	83
74	269	35	82
75	267	35	81
76	268	34	84
77	268	34	83
77	268	34	82
78	268	35	81
78	268	34	78
78	268	34	79
77	268	34	79
77	268	34	78
76	268	35	78
76	269	35	78
76	268	35	76
76	267	35	77
76	267	34	76
76	266	34	77
76	266	34	77
76	266	34	77
72	266	37	78
71	265	36	78
75	265	33	77
70	265	36	77
77	263	30	77
77	263	29	76
74	262	30	77
74	263	30	77
73	262	30	75
71	262	31	74
69	260	33	75
70	258	33	76
74	259	31	75
73	258	31	74
74	257	29	73
74	256	29	74
74	256	30	75
74	256	30	76
74	254	30	76
73	252	30	76
71	251	33	78
72	251	32	78
70	250	34	79
70	250	34	79
71	250	33	80
70	248	32	78
70	247	29	79
70	248	29	79
70	248	29	79
71	248	29	79
70	247	29	78
69	246	29	77
70	245	28	75
71	245	27	75
70	245	29	75
71	245	28	75
72	244	30	74
72	243	31	74
73	241	30	75
71	242	30	77
72	241	30	76
72	242	31	75
72	242	31	75
72	241	31	75
72	240	30	75
72	240	30	75
72	240	30	75
71	240	30	75
71	239	31	74
71	238	30	76
71	238	30	75
70	238	29	74
69	237	29	74
70	238	29	74
69	236	29	74
69	235	29	74
68	235	30	74
69	235	28	73
69	234	28	72
70	235	28	72
70	235	28	71
71	235	28	72
72	233	30	72
71	232	32	75
72	232	33	74
73	232	32	73
72	232	32	73
75	231	30	73
76	231	29	73
75	230	29	74
76	230	28	75
77	229	28	73
77	230	28	72
76	228	29	73
76	228	29	73
76	228	29	72
75	228	29	72
74	228	29	72
72	227	30	72
72	226	30	72
71	226	30	75
72	226	30	74
72	226	30	72
72	227	29	71
74	226	28	71
73	227	28	71
74	227	28	70
74	226	29	72
75	226	29	71
76	225	30	72
76	224	30	72
77	225	31	74
77	225	31	73
77	224	31	73
77	224	30	72
77	223	30	71
78	223	30	70
78	224	30	68
78	224	30	68
78	224	29	67
79	223	29	66
78	223	29	67
77	223	31	68
78	222	30	68
78	221	30	69
80	220	29	70
79	220	27	69
81	221	26	68
80	220	27	67
78	220	28	68
77	220	29	67
76	219	28	67
75	218	26	68
75	218	28	69
73	217	28	69
72	218	27	67
73	216	28	67
71	215	26	65
72	213	26	67
71	214	26	67
69	214	25	65
68	214	25	66
66	212	26	67
64	212	25	67
61	210	26	68
61	208	26	71
64	208	24	71
56	208	25	68
57	201	28	73
64	192	34	81
63	193	38	83
59	193	40	84
63	189	34	86
62	189	39	86
59	188	37	87
63	191	38	84
52	188	39	87
51	187	40	85
60	188	37	84
75	192	38	83
50	191	36	85
49	192	35	83
47	194	32	79
45	199	28	71
46	199	27	70
47	199	25	68
46	201	26	66
45	202	26	65
44	202	25	65
46	200	26	67
45	199	26	69
45	197	26	69
45	201	26	66
45	199	26	67
47	199	27	66
45	197	26	66
47	196	27	67
45	193	27	69
45	195	27	69
45	195	28	68
45	197	27	66
44	194	28	69
44	194	29	69
44	193	30	70
44	192	29	71
44	191	29	71
46	193	29	68
44	190	29	70
40	194	31	66
44	195	28	65
44	192	28	67
45	191	28	66
45	191	28	69
44	193	28	65
44	192	30	67
46	192	28	66
45	190	27	68
46	190	28	68
48	189	28	69
46	189	30	69
82	182	35	76
112	187	34	76
109	186	36	78
75	175	33	81
71	177	38	78
71	176	38	80
74	174	34	83
76	178	38	78
84	179	42	80
75	176	34	80
76	176	35	79
76	177	34	78
75	175	35	79
77	177	42	77
111	184	37	76
74	174	32	80
50	179	36	72
50	177	32	76
72	175	35	79
71	174	39	80
70	174	37	79
67	173	37	79
71	172	34	80
49	171	34	73
53	172	34	73
62	170	39	76
49	173	33	76
50	172	33	76
50	171	32	78
52	174	33	74
55	174	31	75
70	173	35	76
69	172	35	77
73	172	31	77
68	171	35	76
70	172	34	75
70	173	34	75
68	169	35	79
70	170	31	77
67	170	34	77
70	172	32	75
69	171	30	75
68	169	28	76
62	177	26	66
59	179	25	65
60	176	24	65
61	182	23	59
62	181	23	60
62	181	23	60
62	181	24	61
63	182	24	59
63	182	24	58
62	182	25	59
63	182	25	58
64	182	25	59
62	181	26	58
64	181	25	58
63	180	25	58
66	182	25	56
67	180	24	57
68	179	24	58
69	179	24	58
69	179	24	58
68	181	24	57
68	180	24	57
68	179	24	56
68	179	24	57
68	178	24	58
68	178	24	59
68	178	24	59
68	178	25	59
69	177	24	59
68	178	24	58
69	178	24	59
69	177	25	60
69	177	24	59
69	177	25	60
68	178	24	57
68	177	25	59
68	177	25	59
68	177	24	57
69	177	24	58
69	177	25	58
69	178	24	58
70	177	24	59
69	178	24	58
69	177	25	59
69	178	25	58
70	177	24	58
69	177	25	59
69	178	24	59
69	178	25	58
69	179	25	58
69	179	24	58
69	178	24	59
69	178	25	58
69	178	24	58
69	178	24	58
69	178	25	58
69	178	24	58
69	178	24	58
69	178	24	57
68	178	24	58
69	178	24	58
69	178	24	58
69	178	24	57
68	178	24	58
69	179	24	57
69	179	24	57
69	178	24	57
69	177	24	59
69	178	24	58
70	178	23	58
69	179	24	56
68	178	25	58
69	178	24	58
69	178	24	58
70	177	24	58
69	177	24	58
69	178	24	58
69	178	24	58
69	178	25	58
68	178	25	58
68	179	24	58
70	179	23	57
68	177	24	59
69	179	24	57
69	178	24	58
68	179	23	56
68	179	24	56
68	179	23	57
69	178	25	58
70	178	24	59
70	178	24	58
71	178	24	57
70	177	24	57
70	177	24	57
71	177	24	58
72	177	24	58
71	178	24	57
72	178	24	55
72	178	23	56
72	177	23	57
72	178	23	57
71	177	24	56
71	178	24	56
71	177	24	57
70	177	24	57
69	177	24	57
69	176	24	57
69	175	24	58
68	176	24	57
69	175	24	59
68	176	24	58
68	176	24	58
68	175	24	58
69	176	23	57
68	175	23	58
68	176	23	57
69	175	23	58
68	174	24	58
69	174	24	58
69	173	24	58
68	174	25	60
68	173	25	59
68	173	24	58
68	174	25	59
68	173	25	59
67	173	24	59
66	173	25	59
66	173	25	58
66	172	25	59
66	172	26	59
67	173	25	58
65	172	25	60
65	172	25	59
66	171	24	58
65	172	24	57
65	171	24	58
64	169	24	60
64	170	24	58
64	170	23	57
65	171	22	56
65	170	23	57
64	170	23	57
64	171	22	55
64	171	23	56
64	169	22	57
62	169	23	58
62	167	22	58
62	168	23	58
57	168	24	58
57	168	23	61
57	167	23	60
56	165	23	62
55	165	23	61
54	162	24	66
52	165	26	62
49	165	32	61
50	165	29	63
51	163	29	64
51	158	31	68
51	160	33	65
54	156	33	70
44	151	37	74
91	154	38	72
116	159	33	70
116	159	32	68
116	158	32	68
117	158	31	68
116	157	32	69
117	158	31	68
85	151	29	73
86	154	31	70
85	152	31	72
85	152	31	72
87	153	31	71
89	153	34	70
118	156	33	69
118	155	32	69
118	156	32	67
118	156	32	67
117	155	32	70
117	156	32	68
80	156	30	65
58	163	26	59
57	159	24	64
57	161	24	60
57	161	24	60
57	162	24	59
58	162	22	58
57	161	23	58
60	163	22	55
61	162	22	55
61	161	22	55
62	162	22	55
62	162	22	55
62	161	21	56
63	161	21	54
62	160	21	55
61	161	22	56
60	161	23	56
59	160	23	56
59	159	23	55
58	159	23	55
60	160	23	55
56	159	25	57
59	160	22	56
59	160	23	56
59	159	22	55
59	159	22	56
60	159	22	56
60	159	21	56
58	159	22	57
59	158	21	56
58	157	21	58
56	155	23	60
56	153	23	63
55	154	24	62
53	148	26	66
82	143	28	70
81	145	31	69
47	147	33	64
50	148	32	67
80	143	28	70
47	147	35	64
52	146	34	67
48	145	32	66
82	142	28	70
47	148	33	61
47	144	31	71
44	151	28	61
44	156	27	56
44	153	25	60
43	153	24	57
42	156	25	55
41	155	26	56
40	154	26	59
38	155	28	60
37	155	27	56
35	153	28	58
35	156	27	56
36	154	27	59
34	154	27	57
33	155	26	55
35	154	25	56
35	153	26	54
34	152	27	55
32	151	28	58
33	152	26	56
30	152	27	56
31	153	25	55
29	154	27	52
29	154	28	53
29	153	28	53
30	153	27	53
28	152	28	53
28	153	28	53
27	153	25	53
26	152	25	54
27	153	24	53
25	152	24	53
26	151	23	54
25	150	23	54
26	153	23	53
25	151	23	55
25	152	22	53
26	152	22	52
25	151	23	54
25	152	23	52
24	151	24	52
25	150	25	53
25	151	25	53
24	149	25	54
24	150	25	53
24	151	24	50
24	149	23	52
24	149	22	52
25	149	21	52
24	150	22	51
23	149	22	52
23	149	22	52
