1	242	15	35
4	242	17	35
8	241	21	39
3	232	20	46
1	236	20	43
0	237	17	40
0	237	13	38
0	236	12	42
0	241	12	41
0	234	13	45
0	216	16	34
0	219	13	32
0	215	12	34
0	213	11	35
0	215	10	33
0	213	10	36
0	217	11	33
0	214	12	38
0	216	12	36
0	216	13	36
0	213	12	38
0	224	12	32
0	225	11	32
0	225	11	33
0	222	11	36
0	221	11	34
0	221	11	34
0	222	10	30
0	221	10	32
0	219	10	35
0	220	10	36
0	215	10	38
0	215	10	39
0	217	11	39
0	218	12	40
0	227	11	39
0	227	12	40
0	230	15	43
0	231	17	45
0	231	18	46
0	232	22	46
0	230	25	47
2	231	27	47
12	232	25	49
16	233	26	51
19	235	24	49
22	234	24	48
24	234	26	48
36	237	24	48
38	238	24	48
41	238	24	48
46	240	23	47
48	240	22	48
49	240	23	47
55	239	25	48
71	239	24	49
64	240	24	47
66	238	26	49
68	239	25	50
71	240	25	48
75	241	24	47
78	243	23	47
81	243	31	44
82	241	27	47
83	244	27	48
86	242	25	48
88	241	27	49
88	243	28	47
90	241	28	49
88	241	28	48
90	241	27	46
91	241	26	47
95	241	25	46
97	243	25	44
101	242	24	45
103	243	22	45
103	244	24	46
103	244	24	47
106	245	24	45
107	246	25	47
108	246	25	47
110	247	25	48
114	246	24	48
116	244	22	49
87	244	23	46
89	245	25	45
92	245	23	45
97	248	22	44
100	249	22	45
101	248	22	43
105	249	22	42
104	248	22	44
109	249	26	44
112	247	25	48
114	249	24	47
117	252	23	44
120	252	25	44
123	253	26	47
124	254	25	44
126	254	27	46
130	254	26	44
135	259	25	46
140	258	20	41
142	259	22	41
147	256	23	46
148	253	24	48
150	254	24	49
156	256	24	48
160	259	22	45
163	259	22	45
166	258	22	45
168	259	21	46
169	257	24	49
175	260	26	47
176	260	25	47
181	261	24	45
185	260	22	47
185	263	23	47
186	262	25	51
195	261	27	50
222	257	28	54
197	260	29	51
221	254	32	57
223	253	31	59
222	252	34	64
228	251	31	64
228	251	32	64
231	250	32	62
232	252	35	59
232	252	33	63
229	251	33	65
235	255	31	59
227	257	33	58
232	255	33	58
247	246	33	63
241	256	34	61
277	264	27	52
277	262	29	49
298	260	28	52
297	255	32	51
299	256	30	57
302	256	28	55
303	256	27	55
307	254	30	56
310	258	31	57
284	261	40	57
260	248	33	57
258	246	35	58
261	248	36	60
262	248	36	60
262	244	37	57
267	246	31	62
270	249	32	62
237	251	33	61
239	253	29	56
240	253	28	57
245	252	30	55
261	247	27	59
247	256	29	53
261	254	29	53
264	253	30	55
256	252	33	56
271	253	29	56
265	252	31	56
266	251	32	57
268	251	29	61
266	251	30	61
268	252	26	59
271	252	28	58
271	253	34	59
273	250	30	64
278	252	32	60
278	251	34	63
278	250	33	63
278	250	33	64
282	252	34	61
282	250	35	63
280	250	35	66
281	252	32	64
280	252	32	63
282	250	35	62
283	251	33	65
284	251	31	61
288	250	33	59
286	249	32	61
295	251	38	60
289	257	41	62
297	254	37	61
291	252	38	63
292	250	32	66
291	253	36	67
295	251	36	67
290	252	31	64
291	253	29	64
296	256	30	59
297	257	31	58
298	255	29	60
296	254	35	64
295	258	34	61
290	256	36	60
296	254	28	62
299	254	27	61
300	254	29	62
299	254	30	62
319	254	32	65
356	251	34	73
321	256	33	65
322	255	32	65
324	254	32	67
320	254	34	68
295	290	34	57
303	255	28	55
271	258	27	53
232	267	25	50
258	278	27	47
269	268	25	54
285	285	27	53
297	285	31	52
316	267	30	58
328	272	32	67
330	267	37	67
373	253	35	70
380	257	31	68
378	256	34	68
383	283	31	59
400	286	33	64
410	284	32	69
443	280	32	75
447	278	32	75
446	287	30	69
455	282	35	69
457	284	36	72
455	280	36	72
456	279	37	75
462	284	34	72
473	292	30	64
475	291	31	63
477	293	31	62
478	290	31	64
482	293	28	62
