12	252	27	25
16	248	24	34
21	246	25	35
26	245	25	37
33	246	24	38
38	244	25	42
43	244	25	43
48	247	24	42
55	250	24	38
59	252	22	36
64	254	22	36
68	254	24	36
75	256	24	35
84	257	23	33
93	257	22	33
100	256	24	34
115	254	25	41
121	251	27	45
126	266	30	32
137	267	28	31
147	267	27	33
130	244	25	52
130	244	25	52
129	245	25	51
132	245	24	51
133	244	23	51
134	245	23	51
134	247	23	51
134	246	24	50
135	245	25	51
135	246	24	51
137	245	25	51
137	246	25	51
137	246	25	51
137	246	26	51
137	245	26	52
137	245	26	53
136	245	24	51
136	246	25	52
136	246	25	51
136	246	25	51
135	247	26	52
135	246	26	52
135	245	25	52
137	245	23	52
137	245	24	52
137	246	23	51
137	245	23	52
138	246	23	51
138	246	24	52
139	246	23	52
139	246	24	52
139	246	24	52
139	246	24	52
139	246	25	52
138	246	25	52
138	245	24	52
137	245	25	52
137	247	25	51
137	246	25	51
137	246	24	52
136	247	23	50
137	246	24	52
137	246	23	51
136	245	24	52
136	246	25	51
136	247	25	50
136	247	24	50
136	245	25	52
137	246	25	51
137	245	26	52
137	245	25	52
137	246	24	51
135	244	27	52
136	245	25	52
136	246	25	52
135	245	26	52
135	244	25	53
134	244	25	53
132	244	26	53
131	245	25	52
129	244	26	52
128	245	26	52
125	246	27	50
124	247	26	51
123	245	26	52
121	245	27	51
119	244	27	52
118	243	26	52
118	243	25	52
116	243	26	52
115	244	26	52
115	243	26	53
113	241	27	54
111	241	26	54
111	239	25	55
109	241	25	53
109	239	23	53
109	240	24	52
106	239	24	53
106	239	24	53
105	238	23	51
104	238	23	52
104	237	22	47
