591	203	28	70
588	202	28	71
585	203	31	70
584	203	32	70
582	204	32	70
578	201	32	71
578	202	30	71
573	200	31	72
572	201	31	71
571	201	31	71
567	202	32	70
568	202	30	70
564	202	31	70
565	202	30	70
563	202	30	71
560	200	30	71
560	201	29	71
558	200	30	71
555	201	31	70
554	201	30	70
551	202	32	70
550	201	31	70
549	201	30	70
546	200	31	69
545	199	31	70
545	199	30	71
540	200	31	70
540	200	32	69
538	200	31	69
537	200	31	68
536	199	30	68
535	199	31	69
533	199	30	68
533	198	30	69
531	197	30	68
529	197	30	68
528	198	30	68
526	198	31	67
525	198	31	67
524	197	32	68
522	197	31	67
521	196	30	67
518	195	31	68
517	195	30	68
517	195	31	68
514	196	31	67
512	196	31	67
511	196	31	67
509	196	31	67
509	194	30	67
506	194	29	67
505	193	30	67
505	193	29	68
501	193	30	67
501	192	30	67
499	193	30	67
497	194	31	65
496	196	31	62
495	196	31	63
493	197	31	60
492	197	30	61
491	196	29	62
488	196	30	62
488	196	30	62
485	195	30	62
484	193	30	64
481	192	30	64
481	192	30	65
480	191	30	66
477	190	30	66
477	189	30	66
476	190	29	66
473	190	29	65
472	190	30	65
470	190	30	65
470	190	30	65
468	190	30	65
466	190	30	64
465	188	31	66
464	188	30	66
462	188	32	66
461	188	31	65
460	188	31	65
458	189	31	64
457	189	31	65
456	188	31	65
455	188	31	64
455	188	30	65
454	186	30	65
453	186	30	65
452	186	30	65
450	187	30	64
448	187	30	64
448	188	30	64
447	187	30	63
446	187	30	63
444	186	29	64
443	186	29	65
441	186	30	65
441	185	30	64
440	186	29	63
439	186	30	63
438	186	29	63
437	186	30	63
437	186	29	63
436	185	28	64
435	184	28	63
435	184	27	64
434	184	27	64
434	184	27	63
432	185	27	62
431	185	28	62
430	185	28	62
429	185	29	62
428	184	29	62
425	183	29	62
425	183	30	63
424	183	30	62
423	183	30	61
422	184	30	61
421	184	30	61
421	185	29	61
420	184	29	60
420	184	28	59
420	183	28	61
419	183	28	61
419	183	28	61
418	183	28	61
416	182	28	60
416	182	28	60
414	183	29	60
414	182	28	61
413	182	29	61
412	182	28	61
412	181	28	61
410	181	29	61
409	181	28	61
408	181	28	61
407	181	28	60
406	181	29	60
405	181	28	60
405	180	27	60
403	180	28	60
403	180	27	59
400	179	28	60
399	178	29	61
399	179	28	61
396	179	28	61
396	180	28	61
394	181	29	60
393	181	29	60
393	181	30	60
391	182	29	60
391	182	28	60
390	181	28	61
388	181	28	61
387	180	29	61
385	181	29	60
383	181	30	61
383	182	29	60
382	181	29	61
381	181	29	60
380	180	28	59
380	180	28	61
379	180	28	60
378	179	28	60
377	179	29	60
376	179	29	60
375	179	29	60
374	180	29	60
374	180	29	60
373	178	29	59
371	179	28	59
371	178	29	60
370	178	29	60
369	178	30	60
368	178	30	60
368	178	30	60
368	178	30	59
368	177	29	59
368	177	28	58
367	177	29	59
367	176	29	60
366	176	29	60
364	177	29	59
364	177	28	59
364	177	29	59
363	176	28	59
363	177	28	59
362	176	28	58
362	175	27	59
361	175	28	59
361	175	29	59
361	175	28	59
361	176	28	58
361	176	28	58
361	175	28	57
361	176	27	57
361	175	27	57
360	175	27	58
361	174	27	58
361	174	27	58
361	174	27	57
361	174	27	57
361	175	27	57
361	174	28	58
361	174	27	58
362	174	27	57
361	173	26	56
362	173	26	57
362	172	26	57
362	173	27	57
362	173	27	56
362	174	26	56
362	173	27	56
362	173	27	56
363	171	26	57
364	172	26	57
364	171	26	58
364	171	27	57
364	171	27	57
364	172	27	56
365	172	26	56
365	172	27	57
365	172	27	56
366	171	27	55
366	171	26	55
366	170	26	55
366	170	27	55
366	170	27	56
366	171	27	56
366	171	27	55
367	171	27	55
367	170	26	55
367	170	26	55
367	170	26	55
367	169	26	56
367	169	25	55
367	169	26	56
367	169	26	55
366	169	27	54
366	170	26	54
365	169	27	54
365	169	27	54
364	169	27	54
365	168	27	55
364	168	27	55
363	168	28	55
362	168	28	55
361	168	28	55
361	169	28	55
361	169	27	55
361	168	27	55
360	168	26	55
360	168	26	54
359	167	26	55
358	166	26	55
358	166	26	55
357	167	26	54
357	167	26	54
356	167	27	54
354	166	27	54
354	166	27	54
354	165	27	54
353	165	26	54
352	165	26	55
351	165	26	54
350	166	26	53
350	165	26	53
348	165	27	54
348	165	28	54
348	164	26	54
347	164	25	54
346	163	25	54
345	163	25	54
343	163	26	54
343	163	25	53
342	164	25	52
341	164	25	53
339	165	25	52
339	165	25	51
338	165	24	50
336	166	25	50
336	166	25	50
335	165	25	50
333	166	26	50
333	166	25	49
332	165	25	50
331	165	25	50
330	167	25	49
329	163	24	51
328	164	24	49
327	165	24	49
326	165	24	49
326	163	25	50
324	161	25	53
324	161	25	53
322	160	25	54
320	161	25	52
319	161	25	52
318	161	25	52
317	160	26	53
316	160	25	52
315	160	25	52
314	161	25	51
313	161	25	51
312	160	25	52
310	159	24	52
310	160	24	52
310	159	23	52
308	159	24	52
307	159	24	52
305	160	25	51
304	159	25	52
304	160	25	51
302	160	25	52
301	158	25	52
300	158	25	52
299	158	25	52
299	158	25	51
297	159	25	50
296	159	25	51
296	159	25	51
294	159	24	51
293	158	25	51
292	157	24	51
291	157	24	51
291	157	24	51
290	157	24	50
289	158	24	50
288	158	25	49
287	158	25	50
286	158	25	50
284	157	24	49
283	156	24	51
282	155	24	51
281	156	24	50
280	156	24	51
278	157	24	49
278	157	25	50
278	158	24	49
276	156	23	49
276	156	23	50
275	155	23	49
274	155	23	50
273	155	23	50
272	156	24	48
271	155	24	49
270	156	24	49
269	156	24	49
268	156	24	49
266	154	24	49
265	154	24	50
264	153	24	50
262	154	24	49
262	154	24	50
261	155	24	49
260	154	24	49
260	154	24	50
259	154	23	49
258	153	23	49
258	153	23	49
257	153	23	49
255	153	24	49
254	154	24	49
253	154	24	48
252	153	24	48
252	153	24	49
250	153	23	49
249	152	23	48
249	153	23	48
247	152	24	48
246	154	23	47
246	154	23	47
244	153	23	47
244	154	23	46
244	154	22	46
243	153	22	46
242	154	22	46
240	153	23	46
240	154	22	45
240	154	22	46
238	154	22	46
238	153	22	46
237	153	22	47
236	152	22	46
235	152	22	46
235	152	22	47
233	152	22	46
232	152	22	46
231	152	22	45
231	152	22	47
231	152	22	45
229	152	22	46
229	152	22	45
228	150	22	46
227	149	22	47
227	150	22	48
225	150	23	47
224	150	23	47
224	150	22	47
224	150	22	47
223	150	22	47
222	149	22	48
221	149	23	48
220	148	23	48
219	148	23	47
218	149	24	47
218	149	23	47
218	149	22	47
217	149	22	47
216	148	22	47
215	147	22	47
215	147	22	47
214	147	22	48
214	147	22	47
213	149	22	46
213	148	22	47
212	148	22	47
211	147	22	47
210	147	22	47
209	146	22	47
209	146	22	47
208	147	23	47
207	147	23	46
207	148	22	46
206	148	22	46
206	147	21	46
205	147	22	46
205	147	22	46
204	146	22	46
204	146	21	46
203	146	22	47
203	146	22	46
202	146	22	46
201	146	22	46
201	146	22	47
201	146	22	46
201	146	21	45
198	145	22	46
198	145	23	47
198	145	23	46
197	146	23	46
197	147	22	45
197	147	22	43
197	147	21	43
197	146	21	44
196	146	21	45
195	146	22	44
195	146	22	45
194	145	23	46
193	145	23	45
192	145	23	46
192	145	23	45
192	144	24	45
192	144	23	45
192	144	23	45
191	144	23	45
190	144	24	45
190	144	24	45
190	145	24	45
190	145	23	44
190	145	22	43
191	145	21	44
191	144	21	43
192	144	21	44
191	144	21	44
190	144	21	44
190	145	21	43
190	145	21	44
189	145	21	43
189	145	21	43
189	144	21	45
188	143	22	44
187	143	22	45
187	143	22	45
186	142	22	44
187	144	22	44
187	143	21	43
187	143	22	44
187	142	21	44
187	142	21	44
187	142	22	44
186	141	22	44
187	141	21	45
186	142	21	44
187	142	22	44
187	142	21	44
187	142	20	43
186	142	21	43
187	142	21	43
187	141	20	44
187	141	20	43
187	141	20	44
188	142	19	43
187	141	19	43
187	142	20	43
188	142	19	42
188	142	19	42
188	140	20	43
187	141	20	44
188	140	20	43
187	140	20	43
187	140	21	44
188	141	21	43
188	141	21	43
188	141	20	42
188	140	20	42
187	140	20	44
188	139	20	44
188	139	20	43
187	140	20	44
188	140	20	43
188	140	20	43
188	140	20	42
189	140	19	42
188	140	19	43
188	140	19	43
189	140	18	42
188	140	19	42
188	139	19	43
188	140	19	42
188	140	19	42
188	139	19	42
188	139	19	41
188	141	19	41
187	141	19	40
187	141	19	39
187	142	19	38
187	141	20	40
185	142	20	40
185	142	21	39
186	142	21	38
186	141	20	38
187	141	19	38
186	141	19	38
186	141	19	38
186	141	19	38
186	141	20	38
187	140	19	39
187	140	19	40
186	140	19	39
186	139	19	40
186	139	19	39
186	139	19	40
186	138	19	40
186	138	19	41
185	139	19	39
186	139	19	39
186	139	19	40
186	138	19	40
187	138	19	40
187	139	19	40
186	138	19	40
186	138	20	41
186	137	20	41
186	136	21	42
186	137	21	41
186	137	21	41
186	137	21	40
186	137	21	40
186	136	21	41
186	136	22	41
186	136	21	41
186	135	22	41
186	135	22	41
186	136	22	41
186	136	22	40
186	136	22	40
187	137	21	40
186	135	22	40
187	135	22	40
187	135	22	41
187	135	22	41
186	135	23	40
187	136	22	41
186	135	22	40
186	135	22	40
186	136	21	39
186	135	21	39
186	135	21	40
185	134	20	40
185	135	20	40
185	136	20	39
184	135	20	38
184	135	21	39
184	135	20	39
184	135	20	38
184	136	20	38
184	134	20	39
183	135	21	37
183	134	21	39
183	134	21	39
183	135	21	38
183	135	21	38
183	136	21	38
183	136	20	37
183	136	20	36
183	136	20	37
184	135	19	37
183	135	20	37
183	135	20	37
182	135	20	37
182	135	21	38
181	135	21	38
182	135	21	38
181	136	21	37
181	134	21	38
181	134	21	38
180	134	21	38
179	134	21	38
179	134	21	38
178	134	22	37
179	133	21	39
178	133	21	39
178	134	21	37
177	134	21	37
177	133	21	37
177	133	20	37
176	131	20	39
176	130	20	39
175	131	21	39
175	130	20	40
174	132	21	39
174	131	20	39
174	131	20	40
174	130	20	39
172	130	20	39
172	130	20	40
172	129	20	40
171	128	21	41
171	128	21	41
171	130	20	40
170	130	20	39
170	129	20	40
170	129	20	40
169	130	20	40
169	129	21	41
169	128	20	40
169	128	20	41
169	129	19	41
168	130	20	39
169	130	20	39
168	130	19	38
168	129	19	39
168	129	20	39
167	129	20	38
167	129	19	39
166	129	19	39
166	129	20	40
167	129	20	40
166	129	20	39
166	129	20	40
166	129	19	38
166	129	19	38
165	129	20	37
165	128	20	38
166	127	19	39
166	127	19	38
166	127	19	38
165	126	20	39
166	127	19	39
165	128	20	38
166	128	19	39
165	127	20	39
164	128	20	38
165	127	20	39
165	126	20	40
165	126	20	38
165	127	20	38
165	127	19	38
165	127	19	38
165	127	20	37
165	127	20	38
165	126	20	38
165	127	19	38
165	126	19	38
165	126	20	38
165	125	20	39
165	126	20	39
164	126	20	39
166	126	19	38
165	126	19	37
165	128	19	37
166	126	19	37
167	124	19	38
167	124	19	38
167	125	19	39
167	124	18	38
166	125	19	37
167	126	18	37
168	125	18	36
168	125	18	37
167	125	18	37
168	124	19	38
167	124	19	38
167	123	19	39
168	125	18	38
167	125	19	38
168	123	19	39
168	124	19	37
168	124	19	36
169	123	18	38
169	123	18	37
169	123	18	38
170	123	18	39
170	124	18	39
170	125	18	37
171	124	18	37
170	125	18	37
170	124	18	37
171	124	18	37
171	122	18	38
170	122	19	39
171	122	19	38
171	122	18	39
171	123	19	39
171	122	18	40
171	122	19	39
172	122	19	39
172	123	19	39
173	122	19	39
173	121	19	38
174	122	19	39
174	121	19	39
174	121	19	39
175	122	18	39
175	124	18	37
176	122	19	38
176	123	19	37
176	123	19	38
177	123	19	38
177	121	20	38
178	121	19	38
177	122	19	36
178	123	19	36
178	122	19	36
178	123	19	36
179	122	19	36
179	122	19	35
179	122	20	36
180	121	19	37
180	121	19	36
180	122	19	36
181	122	19	35
181	123	19	35
181	122	19	35
181	123	19	35
181	122	19	35
181	121	20	36
181	121	19	36
181	121	20	36
182	122	20	36
181	121	20	36
181	122	20	35
181	122	20	35
182	122	20	35
182	120	20	36
182	122	19	34
182	121	20	34
183	120	20	36
182	120	20	37
182	119	20	37
183	121	20	35
183	121	19	36
183	121	19	35
184	120	20	36
184	119	20	37
184	120	19	36
