146	209	30	98
147	206	29	102
147	205	28	102
146	206	29	102
146	207	28	102
146	206	28	103
147	206	28	102
147	206	28	103
146	206	28	103
147	206	28	103
146	206	28	103
146	206	28	103
147	206	29	102
146	206	29	103
147	207	28	103
147	207	28	103
146	206	28	102
147	206	29	103
147	207	29	103
146	206	28	102
147	206	28	102
146	207	29	102
146	206	28	102
146	206	28	102
147	206	28	103
147	206	28	102
147	207	29	103
147	207	29	102
147	206	29	103
146	206	29	103
146	206	29	102
146	207	29	102
146	206	28	102
146	206	29	103
147	206	28	103
147	206	28	102
147	206	28	103
147	206	29	103
147	207	28	102
147	206	28	102
147	206	29	102
146	207	29	102
146	206	28	102
147	206	28	102
146	207	28	102
147	207	29	103
147	207	27	102
147	207	28	102
146	206	28	102
147	207	29	103
146	206	28	102
147	207	28	103
146	206	28	102
146	207	29	102
147	206	28	102
147	206	29	102
147	206	28	103
146	205	28	103
146	206	28	103
147	206	28	103
147	207	28	102
146	206	28	103
146	206	29	102
146	206	28	103
147	207	29	103
146	206	28	103
146	206	29	103
147	206	28	103
146	206	29	103
147	206	29	103
147	206	28	102
147	206	28	103
146	206	28	103
147	207	28	102
147	206	28	102
146	206	29	102
146	207	28	102
146	206	28	102
147	206	28	102
146	206	29	102
146	207	28	101
146	207	29	101
146	206	30	100
146	207	31	101
141	212	39	95
139	216	43	93
139	218	44	93
137	221	45	90
136	223	46	87
135	226	49	85
136	227	50	83
133	228	54	83
134	227	51	85
134	226	51	86
135	225	52	87
136	222	48	88
139	223	47	88
142	221	41	89
146	218	40	95
141	220	42	90
141	222	44	88
139	221	43	90
141	222	44	87
141	222	41	91
143	221	43	90
138	222	45	89
139	219	45	91
139	219	46	91
139	219	44	90
141	220	44	90
140	219	42	91
140	221	46	89
142	223	44	89
141	225	42	88
141	228	42	84
141	231	42	84
143	235	42	81
143	235	41	82
145	241	42	81
143	244	45	80
144	245	43	78
145	245	43	79
145	246	41	77
146	244	41	79
145	243	43	82
145	243	42	82
145	246	42	79
145	248	41	75
145	249	41	76
144	247	41	77
146	247	40	78
146	247	40	78
147	249	39	75
146	249	39	74
144	248	41	74
145	247	40	77
145	247	40	75
145	248	40	76
145	247	39	76
144	247	40	78
145	248	39	76
147	250	38	74
146	248	38	75
147	249	39	75
147	250	38	74
146	249	39	74
146	248	39	77
146	248	39	79
147	249	39	81
145	248	39	79
146	249	39	74
146	250	39	74
146	251	39	72
145	251	39	71
144	251	39	77
144	250	39	77
145	251	38	78
146	253	36	75
146	252	36	75
146	252	35	72
145	251	38	80
143	251	39	81
144	250	39	87
142	250	41	94
146	246	41	85
142	250	44	88
142	248	41	93
139	252	43	90
144	236	41	92
140	250	43	100
140	249	43	100
140	251	43	98
140	250	43	102
141	251	44	96
142	248	42	106
141	249	43	109
142	240	42	96
142	252	45	101
141	249	45	106
142	248	45	114
142	250	45	115
141	251	48	119
143	251	54	129
141	253	52	126
134	255	55	129
128	255	57	144
128	251	58	152
164	207	48	104
171	206	35	97
170	206	33	97
170	205	35	99
166	204	36	100
164	202	36	100
162	202	37	99
162	204	36	97
158	201	37	103
157	202	37	108
153	205	38	109
158	198	36	105
156	200	35	105
152	199	38	105
148	200	40	106
148	201	40	109
147	197	37	110
146	200	37	105
145	199	38	104
143	197	38	107
144	197	36	106
140	196	36	104
142	196	36	109
140	195	36	105
141	195	35	107
141	196	37	112
141	196	36	112
140	196	37	112
139	196	37	111
139	196	35	109
139	197	36	108
140	196	36	109
139	196	38	114
140	198	35	113
141	197	36	118
140	195	37	117
142	197	34	115
141	197	38	112
142	197	34	111
141	198	37	115
142	195	34	114
141	199	36	116
142	196	37	116
141	199	37	115
142	197	35	112
142	200	36	111
142	199	35	108
140	200	36	104
140	201	37	101
140	203	38	105
141	201	36	102
140	201	39	104
141	205	39	108
139	198	38	109
140	203	38	109
139	198	38	109
141	202	36	104
139	197	37	105
137	200	38	104
139	202	38	103
138	199	37	108
139	202	39	110
138	197	37	99
138	199	36	103
137	198	37	103
139	203	36	92
139	199	37	102
139	202	36	97
138	201	39	104
140	201	39	108
140	196	39	109
140	199	39	106
144	194	37	118
141	201	38	107
143	197	38	111
142	202	38	111
143	198	34	103
143	200	34	99
144	200	35	101
144	199	35	106
143	197	35	104
143	202	34	100
142	199	35	103
143	199	34	101
143	197	33	101
143	197	32	102
142	198	32	101
143	198	32	102
141	195	33	106
142	196	31	105
140	194	33	105
140	194	34	105
139	196	34	104
139	198	34	100
138	196	33	103
139	198	34	102
139	197	36	108
137	196	36	103
139	199	36	101
139	197	35	107
139	196	34	100
140	197	33	103
139	196	35	101
140	197	35	102
139	197	36	104
140	198	36	103
138	196	38	110
139	197	38	104
139	197	37	106
139	196	38	105
139	197	37	109
140	197	36	108
138	196	38	107
139	196	37	102
139	198	37	106
139	196	36	107
139	196	37	105
138	196	36	103
138	197	36	104
138	196	36	104
139	197	36	99
138	197	36	101
138	197	36	98
138	197	35	97
138	197	34	95
138	198	33	96
137	196	34	92
137	197	34	95
136	198	34	94
135	198	33	94
134	199	33	93
132	198	34	95
132	198	33	94
129	197	35	98
130	204	37	100
128	202	38	98
129	200	40	100
128	204	42	97
142	249	43	82
143	250	43	80
143	250	43	79
143	249	43	80
142	248	43	79
142	246	43	81
140	247	45	77
118	197	34	95
121	198	35	97
124	197	35	99
123	198	35	97
125	197	34	98
127	197	35	96
129	198	35	97
129	199	34	96
130	197	33	97
131	197	33	95
134	198	34	96
135	198	35	98
134	200	36	95
135	198	36	100
137	198	36	97
137	199	36	98
139	201	36	102
139	196	36	108
141	198	35	103
142	197	34	106
144	195	33	108
144	196	33	107
144	196	34	107
143	198	34	102
143	197	33	106
144	199	33	103
143	197	34	105
143	198	35	106
142	198	35	102
143	200	36	104
142	200	36	102
143	199	37	106
142	202	38	105
142	202	38	105
142	201	39	105
141	204	40	107
141	204	40	106
141	208	41	103
141	207	42	101
141	211	41	96
139	211	44	99
141	214	44	99
143	213	42	100
144	213	43	99
151	213	39	95
152	212	41	97
154	208	42	95
171	161	43	80
185	113	30	66
188	112	29	65
185	112	27	65
190	112	28	63
186	112	29	66
186	112	27	63
190	113	27	63
191	113	27	61
190	112	28	61
189	112	29	62
192	111	30	62
190	110	27	63
190	110	29	63
188	111	28	63
193	110	29	64
189	111	26	62
194	111	30	63
190	109	28	65
189	110	27	63
205	107	31	65
192	109	28	63
194	109	27	62
195	108	26	63
195	108	27	63
195	107	27	63
195	107	26	63
196	107	26	62
195	107	26	62
198	108	26	62
195	108	26	63
197	107	24	62
199	108	25	61
196	106	26	63
197	105	26	64
197	104	27	66
198	104	25	65
198	105	25	65
200	105	25	64
199	105	25	61
201	104	25	63
200	105	26	62
201	104	25	62
202	104	24	60
201	103	25	62
202	104	25	63
202	104	25	63
203	104	26	63
203	103	26	61
203	104	28	62
205	101	30	62
203	100	32	64
200	101	32	66
206	98	33	66
204	99	32	67
206	101	31	65
228	93	30	68
222	96	31	65
224	97	28	63
225	98	27	61
207	102	27	62
213	98	26	60
224	96	27	63
222	94	26	63
221	99	24	61
222	95	25	62
215	100	23	60
226	98	24	60
226	98	24	60
217	97	25	62
219	96	23	61
229	97	26	60
214	95	25	61
214	98	23	59
214	96	24	60
215	97	24	59
215	96	24	60
216	96	23	59
215	95	23	60
215	94	23	61
216	94	23	59
218	94	23	59
218	97	23	58
220	96	23	59
220	97	22	57
221	96	23	58
221	95	23	58
223	96	22	58
223	96	22	56
225	95	21	56
224	95	24	57
226	95	25	57
224	94	27	58
238	94	26	59
223	94	24	58
223	95	23	56
225	93	23	57
225	93	22	56
226	93	23	56
226	93	23	56
226	94	23	56
227	95	22	56
228	95	24	55
238	93	25	58
227	94	25	56
227	93	24	57
227	89	24	58
228	92	25	56
229	92	26	57
240	91	26	59
241	91	26	59
229	92	27	58
242	92	25	58
226	91	26	58
228	89	25	59
230	89	25	58
231	90	26	58
239	90	28	59
228	91	26	58
228	91	29	58
229	91	25	57
226	90	26	58
229	86	25	62
232	86	26	62
232	83	29	65
229	88	26	58
232	86	26	58
233	87	24	56
234	85	28	58
231	89	26	56
233	87	27	59
233	89	25	57
234	87	26	58
233	88	25	57
233	83	27	60
234	89	25	57
233	86	24	56
236	87	25	56
236	86	24	56
237	87	28	56
247	87	26	58
237	88	25	57
237	88	27	57
236	86	26	57
234	86	25	57
236	85	25	58
235	85	24	58
235	84	26	57
235	83	25	56
237	84	23	55
236	86	23	54
237	79	25	59
236	84	23	55
237	86	23	54
239	84	26	54
234	84	25	56
236	84	24	55
236	84	25	55
235	85	24	55
236	81	25	56
233	85	24	52
235	83	25	54
235	84	25	55
235	83	25	55
236	84	24	54
235	84	23	54
235	81	25	56
235	83	24	54
237	83	24	54
234	83	24	54
247	83	24	54
234	84	23	54
235	83	24	53
245	83	24	52
231	83	24	52
230	82	25	52
231	81	24	53
232	82	24	53
231	82	24	54
230	81	23	54
241	81	24	53
227	82	24	53
227	80	23	54
229	80	24	54
238	80	25	54
224	81	25	54
227	80	24	53
236	80	24	52
235	83	23	51
221	81	24	51
221	80	27	53
219	80	26	52
219	79	26	52
218	80	25	53
219	80	25	51
217	79	24	53
218	80	25	51
215	78	25	54
215	80	25	53
217	79	26	53
212	79	25	53
213	79	27	53
210	78	26	53
223	78	26	53
210	78	25	52
209	78	25	52
210	79	26	51
205	78	27	52
208	78	29	52
204	77	28	53
203	78	27	52
208	78	29	52
215	78	25	53
202	79	25	52
205	78	28	51
200	77	27	52
199	79	26	52
198	79	25	51
199	78	26	52
198	78	26	50
196	76	26	52
197	77	26	51
194	78	25	51
195	77	27	51
192	77	25	50
195	77	28	50
203	77	24	51
202	77	21	50
205	77	21	51
204	76	21	50
190	77	24	51
190	76	25	50
185	76	27	52
190	76	28	51
186	75	27	51
185	75	26	51
182	75	27	51
180	75	25	51
183	75	27	50
180	75	25	50
177	76	25	50
177	74	26	50
174	75	25	50
176	73	25	51
173	74	25	52
172	74	27	51
170	75	26	50
170	74	25	50
166	73	26	50
169	74	25	51
167	69	25	52
165	72	27	52
164	72	25	51
163	74	25	50
163	73	25	49
161	72	27	51
161	73	26	51
159	73	27	50
158	71	27	51
157	71	27	53
154	69	30	54
154	70	29	54
151	70	29	53
150	69	30	53
150	68	35	55
149	69	29	56
145	67	29	55
150	68	28	55
146	67	28	53
148	67	27	56
146	67	28	56
144	62	28	60
141	62	30	60
143	65	29	58
141	66	28	58
143	67	27	56
145	67	26	56
140	64	29	57
133	69	29	62
132	67	29	65
131	66	32	66
129	66	33	63
127	66	34	64
121	67	35	65
122	62	37	67
121	66	35	67
122	61	36	70
119	66	35	66
113	62	38	71
117	65	32	68
120	62	28	64
120	64	27	59
127	65	28	63
115	66	25	62
117	67	27	58
115	66	25	60
116	66	27	57
112	60	30	62
113	62	27	61
114	65	28	57
103	62	27	66
112	62	31	63
110	63	29	67
108	59	31	64
101	70	28	67
107	70	29	64
96	82	30	66
96	132	26	74
86	138	28	74
89	138	29	76
88	138	28	77
85	139	32	75
85	138	31	76
84	137	33	79
76	136	35	82
75	137	35	82
75	138	35	82
73	138	35	83
73	140	34	82
71	139	34	81
70	139	35	84
68	138	35	85
67	137	33	86
67	140	31	85
66	140	30	85
65	145	30	78
63	142	30	82
61	144	30	85
59	142	31	87
56	141	33	89
59	148	31	83
56	143	33	96
55	147	35	93
58	149	35	91
62	152	34	85
68	152	33	83
73	153	30	83
73	151	33	87
74	152	36	87
75	153	37	87
80	154	33	85
83	155	33	81
88	154	33	86
88	155	34	84
93	153	34	83
94	156	35	85
97	153	35	93
96	142	38	102
99	152	39	92
101	153	40	95
103	153	40	93
109	156	37	84
125	165	39	83
121	158	32	83
121	155	35	87
122	156	37	86
125	155	35	85
130	156	33	85
133	155	33	87
134	156	36	86
134	156	37	86
137	154	35	79
140	155	34	81
145	157	35	80
147	153	34	78
150	155	33	77
153	151	31	74
156	153	33	76
156	152	36	83
157	157	38	87
145	203	36	99
145	208	36	109
144	202	35	103
145	203	34	112
143	201	34	101
144	202	34	105
142	200	36	110
144	202	34	110
144	201	35	109
143	201	36	109
142	203	36	106
144	201	35	110
145	203	34	110
145	203	36	104
143	203	37	108
145	205	37	112
144	203	37	106
144	208	37	112
144	207	38	104
145	205	37	104
146	203	36	102
144	203	37	108
146	202	35	111
144	203	38	110
145	207	38	110
142	244	41	98
142	245	41	103
144	203	36	107
143	243	40	86
143	201	37	111
144	203	36	109
144	203	36	107
144	200	34	110
144	204	36	108
144	202	37	113
143	244	41	90
145	199	35	115
145	207	37	111
145	202	35	107
145	200	35	110
146	202	35	110
147	200	32	100
145	202	34	106
145	198	34	108
145	201	34	105
146	202	34	108
146	197	34	110
146	200	35	106
145	198	34	107
146	199	33	104
146	200	34	103
146	198	33	99
147	202	33	101
144	198	35	107
147	200	34	102
145	201	35	105
145	198	33	101
145	201	34	105
145	199	34	103
144	201	36	108
145	199	33	100
145	201	34	104
145	200	35	103
143	201	36	105
143	202	37	108
143	200	36	107
143	201	36	103
143	200	36	104
143	203	36	103
143	200	36	104
143	200	35	104
142	203	36	102
143	200	36	108
144	201	35	102
145	201	34	105
144	201	36	105
144	202	37	108
146	200	34	111
145	199	34	106
144	201	36	100
145	201	36	105
143	200	36	103
145	201	34	106
145	201	36	107
145	200	35	106
144	202	36	106
145	200	34	101
145	200	34	110
144	201	36	106
145	199	35	106
145	201	36	104
144	200	36	102
144	203	36	105
144	199	35	105
143	201	36	102
144	202	36	107
144	201	36	101
145	201	35	105
144	200	36	105
144	200	37	108
144	200	36	106
143	201	37	105
144	202	37	110
145	201	36	113
145	204	38	114
143	201	39	112
144	203	39	110
145	201	38	114
144	202	40	113
144	201	38	113
144	201	37	113
144	201	36	109
148	206	39	108
144	204	41	111
153	209	42	110
146	203	35	113
144	206	38	118
142	204	40	120
143	205	40	121
142	208	39	120
143	203	34	112
140	204	36	99
141	204	34	109
144	201	33	115
110	226	43	104
108	227	46	106
102	228	51	105
100	229	50	103
95	229	47	102
91	226	44	99
88	226	38	103
85	226	36	106
76	228	42	108
73	229	43	110
59	229	44	107
53	229	44	108
51	229	42	111
44	229	45	110
42	229	42	110
37	229	40	108
33	230	40	108
23	231	46	110
16	231	51	111
10	232	55	111
7	231	55	109
5	232	55	109
2	231	44	108
1	232	41	109
0	231	31	111
0	225	24	117
0	222	24	119
0	214	24	128
0	210	23	132
2	212	24	131
0	202	29	117
0	202	37	101
7	196	40	101
11	202	40	98
105	211	38	92
145	202	35	98
145	205	35	100
144	201	35	108
142	249	41	108
141	246	42	108
141	239	41	114
140	249	42	121
144	200	35	107
143	203	35	100
144	200	33	104
144	201	33	102
144	201	33	104
144	202	34	104
143	201	34	106
143	201	34	108
142	200	34	106
144	201	33	105
144	201	33	108
144	201	34	106
143	203	35	109
144	200	35	119
144	204	37	121
145	201	37	113
146	201	36	119
146	201	37	119
145	198	37	119
145	202	37	114
144	198	38	118
145	200	36	113
146	202	36	114
145	200	38	119
144	198	38	118
145	202	36	116
144	200	38	117
144	198	37	111
144	202	36	102
144	203	35	104
144	200	34	106
145	203	35	104
144	201	36	112
145	199	35	114
145	203	37	114
144	200	37	114
145	203	37	114
145	198	36	112
144	201	36	107
144	200	35	106
145	202	35	106
145	200	35	105
144	201	35	104
144	202	35	104
145	203	36	107
145	199	35	112
143	201	34	100
145	202	35	104
144	202	36	105
144	202	36	110
146	201	32	103
143	203	36	105
143	202	36	106
144	203	37	108
145	200	34	111
144	201	35	108
144	202	36	107
145	201	35	107
144	199	35	105
145	202	34	101
144	200	35	107
144	202	37	106
145	200	34	107
146	197	35	101
148	202	34	104
145	198	36	107
144	202	36	101
143	201	36	100
145	202	34	103
145	200	35	107
144	201	36	105
145	201	35	106
144	201	36	109
145	200	36	115
146	199	35	110
146	198	34	105
146	199	35	104
145	200	36	105
145	198	36	111
145	197	36	109
145	198	37	107
146	197	36	108
145	201	37	107
144	199	37	105
145	200	37	108
143	199	39	108
144	200	37	108
144	200	36	108
144	200	35	110
144	201	36	112
144	203	38	114
143	202	39	113
143	230	42	95
142	226	41	95
144	230	39	94
142	222	40	95
143	223	38	93
144	217	36	97
144	215	37	97
144	212	37	100
144	210	35	100
145	209	33	100
145	204	31	104
145	206	31	102
145	205	30	103
144	206	31	101
144	205	30	102
144	205	30	102
144	205	29	102
144	204	29	103
143	204	30	104
144	203	29	104
144	204	29	104
144	204	30	104
144	203	30	104
144	204	30	104
144	203	30	105
144	202	30	106
144	202	31	106
143	202	31	107
143	203	31	105
143	203	31	105
143	203	31	106
143	203	31	106
144	202	31	105
143	203	31	106
