173	66	14	35
173	65	14	37
174	66	15	38
175	65	15	39
176	64	15	39
177	65	15	40
177	65	15	38
179	65	15	38
179	65	15	38
181	65	15	38
182	66	14	37
183	65	14	37
184	66	14	35
186	66	14	35
187	64	15	35
188	65	15	36
188	65	15	36
189	66	15	35
190	66	15	35
190	65	15	35
190	66	15	36
192	66	14	36
192	65	15	36
192	65	15	35
193	66	15	35
194	66	15	34
196	66	15	34
196	65	15	35
197	65	15	36
197	65	17	36
200	65	16	36
199	65	17	36
201	64	17	37
202	64	18	37
202	65	17	36
204	65	17	36
205	65	17	35
206	64	16	37
207	64	16	35
208	65	16	34
208	65	16	33
210	65	16	33
210	65	16	34
212	65	16	34
214	64	16	34
216	64	15	33
216	64	16	32
216	64	15	34
217	63	16	34
217	63	16	34
218	63	16	35
217	64	17	34
219	63	16	35
220	63	17	35
221	63	17	36
221	64	17	34
220	64	17	34
222	64	17	34
223	64	17	35
223	64	16	36
224	65	16	34
225	65	16	33
225	65	16	34
227	66	16	32
229	65	16	33
228	64	16	33
230	64	17	34
231	64	17	34
231	63	17	35
233	63	17	35
233	62	16	34
234	62	16	35
235	63	15	34
235	62	15	35
237	63	15	34
238	63	15	36
239	63	15	36
239	64	16	35
240	63	17	37
242	63	17	36
242	64	18	36
247	59	20	37
263	59	21	37
267	58	18	37
268	58	19	36
267	59	18	36
269	59	17	35
253	62	17	35
253	62	16	34
253	62	16	36
256	62	15	34
257	62	16	34
259	63	15	32
261	64	15	31
261	63	16	31
260	61	16	33
262	60	16	33
263	61	16	34
265	62	15	33
263	62	16	34
266	61	16	35
267	60	16	35
268	61	17	35
269	62	16	35
268	63	17	34
271	62	16	34
273	61	16	34
275	62	16	33
276	62	16	33
276	63	17	33
277	63	16	34
278	61	16	34
278	62	16	35
279	62	15	34
280	63	16	34
281	61	15	34
282	62	15	33
283	61	15	35
284	62	15	34
286	62	15	34
286	61	16	35
288	61	16	36
288	61	15	35
290	61	15	35
290	60	16	36
291	61	15	35
291	60	16	35
293	60	15	36
294	61	16	35
296	61	16	35
296	61	16	34
298	61	16	35
300	61	15	35
301	61	15	35
302	61	15	35
305	61	14	34
306	60	14	34
306	61	14	33
308	61	14	34
309	61	14	35
310	61	14	35
312	60	14	35
311	60	15	35
313	60	15	36
314	60	15	36
315	61	15	34
316	59	16	35
318	59	16	35
323	56	19	39
323	55	19	42
322	55	19	40
323	55	17	37
325	55	16	36
333	55	16	37
337	58	17	35
337	57	16	36
337	58	17	36
336	58	18	36
337	56	18	38
338	57	17	38
331	58	16	38
331	58	16	39
330	59	16	38
333	57	15	37
334	57	16	36
335	56	17	37
335	57	16	37
335	57	16	37
337	58	16	34
337	59	15	34
338	58	16	35
339	59	16	33
340	59	16	35
341	59	16	36
342	58	17	35
344	57	16	34
344	58	15	34
345	58	15	33
346	58	16	35
346	57	16	35
347	56	17	36
349	56	17	34
351	57	16	35
353	58	16	33
353	58	16	34
355	58	16	32
358	57	15	32
358	58	14	33
359	57	16	32
361	58	16	32
362	57	16	33
362	57	15	33
363	57	16	32
365	57	16	32
364	56	15	32
367	58	15	32
369	57	15	32
369	57	15	34
371	57	15	33
371	57	15	34
374	56	15	33
375	55	16	34
375	54	16	35
377	55	15	34
378	56	16	33
377	55	16	33
379	55	16	35
384	55	17	36
384	54	16	37
385	55	18	36
385	55	16	35
385	54	17	35
388	54	15	35
388	54	15	36
393	54	16	34
397	52	18	35
399	53	18	35
400	52	19	38
392	54	16	37
394	55	15	31
393	55	15	34
395	55	15	33
393	54	15	32
395	55	16	34
395	54	16	34
400	56	14	33
400	55	15	33
402	54	17	34
403	52	16	35
403	52	15	35
405	55	15	34
404	54	16	35
406	54	16	32
406	52	17	35
408	53	18	33
408	51	17	35
409	54	19	37
409	51	18	38
411	51	18	34
413	51	18	35
414	50	16	36
418	52	16	34
418	51	16	36
416	52	17	38
419	52	16	37
420	52	16	36
422	53	16	37
423	53	16	36
425	53	16	37
426	52	17	37
427	53	16	36
429	54	15	34
429	53	16	35
431	52	16	35
432	53	16	35
431	52	16	35
433	53	16	34
435	53	15	34
435	53	15	33
437	54	16	34
437	53	16	35
439	53	15	34
441	54	15	33
441	53	15	34
443	53	15	34
444	53	15	34
446	52	15	35
446	52	15	35
448	53	15	36
448	54	15	36
449	53	15	39
450	52	16	37
452	53	16	35
452	53	16	37
454	54	16	37
453	54	16	37
455	54	16	37
456	52	16	38
457	53	16	37
457	54	16	36
459	54	15	35
459	54	15	34
458	52	17	37
460	51	16	39
461	52	17	38
461	53	17	37
462	52	17	39
464	52	18	41
464	51	18	39
467	52	17	40
467	53	17	40
468	52	17	41
469	53	17	41
470	52	17	40
471	50	16	43
472	51	17	43
472	51	18	45
471	50	19	47
472	50	19	49
472	49	20	50
473	50	20	49
476	51	19	47
478	52	17	47
477	50	18	49
479	51	17	47
481	50	17	46
482	49	16	46
482	50	17	45
482	49	18	49
483	49	18	49
484	49	18	49
483	48	18	48
485	50	19	47
486	50	19	48
486	49	20	47
487	48	19	49
487	49	20	48
488	49	21	51
489	51	21	51
490	49	21	50
491	50	21	51
491	49	21	49
493	49	21	51
494	51	20	47
496	49	19	49
495	50	19	48
498	49	18	49
499	49	18	49
498	50	20	50
501	50	19	50
499	49	21	51
501	49	20	50
501	48	21	51
503	49	20	51
504	49	19	51
505	48	18	48
506	47	18	46
506	47	18	50
506	48	19	49
506	48	20	49
509	49	21	49
507	49	21	48
510	49	21	49
510	47	21	49
530	46	22	53
514	49	22	53
512	49	22	52
513	48	22	52
513	47	22	53
515	48	21	52
516	48	21	50
519	48	20	52
519	48	21	52
520	48	20	51
537	47	21	53
522	48	20	50
522	48	19	47
525	49	17	48
525	50	18	44
526	47	19	48
528	46	19	51
529	48	19	51
527	48	20	51
529	48	20	49
529	47	20	50
530	48	19	50
532	47	19	49
533	49	21	50
534	48	21	50
534	46	22	52
537	46	22	52
536	47	21	51
539	51	20	48
539	50	20	47
542	47	18	52
541	47	18	50
542	46	18	50
542	46	18	50
544	46	18	48
545	45	18	51
545	45	18	51
547	45	18	52
548	46	18	51
549	46	19	51
550	46	19	51
550	45	19	51
552	46	19	50
552	45	18	49
553	46	18	49
553	45	18	50
556	45	18	51
556	45	18	49
555	45	18	49
557	44	19	49
559	44	19	50
558	45	20	51
559	44	20	49
560	44	21	51
561	44	20	52
562	46	21	51
564	46	20	51
564	47	20	50
566	44	21	52
566	45	20	52
568	46	19	49
571	46	17	47
570	46	17	46
572	45	17	48
572	43	17	47
572	44	17	45
575	45	17	43
575	44	17	45
577	45	17	44
576	44	17	42
578	44	17	39
579	43	16	39
580	44	16	39
582	44	17	40
581	42	17	41
583	43	17	40
583	43	17	39
584	43	18	42
584	43	17	40
585	43	18	45
584	42	19	42
585	41	19	47
586	42	19	43
588	42	20	45
589	42	19	44
589	42	19	44
592	40	20	44
593	43	19	49
593	39	19	44
595	43	18	45
596	42	19	43
596	39	19	41
598	38	18	42
598	37	18	36
599	41	18	40
600	37	20	41
599	35	18	42
600	37	19	40
602	36	19	40
602	37	18	39
603	36	18	39
601	36	19	39
603	35	18	40
605	37	18	40
605	38	17	39
606	38	17	37
605	37	18	35
606	37	18	37
607	36	18	36
608	36	18	38
