581	394	46	26
580	388	43	31
569	389	45	31
520	382	34	33
500	382	38	31
467	381	38	30
464	381	38	29
456	380	37	29
448	380	38	31
435	378	38	30
429	378	38	29
383	374	38	29
377	374	40	29
372	374	40	28
364	374	42	25
343	371	42	28
326	371	43	27
313	371	46	26
308	370	44	28
302	369	46	27
286	368	48	26
292	367	44	27
283	367	44	27
274	368	44	30
267	365	43	33
265	366	41	33
258	368	42	30
256	371	35	29
249	371	33	29
247	368	36	37
239	362	36	42
228	365	43	37
229	365	37	35
220	367	42	32
204	367	51	32
208	366	45	34
205	368	43	33
193	366	48	34
190	367	50	32
179	365	53	34
183	365	48	33
181	363	47	35
177	364	49	34
170	362	47	33
164	363	50	33
165	360	40	34
152	360	41	34
149	360	41	32
112	357	49	35
109	359	44	35
115	358	47	35
127	355	47	39
143	356	39	33
161	353	42	32
166	353	51	34
179	350	49	38
193	346	48	41
204	352	42	39
214	353	33	35
205	324	33	59
203	300	42	84
209	301	42	81
226	310	57	80
237	290	55	91
240	292	65	83
253	288	55	82
266	322	56	64
271	285	38	74
291	292	38	81
293	285	42	77
307	330	49	63
308	344	49	45
379	346	44	32
387	347	46	30
394	345	51	32
384	345	52	34
381	343	48	34
373	341	48	36
368	343	48	33
361	344	47	33
357	345	49	34
349	343	46	38
345	345	50	33
337	343	41	39
332	343	47	39
319	344	43	35
321	344	41	35
308	345	44	33
300	338	44	41
290	342	46	38
291	342	38	37
279	345	35	36
270	341	36	39
255	338	46	44
214	328	47	55
197	334	51	48
206	306	40	69
251	340	48	38
234	335	39	41
