414	141	14	22
413	139	13	28
413	138	14	28
413	138	13	28
413	139	13	28
411	140	14	27
410	141	14	26
410	140	14	27
409	141	14	26
409	140	13	28
408	140	13	27
406	142	14	26
406	137	14	31
404	139	14	29
404	141	13	27
404	140	13	28
403	142	13	28
404	140	13	29
402	142	13	27
400	141	13	29
400	141	13	29
399	141	13	29
398	143	14	27
398	144	14	26
397	144	14	27
396	144	13	27
397	144	14	27
394	144	14	28
394	144	14	28
393	145	15	26
392	146	14	26
392	145	13	28
391	146	14	26
390	145	13	27
389	145	13	27
388	146	14	26
385	147	15	26
382	148	15	30
383	146	15	36
383	147	14	35
383	146	16	37
383	145	16	39
382	143	17	39
385	147	21	38
387	145	20	40
388	146	20	37
386	146	21	38
375	145	17	35
375	144	16	30
373	146	16	31
371	145	15	32
370	147	15	31
370	150	14	27
369	149	14	29
369	149	15	28
368	150	14	29
367	147	15	31
366	147	14	32
364	148	15	33
362	150	15	31
362	151	15	29
360	152	15	29
358	152	16	29
358	153	14	28
355	155	15	27
354	155	15	28
353	154	16	29
351	155	16	29
350	154	15	29
348	155	16	29
347	154	16	31
347	154	16	30
344	155	16	30
343	155	15	30
342	155	16	30
341	154	16	31
339	152	16	34
338	155	16	32
336	155	16	31
335	154	16	33
334	152	16	35
333	151	16	36
332	152	17	35
329	152	17	35
328	153	16	36
327	153	17	36
326	153	17	37
325	156	17	34
325	154	17	36
322	154	17	36
322	154	17	37
320	154	18	38
319	155	18	37
317	154	18	37
317	157	18	36
317	156	17	36
314	156	18	38
314	155	17	37
313	156	18	37
312	156	18	38
310	157	18	37
310	158	18	37
307	157	19	37
308	158	18	37
306	160	18	36
307	160	18	35
305	161	18	36
305	161	17	34
303	159	18	38
303	160	18	37
302	159	19	38
300	158	20	40
298	160	19	38
299	159	19	40
296	158	20	41
296	158	20	41
295	158	18	42
294	161	19	40
293	160	18	40
293	161	18	39
292	160	18	40
290	163	19	39
290	162	19	39
289	162	18	41
287	163	18	40
287	162	18	40
286	163	18	40
284	163	19	41
284	163	18	41
284	164	19	40
282	163	19	41
281	165	19	40
280	164	19	41
279	164	19	41
279	164	19	41
277	165	20	42
277	165	20	43
276	165	20	42
276	166	19	42
273	167	21	42
273	167	19	42
273	167	19	42
272	167	19	42
270	167	20	43
269	167	20	42
268	168	20	43
268	168	19	43
267	168	19	44
266	168	20	44
263	168	20	44
263	167	20	46
262	170	21	43
260	170	21	44
260	170	20	45
260	169	20	45
258	170	21	44
256	171	20	45
256	170	20	45
255	171	20	45
254	171	20	45
253	171	21	46
252	172	21	46
251	172	20	46
250	172	20	46
249	171	20	46
248	173	21	46
248	173	21	46
247	174	21	46
245	175	20	46
245	174	20	46
245	174	20	46
243	174	20	48
242	175	20	48
242	174	21	48
242	176	20	47
240	176	20	48
240	176	21	47
239	177	21	48
238	177	21	48
237	178	20	48
236	178	21	48
236	178	21	49
235	178	21	49
234	178	21	48
234	179	22	47
232	180	21	48
232	180	22	48
230	180	22	50
230	180	22	49
229	181	22	49
228	181	22	50
227	182	22	50
226	182	23	51
226	182	22	51
225	183	23	50
224	183	22	50
224	183	22	50
223	184	23	49
223	184	23	50
222	184	23	50
221	184	22	49
221	185	22	47
220	186	23	49
219	186	23	50
219	187	22	48
217	186	23	48
218	188	23	47
216	188	23	48
218	189	22	47
216	188	23	48
216	188	23	49
216	189	23	49
216	189	23	48
215	190	24	49
215	191	23	50
215	191	24	51
215	191	24	50
214	192	24	50
215	192	24	50
214	192	25	51
214	193	25	51
214	194	25	50
215	193	25	50
214	193	24	52
214	194	25	51
214	194	25	52
214	195	25	53
214	196	25	54
214	197	25	53
213	197	26	53
214	196	25	50
213	197	26	51
214	198	26	51
214	198	25	51
213	198	26	51
212	199	26	51
213	200	25	52
212	199	26	51
212	201	26	53
211	201	27	53
211	202	27	53
211	203	26	51
209	202	27	53
209	202	27	54
208	203	28	56
208	204	27	54
208	205	27	53
209	205	27	53
208	206	27	52
206	206	27	52
206	207	27	52
206	207	27	53
205	207	27	52
205	208	27	53
203	208	28	54
203	208	28	53
203	209	28	52
202	209	29	50
201	210	29	50
201	210	29	51
198	210	29	55
199	210	29	56
198	210	28	57
196	211	27	58
195	213	29	58
195	212	28	60
193	213	28	62
191	213	30	63
191	212	30	66
189	214	31	68
189	215	31	64
187	215	32	66
186	216	36	62
184	216	34	62
184	216	34	62
182	217	32	61
182	217	29	64
181	217	27	62
180	218	27	61
180	219	26	56
179	220	26	56
177	219	26	59
175	220	27	58
175	221	26	57
172	223	28	58
171	223	27	57
169	223	26	51
168	222	25	50
166	224	26	48
164	225	27	48
155	223	32	38
159	222	25	39
158	223	23	37
157	223	21	28
159	220	17	25
159	222	16	21
158	222	18	19
156	222	19	22
157	221	18	22
157	221	19	22
158	222	17	24
154	224	20	24
156	221	19	28
158	220	18	31
158	222	19	31
157	221	19	31
159	218	18	17
159	222	17	20
158	221	18	18
157	221	19	14
159	221	17	16
160	221	16	14
161	219	16	14
160	222	15	16
161	221	16	13
160	221	16	13
160	221	16	14
160	221	16	13
161	218	16	15
160	221	16	16
160	220	16	13
160	221	17	13
161	220	15	17
160	221	16	14
160	221	16	15
160	221	16	14
161	220	16	14
159	221	17	12
159	221	17	14
162	220	15	14
160	220	16	13
160	220	17	14
159	221	16	14
162	220	15	13
159	220	17	15
160	221	16	15
160	220	17	13
159	221	17	13
160	222	16	14
160	221	17	13
161	221	15	15
160	221	15	14
160	219	16	14
160	221	16	14
159	221	16	16
160	221	17	14
160	222	16	13
160	221	16	14
160	219	16	14
160	221	16	14
161	221	15	15
160	221	17	12
159	220	16	14
159	222	17	17
160	220	16	15
161	219	15	13
160	221	15	14
161	222	15	15
159	220	16	13
160	222	16	13
161	220	15	13
159	221	16	13
160	221	15	15
160	220	16	12
159	222	16	13
160	220	16	14
160	220	16	14
160	220	17	14
159	222	16	16
160	221	17	13
159	221	16	13
160	220	15	14
160	220	15	14
160	220	16	14
158	220	16	16
160	221	17	15
159	221	17	13
160	220	16	15
160	221	16	14
161	219	16	14
161	220	15	15
162	221	14	14
160	221	16	14
160	220	16	15
160	221	16	15
161	220	16	14
160	221	16	13
161	220	16	14
160	221	16	13
160	221	16	14
159	221	16	15
160	220	16	13
159	220	16	14
159	221	16	14
159	222	16	13
161	220	16	13
160	220	15	14
161	220	16	14
160	220	16	14
159	221	16	16
158	221	18	14
158	221	18	14
160	221	16	15
160	220	16	14
161	220	16	13
160	220	17	14
160	220	16	16
158	222	18	13
160	221	16	13
159	222	15	16
158	221	16	15
160	220	17	14
160	221	16	14
160	221	16	13
161	220	15	13
160	221	16	14
161	220	15	14
160	221	15	14
160	220	16	15
159	221	17	14
160	221	15	13
160	221	15	13
161	220	15	14
161	220	15	14
160	220	16	14
159	220	17	13
161	220	16	14
159	221	16	14
160	221	15	14
162	218	15	14
159	221	16	14
160	220	16	14
160	220	16	14
160	221	16	13
160	220	15	14
161	219	16	14
161	221	16	14
160	221	15	16
159	221	17	14
159	221	17	14
159	220	17	19
159	220	18	15
160	221	16	14
160	221	15	14
159	221	16	13
161	220	16	14
160	220	16	14
161	220	16	14
161	220	15	14
160	220	16	14
159	221	16	14
160	220	17	14
160	221	16	14
160	221	15	17
161	220	15	14
159	221	16	13
159	221	16	15
159	221	17	15
160	221	16	14
159	221	16	14
161	219	15	14
161	219	15	14
160	221	17	15
158	220	17	15
160	221	17	14
160	220	16	14
160	220	16	14
161	220	15	15
160	221	16	15
161	221	15	14
160	220	16	12
160	221	16	13
163	220	15	14
162	220	15	14
160	221	16	14
159	221	16	13
160	221	16	13
160	221	15	14
160	221	16	14
160	222	16	13
163	221	14	14
160	221	16	15
159	221	16	13
160	221	16	15
160	221	15	16
160	221	16	14
160	221	16	13
159	221	16	12
160	221	16	15
160	220	16	13
161	219	15	14
160	221	16	13
160	221	16	13
158	220	17	14
160	220	17	14
161	221	15	15
161	220	15	14
159	220	16	14
160	221	16	14
160	221	16	14
161	221	15	15
161	221	15	14
161	220	16	14
159	221	16	13
160	221	16	14
160	221	16	13
161	220	16	15
160	220	15	15
160	221	16	15
161	220	16	14
160	222	16	17
159	221	17	14
160	221	16	13
160	219	15	16
159	221	16	15
160	220	16	13
160	221	16	15
159	221	17	14
160	220	16	14
160	221	17	14
161	220	16	13
162	220	15	13
160	221	16	14
160	220	16	15
159	221	17	14
160	220	16	14
161	220	15	15
161	220	17	14
159	220	16	14
160	222	16	14
159	222	16	13
160	221	16	14
160	221	15	14
162	220	15	15
161	219	15	13
160	222	15	16
160	221	16	14
160	221	16	13
160	220	16	14
162	220	15	16
160	220	16	15
160	220	17	14
159	221	17	14
160	221	17	13
159	220	16	14
160	221	15	16
160	221	16	14
160	221	16	14
160	222	16	13
159	221	15	14
161	221	15	14
159	221	15	15
161	219	16	14
161	221	15	13
158	221	17	14
161	220	17	15
160	220	16	14
160	221	17	14
160	220	16	14
163	220	15	15
158	222	17	14
159	220	17	15
162	219	16	15
159	221	17	14
159	221	17	16
160	220	16	13
158	221	17	14
160	220	17	14
160	221	17	13
161	220	16	14
158	221	17	14
162	219	15	14
160	221	16	14
159	221	16	14
159	222	16	13
161	220	16	14
161	221	15	15
160	220	16	14
160	221	15	14
160	221	16	13
160	220	16	14
162	219	15	15
161	221	16	14
160	219	16	15
