274	35	19	25
275	33	18	29
276	33	17	29
276	35	18	29
276	34	18	29
276	35	18	29
275	36	18	29
274	36	19	29
273	37	18	30
274	38	18	29
272	38	19	30
272	38	18	30
272	38	18	31
271	39	18	30
270	39	19	31
269	40	19	31
268	41	19	30
267	40	19	31
267	41	19	31
268	42	18	30
266	41	17	31
264	41	18	33
263	42	18	31
261	42	18	32
260	44	18	30
259	44	18	32
257	45	18	32
255	44	18	32
255	45	18	32
252	46	19	32
251	47	19	31
251	46	19	32
248	47	20	33
248	47	19	32
248	48	19	33
248	48	19	33
248	48	20	33
249	48	18	34
249	48	19	33
250	49	19	33
250	49	19	34
252	49	18	35
256	50	18	35
258	50	20	35
260	50	19	35
260	50	20	35
262	51	19	35
263	51	19	36
263	50	18	38
265	52	18	35
266	53	20	34
268	54	20	34
269	52	19	36
271	53	19	36
272	52	18	37
274	52	19	36
276	53	19	36
277	53	20	36
278	53	21	36
278	53	21	36
280	53	21	36
282	55	21	36
283	54	21	37
286	54	21	37
287	55	22	37
294	55	22	38
297	56	22	37
299	56	21	39
301	57	21	38
303	57	21	36
305	57	21	35
309	58	22	31
318	62	21	27
319	60	20	25
321	62	20	26
323	62	21	24
325	63	21	25
331	63	21	26
334	63	21	28
335	65	20	29
337	64	20	33
340	66	23	37
342	66	22	37
343	66	22	40
345	66	23	42
346	67	25	43
346	67	24	42
348	67	25	44
350	68	25	44
352	68	24	44
354	68	24	44
354	69	24	45
357	70	25	45
359	70	25	45
362	70	25	45
364	71	26	46
365	71	26	46
366	72	25	45
368	72	25	46
374	74	25	47
378	75	24	47
379	75	24	48
381	76	25	49
382	77	25	49
384	78	25	48
387	78	25	49
389	80	26	49
391	80	26	50
392	81	26	50
394	80	26	51
395	82	26	51
397	82	26	52
398	84	27	51
399	83	27	53
400	84	27	52
400	85	28	52
401	86	27	53
406	88	28	54
409	89	28	54
416	94	32	57
418	95	30	57
419	96	33	59
421	97	31	58
423	99	31	59
425	100	33	59
426	101	33	60
427	102	33	60
430	103	32	60
430	104	33	61
430	104	33	61
435	108	33	63
439	110	33	64
440	112	33	65
441	114	34	65
443	116	34	65
443	117	35	66
445	118	34	67
444	119	36	68
445	119	35	68
445	121	36	69
445	122	35	70
445	124	35	70
444	127	36	70
442	129	37	71
440	131	37	72
439	132	38	73
436	134	39	73
433	136	39	76
430	138	38	76
409	144	44	82
407	148	40	82
400	151	42	82
394	155	41	82
391	156	40	82
383	157	40	85
378	163	41	84
353	177	42	79
370	137	34	73
372	137	31	74
369	137	32	73
364	137	35	74
339	139	37	71
337	137	36	73
336	138	37	73
335	137	36	74
335	137	36	73
334	138	37	73
331	140	37	73
330	139	36	75
329	139	37	74
327	140	37	74
325	140	36	75
323	141	37	74
323	141	35	74
321	141	35	75
321	142	34	75
320	143	34	75
320	143	33	76
319	143	33	76
319	144	32	75
318	144	32	77
318	145	32	77
317	145	32	77
316	146	34	78
315	147	33	76
314	149	32	77
313	148	32	77
