482	1	29	23
480	0	29	25
475	0	31	26
475	0	30	27
473	0	29	28
471	0	30	29
470	0	32	29
468	0	32	31
468	0	32	31
467	0	33	33
469	3	33	33
470	3	32	34
473	4	34	37
474	8	32	35
475	1	35	38
477	3	33	40
476	3	35	39
479	9	32	35
476	0	36	39
474	1	36	41
476	4	36	42
474	7	37	43
472	9	37	43
470	8	38	42
468	17	37	41
466	13	38	43
465	12	37	44
464	12	37	43
463	12	37	42
464	15	36	42
464	16	36	41
464	18	37	42
466	23	36	40
466	25	37	40
467	27	36	41
470	31	36	37
471	29	36	38
473	30	36	39
474	28	37	38
475	27	37	41
474	27	38	42
473	31	38	37
473	31	37	40
471	35	37	40
468	37	38	42
465	39	40	43
464	42	39	42
462	44	40	42
460	45	38	42
459	45	39	43
458	44	39	46
459	46	39	45
458	48	40	46
460	53	38	43
460	54	38	45
460	58	38	45
461	61	39	44
461	60	40	47
462	63	40	44
463	62	40	48
463	61	40	52
462	62	40	54
460	67	40	53
458	70	41	51
456	72	42	51
453	76	42	52
451	79	42	53
445	83	42	51
443	83	43	52
442	84	42	52
441	84	41	52
439	86	42	50
437	87	43	49
437	89	42	50
437	96	40	48
436	99	42	47
437	107	39	45
437	105	41	49
438	108	42	49
439	107	42	51
440	108	42	52
440	110	42	51
438	112	42	52
438	111	41	53
435	116	41	52
434	117	41	53
430	123	42	52
428	126	42	54
425	129	43	55
421	132	43	56
418	131	44	55
417	134	44	55
416	136	44	54
415	136	43	54
416	139	43	52
417	144	41	52
416	147	42	52
417	150	42	53
417	155	43	53
418	158	43	53
419	161	45	54
421	166	45	54
422	166	44	54
423	168	45	54
423	168	44	56
423	171	44	55
422	174	44	55
421	175	44	56
420	177	43	57
416	183	44	56
415	186	44	58
412	191	45	57
407	197	47	58
405	202	47	59
401	207	47	59
400	211	46	58
398	213	47	58
397	217	48	58
397	217	46	58
395	217	47	59
395	222	47	59
395	225	46	59
394	228	46	60
394	237	49	62
395	241	47	62
396	247	48	62
396	247	49	64
396	248	49	63
396	249	49	62
393	247	49	62
392	249	48	64
388	251	49	64
382	251	52	63
379	254	52	63
377	260	51	61
375	263	51	56
375	267	48	53
376	264	45	54
374	260	47	57
353	270	59	54
364	267	58	56
354	264	60	59
356	255	60	66
356	247	58	65
356	242	60	71
357	240	61	72
359	248	60	73
360	246	56	68
358	239	55	71
361	234	53	74
363	222	54	75
365	221	55	72
368	221	56	72
373	213	59	71
371	210	63	71
363	204	66	73
398	218	64	68
391	212	74	68
404	196	72	78
418	192	72	84
449	185	55	79
458	184	52	76
465	181	51	71
473	181	49	66
485	172	46	58
489	163	43	54
491	161	45	53
493	148	46	54
493	145	46	53
495	142	47	52
496	139	45	52
495	136	44	50
494	134	43	50
493	134	44	53
491	129	44	50
490	130	43	45
490	129	42	46
488	126	44	48
487	121	44	50
486	118	44	49
485	110	43	50
485	108	43	50
486	107	42	50
487	104	43	52
488	101	42	46
490	99	41	48
490	98	43	52
490	95	44	53
492	95	42	48
494	96	41	49
495	93	42	49
496	89	43	51
496	85	43	49
498	79	43	55
498	76	44	51
500	75	44	52
500	72	41	44
500	71	42	46
500	70	42	45
500	70	41	43
499	69	42	45
499	69	41	45
500	68	42	48
500	68	41	49
502	63	41	52
503	62	41	49
506	62	41	53
508	61	41	53
510	59	41	53
512	60	40	50
514	55	41	51
514	52	40	48
515	51	41	48
517	45	40	48
514	43	41	46
515	41	40	45
511	38	41	45
510	38	40	42
511	36	40	43
507	38	40	42
507	36	39	42
506	36	39	44
505	34	40	44
505	31	39	47
505	30	39	45
506	28	40	49
507	27	39	45
508	27	38	44
509	27	38	46
509	26	40	46
510	25	39	46
510	25	39	46
511	22	38	45
513	18	39	48
514	14	39	47
515	15	39	45
516	13	38	45
516	9	38	47
515	8	39	45
515	11	39	44
514	11	38	41
511	11	38	43
512	10	39	43
509	10	38	44
510	7	37	43
509	6	37	41
509	2	37	43
509	2	38	46
508	2	38	44
508	0	39	42
509	1	38	43
511	0	37	42
512	1	37	42
515	1	38	42
517	0	37	40
518	0	37	38
521	0	37	37
523	0	35	34
524	0	35	32
525	0	34	30
525	0	33	28
524	0	32	28
523	0	33	30
522	0	33	28
521	0	32	30
520	0	33	28
519	0	33	27
517	0	32	30
517	0	33	28
517	0	32	28
517	0	33	27
517	0	33	25
517	0	33	28
516	0	34	30
516	0	33	24
517	0	32	25
517	0	32	28
517	0	33	29
517	0	33	28
517	0	33	26
519	0	32	27
520	0	32	24
520	0	33	25
522	0	32	24
524	0	31	26
523	0	29	26
523	0	31	29
522	0	32	31
520	0	33	33
516	0	36	33
516	0	34	34
516	0	33	34
512	0	35	35
508	0	36	33
459	0	35	30
458	0	34	29
458	0	35	27
461	0	35	27
464	0	34	26
464	0	35	27
466	0	36	26
470	0	36	28
471	0	38	27
472	0	37	24
477	0	33	25
478	0	32	26
480	0	32	26
482	0	32	27
486	0	36	33
489	0	33	36
490	0	32	38
488	0	36	26
489	0	36	23
500	0	27	22
501	0	29	21
502	0	29	22
502	0	30	21
503	0	30	22
503	0	30	23
502	0	30	23
501	0	30	23
500	0	29	24
499	0	29	24
497	0	31	25
492	0	33	25
492	0	31	26
491	0	31	26
486	0	33	25
486	0	34	27
485	0	33	28
483	0	32	27
482	0	33	28
481	0	33	29
480	0	34	29
479	0	33	32
479	0	35	32
479	0	34	34
480	0	35	35
481	1	34	36
481	0	34	37
482	3	36	38
484	1	36	40
483	1	35	39
483	0	36	40
482	0	36	40
484	0	36	42
483	0	36	41
482	0	37	43
482	0	37	43
481	0	37	44
480	1	38	44
480	3	37	44
479	3	38	44
476	6	38	45
477	5	38	46
472	6	38	46
472	6	37	46
471	9	37	44
472	10	36	45
472	11	36	44
473	11	37	44
474	14	37	42
475	14	36	43
478	17	36	42
480	17	36	43
482	18	38	44
484	18	37	45
486	18	36	46
490	20	38	44
492	20	37	44
495	22	37	43
496	21	38	44
499	23	37	43
501	25	37	42
502	26	36	41
502	28	37	43
503	28	36	44
502	29	36	43
501	30	37	43
501	31	36	43
499	32	37	44
497	32	37	44
495	31	37	45
494	30	38	45
494	31	38	45
493	30	38	45
494	29	38	45
494	30	38	46
495	31	38	45
496	34	37	44
498	38	35	43
499	41	36	43
501	41	39	45
502	39	38	47
503	40	38	46
504	43	38	44
504	44	38	45
502	47	39	44
500	46	39	45
498	50	41	44
497	50	40	45
496	52	39	45
491	55	41	45
489	56	41	47
487	57	40	46
484	55	38	47
483	56	39	46
482	55	39	46
480	56	39	46
478	59	39	46
477	58	40	47
476	59	40	48
475	60	41	46
476	63	40	46
475	63	39	47
477	67	38	46
478	68	39	47
478	67	40	49
479	68	40	49
479	69	40	48
479	68	40	49
478	70	39	48
478	70	40	48
478	69	39	49
475	71	40	49
475	72	40	48
475	72	40	50
470	76	41	49
469	78	42	50
465	82	41	48
461	82	42	48
458	80	43	50
453	80	42	52
452	81	42	52
451	81	42	51
449	80	41	51
448	79	42	52
448	81	41	50
447	85	41	49
446	87	41	49
445	88	41	49
445	90	40	49
445	91	40	49
446	92	40	49
446	97	39	49
446	99	40	49
448	113	37	41
449	117	37	39
451	122	36	34
450	120	37	39
451	118	40	43
450	110	42	50
450	110	41	51
450	110	39	51
449	112	40	51
449	113	40	51
445	118	41	50
444	120	42	52
443	121	42	53
439	124	43	52
436	125	43	54
430	130	44	53
428	130	44	55
425	132	43	54
423	133	43	54
420	133	44	54
419	134	44	54
418	136	43	53
418	140	44	53
417	143	43	53
418	143	43	54
417	145	43	53
418	148	43	54
418	153	43	54
418	154	44	56
419	155	45	56
420	158	46	57
421	158	46	56
422	158	46	58
422	158	47	56
423	159	45	55
423	160	46	56
422	161	47	55
422	162	46	54
422	164	46	55
419	170	47	52
416	175	49	48
414	176	49	49
413	177	49	52
412	177	49	55
409	183	48	55
406	185	48	55
405	190	47	54
402	192	47	54
399	197	47	54
397	198	47	55
396	199	47	55
396	199	47	55
396	200	48	55
398	204	48	56
399	205	47	56
401	206	49	57
401	207	48	56
402	209	50	57
405	212	48	56
405	214	50	55
400	198	52	53
403	203	54	55
405	211	57	56
405	214	61	55
408	219	62	54
409	220	62	55
414	223	62	61
411	222	61	64
414	226	60	64
411	226	55	60
413	228	53	59
406	229	52	55
405	229	49	55
404	228	51	61
401	231	52	56
397	242	54	52
394	244	52	47
394	248	49	51
382	235	54	56
385	235	56	64
390	233	53	61
389	250	53	49
390	247	52	47
394	234	64	57
392	233	70	62
394	235	69	59
399	235	64	60
401	228	60	62
404	230	64	60
401	229	57	56
404	224	56	57
401	212	58	60
400	209	59	62
398	202	56	64
395	195	57	65
398	198	54	60
393	192	53	60
394	199	53	54
395	196	51	54
397	194	48	48
395	191	47	45
396	186	46	45
397	180	45	47
397	177	46	50
395	159	47	52
392	153	50	54
395	147	55	62
392	147	59	56
396	148	58	52
398	149	58	51
398	149	59	51
395	150	58	50
414	148	53	47
407	147	52	45
426	143	49	48
430	138	50	45
432	132	45	49
430	129	47	46
431	125	42	48
416	129	48	45
415	128	50	44
427	123	45	47
426	125	50	48
436	122	51	53
430	126	51	49
443	125	45	48
452	118	41	50
452	118	43	51
455	113	43	49
458	110	43	47
459	108	43	51
461	111	44	52
464	116	42	48
461	119	45	51
464	120	47	44
469	116	44	44
474	118	43	44
478	118	43	42
480	119	44	42
482	119	43	43
480	118	45	42
482	116	44	42
477	117	44	44
478	114	43	44
474	114	39	41
478	112	43	43
473	110	44	42
470	108	38	45
466	109	43	43
461	108	40	44
456	109	41	42
458	108	40	45
451	106	43	45
452	103	42	44
451	103	42	43
452	101	40	41
450	100	39	42
450	98	40	42
449	94	41	44
448	92	38	45
452	91	38	43
450	89	39	41
457	87	39	39
458	87	36	39
462	86	36	41
466	82	41	40
466	81	39	41
464	83	39	41
467	80	41	43
467	78	40	41
466	80	42	43
463	79	39	41
464	77	42	41
461	76	39	44
461	76	41	40
460	74	39	42
458	76	39	43
455	79	39	42
455	77	40	42
454	79	37	41
450	78	38	40
454	87	33	34
456	82	33	36
456	74	36	42
456	74	33	41
454	74	34	41
455	71	38	40
456	69	37	42
457	70	38	43
456	71	37	42
458	71	37	42
457	72	35	39
459	71	37	38
460	68	38	38
463	66	36	39
462	63	38	38
463	61	39	40
465	60	38	39
464	57	37	40
466	56	38	39
467	55	38	41
467	56	39	44
467	58	35	40
466	58	33	40
465	57	34	40
465	58	34	41
462	59	34	38
464	59	32	37
465	58	34	37
465	55	34	37
467	52	36	37
466	48	38	40
465	48	35	41
467	49	36	38
466	49	35	38
470	47	35	38
470	45	35	38
472	43	35	41
473	39	37	42
473	41	37	40
472	39	37	40
471	35	38	41
472	32	39	43
469	31	40	42
476	41	37	35
473	39	39	36
476	37	40	37
476	40	37	34
477	39	37	36
476	41	37	36
476	37	39	41
475	37	40	41
472	38	40	43
471	39	41	41
471	41	39	40
469	40	40	38
469	39	40	39
468	37	38	39
465	35	37	37
465	38	35	33
466	38	34	33
468	39	31	31
466	37	33	30
468	35	34	32
470	34	34	33
471	35	34	32
473	34	35	34
477	36	33	33
477	34	34	35
478	32	35	35
477	26	38	36
474	15	40	40
475	15	41	42
477	17	43	42
479	17	44	43
481	16	44	44
484	15	44	45
485	16	42	45
484	16	43	43
485	15	42	42
485	18	41	40
485	19	39	37
483	18	36	38
484	17	39	36
480	17	35	39
480	15	39	37
477	14	37	36
478	11	39	37
477	3	38	40
475	1	38	41
474	1	40	42
477	0	40	41
479	0	38	41
479	0	39	41
485	1	36	39
488	2	35	40
488	1	35	39
489	0	37	37
489	0	38	38
491	0	38	37
493	2	35	36
494	0	36	34
495	0	35	35
494	0	36	35
496	0	35	32
495	0	36	32
495	0	36	32
495	0	35	33
497	0	33	29
497	0	32	26
499	0	31	24
496	0	31	25
497	0	32	27
495	0	35	25
498	0	32	24
502	0	30	25
504	0	30	26
506	0	30	26
506	0	29	25
507	0	30	27
507	0	31	28
509	0	30	27
512	0	29	26
512	0	30	24
512	0	29	24
512	0	29	22
512	0	30	22
513	0	29	23
514	0	30	23
514	0	29	21
515	0	28	23
515	0	28	20
515	0	27	20
515	0	27	19
515	0	26	20
513	0	27	19
514	0	26	18
513	0	26	18
513	0	25	17
511	0	26	18
510	0	26	18
509	0	26	18
508	0	26	18
507	0	26	18
505	0	27	20
503	0	29	19
501	0	30	21
500	0	30	22
499	0	31	22
497	0	31	23
495	0	32	24
495	0	32	26
494	0	31	28
493	0	33	29
493	0	32	27
494	0	32	27
494	0	31	28
495	0	32	28
494	0	31	27
495	0	31	26
495	0	30	24
496	0	30	24
497	0	30	23
499	0	30	24
500	0	30	23
502	0	30	23
504	0	29	23
505	0	29	21
506	0	29	22
507	0	29	22
507	0	28	22
507	0	28	23
507	0	29	22
507	0	29	24
504	0	30	23
504	0	30	25
502	0	30	24
500	0	31	25
498	0	31	25
497	0	32	26
495	0	32	27
495	0	33	29
495	0	33	29
494	0	34	31
493	0	33	32
493	0	33	32
493	0	33	34
493	0	34	34
493	0	34	34
493	0	34	35
494	0	34	35
494	0	35	36
495	2	34	37
496	0	35	40
496	0	35	41
497	0	36	39
497	1	36	42
497	0	36	41
497	0	36	41
496	0	37	41
496	0	37	40
495	0	37	39
493	0	37	41
491	0	38	41
489	1	38	43
487	0	39	45
485	1	40	44
482	3	40	45
480	3	41	46
479	4	40	45
474	6	40	43
473	4	39	45
471	5	40	45
471	7	39	45
469	5	39	45
468	7	38	43
467	6	39	44
466	7	39	43
466	9	38	43
466	11	37	41
467	11	38	41
468	13	37	42
469	14	37	43
470	13	38	44
473	20	37	45
475	20	36	43
476	17	37	44
478	21	37	43
481	20	39	44
483	21	38	45
486	23	37	42
488	25	38	41
489	23	38	42
489	23	38	43
491	26	39	43
491	26	38	44
492	29	38	43
492	29	38	43
492	30	38	44
490	29	38	47
489	30	39	47
487	29	40	47
486	29	39	48
485	29	40	49
484	27	39	48
483	28	40	47
482	28	39	49
482	32	38	47
482	31	40	47
482	33	39	47
481	36	38	44
481	36	39	45
481	38	39	45
482	42	38	44
482	44	39	44
483	46	39	43
485	46	39	42
485	48	39	42
486	47	39	44
486	48	39	43
486	47	39	43
485	49	40	44
485	48	40	44
485	50	40	45
484	51	40	46
483	54	40	46
482	56	41	46
480	57	41	47
479	60	41	46
478	61	41	46
476	63	40	46
476	64	39	43
475	64	40	45
473	62	40	46
472	64	40	45
473	63	41	45
470	64	41	46
470	65	41	46
471	68	40	46
470	69	41	45
470	72	39	45
470	74	41	45
471	76	40	44
471	76	40	45
472	78	40	45
474	79	40	46
475	76	40	48
476	80	41	47
475	77	41	51
475	78	42	50
475	82	41	50
474	81	42	52
471	83	43	53
470	84	44	53
469	89	43	53
464	93	45	53
461	95	46	52
459	97	46	53
454	97	45	51
452	98	44	48
452	99	43	48
451	99	41	46
451	100	41	45
450	99	41	45
450	101	42	42
449	101	42	43
449	102	42	42
447	104	41	43
446	106	43	43
446	108	44	43
447	108	43	44
448	109	43	45
449	108	43	47
451	110	43	46
452	110	43	48
455	108	44	53
457	111	44	52
462	108	44	53
464	106	46	55
466	108	47	52
470	109	47	51
472	104	48	54
474	106	48	52
478	106	48	54
481	105	48	55
483	106	46	55
488	109	45	55
490	107	44	56
491	107	45	55
491	106	44	55
490	108	43	54
489	108	45	56
487	109	44	55
485	109	44	56
483	108	45	55
478	113	45	55
475	111	46	56
473	114	44	55
468	115	45	55
464	113	44	55
462	112	44	57
456	114	45	56
453	113	45	55
451	113	45	53
448	115	44	53
447	115	44	51
446	114	44	51
445	117	42	51
447	116	41	50
447	118	41	49
445	116	41	53
436	115	49	56
440	115	48	53
445	117	45	51
448	119	48	52
451	122	48	55
449	120	51	53
448	118	44	54
451	117	46	55
452	117	44	51
453	116	45	52
457	118	45	53
458	117	45	52
461	116	45	52
466	115	44	52
467	116	43	50
468	116	44	51
469	116	44	50
468	114	45	52
467	115	44	52
467	114	44	51
464	112	46	52
461	113	45	50
458	113	45	51
457	113	44	51
451	112	45	50
448	111	44	51
444	111	44	48
443	110	42	49
441	110	43	49
438	108	43	49
437	105	42	47
437	106	42	48
436	105	41	47
436	105	42	49
436	104	41	49
438	103	42	49
438	102	42	50
440	102	42	49
444	102	42	50
445	102	42	50
447	100	43	50
451	99	42	50
452	99	41	48
454	99	42	48
457	98	42	49
458	97	42	48
460	98	42	49
463	95	41	51
464	94	41	51
465	89	41	47
465	90	41	47
464	89	42	47
464	89	42	48
462	85	42	51
461	83	42	52
456	83	43	50
454	82	44	47
455	85	42	44
452	86	41	42
450	87	40	44
447	85	41	45
444	81	42	46
442	80	42	48
441	78	42	46
441	78	41	44
440	75	41	46
439	75	41	46
441	75	40	46
441	73	41	47
443	72	41	48
444	72	40	46
445	69	41	49
448	65	40	49
449	68	41	45
452	68	40	46
453	67	40	45
457	67	41	47
459	68	40	45
460	66	41	46
462	65	41	45
462	61	40	47
462	62	40	47
462	61	40	46
462	59	40	47
461	59	40	46
459	61	41	45
457	60	41	46
454	62	41	46
453	63	40	44
443	61	46	48
442	57	46	53
442	54	43	53
442	53	39	47
444	54	39	44
446	59	38	46
442	57	41	46
442	55	42	44
441	52	40	42
443	58	38	40
442	54	38	44
442	50	40	49
443	48	42	49
445	48	41	48
447	46	40	49
451	45	40	50
453	48	39	48
456	43	41	46
460	53	38	45
461	42	39	47
462	40	39	48
463	41	38	44
464	38	39	47
464	36	38	49
463	38	38	47
460	39	42	47
461	39	42	50
459	43	44	45
464	47	42	43
464	50	41	40
465	50	41	40
467	53	42	40
466	54	43	39
465	55	42	40
462	56	42	39
461	51	42	41
459	53	40	37
456	52	39	38
456	52	38	39
453	52	37	37
452	50	37	39
451	48	36	40
452	44	37	44
453	41	36	43
453	37	36	45
454	32	36	45
455	29	36	44
456	26	36	45
458	24	36	44
458	20	36	43
459	18	37	44
459	19	36	43
460	18	36	42
463	18	34	39
463	17	35	38
462	22	37	37
454	15	42	41
456	15	42	43
458	12	44	48
461	12	41	44
462	11	41	43
467	11	40	44
472	18	36	40
472	14	37	42
477	12	37	44
478	11	37	43
480	13	37	42
481	13	38	46
481	15	40	47
482	16	43	45
484	20	43	44
486	19	42	43
487	28	40	34
489	29	37	34
491	30	36	32
493	30	34	32
491	26	35	34
493	21	37	37
493	16	39	41
493	14	40	41
493	13	40	42
492	9	40	43
490	7	41	46
489	7	43	47
488	6	42	46
483	6	42	44
482	5	43	45
479	8	40	41
479	16	38	36
471	13	37	36
462	3	42	42
459	1	42	43
460	1	41	41
457	0	41	40
456	0	44	40
458	1	38	40
457	0	38	41
454	0	38	40
457	0	35	37
456	0	38	37
455	0	40	36
454	0	40	34
455	0	38	35
455	0	35	37
454	0	35	37
453	0	37	37
455	0	36	32
458	0	33	31
457	0	33	28
457	0	33	26
454	0	33	26
456	0	31	26
453	0	32	25
453	0	31	26
454	0	29	27
450	0	33	31
449	0	35	35
448	0	35	41
446	0	37	40
444	0	38	39
443	0	38	40
441	0	36	37
441	0	33	37
437	0	33	32
438	0	33	29
434	0	32	28
434	0	32	26
434	0	33	25
434	0	32	27
433	0	32	28
433	0	32	28
433	0	31	28
433	0	33	29
430	0	34	33
428	0	33	35
428	0	33	35
426	0	34	35
419	0	39	38
422	0	38	39
422	0	36	35
421	0	35	35
420	0	34	34
414	0	37	35
416	0	36	36
415	0	36	37
419	1	37	36
408	0	39	36
407	0	39	37
399	0	39	38
398	0	41	37
391	0	41	38
393	0	38	38
393	0	41	39
392	0	40	38
390	0	40	40
390	0	38	40
390	0	40	40
388	0	42	37
385	0	41	36
387	0	38	35
386	0	40	34
386	0	41	33
385	0	40	33
384	0	41	32
385	0	40	35
381	0	42	35
384	0	41	34
385	0	40	34
382	0	41	33
384	0	41	34
385	0	41	35
385	0	41	34
385	0	40	34
385	0	41	33
385	0	41	32
385	0	41	34
383	0	42	32
385	0	41	34
385	0	41	33
384	0	41	32
385	0	41	32
385	0	40	33
383	0	42	24
384	0	40	27
383	0	38	28
384	0	40	29
383	0	39	26
383	0	41	24
382	0	36	24
384	0	38	24
382	0	43	23
381	0	40	23
383	0	40	23
381	0	38	20
381	0	37	21
381	0	38	18
383	0	36	17
390	0	32	16
393	0	30	15
394	0	29	15
395	0	28	16
395	0	28	16
395	0	29	17
395	0	28	16
396	0	28	16
397	0	28	17
396	0	28	18
395	0	29	17
395	0	27	18
391	0	30	18
391	0	29	18
386	0	30	18
382	0	31	18
382	0	30	19
378	0	30	19
377	0	29	19
374	0	30	19
372	0	29	21
371	0	31	20
372	0	29	20
372	0	30	20
372	0	29	20
373	0	29	20
373	0	30	20
374	0	30	20
377	0	29	21
379	0	30	20
382	0	30	20
383	0	31	19
387	0	30	20
393	0	28	20
395	0	30	21
397	0	30	20
403	0	29	20
403	0	31	19
403	0	33	20
406	0	32	20
408	0	36	23
409	0	35	26
413	0	32	26
416	0	34	31
419	0	35	32
424	0	35	34
428	0	39	34
431	0	35	38
435	1	39	36
438	0	38	40
442	0	38	41
445	0	37	41
447	0	36	44
449	0	35	44
450	0	36	44
450	0	36	47
450	0	37	42
451	0	39	37
453	0	42	30
461	0	37	30
462	0	35	29
467	0	39	28
469	0	36	26
469	0	34	24
472	0	33	25
470	0	36	28
469	0	36	26
467	0	38	25
464	0	38	25
463	0	36	24
463	0	33	25
461	0	32	24
453	0	36	24
