220	235	15	45
219	235	16	45
220	235	16	45
220	236	16	46
219	235	16	46
219	235	16	46
219	235	16	46
218	235	16	46
219	235	16	46
220	235	16	46
219	235	16	45
220	235	15	45
220	235	15	45
220	235	15	46
220	235	16	46
220	235	16	47
220	236	16	46
220	235	16	46
221	235	17	45
220	235	18	47
219	235	18	46
219	236	17	45
219	236	17	46
218	237	16	46
219	237	16	45
217	237	17	45
216	237	16	46
218	237	16	45
217	237	18	47
215	237	17	47
214	238	18	46
212	239	17	47
213	239	17	47
211	239	17	47
211	240	17	46
211	239	17	46
211	240	17	46
211	239	17	46
210	240	17	47
211	241	17	46
211	240	17	46
211	240	18	47
211	240	17	47
211	240	17	47
210	240	17	47
210	241	18	47
209	241	18	48
209	240	18	47
209	240	18	49
209	240	17	49
210	240	16	49
211	240	16	49
212	240	15	49
213	239	15	49
213	240	15	48
213	241	15	48
213	241	15	48
213	241	15	48
212	240	16	49
213	241	16	49
213	241	16	49
213	241	16	49
214	241	16	49
213	242	16	49
214	242	17	49
215	241	17	50
215	242	18	50
214	241	20	51
212	243	24	50
215	242	21	50
215	242	20	50
217	243	19	49
221	242	19	50
223	243	18	51
222	243	19	50
222	244	19	50
223	244	20	51
224	244	19	50
225	244	18	50
226	244	18	51
226	244	18	50
225	244	18	51
226	244	17	51
227	244	17	51
227	245	17	51
227	244	19	51
226	245	20	51
225	245	20	51
226	245	20	51
225	245	21	51
225	245	21	52
225	246	21	51
224	246	21	51
224	246	21	51
225	246	21	51
225	246	21	51
224	245	21	52
225	246	20	52
225	245	20	52
225	246	20	52
225	245	20	51
225	246	20	52
226	246	19	51
226	246	20	52
227	246	19	52
227	247	20	52
226	246	19	52
227	246	20	52
228	246	20	52
227	246	20	53
228	245	20	53
228	246	20	53
229	246	20	53
229	246	20	52
229	246	20	52
230	246	20	52
229	247	20	51
230	247	20	52
229	247	20	51
230	248	20	52
230	247	20	51
230	247	20	52
230	246	20	52
231	247	20	53
231	246	20	52
231	246	20	52
231	246	19	53
232	246	19	53
232	246	19	52
232	246	19	53
232	247	19	53
233	247	19	53
233	246	19	53
233	247	19	53
234	247	19	52
233	247	19	53
234	248	19	53
234	247	19	52
234	247	19	53
233	247	19	53
235	248	19	53
233	248	19	52
234	248	19	53
234	248	19	53
233	248	19	53
233	248	20	53
234	248	20	53
233	247	20	54
234	248	20	54
233	247	21	53
233	248	20	53
234	248	20	54
234	247	20	54
234	248	20	54
234	248	20	53
234	248	20	53
235	248	20	53
235	248	20	54
235	248	20	54
236	249	20	54
236	248	20	54
237	248	20	55
237	248	20	54
237	248	21	55
237	248	21	55
237	248	20	55
238	248	21	55
238	249	21	54
238	249	21	54
238	250	21	54
238	250	21	54
238	250	21	54
239	250	22	54
239	250	22	54
239	250	21	55
240	249	21	54
241	249	21	55
241	249	21	54
242	250	20	54
243	249	20	55
243	249	20	56
244	249	20	55
244	250	20	55
245	250	20	54
246	250	20	54
246	250	20	55
247	250	20	55
247	250	20	55
248	250	20	56
248	250	20	55
249	250	20	56
250	250	20	55
250	251	20	55
249	251	21	54
250	251	22	54
250	252	22	55
251	252	22	54
250	252	22	54
252	252	22	54
251	252	21	54
251	252	21	54
252	252	21	55
253	252	21	55
254	252	20	54
255	252	20	55
256	251	19	55
256	251	20	55
256	252	20	54
257	252	20	54
258	253	20	54
259	252	20	55
258	253	20	54
260	253	20	55
260	253	20	55
260	252	19	55
260	253	20	55
261	253	20	56
260	253	20	57
261	253	21	56
260	254	21	56
261	254	21	56
261	255	21	55
260	255	21	55
261	255	21	55
261	255	21	55
261	255	21	55
261	255	21	55
262	255	21	55
262	255	20	56
263	254	20	56
264	255	19	56
263	254	20	56
264	255	20	56
264	255	20	56
264	255	20	55
265	255	20	56
265	256	20	55
266	255	21	55
266	255	20	55
266	256	21	56
267	255	21	57
267	256	21	56
267	255	22	57
266	255	22	57
265	255	23	56
265	256	23	57
266	256	23	56
265	256	24	57
266	256	23	57
268	256	22	57
268	256	21	56
268	256	22	56
268	256	21	57
270	256	20	56
271	256	19	57
271	256	19	57
272	256	18	58
273	255	19	58
273	256	20	58
273	255	19	58
274	255	19	59
275	256	20	58
274	255	20	59
276	256	20	59
276	254	20	60
277	255	20	59
276	255	20	59
277	255	19	59
277	255	19	59
278	256	19	58
277	255	19	60
280	257	20	58
276	257	22	58
279	258	22	57
277	259	22	57
277	258	24	57
279	258	24	58
278	258	25	58
274	258	25	58
278	258	23	58
277	257	24	58
278	257	22	58
278	258	22	59
279	257	22	60
280	258	20	59
281	258	20	59
281	260	20	58
282	258	20	59
281	258	20	58
282	259	20	58
283	258	20	59
284	258	19	59
284	258	19	59
284	258	19	59
284	258	20	59
284	258	20	60
285	259	20	60
284	259	21	59
283	259	21	59
284	259	21	59
283	259	21	58
283	260	22	59
282	261	21	59
282	260	21	59
283	261	21	58
282	260	21	59
283	260	21	59
283	261	20	58
284	260	19	58
284	261	19	58
281	260	19	59
282	261	19	58
282	261	19	58
281	260	19	58
282	260	19	59
282	260	19	60
283	261	20	59
282	260	20	59
281	261	20	60
280	261	22	60
280	262	23	60
279	262	23	60
279	261	22	60
280	261	21	58
278	261	21	59
278	262	21	60
277	262	21	60
278	261	21	60
278	263	21	59
277	263	22	60
278	264	21	59
278	263	21	59
276	264	22	59
277	262	24	62
277	263	25	61
277	263	25	60
278	263	25	60
276	263	27	61
278	264	25	61
280	264	25	61
279	264	25	62
279	263	25	62
279	263	25	63
280	264	24	62
282	263	23	61
283	264	22	61
284	265	23	60
285	264	22	62
285	264	21	62
285	265	22	61
286	264	21	62
285	265	22	62
286	265	23	63
286	267	23	61
285	266	24	62
285	268	23	61
285	268	23	61
286	268	23	61
285	267	23	62
285	267	23	62
283	267	23	62
285	268	23	62
284	266	23	64
285	267	22	61
287	268	22	62
285	268	23	62
285	269	22	62
286	268	22	62
285	268	22	62
286	268	22	62
285	269	22	62
287	270	22	61
290	270	24	62
298	269	24	63
283	269	24	64
284	269	23	63
285	269	22	63
284	270	23	62
286	270	23	61
284	270	23	63
283	271	23	62
285	270	23	62
283	269	23	64
285	269	22	64
284	270	23	64
284	270	23	63
284	270	23	64
288	270	23	64
284	271	23	64
283	272	24	64
281	272	25	65
281	272	25	64
279	272	25	65
278	271	26	67
279	272	26	66
278	272	26	66
278	272	26	66
279	273	26	66
278	273	26	65
279	272	25	66
279	274	25	65
278	274	25	65
279	273	24	66
279	274	24	66
280	275	25	65
279	275	25	65
278	275	25	65
279	275	26	66
278	275	24	66
298	275	24	67
277	275	25	66
276	276	25	66
277	276	23	66
278	275	24	67
277	276	25	67
278	275	24	67
277	276	24	67
276	276	24	67
277	277	24	66
277	278	25	66
276	278	25	67
276	278	24	65
275	277	26	67
276	278	26	66
275	278	26	68
275	278	26	68
274	278	27	68
275	279	26	68
275	280	26	68
275	279	26	69
275	280	26	69
275	278	26	70
274	278	26	70
275	278	26	69
274	280	26	69
274	279	25	69
274	281	27	68
274	281	26	68
274	281	26	69
274	281	26	69
274	281	27	69
274	282	26	70
274	282	27	69
276	282	28	72
277	284	27	69
277	285	28	69
279	285	27	70
279	285	27	69
281	285	26	70
282	285	26	70
282	285	25	71
284	285	25	71
283	286	25	71
285	287	24	72
285	288	26	73
285	288	26	73
286	288	26	73
286	289	28	73
286	289	28	73
287	290	27	73
288	290	27	73
290	289	26	74
289	290	28	74
289	290	28	73
290	290	28	74
289	290	27	74
290	291	27	74
290	291	27	74
290	292	27	74
291	291	28	76
291	292	28	74
292	291	28	74
292	291	28	75
293	291	28	75
295	292	28	75
296	293	27	75
298	293	26	74
298	293	27	75
299	292	27	76
299	292	27	76
301	293	27	76
302	293	28	76
304	295	28	76
307	295	28	77
310	295	28	76
310	296	28	76
313	296	27	77
314	296	27	77
315	296	27	77
316	297	28	77
317	297	29	77
315	297	31	79
316	298	33	77
317	299	33	78
319	299	32	77
325	299	29	79
327	301	28	78
329	300	28	78
331	301	28	78
331	301	28	79
333	301	28	79
331	301	29	79
332	302	31	79
360	301	28	79
333	303	33	81
334	303	31	80
336	303	30	81
338	303	29	80
339	303	28	78
341	303	28	79
342	304	29	80
343	305	29	79
344	305	29	77
344	306	29	78
346	305	29	79
347	305	29	80
347	305	29	79
348	305	29	82
349	305	30	82
349	306	31	81
350	308	31	80
350	308	32	80
349	308	32	80
352	309	31	81
352	307	31	82
353	309	30	80
354	308	30	81
355	308	29	80
355	309	29	80
357	311	28	78
358	312	29	79
359	310	30	80
361	312	30	77
362	311	30	82
363	311	30	81
365	312	30	79
365	312	30	79
364	313	30	79
364	315	31	77
366	316	32	77
373	315	30	76
377	318	29	78
379	317	33	79
384	319	31	79
389	317	35	82
415	317	32	82
414	314	33	86
417	315	34	88
385	317	33	92
391	319	34	83
388	317	33	90
393	319	32	86
395	318	31	88
396	317	31	89
404	317	30	86
403	316	28	87
405	318	28	87
404	319	29	85
406	320	29	86
405	320	30	87
409	322	30	86
409	322	30	84
412	322	31	85
414	321	31	86
415	322	31	83
416	324	30	81
417	324	32	83
418	324	31	85
419	324	31	85
420	323	32	85
421	324	31	83
422	324	31	82
424	322	32	84
426	324	31	83
429	324	29	83
429	323	29	85
430	324	31	87
431	324	29	85
433	324	30	83
433	324	30	83
433	324	32	86
435	324	32	86
437	326	31	84
438	326	32	81
440	327	32	81
440	327	33	86
440	326	33	87
442	326	32	86
442	326	33	89
441	327	32	86
443	327	32	86
445	327	33	86
446	326	32	87
447	327	32	88
447	327	33	86
450	328	32	85
452	329	30	84
453	328	30	87
453	328	31	89
455	328	30	86
462	333	32	82
464	332	32	81
463	332	32	82
464	331	31	81
465	332	32	80
467	333	32	82
469	335	32	80
469	334	32	82
473	336	32	78
474	335	32	80
472	335	31	82
475	335	31	78
477	335	30	80
481	337	31	77
481	337	31	81
483	338	31	77
484	339	32	77
483	339	33	76
486	337	32	77
486	337	31	78
488	338	32	78
489	339	30	72
490	342	33	73
495	342	32	77
495	341	31	75
495	342	30	74
498	342	31	73
499	340	32	68
505	340	32	68
509	340	35	69
504	342	36	76
506	342	31	76
508	344	31	73
510	345	30	70
512	346	30	66
516	345	29	61
516	344	28	65
524	345	30	57
550	343	26	61
518	348	29	64
553	346	29	75
523	347	33	77
530	348	31	75
532	346	30	77
534	349	31	76
535	349	31	78
536	350	31	74
537	352	32	78
540	353	31	77
574	351	31	86
542	353	32	82
542	351	32	79
545	354	31	78
547	351	31	77
548	353	31	80
549	352	33	83
551	354	34	84
552	354	35	86
556	354	33	79
559	353	33	83
559	354	35	85
563	356	34	80
563	354	34	84
567	354	33	82
571	356	32	81
573	355	32	86
576	358	31	84
575	357	34	86
577	359	33	85
579	358	30	87
583	358	30	84
585	357	29	83
