444	297	33	89
442	296	37	90
443	297	36	88
442	297	36	88
442	297	36	88
442	298	36	87
443	296	35	90
444	297	36	88
443	297	35	88
442	296	36	89
443	297	35	88
443	298	36	87
442	297	36	89
444	296	35	89
443	297	36	89
443	297	36	88
442	298	36	87
443	296	36	89
443	297	36	88
442	298	36	87
441	296	37	90
443	297	36	87
442	297	36	87
443	297	36	89
443	296	37	88
443	297	35	88
443	297	36	89
442	297	36	88
442	296	37	88
443	298	36	88
442	298	36	88
443	297	36	88
443	299	36	87
442	298	39	86
443	298	37	87
442	300	38	84
443	299	38	84
443	299	38	84
442	300	38	83
443	299	38	86
442	299	38	84
443	299	36	85
443	300	36	83
444	299	35	84
442	299	36	83
440	299	37	85
441	298	35	84
438	299	35	85
438	298	35	85
437	298	34	86
435	299	35	85
433	298	35	85
433	297	35	86
433	298	34	85
432	297	34	85
432	296	32	85
430	296	32	86
429	294	33	86
427	295	33	87
426	296	34	86
425	295	35	87
421	295	35	86
420	295	36	88
418	295	36	86
416	296	35	85
413	296	37	85
412	296	36	86
411	296	35	87
411	294	35	88
408	295	37	86
408	296	36	87
406	296	37	86
407	296	36	87
405	296	36	85
404	296	35	85
402	297	36	85
401	296	36	86
399	295	36	87
399	295	35	86
398	295	35	85
397	296	35	82
396	296	36	82
394	296	37	84
393	295	36	85
392	295	36	83
390	294	36	83
387	296	38	82
385	294	38	85
382	294	38	85
372	295	43	86
370	295	40	86
368	295	40	87
368	296	39	84
364	296	40	85
364	296	39	87
363	297	36	85
362	297	35	86
362	297	33	87
359	296	34	88
360	298	32	85
359	296	33	85
359	298	32	84
358	297	32	85
358	297	33	85
356	296	32	88
355	297	34	87
354	297	33	90
353	296	34	94
351	296	35	93
350	297	36	96
349	299	36	96
346	296	37	100
344	298	38	101
342	295	42	103
341	298	39	100
337	296	41	107
337	296	41	105
338	296	39	104
334	294	40	108
336	295	42	107
335	295	43	108
333	296	38	108
330	296	39	106
330	296	36	105
328	296	39	105
330	298	42	106
328	297	37	105
328	298	36	103
328	297	36	103
327	297	37	104
327	299	36	102
327	298	37	103
327	298	37	104
327	299	36	102
327	298	37	103
327	299	36	102
327	299	37	102
328	298	37	103
327	298	37	103
327	298	37	102
327	299	37	103
328	299	37	102
327	298	37	103
329	298	37	103
327	298	37	103
327	298	37	102
328	297	37	104
327	299	37	103
328	297	37	103
328	298	37	103
328	297	37	103
328	298	38	103
329	298	37	104
328	298	38	104
328	297	37	105
327	297	38	104
328	298	36	104
328	297	38	104
327	299	37	104
328	298	37	104
329	298	36	103
328	298	37	103
328	299	37	103
329	297	37	104
328	298	36	103
327	298	37	104
328	297	37	105
328	298	36	103
328	298	37	102
327	297	37	104
328	298	37	105
328	298	37	104
328	297	37	105
329	298	37	104
327	297	37	104
328	298	37	104
329	298	37	105
328	297	38	106
328	297	38	105
328	298	38	105
329	299	38	104
327	298	37	103
328	297	37	104
327	299	37	103
328	297	37	104
327	299	37	101
327	298	38	103
326	297	38	104
326	299	38	101
326	299	37	102
325	300	39	101
326	299	40	104
329	297	38	104
331	297	41	105
332	297	39	106
334	297	41	106
339	296	44	107
341	297	42	103
343	298	40	97
343	299	41	97
345	299	40	95
346	298	40	96
346	299	38	94
347	300	37	86
348	300	35	91
348	299	38	84
349	300	35	87
349	300	37	88
351	299	36	87
351	299	37	88
351	300	37	89
352	298	38	93
353	300	37	89
354	299	38	94
355	299	39	88
357	299	39	89
359	299	37	90
359	300	37	88
360	299	37	91
360	300	38	91
360	300	37	92
360	301	36	90
361	300	36	89
360	300	35	88
359	300	35	88
358	299	35	91
358	300	34	89
358	298	34	91
357	300	34	89
357	298	34	91
357	300	34	88
357	299	34	90
356	300	35	89
356	300	35	88
356	299	35	89
356	300	34	87
356	298	35	91
356	300	35	88
357	299	34	92
357	300	35	89
358	298	34	90
358	300	35	89
358	300	34	90
359	300	35	89
359	300	34	89
358	299	35	90
359	300	34	89
360	299	34	91
360	298	34	89
360	300	34	89
359	299	35	90
358	299	36	89
357	301	37	88
356	300	38	91
354	299	39	91
354	299	38	90
354	300	37	88
356	301	36	88
357	300	37	88
358	301	36	86
359	301	36	87
361	300	36	88
363	299	37	90
363	298	40	85
368	297	38	86
371	297	38	85
369	297	41	84
373	296	41	82
379	296	36	79
381	297	37	81
383	296	37	82
388	297	37	79
391	296	33	80
392	296	33	81
393	296	37	81
396	296	36	83
399	296	35	82
402	297	34	81
406	297	33	81
408	297	34	81
407	297	38	82
408	295	39	85
415	295	37	85
422	294	35	87
424	294	36	88
426	294	36	87
445	297	34	81
446	295	34	84
447	294	34	85
450	296	32	83
453	296	34	83
456	296	35	86
458	296	36	82
463	296	35	84
463	295	35	85
466	294	35	87
469	295	36	87
472	294	37	91
475	294	35	96
475	294	37	94
479	294	35	94
483	294	34	89
488	294	33	87
490	294	36	86
494	301	35	81
494	302	36	73
497	301	35	76
498	303	39	77
498	304	40	77
494	306	39	76
516	302	44	74
538	291	37	93
539	289	35	84
543	291	33	91
560	288	36	100
562	287	38	103
566	286	40	105
570	288	38	101
570	287	40	105
574	286	37	104
580	285	33	106
582	285	32	106
582	286	32	102
582	286	30	96
585	285	28	102
585	287	27	101
586	287	27	99
589	280	25	86
590	284	25	72
575	285	33	70
572	280	35	78
572	284	34	75
555	287	39	76
508	306	41	76
549	292	40	79
530	288	38	82
561	290	39	79
556	287	38	90
561	287	36	91
563	287	35	87
567	286	32	83
569	286	35	91
572	284	35	87
555	289	42	83
539	293	38	92
501	288	43	90
492	282	42	75
516	288	41	93
521	286	37	87
523	288	35	83
523	287	35	94
519	253	35	90
518	274	36	82
519	275	35	79
518	284	35	65
519	286	35	69
519	287	34	87
520	285	36	88
522	282	36	77
522	284	34	74
534	266	31	73
535	269	29	81
523	289	31	73
523	294	32	74
533	293	30	74
521	295	34	82
518	298	36	83
518	296	39	80
521	292	37	85
523	264	36	88
521	277	35	93
520	298	38	78
523	271	38	81
521	253	35	90
523	256	36	89
522	256	33	88
523	259	37	85
512	254	36	90
523	266	35	81
521	254	35	80
525	255	33	84
525	252	33	83
522	256	33	79
524	260	33	80
525	263	34	84
524	248	33	88
524	249	33	85
523	250	35	86
522	254	33	83
521	296	35	75
521	293	34	84
519	293	37	84
525	264	36	85
523	281	35	77
522	250	33	92
521	255	39	83
522	258	35	88
518	262	34	80
519	295	37	82
520	295	37	82
532	257	41	80
524	261	37	83
522	281	36	77
524	254	35	87
524	254	33	90
523	261	33	84
523	261	36	84
511	267	37	83
524	261	35	80
521	267	34	79
523	292	33	75
518	296	38	83
519	297	37	82
580	253	33	102
575	252	36	99
572	252	39	97
522	256	37	84
521	255	33	94
522	267	38	86
523	258	35	86
524	259	35	84
522	264	34	80
521	250	35	90
525	259	34	82
520	262	33	85
523	281	34	79
522	251	33	89
523	255	36	82
521	256	34	81
523	275	38	78
512	285	36	87
512	298	40	81
522	297	37	76
521	291	38	88
518	292	37	88
524	291	39	82
521	290	37	83
509	278	41	80
465	277	43	81
457	292	48	75
398	313	42	79
388	310	38	78
385	309	39	78
384	305	38	81
384	307	37	82
385	303	38	81
383	310	40	77
384	305	40	80
385	306	39	80
385	310	40	78
386	308	39	78
386	307	41	80
388	308	39	75
