397	234	164	158
395	227	163	161
397	225	158	162
394	223	157	160
391	220	154	158
388	218	151	156
387	214	147	153
381	211	145	150
382	209	142	149
378	206	139	145
372	203	136	139
370	200	133	138
365	196	133	134
363	194	130	134
362	192	129	131
360	190	128	132
357	189	127	131
355	187	125	129
352	184	125	127
351	183	123	127
349	181	122	124
346	179	120	125
333	173	118	117
327	168	118	118
325	165	116	118
321	164	116	116
321	164	114	114
317	163	113	111
313	162	112	111
309	159	112	109
308	158	111	108
302	157	112	106
303	157	109	106
298	155	111	105
296	153	110	105
294	152	109	103
292	151	109	103
287	148	108	103
283	148	105	100
282	146	104	100
279	145	101	97
273	142	100	95
272	141	96	95
270	139	94	93
269	137	93	93
268	137	90	92
267	135	88	91
266	134	88	91
265	134	87	90
264	133	86	89
264	132	84	89
264	131	83	88
263	130	84	88
264	129	81	88
263	128	80	87
263	126	81	88
263	125	79	87
264	125	76	85
264	125	76	85
264	125	77	85
264	124	74	83
264	123	75	82
265	122	73	82
265	121	74	82
265	119	74	81
266	120	73	79
267	118	73	79
266	117	73	79
267	118	73	78
268	116	73	77
269	115	73	77
270	115	72	77
280	109	73	72
279	109	73	74
280	106	71	74
281	107	71	74
283	105	71	74
284	105	71	73
285	104	71	72
287	104	70	72
289	103	71	71
290	103	71	71
292	101	71	71
294	100	70	70
296	101	71	69
299	100	70	69
299	100	71	69
302	98	70	69
304	100	71	67
304	99	71	68
307	98	70	68
308	97	70	68
311	96	70	67
314	96	69	66
314	95	70	67
318	95	69	66
321	94	68	65
322	94	68	65
323	94	69	65
326	92	68	65
328	93	69	64
330	92	68	64
335	93	67	62
339	90	67	62
344	89	66	62
345	90	67	61
349	90	65	61
350	89	66	60
350	88	67	61
354	87	67	61
356	88	66	59
359	87	65	60
360	86	65	60
365	85	62	59
366	85	64	59
369	85	63	59
370	85	63	58
374	84	63	57
377	83	61	58
378	82	62	58
380	83	61	57
382	82	61	57
384	83	60	56
385	81	61	58
389	82	59	56
390	81	60	56
393	81	59	55
394	80	59	55
396	80	59	55
400	79	58	55
402	79	58	55
