342	250	58	143
340	251	63	135
339	252	62	134
340	252	62	133
339	251	62	132
339	251	63	134
339	251	62	133
339	251	63	133
339	249	63	133
339	250	63	132
338	249	64	132
339	248	62	132
339	248	62	130
339	247	61	131
340	248	60	130
340	246	59	132
340	246	59	133
340	246	59	132
341	245	59	132
339	243	60	132
341	243	60	133
340	244	58	131
340	243	59	131
339	243	60	131
339	243	60	131
340	243	59	130
339	242	60	131
340	231	59	142
340	227	59	150
341	200	58	151
341	199	58	136
340	195	60	132
341	195	59	131
341	193	59	133
341	193	58	134
341	192	59	135
342	192	58	135
343	187	57	140
341	175	57	153
341	154	60	154
341	150	58	140
340	147	59	136
339	147	59	134
339	148	58	134
339	148	59	133
340	148	58	134
339	148	59	134
339	146	58	135
341	136	58	146
340	119	57	149
340	119	58	138
339	116	60	134
339	114	59	136
340	116	59	135
339	116	60	134
338	115	61	135
339	115	61	135
339	115	60	135
339	115	60	136
340	116	59	134
340	116	59	135
340	116	60	135
340	116	59	134
341	116	59	135
341	115	59	136
340	116	59	135
341	116	59	136
341	116	59	136
341	116	58	136
341	116	59	136
340	116	58	135
341	116	59	135
341	116	59	135
342	116	58	136
340	116	58	137
340	119	60	141
341	120	60	144
342	143	59	155
342	159	59	150
343	191	58	151
342	207	60	157
344	229	60	153
343	241	59	163
345	259	56	146
345	297	56	141
345	307	58	136
345	312	56	137
345	314	56	134
344	315	57	133
344	313	57	135
344	314	57	134
343	312	57	134
343	312	57	135
343	313	57	136
342	312	58	135
341	312	58	136
340	313	59	133
338	314	59	131
337	313	60	130
335	313	61	130
333	314	61	129
334	312	64	130
337	312	62	130
353	314	61	127
362	312	58	131
388	311	65	130
395	310	63	130
405	310	61	130
404	309	58	132
403	308	59	132
402	308	61	133
400	307	61	131
398	307	64	132
396	307	65	132
394	308	67	130
392	307	69	130
398	307	70	129
408	306	68	131
426	305	77	130
434	306	76	131
431	305	82	131
423	306	91	130
418	307	94	129
407	307	104	129
410	309	93	128
408	307	96	127
409	308	85	125
410	309	70	122
406	310	70	122
409	310	66	122
415	310	72	122
427	308	77	124
432	308	75	125
435	308	70	125
434	306	69	125
432	306	71	124
426	306	74	125
426	306	76	126
416	305	79	127
416	306	88	127
407	306	89	127
405	306	90	126
402	307	83	126
400	308	75	126
398	307	75	125
395	307	74	127
396	303	72	129
397	297	66	133
394	277	67	129
395	263	63	135
383	237	74	132
387	225	69	132
384	189	67	135
384	176	65	137
380	166	69	131
377	128	68	140
371	117	73	132
366	99	77	132
363	100	78	132
362	102	79	130
360	102	80	131
359	103	78	129
356	103	79	131
357	104	78	129
356	105	79	130
356	105	77	129
355	105	75	131
354	104	75	132
354	107	74	130
355	107	72	129
352	106	73	130
351	108	70	129
353	108	67	129
351	108	68	129
352	108	66	131
352	102	65	137
353	106	63	131
352	70	61	142
350	57	68	144
347	38	66	142
349	25	64	139
348	23	67	141
349	26	62	141
349	24	65	142
348	25	62	140
350	27	61	140
349	25	61	147
349	25	60	143
349	27	59	146
349	26	60	147
348	27	60	148
348	29	60	146
348	29	59	144
348	29	59	146
348	29	59	146
346	29	59	147
347	30	59	146
347	31	59	147
348	30	58	147
348	30	59	147
348	31	59	146
349	31	60	147
350	32	61	147
350	34	60	147
350	34	61	144
352	32	63	147
352	34	63	149
352	34	64	150
354	35	65	149
355	35	63	150
356	35	64	148
358	34	64	148
358	35	64	147
360	38	64	146
361	37	64	144
362	37	63	144
363	38	63	144
365	39	63	144
366	40	63	141
368	41	61	143
368	41	63	141
369	41	63	141
370	43	63	139
371	42	63	141
373	43	62	139
375	43	62	140
376	42	62	140
378	43	63	142
380	44	64	146
381	44	62	144
383	45	63	147
384	43	63	147
384	45	65	148
384	45	67	147
384	45	68	147
383	46	68	146
384	46	71	146
385	47	72	147
385	47	71	147
387	48	72	148
387	49	72	146
388	50	72	143
388	50	73	144
389	50	77	146
390	50	78	146
390	52	79	145
394	53	78	144
396	55	78	146
398	54	78	148
403	53	76	152
405	52	74	152
407	52	73	153
410	52	73	153
412	52	71	152
413	53	70	150
415	53	71	153
416	53	71	153
418	54	71	153
419	55	73	153
420	55	71	151
421	55	70	153
422	56	72	153
421	55	71	152
423	56	70	152
423	56	70	152
425	56	73	154
424	57	73	153
425	57	73	152
425	58	77	155
426	56	75	154
426	57	77	156
427	56	75	154
426	57	81	157
428	58	78	154
426	58	80	150
427	57	81	154
427	57	80	152
429	58	82	154
429	58	79	151
432	59	78	153
435	59	75	152
438	59	76	156
439	59	76	155
440	60	73	152
440	59	76	155
442	60	75	156
442	59	77	158
442	60	74	156
443	60	76	155
443	61	76	157
443	61	78	158
442	61	76	156
442	62	74	155
443	63	74	154
442	63	77	156
442	63	77	155
441	64	79	157
441	64	79	157
440	65	84	158
440	67	81	157
440	67	77	156
441	88	80	157
442	95	76	151
442	94	79	157
443	94	79	157
443	96	77	155
445	95	78	158
446	95	76	155
447	96	77	157
449	96	76	158
449	95	76	157
449	97	77	159
451	97	78	161
452	98	78	160
454	101	78	158
456	99	77	159
457	101	76	162
461	101	75	163
462	102	74	158
463	100	74	166
466	101	73	164
466	101	73	167
468	103	73	164
468	103	73	166
468	103	72	166
468	103	73	168
470	104	72	163
470	106	71	160
471	104	71	161
471	104	72	164
472	106	72	162
472	107	73	162
470	106	74	163
471	108	75	161
470	108	76	163
470	111	76	165
471	112	76	164
471	111	76	163
473	114	76	162
473	115	76	162
473	112	76	171
474	116	76	168
470	115	83	175
470	121	82	166
456	124	87	162
439	118	78	173
436	119	75	174
438	120	74	171
437	119	74	175
438	119	73	176
436	121	74	176
435	123	74	175
434	123	74	175
431	125	77	175
431	125	76	176
430	125	75	176
428	127	76	176
428	127	76	178
426	127	77	180
426	129	75	179
426	129	75	179
426	131	75	182
425	132	75	182
426	133	74	180
425	135	75	182
425	136	73	183
424	136	74	183
422	133	75	190
422	124	76	196
419	102	75	192
418	91	74	186
417	94	75	187
417	93	74	191
416	95	74	188
415	97	74	189
414	98	74	189
413	99	76	190
413	100	75	188
411	99	74	184
409	103	75	190
410	103	74	193
408	103	75	192
408	91	75	202
405	80	78	192
404	53	75	195
403	50	76	198
401	55	78	199
400	55	78	201
400	57	78	199
397	60	80	201
396	57	81	205
396	52	80	205
393	29	79	198
391	30	82	200
392	32	81	202
389	33	82	203
389	35	81	205
388	37	81	206
387	38	82	207
385	40	82	208
384	42	82	208
383	44	82	204
381	44	82	199
380	48	83	197
379	48	83	210
378	50	83	203
377	54	84	202
377	53	84	205
376	58	85	206
374	58	85	206
373	62	86	209
372	62	84	215
370	65	85	211
368	66	87	221
367	56	87	226
365	43	89	230
363	33	89	226
361	25	90	224
360	19	90	223
360	20	90	228
359	24	90	231
358	24	90	233
358	26	91	234
357	31	91	235
355	30	91	231
355	38	90	225
356	35	89	220
356	42	88	212
355	45	88	218
355	47	89	214
353	53	91	239
353	52	91	242
353	56	91	241
352	60	93	246
351	63	93	249
351	66	94	251
351	67	95	251
350	67	95	256
349	49	97	259
347	37	99	263
346	24	101	261
343	9	102	255
343	2	101	262
343	3	100	264
340	15	101	259
339	12	102	267
339	15	102	268
336	23	103	266
336	21	103	274
337	25	102	272
336	32	102	270
335	31	102	274
335	35	104	278
337	42	102	278
337	43	101	278
337	46	101	281
333	55	109	281
320	57	112	276
310	62	111	280
295	71	109	282
283	70	108	280
276	76	111	282
259	85	109	281
248	82	111	281
241	88	112	288
226	97	110	285
216	96	114	298
201	108	113	285
191	106	114	301
183	108	115	288
171	123	114	276
165	120	113	272
169	125	113	308
175	128	116	289
180	137	115	280
185	144	120	266
194	154	118	271
199	158	123	293
201	156	124	295
209	166	125	277
213	167	126	280
217	166	128	279
223	143	128	281
227	129	131	284
235	110	132	277
240	101	131	289
242	86	134	285
250	68	134	278
254	59	132	303
257	42	135	294
265	21	135	288
270	17	133	310
273	0	133	308
