471	264	65	186
466	262	68	185
465	260	68	186
462	258	70	187
462	257	67	182
461	255	67	181
460	254	67	180
458	254	67	181
458	253	67	182
457	252	68	181
457	250	66	181
458	249	66	182
458	248	65	181
456	246	65	176
456	245	66	174
456	244	64	175
455	243	63	174
453	243	64	174
453	243	64	174
452	240	64	174
451	238	65	174
450	237	65	174
447	234	65	173
445	234	66	169
444	232	68	169
441	232	68	170
441	232	68	170
442	232	66	171
440	231	68	170
442	229	64	171
444	229	61	169
442	225	63	167
443	225	61	165
442	224	60	163
441	223	61	165
440	222	60	165
440	222	60	165
436	221	60	165
435	219	58	163
431	218	58	163
432	216	57	163
428	216	59	159
428	213	59	162
424	213	59	161
425	213	58	162
422	214	58	161
422	212	56	162
417	209	59	163
413	207	62	161
412	206	61	158
411	204	62	158
409	204	61	160
407	203	62	160
405	202	60	161
402	201	60	159
400	200	60	159
394	199	63	157
393	197	59	155
394	196	58	156
393	195	60	156
390	194	65	156
387	194	64	157
389	193	64	156
387	192	61	156
388	190	56	154
387	189	56	153
387	188	53	152
385	188	53	151
381	186	54	152
379	186	55	152
375	186	57	151
373	186	58	151
370	184	57	150
368	184	58	149
365	181	54	149
360	180	56	148
359	180	57	149
355	179	58	148
354	179	58	149
352	179	59	149
350	178	60	151
349	177	57	145
349	176	54	145
347	176	52	136
346	175	50	129
346	174	48	137
345	174	49	128
341	175	48	135
339	174	46	128
335	173	46	132
333	172	47	134
331	170	47	135
329	171	46	132
325	169	48	137
323	169	47	130
320	168	49	135
319	169	47	132
317	169	48	135
318	168	47	133
315	166	47	136
314	166	47	134
312	163	48	137
311	163	48	134
307	162	49	137
306	161	49	136
304	159	49	138
301	157	49	140
302	154	51	142
297	152	55	146
292	155	52	146
291	156	54	144
285	151	58	147
272	157	57	140
274	154	54	141
272	155	55	140
263	155	58	139
267	155	52	140
262	154	58	138
257	156	59	138
254	155	61	139
248	152	62	143
247	150	56	143
242	151	54	139
241	151	54	136
238	149	53	133
231	149	57	141
224	151	58	135
222	144	57	140
217	147	57	143
214	147	59	146
210	148	54	140
216	145	54	138
248	134	51	142
245	132	53	125
235	133	53	129
231	134	57	144
187	173	53	120
180	160	58	127
180	158	58	136
173	147	62	144
167	144	62	147
162	141	62	145
155	153	50	140
149	150	48	135
145	148	50	136
140	142	59	139
133	146	60	139
131	153	58	135
125	151	61	134
124	150	61	136
115	148	54	134
110	146	51	134
150	146	55	130
215	139	54	144
204	145	58	135
256	140	66	142
268	145	58	134
313	141	59	134
329	142	56	135
333	143	51	132
333	142	48	131
326	141	50	135
320	139	51	135
315	139	53	133
308	138	52	137
301	140	53	135
299	137	53	134
292	135	52	134
287	137	51	134
285	138	51	128
280	137	52	129
282	133	51	133
297	126	56	136
288	126	57	135
286	127	70	143
213	148	103	151
258	138	126	146
382	130	83	147
432	123	73	151
466	126	71	153
505	128	66	146
516	118	61	122
516	118	54	100
515	121	48	100
501	134	47	124
506	114	50	101
504	113	46	101
500	115	47	97
494	117	47	97
491	115	48	99
484	117	50	94
480	116	50	96
480	116	46	96
474	114	45	99
468	112	47	96
462	111	44	95
455	114	47	93
449	112	45	98
446	115	47	100
442	113	47	104
430	112	51	93
423	112	53	96
422	110	50	112
416	112	44	125
409	114	47	137
403	114	50	123
396	116	48	159
394	117	49	156
389	115	49	158
386	116	47	149
382	128	48	149
377	112	46	125
372	111	46	114
362	113	49	127
340	109	52	108
329	118	50	151
321	112	56	155
317	118	53	146
314	114	54	146
307	113	57	126
304	113	54	109
300	112	52	126
258	142	91	118
160	119	110	137
120	119	136	160
114	167	172	122
143	166	153	121
144	168	147	120
145	166	146	117
145	161	135	121
147	153	133	127
150	134	133	147
151	137	136	143
142	165	155	125
138	118	100	139
150	122	96	140
148	124	87	124
124	120	69	121
116	120	71	110
101	113	59	104
100	115	60	98
101	114	59	101
100	111	56	103
99	108	49	108
98	111	47	107
95	119	48	101
94	119	52	95
89	108	50	108
86	108	51	105
84	107	48	104
87	113	46	97
91	113	43	98
97	115	41	96
95	114	44	92
99	112	41	96
99	111	42	95
99	114	41	92
98	114	41	91
99	114	40	90
100	112	45	92
100	116	43	90
98	113	42	91
97	113	41	89
98	112	44	90
97	116	42	89
98	114	42	88
97	113	43	91
96	112	43	90
96	116	41	87
98	116	43	88
99	115	42	107
101	116	46	117
195	100	54	135
194	106	52	130
189	111	54	126
178	109	53	128
179	104	54	125
174	107	52	125
165	108	53	121
182	100	49	126
180	97	50	128
174	98	45	132
163	99	49	130
