344	253	18	65
340	259	22	54
339	258	23	53
338	258	23	55
340	258	22	55
339	258	21	56
339	260	22	54
338	260	24	53
339	260	25	53
339	258	23	57
337	258	25	57
339	257	22	58
338	257	26	59
339	257	22	58
339	256	23	60
337	258	24	57
337	259	24	56
336	257	23	56
337	258	24	56
336	261	27	52
340	259	24	57
340	258	22	55
364	263	27	53
372	262	26	54
411	257	23	55
407	254	24	61
385	273	26	52
408	257	23	53
407	259	25	53
410	253	22	64
409	257	23	58
408	258	25	57
407	258	25	54
408	258	23	58
407	259	25	59
408	258	25	59
405	258	29	60
408	256	23	62
410	257	23	59
410	257	22	56
409	256	23	61
408	258	23	57
406	257	25	59
405	258	26	57
405	257	25	58
407	255	23	57
410	254	21	61
408	256	24	54
410	256	23	59
410	256	22	57
410	257	23	55
410	256	22	61
408	258	23	56
407	259	25	57
407	259	26	55
405	258	26	55
384	261	27	53
409	256	22	59
407	257	24	58
407	255	24	63
405	257	24	59
407	256	23	61
407	257	24	59
411	255	22	62
410	256	21	60
409	258	25	56
409	256	22	58
410	253	22	63
409	255	22	58
409	256	23	55
409	254	22	58
408	257	24	55
409	256	22	56
409	255	23	56
409	255	23	56
409	255	23	58
409	256	22	58
409	255	22	59
409	256	23	55
409	256	23	57
410	255	21	59
410	254	22	59
410	255	22	59
410	256	22	58
409	257	23	56
408	256	24	59
409	255	22	61
408	255	23	60
408	255	23	61
407	255	23	60
407	255	23	61
408	254	22	63
408	255	22	62
407	256	22	63
378	265	24	54
377	263	26	54
377	263	26	52
375	262	26	54
409	255	21	57
408	256	23	58
408	256	23	58
407	256	24	59
409	255	21	60
409	256	23	58
409	255	23	60
410	256	22	59
410	255	22	59
409	254	26	57
410	254	21	59
410	254	24	60
409	255	22	59
409	255	25	58
409	255	24	56
409	254	23	57
409	254	24	57
410	252	23	56
410	254	23	54
409	253	26	51
409	257	22	58
409	255	24	60
409	256	23	57
408	256	26	56
409	256	22	56
409	254	24	57
374	263	26	50
372	261	26	53
352	261	26	54
353	261	24	57
351	261	26	55
353	261	25	54
352	260	25	56
354	260	24	56
353	259	24	58
353	261	24	53
353	261	24	52
353	261	25	54
353	262	25	53
353	263	25	47
355	263	23	50
354	262	22	49
355	261	21	49
356	260	21	48
356	260	21	48
357	259	20	50
355	260	21	51
356	260	21	50
356	261	21	49
356	261	21	48
355	260	21	50
356	259	21	51
355	259	22	51
356	260	26	57
355	260	24	52
356	260	24	53
356	260	24	56
355	258	24	64
356	261	24	53
353	259	25	52
355	259	23	52
353	258	24	52
357	258	23	51
354	258	24	53
371	258	26	51
370	258	24	50
370	258	25	51
369	260	25	48
370	261	24	48
371	261	24	49
381	260	24	49
372	260	23	50
371	259	25	50
412	254	21	57
411	256	21	53
410	256	21	53
409	255	20	57
411	255	19	59
409	258	21	56
394	268	30	56
395	267	29	65
395	267	32	63
397	268	32	64
398	265	31	63
376	259	26	50
408	258	21	51
408	258	22	53
409	257	21	52
410	258	22	55
411	258	22	52
411	256	22	52
413	255	20	53
412	256	20	52
411	258	19	52
411	256	20	54
410	257	21	51
410	257	21	51
410	256	22	55
410	256	22	53
411	257	23	57
410	257	24	55
410	258	26	53
409	259	25	54
409	259	24	53
410	257	23	53
435	269	28	63
436	268	28	61
437	269	28	62
438	269	28	60
440	269	28	61
441	269	27	61
410	255	23	55
411	255	22	56
412	256	21	53
412	256	20	53
411	254	21	56
411	254	22	56
452	270	30	58
454	269	30	60
454	271	31	59
455	270	31	60
457	270	30	57
460	268	29	62
464	269	26	61
467	268	25	61
468	268	26	62
471	268	24	61
473	267	25	63
475	269	27	60
474	268	30	61
476	268	30	62
475	269	32	63
477	269	32	61
479	269	29	62
481	268	31	63
484	267	28	63
484	268	30	63
489	266	28	65
490	269	27	63
492	268	28	65
494	268	27	65
496	267	28	65
497	267	27	65
499	266	27	66
500	265	29	67
502	264	27	66
503	273	28	62
500	261	22	52
468	270	42	63
449	266	47	63
381	268	35	69
320	253	29	68
344	269	28	65
317	272	29	62
294	277	39	62
273	273	34	69
249	275	36	67
230	272	35	74
231	273	37	66
268	272	34	71
230	276	31	61
231	293	86	44
176	246	33	76
176	257	39	60
194	258	28	63
224	254	29	62
239	258	25	55
255	249	41	57
287	255	27	60
315	253	26	60
302	240	34	51
307	237	31	45
314	249	32	60
324	257	29	56
295	257	31	56
309	242	44	58
249	254	32	66
220	258	36	66
205	255	29	62
163	255	37	63
146	257	42	66
114	254	49	64
95	251	45	70
67	253	47	72
58	256	36	57
42	246	42	56
115	258	27	64
112	256	28	64
146	257	25	61
154	257	30	52
190	257	25	60
174	243	37	49
237	254	25	63
265	254	31	57
280	259	28	54
303	253	31	59
320	256	36	54
356	246	26	61
369	255	28	56
331	251	26	61
293	250	35	58
278	253	36	64
252	250	31	66
230	256	37	66
202	247	40	72
172	255	47	66
160	254	39	62
132	252	37	71
115	253	39	71
83	255	40	70
69	250	36	57
94	256	39	60
121	256	28	65
114	260	24	54
149	260	23	54
152	258	28	55
181	258	36	53
192	260	41	48
231	257	27	63
263	258	26	58
274	259	31	55
289	257	46	50
314	253	35	63
347	255	32	51
369	254	28	59
334	247	31	62
308	248	36	67
295	251	32	68
266	250	30	66
243	254	31	64
216	249	31	71
205	252	34	69
176	253	32	65
141	252	49	63
113	250	50	71
86	251	55	74
75	252	39	72
63	255	63	65
116	251	37	70
112	256	28	63
88	244	38	51
126	245	34	58
128	245	38	55
163	245	36	62
177	242	42	52
208	241	37	59
271	255	32	66
253	240	36	56
277	243	47	54
299	241	34	58
297	243	41	55
329	246	31	54
308	244	34	57
298	248	30	68
269	250	32	60
244	246	34	62
215	247	44	65
201	247	37	67
166	248	48	67
147	250	51	69
114	248	57	72
103	254	50	73
72	248	55	69
77	250	39	63
123	252	29	68
114	260	25	57
106	254	36	58
146	256	30	60
131	248	33	54
158	244	37	59
174	249	38	53
210	248	36	61
215	243	52	56
247	247	41	65
309	252	35	66
295	245	30	63
297	243	34	49
267	245	31	51
255	245	37	50
223	247	35	55
192	246	47	51
177	248	39	57
206	251	50	73
193	241	62	75
176	245	57	75
147	250	57	70
117	251	55	70
98	247	61	71
88	253	49	75
75	249	37	60
41	250	37	59
46	251	36	64
85	247	35	59
95	249	50	58
127	248	38	63
145	249	59	54
169	251	45	64
201	249	49	55
211	247	46	59
240	244	45	61
256	246	50	56
290	243	35	64
301	242	33	54
266	246	38	56
257	247	37	54
230	246	45	54
206	248	51	57
183	249	38	62
156	248	69	51
132	247	50	65
175	253	61	70
150	247	53	64
147	248	50	75
110	252	58	72
88	252	55	75
76	248	46	66
113	258	48	62
120	250	29	67
113	258	26	56
144	259	27	51
152	259	25	56
184	260	31	59
173	254	34	60
195	246	40	66
215	248	35	60
239	245	46	62
258	248	39	57
287	245	38	65
306	247	30	55
302	246	31	54
304	247	31	50
305	247	28	47
308	247	23	48
308	247	23	47
310	247	22	49
310	247	21	46
310	247	23	48
311	248	21	45
313	247	21	44
312	248	21	44
312	247	20	45
314	247	20	43
314	248	20	43
315	248	20	44
316	248	20	44
315	248	19	44
