594	333	30	28
589	332	30	28
587	331	30	28
583	331	30	28
582	331	29	27
578	331	30	28
576	330	30	28
571	328	31	28
571	328	29	27
568	326	29	27
566	325	29	27
564	324	29	27
561	324	29	27
557	324	29	27
556	324	29	28
553	326	29	28
550	329	29	28
546	331	29	28
545	332	29	27
544	332	29	27
540	331	29	27
540	331	28	26
537	330	29	27
535	331	28	26
534	332	28	26
530	331	29	27
529	331	29	26
528	329	29	27
527	328	29	27
527	327	30	28
526	326	30	27
525	325	30	27
523	322	29	27
523	323	28	27
520	322	29	26
518	323	29	27
515	323	29	26
512	324	29	25
506	323	30	26
503	323	30	26
497	322	31	26
493	320	30	27
488	318	30	27
485	317	30	27
479	314	30	28
477	314	29	27
472	314	30	27
470	314	30	28
469	315	29	27
466	314	28	27
465	314	28	27
463	312	30	26
462	312	29	26
461	311	28	26
460	312	28	26
458	312	28	26
457	311	28	26
455	312	27	26
453	312	27	26
449	312	28	25
446	313	27	25
440	310	28	26
437	310	29	26
433	308	29	26
428	307	29	26
425	306	29	27
421	306	28	26
418	305	28	25
417	305	28	26
413	304	27	25
413	305	27	25
411	302	27	25
411	302	26	24
412	302	28	24
412	300	28	25
411	300	28	25
411	299	26	24
411	299	26	24
410	300	25	24
409	299	26	24
408	299	26	24
406	300	27	23
403	299	28	24
399	298	29	24
398	297	28	24
395	296	28	24
391	295	28	24
389	294	27	24
386	294	27	23
384	293	26	23
379	293	26	22
379	293	26	22
378	293	26	21
377	293	25	21
377	294	25	20
378	292	25	20
380	291	30	21
378	291	28	21
379	292	27	21
380	293	28	22
379	294	27	27
377	293	27	46
375	293	36	47
371	293	42	47
368	294	42	49
364	293	40	48
364	292	45	49
359	292	47	48
352	290	49	49
349	291	49	50
343	290	44	49
341	290	45	49
334	289	46	47
332	286	41	47
327	285	33	29
325	286	27	24
325	287	26	23
324	286	25	22
324	285	27	22
323	284	28	22
322	286	33	25
323	290	34	44
319	286	36	48
315	286	38	50
311	286	43	50
310	286	43	51
304	286	49	50
299	286	54	49
299	286	53	49
299	286	52	50
296	284	50	51
294	283	48	51
289	283	46	53
286	283	43	53
285	282	37	49
281	281	36	52
278	281	34	34
276	279	28	24
276	282	25	22
275	281	24	22
275	282	26	21
274	281	27	22
275	282	25	22
273	281	28	23
273	282	28	23
276	280	26	23
278	282	25	22
278	283	25	22
278	283	25	22
278	282	24	23
277	283	24	23
275	284	24	24
274	285	24	23
270	286	25	24
266	285	25	24
263	285	26	24
258	286	26	24
257	285	26	25
255	286	26	24
254	286	24	24
252	286	24	24
251	286	24	24
250	286	23	23
249	287	23	24
249	287	23	24
249	288	23	24
249	290	24	23
250	289	24	23
250	289	25	23
253	289	24	23
253	288	25	23
255	287	25	24
256	287	24	23
257	286	25	24
257	286	25	24
257	287	25	24
257	289	24	23
255	289	24	23
250	288	25	25
248	287	25	24
245	284	26	26
240	282	27	27
237	280	28	29
235	280	29	29
235	279	28	30
233	280	27	28
231	282	26	26
229	282	27	25
227	284	26	24
222	285	27	25
220	286	26	25
218	288	26	25
213	290	26	25
212	292	25	24
209	293	25	25
205	294	26	24
202	295	25	24
197	296	26	24
196	297	25	24
192	297	25	24
190	296	25	24
190	296	25	24
189	296	25	24
189	297	25	25
190	297	25	25
192	297	26	25
195	297	26	24
196	297	26	24
199	298	26	25
201	298	26	24
202	297	27	24
205	298	26	23
209	297	26	23
210	298	26	24
213	299	26	24
214	301	26	24
216	301	26	24
218	302	26	24
222	302	27	25
223	303	27	24
228	302	27	25
229	302	29	25
233	303	28	25
235	303	29	24
238	304	27	24
242	305	26	23
244	303	26	25
248	304	26	24
249	303	27	24
251	303	28	24
255	301	28	25
257	301	29	25
260	300	29	26
265	302	28	25
271	301	28	26
273	301	28	27
277	302	28	27
279	302	28	27
284	303	28	27
286	304	29	27
289	305	30	27
295	305	28	28
298	305	29	28
302	305	29	27
308	305	29	27
312	302	33	29
320	302	32	31
324	301	30	33
327	301	29	31
335	300	28	29
337	302	28	27
342	302	27	27
345	303	27	27
349	301	27	31
351	303	27	28
354	301	26	29
355	302	26	28
356	304	26	27
360	305	26	27
361	305	27	28
362	306	27	27
365	306	27	27
367	305	28	29
372	308	28	29
374	309	29	28
381	310	28	26
383	309	28	27
390	308	29	27
398	309	31	27
404	310	29	27
407	310	29	27
414	310	28	26
417	308	27	28
423	311	26	26
425	311	26	26
427	311	27	26
430	309	28	30
433	309	27	28
434	310	26	27
437	311	27	26
439	310	27	28
442	310	27	30
444	311	27	29
445	310	27	30
448	313	29	29
451	315	29	28
455	317	28	27
457	317	29	27
464	317	28	27
465	317	29	27
472	317	29	26
476	318	30	27
481	317	32	28
485	317	30	27
491	319	28	27
494	319	27	27
497	320	28	27
501	320	28	27
503	318	29	32
505	317	28	30
507	318	27	27
508	318	27	27
511	320	28	27
513	320	27	27
515	321	28	27
517	321	28	29
518	322	29	28
523	324	28	28
525	325	29	28
529	327	28	27
532	327	28	27
537	327	28	27
540	326	29	26
543	326	29	27
549	328	29	26
551	328	28	26
554	328	28	26
559	329	27	26
560	328	28	26
565	330	28	27
566	330	26	26
568	330	26	25
569	330	26	24
571	329	26	25
572	330	27	25
573	330	27	26
575	331	27	27
576	330	27	28
577	332	27	28
578	333	27	28
580	335	28	29
581	336	28	28
583	339	28	27
585	339	28	27
586	339	28	26
589	340	29	28
590	340	29	28
593	342	28	26
594	342	29	26
596	342	28	27
597	343	28	26
599	345	27	26
600	345	27	26
600	345	28	26
601	346	27	25
602	346	27	25
602	346	27	26
602	345	27	28
603	344	26	31
604	346	25	28
604	347	25	28
605	348	24	29
604	350	25	27
605	351	24	28
605	352	24	28
605	352	24	28
605	353	24	28
605	353	24	28
605	353	24	28
606	354	23	29
606	355	23	27
606	356	23	27
606	356	23	27
606	357	23	27
606	357	23	28
607	358	22	29
607	358	22	28
608	357	21	29
609	357	20	29
609	359	20	27
609	358	20	30
611	356	18	32
611	360	18	29
611	356	18	33
612	360	17	31
613	362	16	31
613	364	15	32
614	366	15	31
614	368	15	31
614	370	15	29
615	372	14	29
615	374	14	28
616	375	13	27
616	375	13	26
617	376	12	26
617	375	12	27
618	376	11	27
618	377	11	27
618	378	11	25
619	379	10	25
617	379	12	25
618	378	11	26
618	378	11	26
618	379	11	25
616	378	12	25
615	378	14	25
614	375	15	28
612	374	17	28
610	371	19	31
609	372	20	31
606	375	23	27
603	375	25	27
601	375	28	28
599	376	29	27
597	376	31	28
594	377	30	28
593	376	30	27
591	375	31	28
588	374	30	28
587	373	31	28
585	373	30	28
583	372	30	28
581	370	30	29
580	369	30	28
579	369	30	28
579	368	29	28
578	368	29	28
578	367	29	28
577	366	29	28
578	366	29	27
577	364	29	28
578	364	29	28
578	363	29	28
578	362	29	28
578	362	29	27
578	361	29	27
578	361	29	28
577	362	28	27
577	363	29	27
577	363	29	27
577	364	29	27
577	364	29	26
577	365	28	26
577	365	27	26
576	366	28	25
576	364	29	26
576	364	29	26
575	363	29	26
575	363	29	26
575	362	29	27
574	361	29	26
574	360	28	27
573	358	29	27
573	358	29	27
573	357	29	27
573	356	29	27
572	355	29	28
572	352	29	27
571	353	28	26
571	352	29	26
572	350	28	26
571	349	29	26
570	349	29	27
570	350	29	27
570	350	29	27
569	352	28	26
570	352	28	26
569	353	28	26
569	355	28	26
568	355	28	26
568	355	28	26
567	357	29	27
566	356	28	26
565	355	28	26
563	356	29	26
563	356	28	26
562	356	28	26
560	356	28	27
558	355	28	26
556	354	29	26
555	354	29	26
553	354	29	27
551	355	30	26
547	354	29	26
545	353	30	27
544	352	29	26
540	351	29	27
539	351	29	25
535	348	29	27
533	347	30	28
529	345	30	28
527	344	30	28
525	344	29	27
523	345	29	27
522	345	29	27
520	345	29	27
518	346	29	27
518	346	29	27
518	348	29	28
517	349	29	26
518	350	29	26
518	348	29	27
518	348	32	27
518	347	29	27
518	349	29	25
518	348	28	26
517	348	28	27
516	347	28	27
515	347	29	28
514	346	29	27
512	347	29	26
510	346	28	26
507	346	28	27
506	346	29	26
503	345	29	26
499	343	29	27
498	343	28	26
495	343	29	26
491	340	29	27
489	341	29	26
485	338	30	27
484	339	29	26
481	337	29	27
479	337	29	26
479	338	29	26
477	336	28	26
476	337	28	26
475	336	28	25
474	336	28	25
474	336	27	25
473	336	28	25
473	336	27	25
472	336	27	25
473	337	27	25
473	336	27	25
472	336	27	25
473	336	27	25
472	337	26	25
472	336	27	26
472	336	27	26
472	336	26	25
472	336	27	25
471	334	27	26
472	335	27	25
472	335	27	25
474	334	27	25
474	333	27	26
475	332	27	26
476	331	27	25
476	330	27	25
478	330	28	25
479	330	27	25
480	328	28	25
481	327	27	26
482	327	27	26
484	327	27	25
485	327	27	25
487	327	26	25
488	327	27	25
488	327	27	25
489	327	27	25
489	327	27	25
490	328	26	25
489	328	26	25
489	328	26	25
488	327	27	25
487	327	27	25
487	328	26	25
486	328	27	25
485	329	27	25
486	329	27	25
485	329	27	25
484	330	27	25
483	329	27	25
483	330	26	25
482	331	27	25
482	330	26	25
482	330	26	25
482	329	26	25
481	330	26	25
481	331	27	25
481	330	27	24
482	330	26	25
482	330	26	24
482	330	26	25
482	330	27	25
483	330	27	25
483	330	27	25
484	330	27	25
485	329	27	25
487	328	27	25
488	329	27	25
489	327	27	25
490	328	27	25
491	327	27	25
492	327	27	25
492	327	27	25
493	327	27	25
494	327	27	26
494	326	27	26
496	326	27	26
497	325	27	26
498	326	26	26
498	325	27	26
498	325	27	25
498	325	27	26
499	325	27	26
499	325	26	26
499	325	27	26
499	325	27	26
499	325	27	26
499	325	27	26
498	325	27	25
498	326	27	25
498	326	26	26
497	325	27	26
497	325	27	26
497	325	27	26
496	326	27	26
495	326	27	26
495	326	27	26
494	326	27	26
494	328	27	26
493	329	26	26
493	329	27	26
492	330	27	26
491	330	27	26
490	332	27	25
489	332	27	25
489	333	26	25
488	334	26	24
488	334	27	25
488	334	27	25
487	334	27	24
487	334	27	24
487	334	26	25
488	335	27	25
487	334	27	25
487	335	27	24
487	334	27	25
487	333	27	25
487	333	27	24
488	333	27	25
488	333	27	25
488	333	27	25
487	332	28	25
487	332	28	25
487	332	27	25
488	333	27	25
488	332	27	25
488	332	27	25
488	333	27	25
488	333	27	25
487	332	27	25
488	333	28	25
488	333	27	25
487	333	27	25
488	333	27	25
488	333	27	25
487	333	27	25
487	333	27	25
488	333	27	25
487	333	28	26
487	333	27	25
487	333	27	25
487	333	27	25
487	333	27	26
488	333	27	25
488	334	27	25
487	333	27	25
487	334	27	25
487	333	27	26
487	333	27	26
487	333	27	26
487	334	27	26
487	333	27	25
487	334	27	26
488	334	26	25
487	335	27	26
487	336	27	26
488	336	27	25
488	335	28	26
488	335	27	26
489	335	27	26
489	335	27	26
490	335	27	26
490	336	27	26
491	337	27	26
491	339	27	26
491	340	27	26
492	341	27	26
492	343	27	27
492	345	27	26
492	346	27	25
492	347	27	26
492	347	27	26
493	347	28	25
492	348	28	25
493	349	28	26
493	349	28	25
493	350	28	25
493	351	27	26
494	352	28	25
494	352	28	26
494	353	28	26
495	353	28	25
495	352	28	26
496	353	28	25
496	353	29	25
497	353	28	26
498	353	29	26
498	354	28	26
499	355	28	26
500	355	28	26
500	356	28	27
500	358	28	27
501	358	28	27
501	359	29	27
501	360	28	26
501	360	28	26
501	361	28	27
502	361	28	27
502	362	29	27
503	361	29	27
503	361	28	26
504	361	28	26
504	360	29	26
504	360	28	26
505	361	29	27
506	360	29	27
506	360	28	27
506	360	28	26
507	361	27	26
506	361	28	27
506	360	28	27
507	361	29	27
507	361	28	27
507	360	29	27
507	360	28	27
507	361	29	27
507	361	28	27
508	361	29	27
509	361	29	27
508	361	28	27
508	361	29	27
509	361	28	28
509	361	29	28
510	362	29	29
511	362	29	28
512	363	29	27
513	363	30	28
515	363	30	28
516	363	30	28
518	363	29	28
519	363	30	27
520	363	30	27
522	363	30	27
525	361	30	28
526	362	30	26
528	362	29	26
531	361	29	27
531	362	29	26
535	362	29	27
535	363	29	28
536	363	30	30
539	365	30	29
540	366	30	29
544	367	30	28
545	367	30	28
547	366	29	29
550	367	30	29
554	367	29	28
556	367	30	28
559	367	29	27
561	367	29	27
565	368	29	28
567	368	31	28
569	368	31	28
574	366	34	28
576	366	34	28
581	365	33	28
583	364	33	27
584	364	34	28
588	363	32	28
590	364	32	27
594	364	32	27
595	364	33	28
597	366	31	29
598	363	31	32
601	367	28	30
603	365	26	32
604	365	25	32
603	366	25	31
603	368	25	29
603	364	26	30
602	365	27	28
601	365	28	27
600	360	28	31
600	361	29	29
597	360	29	28
596	359	30	28
595	359	30	28
594	360	30	27
591	358	30	27
590	357	31	28
587	356	30	29
585	356	31	29
584	356	31	28
582	355	31	29
580	355	30	28
578	354	30	28
575	355	30	28
573	355	31	27
569	355	30	28
566	354	30	28
564	354	30	27
561	353	30	28
560	353	30	27
558	353	30	27
554	352	30	27
551	351	30	28
548	348	30	29
546	348	30	28
541	348	30	28
540	346	31	29
536	345	30	28
535	346	30	28
532	345	29	27
530	345	30	28
527	345	30	28
525	345	30	28
524	345	30	28
521	345	30	27
519	344	30	27
516	344	30	28
514	343	30	29
511	342	30	28
509	342	30	28
507	342	30	28
505	342	30	28
503	342	30	28
500	342	29	29
499	342	29	28
497	342	29	28
495	343	30	28
494	343	29	28
493	343	29	27
491	343	29	27
490	343	29	27
488	344	28	27
488	344	29	28
487	344	29	27
486	344	29	27
486	344	29	27
485	345	29	28
485	346	29	28
486	346	29	27
486	346	29	28
486	346	29	28
486	347	30	28
487	347	29	28
488	348	29	28
489	349	30	27
490	349	29	27
491	350	29	27
491	350	29	28
491	350	30	28
491	351	30	30
491	352	30	29
490	354	29	28
489	353	30	28
487	355	30	28
486	356	30	27
485	356	30	29
483	357	29	28
482	358	30	29
481	359	29	29
478	361	30	30
476	363	30	30
473	366	31	29
472	366	31	28
471	367	30	28
467	367	32	29
468	368	30	28
464	369	31	29
462	369	32	29
461	370	31	29
459	369	31	31
457	370	31	31
455	369	31	32
453	370	29	30
452	370	29	30
451	369	29	30
450	369	28	30
450	370	28	29
449	371	28	28
448	371	28	28
448	371	29	28
448	372	29	28
448	372	29	28
448	373	29	28
447	373	30	28
447	372	30	29
447	373	30	28
446	372	30	29
445	372	30	29
445	372	31	29
445	373	30	29
445	373	31	29
445	373	30	29
445	373	30	29
445	374	30	28
445	373	30	29
445	374	30	28
445	374	31	28
445	373	30	29
445	374	30	28
445	374	30	28
444	374	30	28
445	374	30	28
445	374	30	28
445	374	30	28
445	375	30	27
445	374	30	28
443	374	30	28
445	375	30	28
444	374	30	28
444	375	30	28
444	375	30	29
445	374	30	29
445	373	30	30
445	374	30	28
445	373	30	29
446	373	30	29
447	373	30	29
448	373	29	28
449	373	29	28
450	372	29	28
451	373	27	28
452	371	28	28
455	370	29	29
455	370	30	29
458	369	30	30
460	368	31	31
462	367	32	32
463	365	33	31
466	365	32	30
469	364	32	31
470	363	32	31
474	363	31	31
475	362	30	31
476	362	31	29
478	360	29	29
479	360	30	29
480	359	30	29
482	359	30	29
483	358	30	30
485	358	31	29
486	357	31	29
487	357	30	29
488	357	30	30
489	356	31	31
490	358	30	30
489	359	30	29
490	360	29	29
490	359	30	29
491	361	30	29
491	361	31	29
491	362	30	29
492	363	31	28
491	363	31	29
491	363	32	28
490	363	32	29
489	364	31	29
487	363	31	29
484	363	32	29
482	364	32	29
479	363	32	30
476	364	32	29
470	364	33	29
468	363	33	30
465	364	32	30
459	361	32	31
456	360	32	31
452	358	32	31
445	356	32	31
437	354	33	32
435	354	32	31
430	353	32	31
423	353	33	35
420	352	32	35
418	353	31	30
414	352	29	29
408	351	30	29
405	351	30	29
403	349	30	29
398	349	31	29
395	347	30	29
393	348	29	29
391	347	29	30
390	348	29	30
390	349	28	29
391	348	28	29
390	349	28	29
392	350	28	29
393	350	29	29
395	351	29	32
397	354	29	31
398	354	30	30
402	354	31	30
408	346	29	37
409	350	30	34
414	345	31	33
424	345	30	32
426	349	29	41
433	352	33	40
436	352	40	41
439	356	36	38
446	355	36	39
449	354	33	38
455	356	35	35
456	352	36	37
458	351	35	39
458	350	34	40
460	355	33	36
459	357	31	33
457	360	31	29
457	361	31	29
457	361	30	28
457	359	30	29
457	360	30	28
457	357	30	30
457	359	29	28
458	356	29	29
458	357	30	29
459	357	29	29
460	357	29	28
460	355	29	30
460	355	29	30
461	355	29	29
462	356	29	29
463	356	30	29
464	356	29	29
466	355	29	29
467	356	29	29
470	356	30	29
470	358	30	28
472	360	30	29
474	360	30	29
476	361	29	28
476	362	30	27
477	362	29	28
477	362	30	28
477	362	29	29
476	363	30	28
476	362	29	29
475	361	30	29
474	361	30	29
474	362	29	28
474	361	30	28
473	361	30	28
473	360	30	28
473	360	30	28
474	361	29	29
475	361	30	29
475	361	31	28
476	362	30	29
477	362	30	29
478	362	31	29
478	362	31	29
480	363	30	29
481	363	31	29
481	364	31	29
482	364	31	29
482	364	31	29
482	365	31	28
483	364	31	28
483	364	30	28
483	364	31	28
484	364	30	28
483	364	30	27
483	364	31	28
483	363	31	28
483	363	30	28
484	362	30	28
484	362	30	28
484	361	30	28
485	361	30	28
485	360	30	28
486	359	30	29
487	359	30	29
487	359	30	29
487	359	30	28
488	359	31	28
489	359	29	28
489	359	30	28
490	360	31	28
490	360	31	28
490	359	31	29
491	361	30	28
491	362	30	28
491	362	30	29
491	363	30	28
490	363	31	29
490	364	30	28
490	363	31	29
490	364	30	28
489	364	31	28
489	364	30	29
489	365	30	28
488	366	30	28
488	365	30	28
488	365	31	28
487	365	31	28
488	365	30	28
487	366	30	27
486	366	30	28
486	366	31	28
486	367	30	27
486	366	30	27
486	367	30	27
487	366	30	28
486	366	30	27
486	367	31	27
487	366	31	28
488	366	30	28
487	367	30	28
487	367	30	28
488	367	31	28
488	368	30	27
488	368	32	28
489	368	32	28
489	368	31	27
491	368	31	28
491	369	30	27
491	369	32	28
493	368	32	28
493	367	32	28
494	367	31	28
495	367	30	28
495	367	32	28
497	365	31	29
498	365	31	29
500	364	32	29
502	363	32	28
506	361	32	29
508	361	32	28
511	359	33	30
513	358	33	30
517	357	33	30
523	357	33	30
525	357	33	30
530	356	33	30
532	358	32	29
537	357	32	30
539	357	33	30
541	356	34	31
547	357	33	30
548	356	34	30
551	356	34	29
555	357	33	30
557	358	34	30
562	362	33	30
562	363	35	30
566	368	34	31
568	370	33	30
571	374	34	32
573	377	34	31
579	382	34	32
582	383	33	31
584	386	33	31
589	388	33	29
592	388	34	30
596	390	33	30
603	390	26	30
605	390	24	30
610	387	19	35
611	379	18	41
613	383	16	39
612	370	15	50
611	376	18	48
611	393	18	56
611	386	17	64
611	413	18	45
613	389	15	59
612	390	17	61
611	385	18	61
610	392	19	60
609	386	19	61
608	390	21	61
608	386	20	63
609	374	17	72
613	341	16	66
611	335	17	69
608	343	19	65
606	345	21	59
606	344	20	58
605	342	22	58
601	339	24	60
601	339	25	59
602	339	25	60
603	340	24	60
600	336	25	66
598	321	27	57
597	317	29	52
594	320	31	49
602	317	25	57
594	322	31	47
592	317	34	51
594	316	34	54
592	315	33	54
592	317	35	53
593	318	34	52
594	318	33	51
592	318	33	48
592	318	34	48
592	317	35	53
592	316	34	53
589	315	36	52
590	316	37	52
588	321	37	46
595	317	31	54
594	318	32	49
595	318	32	52
593	317	31	52
594	321	33	49
598	319	30	52
595	320	31	46
598	320	29	48
597	322	30	47
596	320	29	48
600	323	27	50
599	322	29	43
612	371	17	43
614	385	15	34
612	386	17	37
612	386	17	42
607	385	21	35
605	389	24	28
604	389	25	28
600	390	29	27
596	389	32	29
594	388	33	29
583	384	41	49
578	377	44	57
531	362	66	59
459	385	56	38
459	387	37	33
450	380	33	31
447	383	32	31
440	379	33	33
436	378	35	31
432	380	32	30
429	377	32	31
429	377	31	31
430	378	30	29
430	377	32	28
430	377	32	29
430	377	31	29
431	376	33	28
431	376	32	29
430	377	32	28
427	376	32	29
425	377	33	28
422	377	33	28
416	377	33	28
414	377	34	28
404	376	33	29
400	374	34	30
391	373	35	30
387	371	37	31
378	370	34	29
374	368	32	31
368	367	32	31
367	367	31	30
364	368	31	29
362	368	31	29
362	368	29	28
362	367	30	29
362	367	32	28
362	365	32	29
363	365	31	28
363	366	31	28
362	365	31	29
362	365	32	29
356	364	35	34
357	364	34	30
355	365	32	29
354	366	31	27
349	365	31	31
339	365	33	31
332	362	35	36
330	363	38	38
316	362	39	44
310	357	38	49
301	355	39	48
298	354	35	36
294	355	35	36
291	355	31	32
289	356	30	31
286	355	30	31
287	355	30	30
294	338	44	44
296	311	66	77
396	307	57	77
398	308	53	80
398	312	48	67
395	349	46	46
391	350	45	44
388	352	42	41
385	350	35	41
384	350	39	39
378	350	38	37
371	345	39	40
364	344	43	39
357	345	35	31
347	343	32	31
342	343	32	30
339	342	31	30
335	342	29	33
333	341	31	30
332	343	30	29
332	340	31	29
332	339	29	30
331	340	30	29
332	340	30	31
332	342	31	31
330	341	31	33
329	340	33	35
327	342	33	30
325	342	32	31
321	341	30	34
318	340	31	31
313	341	30	30
310	340	32	30
301	342	30	29
300	341	36	29
289	337	34	31
286	336	35	31
281	336	30	29
274	334	29	29
272	335	30	28
267	335	29	28
265	334	29	28
261	331	29	29
262	331	28	27
262	332	28	27
261	332	28	28
261	332	30	27
259	331	30	28
260	331	29	28
259	332	28	27
259	333	27	26
256	333	28	26
255	333	28	27
251	332	28	26
249	332	28	25
244	331	29	27
240	331	31	27
233	329	31	28
229	328	34	28
224	326	34	28
215	325	30	28
209	326	29	28
206	325	29	27
204	326	28	27
199	323	28	28
198	322	28	27
200	323	29	27
198	323	29	27
196	322	28	27
194	321	28	27
194	319	27	30
192	323	28	30
192	322	29	30
188	322	31	29
188	321	29	30
189	319	28	29
184	319	32	27
186	325	37	49
180	330	39	45
177	332	40	41
164	323	41	46
135	321	50	52
123	320	54	60
125	320	62	67
120	315	60	69
116	315	62	69
118	311	65	72
119	311	65	76
118	310	67	75
120	311	67	72
113	308	71	71
114	307	61	66
114	303	54	52
114	306	50	52
114	306	40	59
106	312	39	59
105	303	35	50
102	306	32	48
102	311	32	33
101	313	30	29
98	313	31	28
94	312	34	30
91	312	35	31
87	309	33	34
79	307	34	34
76	307	33	31
68	308	31	30
65	310	30	28
62	311	29	27
58	310	28	27
55	309	28	28
54	310	28	25
52	308	28	27
52	307	28	27
53	308	28	25
51	306	28	28
50	305	29	27
50	306	28	27
50	305	28	27
49	307	30	26
50	309	29	26
48	308	29	25
47	305	29	27
47	305	29	28
43	306	28	28
41	306	30	27
38	305	31	25
32	306	30	27
30	305	30	27
24	303	30	27
22	305	30	25
19	303	30	26
14	302	30	27
11	301	30	27
