282	254	18	12
281	252	18	15
282	252	19	15
283	252	19	14
284	252	20	14
286	251	19	14
287	250	21	14
289	250	19	15
290	248	20	16
289	248	21	16
290	248	21	16
292	246	20	15
292	246	21	14
293	246	21	14
292	246	21	14
294	244	21	14
293	244	23	14
294	242	22	14
293	240	23	15
292	240	23	15
292	239	24	14
292	238	22	15
292	237	23	16
291	234	22	16
289	232	22	16
289	232	23	15
288	231	21	18
287	231	22	16
285	229	21	16
283	228	22	15
284	227	21	16
280	225	21	15
280	224	21	14
278	224	21	13
275	223	22	13
275	222	21	15
272	220	21	15
270	219	21	16
269	217	20	17
268	217	20	16
266	216	20	17
265	215	20	17
262	215	22	20
260	213	23	21
258	212	23	22
255	211	24	26
250	209	27	29
252	209	27	27
250	209	22	24
247	209	21	24
246	209	22	24
242	209	22	26
241	211	22	25
240	214	22	20
239	215	21	19
238	215	22	20
237	217	21	19
235	218	24	19
235	218	25	20
229	217	27	22
228	218	27	21
228	219	25	20
228	220	25	20
224	219	24	22
224	220	22	21
223	222	24	21
221	222	24	22
220	223	23	21
218	225	23	22
217	224	25	19
217	226	24	21
214	228	26	18
215	229	24	18
214	229	23	19
213	229	26	23
205	229	35	31
206	227	37	38
207	225	36	41
205	227	36	43
197	224	43	47
206	226	37	48
199	223	42	47
201	227	41	47
196	223	47	49
199	224	42	51
198	224	43	49
205	222	37	46
200	219	39	49
203	220	35	47
206	221	30	31
205	221	27	25
206	221	25	24
205	222	26	23
204	221	22	24
204	222	21	23
203	223	22	25
204	220	23	30
201	219	27	36
196	220	29	40
194	223	37	45
198	216	38	40
198	219	37	35
192	216	42	45
200	217	41	42
194	218	42	42
195	216	42	36
194	213	44	37
187	216	43	42
186	214	40	44
184	212	42	49
184	213	40	48
180	213	42	47
181	211	43	51
181	211	44	55
178	209	39	46
176	206	32	51
176	205	28	50
174	204	25	41
174	202	21	32
175	200	21	29
173	199	21	29
172	195	18	33
171	195	20	29
169	193	22	30
168	192	23	24
166	191	22	25
166	191	21	27
165	189	18	30
165	186	19	32
162	184	20	33
161	183	20	23
160	183	19	20
157	184	20	17
155	183	20	18
153	183	20	15
152	183	19	15
150	184	19	15
146	186	19	16
145	187	18	15
142	189	16	15
141	191	16	15
140	193	16	14
134	197	18	18
130	198	19	16
129	202	18	16
126	203	19	18
124	204	19	18
123	205	21	17
122	205	22	15
121	205	21	15
119	207	22	16
118	207	21	18
119	206	20	18
120	209	29	21
120	212	36	31
117	215	55	58
156	231	57	58
185	223	53	54
200	215	44	59
196	216	45	58
188	223	52	55
197	217	48	57
194	222	49	60
192	220	48	62
191	220	52	61
190	223	54	53
178	224	51	54
196	220	46	53
193	221	48	53
191	220	52	53
191	224	52	56
191	220	48	57
202	216	45	58
200	216	44	56
198	221	45	59
182	231	54	55
198	221	42	58
194	218	45	57
196	220	48	57
184	229	51	56
194	220	45	59
182	228	57	62
199	220	43	63
193	220	45	63
197	221	47	54
191	224	51	57
190	226	49	55
196	219	46	56
190	220	50	54
199	217	48	58
200	215	43	62
204	215	39	57
201	215	43	56
204	214	39	49
196	216	42	48
196	218	45	53
186	220	53	55
194	216	48	58
189	229	53	57
190	225	54	55
188	224	50	61
190	231	51	61
177	224	43	55
190	216	47	58
199	225	45	58
193	225	45	60
194	232	50	59
195	228	49	63
207	238	52	64
185	231	56	61
191	231	49	62
194	240	51	56
186	229	53	59
198	220	46	60
185	219	53	61
197	222	47	62
189	224	51	68
197	234	50	56
185	228	52	57
193	219	45	57
186	220	56	59
178	225	56	55
167	224	61	56
174	222	61	56
148	216	59	49
147	210	54	46
152	208	38	51
153	209	40	45
161	207	31	47
163	206	32	43
169	206	34	49
165	206	35	47
174	206	32	45
177	207	35	48
179	207	37	47
182	207	39	56
187	208	47	52
187	207	46	57
193	207	45	58
199	205	40	54
200	204	36	42
210	202	30	33
216	201	25	25
222	199	24	21
223	199	24	20
228	197	22	20
233	195	21	19
238	193	20	20
242	191	19	20
243	190	20	19
244	189	20	19
245	188	21	20
247	188	19	20
248	188	21	19
250	187	20	21
252	185	19	18
254	182	20	16
256	180	20	17
257	180	21	16
261	176	20	16
262	176	19	14
265	174	19	18
267	172	19	16
269	170	20	15
271	168	20	15
273	164	20	17
274	163	20	15
275	161	20	14
276	160	19	13
279	158	19	13
281	154	18	13
284	149	18	16
284	146	20	16
286	141	20	24
287	139	21	19
288	137	21	18
288	133	21	24
287	134	21	25
287	132	21	21
288	130	20	21
290	128	20	17
289	127	19	16
289	123	20	18
287	122	22	18
286	120	21	18
286	120	21	17
285	119	20	18
286	119	18	18
287	118	17	19
284	118	18	20
280	115	20	22
278	114	22	21
277	113	22	21
277	112	22	18
273	112	23	20
273	112	22	22
271	112	23	25
267	110	24	25
266	110	25	23
267	109	24	23
266	107	24	25
267	107	23	25
265	107	25	28
261	107	27	27
262	105	28	27
262	105	29	27
263	105	29	27
265	103	29	28
266	102	29	26
267	101	28	25
271	101	27	23
272	102	27	22
275	100	27	20
278	100	25	18
281	99	22	17
283	97	21	17
283	97	22	19
285	96	21	19
284	96	22	22
284	96	24	22
284	96	25	23
286	95	24	21
288	95	23	20
287	93	24	20
291	90	20	17
292	90	20	16
291	90	21	17
288	88	23	23
285	88	27	25
286	86	26	24
288	84	24	25
293	85	21	24
295	84	21	18
300	106	19	24
284	100	47	49
302	168	35	48
304	217	29	34
307	243	24	34
311	275	22	28
312	301	23	21
317	295	17	20
319	298	19	17
322	299	19	17
328	299	18	14
331	299	17	14
336	299	17	13
337	300	17	12
342	299	16	14
344	299	16	14
346	299	16	14
349	298	17	14
353	298	19	15
357	299	18	14
359	299	19	14
363	299	18	14
371	302	17	13
370	301	20	13
368	301	25	14
374	300	24	15
376	300	24	16
378	299	24	15
383	298	22	16
384	298	21	15
384	296	21	15
384	295	22	16
385	294	20	18
383	294	19	18
382	294	18	18
381	293	18	19
381	292	19	21
379	291	21	20
378	289	22	19
381	290	19	18
380	289	19	19
378	288	21	21
376	289	24	22
374	290	26	22
375	289	29	19
382	287	24	18
386	287	21	15
387	286	21	14
389	285	21	15
388	284	23	17
391	284	23	17
393	282	20	16
397	281	20	16
393	282	24	15
398	281	21	16
403	284	20	14
404	283	20	15
408	283	18	14
410	283	18	13
410	281	20	14
412	283	20	14
410	282	23	14
410	282	24	14
412	281	24	15
415	281	22	15
417	279	21	14
420	279	21	14
421	280	21	14
421	278	20	15
421	277	19	17
422	277	21	17
423	276	19	18
424	275	18	16
424	275	19	15
426	274	18	15
425	274	18	14
428	272	16	15
428	272	18	15
427	271	19	17
428	270	19	18
428	270	20	18
430	269	21	17
434	270	20	16
435	270	18	14
438	271	19	14
438	272	19	14
440	272	20	15
440	273	22	14
441	273	23	15
443	272	24	17
444	272	25	18
446	273	24	16
449	272	23	16
437	272	21	16
434	272	22	16
423	272	21	18
408	274	25	17
392	273	26	17
385	273	25	17
374	270	24	15
377	273	24	14
377	271	24	14
379	271	24	15
379	271	22	16
380	270	23	16
371	268	24	17
365	268	23	17
347	268	22	19
346	269	22	19
346	270	22	19
347	268	22	22
346	269	21	23
347	271	22	24
345	272	24	24
325	271	26	26
315	273	24	27
306	272	27	25
303	276	24	23
301	280	23	20
301	285	22	16
303	287	18	14
298	287	21	14
295	287	22	16
291	287	22	17
287	286	23	19
284	285	22	22
282	286	23	21
278	291	24	17
277	290	23	18
273	292	24	17
271	293	22	16
268	293	20	16
265	294	21	15
263	294	20	15
259	293	20	15
255	294	19	14
253	293	20	14
248	292	20	14
246	291	19	14
243	291	20	14
240	291	19	14
235	291	20	13
230	290	19	12
227	290	20	12
224	289	20	13
220	290	22	14
216	288	23	15
214	288	26	17
211	286	24	18
208	285	26	21
205	285	27	23
202	286	26	23
201	285	25	24
197	283	24	26
195	282	24	27
194	283	24	25
193	282	23	23
191	281	23	21
191	282	22	21
190	281	21	21
190	280	22	23
190	280	22	23
189	279	23	23
189	280	23	22
189	280	23	23
191	279	22	24
191	280	23	24
190	279	23	23
191	279	22	24
190	278	23	23
191	278	22	24
191	277	22	24
190	275	21	28
190	274	21	26
190	273	21	24
190	271	20	24
189	269	21	21
188	268	21	20
186	268	22	15
184	268	22	14
185	268	21	14
182	268	19	15
179	267	20	16
176	266	23	18
171	263	24	22
170	264	24	22
167	262	23	27
163	262	22	24
162	261	21	22
160	261	19	21
158	261	20	20
156	261	20	18
151	261	21	15
149	259	21	15
146	258	21	16
143	255	22	20
141	255	23	21
139	255	24	24
136	254	23	28
136	253	22	28
132	251	21	24
134	251	19	21
131	252	20	18
130	251	18	16
130	251	18	15
127	251	19	15
126	251	21	15
123	249	22	18
120	248	23	20
120	247	23	21
117	247	24	24
117	247	24	23
117	247	23	23
115	246	23	22
114	247	22	21
114	247	23	21
112	248	23	22
112	248	24	23
109	247	26	25
108	248	27	25
108	249	29	24
107	250	30	22
109	249	28	19
110	249	28	18
112	248	27	18
112	249	26	17
112	248	26	18
110	249	26	18
110	248	27	19
111	248	25	22
111	246	24	25
109	246	24	25
110	245	23	24
132	242	21	20
128	241	19	23
124	240	21	24
123	240	18	23
122	239	19	19
120	238	19	16
119	238	20	16
120	237	20	16
118	237	19	19
117	237	21	18
117	236	20	18
123	235	24	19
133	235	24	22
149	236	27	20
151	235	25	20
152	235	23	19
153	233	23	18
155	233	22	17
155	234	22	18
154	233	22	20
152	231	23	22
155	231	26	23
171	230	26	27
180	228	26	26
178	230	25	22
177	230	24	25
174	230	25	28
172	228	25	31
171	230	25	31
168	230	23	33
181	233	23	32
190	233	24	32
194	234	25	35
192	234	23	35
187	240	23	33
180	243	23	32
174	245	22	33
173	246	20	33
182	253	24	29
191	254	22	22
187	258	22	17
184	260	23	16
183	260	23	17
185	261	25	17
196	262	25	23
212	262	27	24
215	263	29	23
215	263	31	24
224	262	25	18
228	262	22	16
232	262	20	15
252	262	21	14
261	261	22	14
276	260	19	15
277	259	19	14
277	260	19	13
280	260	18	13
282	261	19	13
283	259	20	14
285	259	20	14
288	257	20	16
286	258	24	17
287	257	24	19
293	255	21	17
297	254	20	14
299	254	20	13
315	251	23	13
334	250	22	12
338	249	19	13
343	247	18	13
344	245	20	13
346	244	20	14
346	242	23	20
347	242	25	22
351	239	25	22
354	237	25	22
358	235	24	19
359	236	25	19
363	235	24	21
367	235	24	24
368	234	25	27
372	230	24	25
374	228	22	22
376	227	22	20
376	225	22	21
378	223	23	21
379	220	21	20
380	221	21	17
382	218	19	17
381	218	19	16
382	215	18	20
382	215	20	18
381	213	18	18
380	212	18	19
379	209	20	20
376	209	21	19
377	205	19	17
379	205	18	17
377	203	20	18
378	202	18	21
365	199	18	20
348	196	19	18
338	195	21	17
336	193	20	18
335	194	22	18
336	191	20	19
341	183	20	19
344	183	21	19
347	181	20	18
349	179	21	19
352	178	22	21
355	176	21	20
358	172	20	20
361	173	21	18
364	172	21	18
368	171	22	17
372	167	21	19
374	166	23	18
376	166	23	18
381	165	21	17
384	164	20	16
378	165	23	12
356	161	20	17
360	161	24	16
363	160	23	17
368	160	22	16
363	162	25	14
365	160	24	16
370	160	24	15
375	162	24	16
381	161	21	15
385	162	20	13
373	164	22	12
355	165	23	14
351	163	23	15
354	165	23	17
356	165	25	19
360	167	25	17
356	166	25	14
349	168	23	13
338	167	21	14
342	168	20	13
343	168	20	13
344	168	21	16
347	167	20	18
348	167	20	19
348	166	20	20
348	167	20	19
348	166	20	18
350	165	18	17
340	167	23	13
319	167	22	13
313	166	22	13
311	165	22	16
305	165	25	17
304	164	25	21
300	164	26	23
295	162	29	22
292	163	31	20
284	158	30	18
279	159	24	17
275	161	25	14
270	161	24	14
265	161	25	13
257	161	23	14
237	161	21	15
221	161	19	16
218	161	18	15
215	160	17	15
211	158	20	17
211	158	17	19
207	159	18	16
206	157	19	14
207	157	16	14
203	157	18	13
202	157	17	14
199	155	19	16
194	154	22	15
192	151	22	20
190	150	24	17
186	149	25	18
184	148	24	18
183	149	23	20
180	149	25	22
179	149	26	22
179	151	23	21
178	151	21	19
180	153	19	18
178	154	18	16
177	156	18	15
185	157	23	12
193	159	26	11
191	160	25	12
190	163	24	11
186	163	24	11
187	165	23	11
184	167	25	10
183	167	23	12
181	168	24	13
177	171	25	12
175	173	24	12
172	174	24	13
172	175	23	13
171	175	22	14
169	178	24	12
168	181	23	14
167	181	24	14
166	184	23	16
164	184	24	16
162	187	26	17
162	188	25	17
177	191	25	17
185	190	27	16
199	194	26	18
194	194	29	19
193	196	29	20
193	198	29	21
192	200	28	23
189	201	28	22
188	204	29	25
186	207	31	25
186	207	31	24
185	210	33	22
184	212	33	21
194	215	32	19
208	219	32	21
207	225	34	19
206	229	33	19
202	234	33	18
197	239	33	18
192	243	33	15
188	245	30	16
188	245	28	16
186	247	26	14
204	248	22	15
213	247	19	15
218	246	21	18
215	243	22	18
211	242	24	20
210	238	25	23
226	239	28	23
237	235	27	30
248	233	28	35
247	233	30	31
249	229	33	29
253	228	32	24
269	227	27	19
283	227	23	17
305	227	20	15
315	226	23	15
317	225	22	15
317	224	21	15
321	224	22	15
323	222	22	15
327	220	21	15
331	221	21	14
336	219	20	14
337	219	21	13
338	217	21	14
341	214	21	16
343	213	22	15
347	212	22	14
349	210	21	14
351	208	22	14
352	206	23	14
356	204	21	16
360	200	22	16
359	198	25	19
363	196	24	17
368	191	22	15
371	190	21	13
374	187	21	13
376	187	21	13
381	183	19	13
381	183	21	15
383	179	24	17
383	178	27	19
383	177	28	22
385	173	30	26
391	169	28	26
393	168	28	25
396	164	25	27
400	164	23	24
402	163	24	25
404	158	25	22
407	154	23	19
408	153	24	19
407	149	24	22
410	147	23	22
413	144	21	22
413	142	21	23
405	141	26	22
390	137	23	21
387	137	19	19
372	136	21	18
364	136	21	18
345	133	22	15
332	130	22	15
324	130	23	17
323	127	25	19
324	127	27	20
329	125	26	21
330	124	26	21
334	124	25	18
340	122	22	15
340	121	23	15
326	119	21	17
318	119	22	16
313	118	21	17
296	116	20	20
289	114	20	21
273	112	18	21
264	111	22	20
246	108	21	19
248	107	24	18
248	108	24	18
250	104	22	21
253	105	23	22
252	104	25	22
255	104	26	19
259	103	24	14
261	101	22	15
263	100	22	16
262	99	23	17
264	97	24	19
265	97	22	19
266	96	20	22
264	95	19	23
253	95	22	20
238	91	21	19
230	91	22	15
229	88	23	14
231	89	23	13
232	88	21	14
230	86	20	13
231	86	19	14
233	86	19	13
231	83	21	15
229	83	21	17
230	81	19	20
229	79	21	24
228	77	24	24
225	78	27	20
227	77	26	18
229	75	21	16
230	75	21	15
230	74	20	16
231	72	22	18
230	70	21	18
231	70	24	19
232	70	27	20
233	69	28	19
235	69	26	17
238	67	22	15
242	66	23	15
244	65	23	15
245	68	23	13
248	65	22	15
249	65	21	15
252	65	18	14
253	65	20	14
252	64	20	15
253	64	21	15
254	62	20	18
254	60	24	20
253	57	25	18
256	56	22	17
257	57	21	16
258	55	22	17
260	52	21	19
260	54	23	17
261	55	23	17
263	55	23	16
263	55	22	15
268	54	21	15
268	56	22	14
270	56	23	14
270	57	25	15
272	56	23	16
275	58	24	15
279	58	23	15
283	58	23	16
283	59	24	16
286	60	25	16
289	61	26	16
291	61	27	16
299	62	25	17
300	62	27	17
305	64	27	17
313	66	27	18
318	66	24	17
321	69	28	17
323	68	29	19
329	70	31	18
335	72	30	18
345	73	28	19
349	74	28	21
356	77	29	21
366	79	28	22
371	79	26	23
378	83	27	23
380	86	28	22
387	90	30	23
391	91	30	21
396	96	32	20
404	97	27	21
410	100	29	20
415	101	27	22
422	101	28	25
427	103	27	23
429	105	27	23
437	109	27	20
443	111	25	20
447	113	24	19
455	117	23	18
458	115	22	18
462	116	22	19
468	119	21	19
471	119	21	20
478	121	19	21
480	121	20	20
482	122	20	20
483	122	22	20
485	122	25	20
491	126	24	18
493	127	24	20
498	126	21	22
504	126	20	25
504	130	23	24
508	134	22	21
504	136	21	20
501	138	22	20
497	141	20	18
497	142	18	18
492	142	17	20
485	146	19	20
479	150	21	20
473	153	23	21
474	154	24	22
480	157	23	23
479	163	22	23
479	164	21	23
485	170	22	22
490	172	20	22
489	171	20	24
483	174	21	26
483	177	21	26
479	181	22	24
476	185	23	25
475	187	23	25
474	193	23	23
471	199	22	23
469	202	22	25
469	209	19	25
468	212	18	24
468	216	15	25
465	224	15	24
463	226	16	22
458	233	16	22
454	235	16	22
449	241	17	20
448	244	17	21
445	246	16	22
444	247	15	25
441	250	15	26
435	258	15	23
431	260	14	23
428	264	16	23
422	270	16	22
419	274	16	21
415	280	17	21
411	282	16	22
409	285	16	20
404	289	14	23
401	292	14	22
394	297	16	22
389	299	16	21
382	304	17	19
377	304	17	18
368	303	18	19
359	305	17	20
354	306	17	19
344	305	18	21
338	305	20	21
328	305	20	21
327	307	19	19
326	309	18	20
325	308	18	20
325	308	19	22
325	308	19	23
325	307	19	25
326	307	19	25
324	306	20	27
322	306	20	27
322	306	19	25
320	306	20	22
320	308	21	22
320	306	22	21
319	307	22	22
319	307	20	22
316	307	20	24
316	307	19	24
316	308	20	23
313	306	21	22
312	308	23	21
311	309	23	21
306	309	25	22
305	307	24	23
304	307	23	24
304	307	22	23
304	307	22	22
300	306	23	20
297	306	22	22
297	304	20	24
296	304	21	25
293	303	21	27
291	303	22	26
290	302	22	27
287	300	22	30
285	300	24	30
282	299	25	31
279	295	26	33
277	293	29	33
273	290	30	31
272	289	30	30
268	285	30	31
267	285	30	32
264	283	31	35
260	280	32	37
258	280	33	35
256	277	33	35
251	275	35	33
250	272	32	31
249	272	33	32
244	269	32	34
241	269	33	33
232	266	35	34
228	265	36	33
217	261	42	29
216	259	40	26
211	256	36	22
208	254	28	24
205	250	29	25
202	248	26	26
197	247	26	29
193	245	25	31
187	243	26	36
183	240	28	34
180	236	29	34
175	234	27	30
173	232	27	30
169	229	27	33
168	227	28	30
163	224	29	29
161	223	28	26
160	221	27	26
159	219	26	25
161	219	26	23
167	216	26	26
172	215	25	28
178	215	25	28
183	212	26	31
191	210	26	30
198	209	28	26
201	210	27	27
203	210	27	29
208	208	31	29
211	206	32	27
218	204	30	27
224	203	28	29
229	202	28	30
235	198	29	29
238	194	30	27
245	191	27	24
247	191	28	24
250	188	28	23
254	183	24	20
260	181	26	21
265	180	24	26
266	177	25	27
267	177	25	27
270	175	26	25
273	172	25	20
275	172	25	20
276	170	26	21
277	170	26	20
280	170	27	19
283	168	24	19
285	168	24	18
289	169	26	21
291	168	27	22
293	168	27	25
296	168	26	21
299	169	27	20
301	168	27	22
303	168	28	23
305	169	28	25
308	167	27	28
310	167	28	31
312	166	26	33
314	167	27	33
318	166	26	30
318	167	27	25
322	165	27	21
325	164	25	22
329	162	27	25
333	160	25	29
339	158	25	31
344	158	25	32
346	158	27	28
351	156	24	22
357	157	24	18
363	156	22	18
366	156	22	19
373	155	23	22
374	155	24	22
379	154	25	25
383	154	24	26
391	152	23	25
396	154	23	21
402	154	23	21
409	153	23	22
411	151	23	22
410	151	25	24
407	150	29	27
408	148	30	27
410	148	30	23
412	146	28	23
413	146	28	21
417	143	26	20
420	143	24	20
422	143	24	20
422	142	24	22
426	142	23	19
427	143	22	16
428	142	22	16
431	141	22	17
434	141	22	18
434	141	25	18
435	141	25	18
437	141	25	20
439	141	24	20
439	141	26	20
443	142	26	18
446	141	26	18
450	143	27	17
454	141	24	18
466	141	25	18
474	141	24	19
478	142	24	20
482	143	24	19
479	145	25	20
472	145	30	20
473	145	30	20
477	148	24	17
470	150	29	15
470	149	27	16
467	151	28	16
470	152	24	16
467	151	23	18
463	154	24	18
461	154	23	17
459	155	22	18
457	155	23	17
451	157	24	17
449	159	24	16
445	159	24	18
442	160	21	18
440	162	20	17
435	162	22	18
432	161	22	18
424	163	24	18
423	163	23	18
417	164	23	18
413	163	25	20
410	164	26	19
407	163	26	21
403	163	25	20
401	163	24	19
396	162	26	19
394	164	24	19
388	164	26	18
388	164	25	19
386	166	24	19
384	165	23	20
381	167	23	19
376	168	22	19
374	168	23	17
368	171	23	17
365	171	23	17
361	173	24	17
354	174	26	17
353	174	25	19
350	175	24	20
346	176	24	20
341	178	23	21
339	179	22	21
336	181	23	21
327	181	26	22
322	183	29	21
321	181	26	23
316	185	26	22
314	188	24	19
313	187	22	20
307	187	20	19
304	188	20	19
302	188	19	19
293	188	21	19
288	189	22	19
279	190	24	19
273	190	26	19
264	190	25	20
264	189	23	20
266	188	21	24
264	188	22	23
265	187	21	21
265	186	21	21
266	187	21	22
264	187	23	23
264	185	23	25
266	186	23	22
267	186	22	20
270	184	20	21
270	183	21	20
273	184	20	20
273	183	22	21
273	182	22	22
275	182	22	22
276	181	22	20
277	180	21	21
278	180	21	21
277	180	20	18
278	179	19	18
277	179	20	20
277	178	21	20
275	177	22	22
275	175	22	24
273	175	23	25
271	175	24	23
270	173	23	21
270	174	22	19
271	173	22	19
271	173	22	22
271	173	22	23
270	174	23	24
267	173	22	29
265	173	24	29
265	172	23	27
265	172	24	25
263	172	25	24
264	172	23	25
263	172	22	25
262	171	22	25
261	169	23	21
260	169	22	21
259	169	22	20
258	169	21	18
258	168	20	17
255	168	21	17
256	169	21	18
255	169	22	19
253	169	21	20
250	168	21	22
251	168	21	20
248	166	21	19
248	167	22	18
245	168	24	19
245	167	21	21
243	168	23	21
240	166	25	23
238	166	26	22
236	166	28	20
235	165	29	20
233	162	26	21
230	157	28	25
230	156	27	26
227	152	30	30
224	152	33	28
220	151	34	28
212	146	39	24
209	144	39	19
208	143	36	19
182	125	32	25
184	127	36	28
184	126	37	29
184	126	34	27
183	125	33	26
184	127	30	24
180	126	28	22
180	123	27	23
179	123	28	22
178	123	28	22
177	121	28	23
177	120	28	24
178	122	29	23
179	118	28	26
179	117	29	25
180	116	30	27
180	118	34	26
181	119	35	27
181	120	37	26
188	118	36	28
189	118	39	27
186	120	44	26
189	118	42	28
187	121	47	27
188	122	48	26
206	124	33	25
211	124	28	22
213	123	26	21
213	124	26	19
214	124	26	20
212	123	27	23
212	123	26	21
210	121	25	19
207	121	23	17
204	119	21	17
202	118	24	17
196	115	25	19
190	112	29	23
185	112	31	27
180	109	32	33
173	107	35	36
167	104	35	35
163	103	32	26
159	101	31	22
156	100	29	22
147	99	29	21
142	98	30	20
135	93	27	21
132	91	27	21
124	88	26	22
120	87	24	23
113	84	23	25
108	82	25	25
108	83	24	21
101	78	22	19
105	77	22	17
107	76	21	18
111	74	23	18
117	72	21	18
120	72	20	17
124	71	24	18
126	68	26	20
129	67	27	21
136	65	25	22
140	65	26	21
150	63	23	18
159	62	22	16
164	62	21	16
166	61	21	16
174	60	22	16
180	59	20	15
189	56	19	16
190	55	20	15
197	54	22	17
201	52	22	17
209	51	22	16
213	51	24	16
221	50	25	17
228	49	23	16
238	49	23	15
246	48	23	15
248	48	24	16
247	48	25	16
247	50	24	15
248	49	23	15
249	50	21	15
251	50	21	15
249	51	21	15
250	50	21	14
249	49	21	15
250	51	20	14
249	53	20	13
248	52	21	13
247	51	21	14
245	52	20	13
245	52	20	13
243	51	22	13
240	51	22	13
238	51	21	13
238	51	17	13
233	52	19	13
234	53	19	14
231	53	20	15
230	53	20	15
227	54	21	17
226	55	23	17
224	54	24	17
224	55	24	17
221	55	25	16
222	56	22	16
222	56	21	16
220	58	22	15
218	58	22	15
216	57	22	18
219	58	20	18
216	58	22	20
214	58	24	17
212	57	24	17
212	59	23	17
211	60	24	16
212	60	20	16
212	61	20	15
209	60	21	18
207	61	24	20
208	59	24	22
208	59	24	21
209	59	24	20
211	59	25	19
213	60	25	17
213	62	27	15
218	61	25	16
219	63	26	15
224	65	24	14
228	64	21	16
233	66	19	15
231	67	24	14
234	67	27	14
234	66	27	15
240	67	25	15
240	65	26	16
246	67	25	15
250	68	24	14
255	68	24	14
258	69	23	14
263	69	23	15
266	68	21	18
266	67	22	21
267	67	24	21
269	67	23	20
270	67	22	19
273	67	20	17
274	67	20	16
275	67	21	17
277	67	21	19
278	66	20	21
278	67	22	20
280	67	21	17
280	68	21	15
282	68	21	15
285	70	19	15
285	71	19	15
287	72	19	15
287	72	21	15
288	74	20	15
288	74	22	15
288	76	24	15
289	76	24	15
292	78	23	18
295	79	23	16
297	80	22	15
298	80	23	16
299	81	23	16
300	82	24	17
301	83	24	17
303	85	24	17
302	86	25	17
304	87	25	16
306	89	23	15
307	90	23	14
308	90	22	15
309	91	23	17
308	90	24	18
307	88	26	18
308	89	28	19
313	90	27	20
313	89	29	19
311	88	30	19
307	90	30	18
303	92	31	18
298	95	31	18
300	95	26	20
299	100	25	20
297	100	24	18
291	103	27	20
291	107	25	21
291	109	25	20
281	110	31	20
284	113	28	21
280	115	29	23
279	118	30	22
280	123	27	22
280	125	26	23
282	132	22	22
283	134	21	22
277	141	25	21
275	144	25	22
276	148	22	23
269	153	27	23
268	155	28	25
268	159	28	26
267	163	29	26
270	173	24	23
276	182	18	21
275	186	17	21
273	195	15	20
270	199	16	21
270	205	16	19
267	213	17	19
265	215	18	20
264	224	17	21
264	226	17	22
263	230	17	23
261	235	18	22
258	247	16	21
256	257	16	21
254	260	15	23
252	264	17	23
249	279	18	21
245	282	18	22
243	288	16	21
239	299	17	21
238	303	18	21
232	311	19	22
230	323	18	21
228	329	16	22
226	335	17	22
220	345	17	22
216	350	19	21
212	353	19	22
208	363	19	21
206	365	19	23
198	373	18	23
197	376	17	23
194	380	18	23
191	380	17	26
185	389	20	24
179	392	22	29
177	398	21	28
169	406	23	27
157	410	30	28
149	410	38	35
127	410	48	40
111	409	55	40
138	422	43	35
140	414	44	36
128	436	55	23
124	435	55	23
114	417	54	40
76	400	27	55
41	399	46	59
32	388	53	69
35	392	56	67
23	384	64	72
27	388	59	70
23	383	61	72
20	378	65	76
21	376	67	81
28	383	65	76
17	382	65	73
22	376	65	80
21	381	70	78
18	380	71	75
23	376	68	82
15	376	69	79
15	370	72	88
12	370	77	87
