215	224	25	76
214	225	27	76
215	225	27	76
215	225	26	75
215	226	27	75
216	225	26	76
217	226	27	76
218	225	26	76
219	226	27	76
219	225	27	75
220	225	27	76
221	226	27	76
221	226	27	76
222	226	27	77
223	226	27	77
223	226	26	76
223	226	26	76
223	226	27	77
224	227	27	76
224	227	27	76
224	227	27	77
224	228	27	76
224	227	26	76
224	227	26	77
223	228	27	77
224	228	26	77
223	228	27	77
223	228	26	77
222	227	27	76
222	227	27	76
222	228	27	76
222	227	27	76
222	227	27	77
222	227	27	77
222	227	27	77
222	227	27	78
222	227	26	76
222	227	27	77
222	228	27	77
223	228	27	77
223	228	27	76
223	228	27	77
224	229	26	77
223	229	28	77
224	229	27	77
225	229	27	77
225	229	28	78
225	228	28	78
226	229	28	78
226	229	28	79
227	228	28	79
228	229	28	79
227	229	28	79
227	229	29	79
227	229	28	80
228	230	29	79
228	229	29	79
227	229	29	80
227	230	29	80
227	230	29	79
227	230	28	79
227	231	29	79
227	231	28	79
227	230	29	79
227	231	28	80
227	231	28	79
227	231	28	79
228	231	28	78
227	231	28	79
227	231	28	78
227	231	28	79
228	231	28	79
228	231	28	80
228	232	28	78
229	232	28	79
230	232	28	79
230	232	28	79
231	232	29	79
231	232	28	79
232	232	29	78
233	232	29	79
234	232	30	79
234	232	29	80
234	232	30	80
235	232	30	81
236	232	30	80
237	233	30	80
236	232	30	81
237	233	30	81
237	233	30	80
237	233	29	81
238	234	30	81
238	234	29	81
239	234	29	80
238	235	29	80
239	235	30	81
239	234	30	80
239	234	30	81
240	234	30	81
241	234	29	80
239	235	30	80
240	235	30	80
240	234	29	80
241	235	29	80
241	235	29	80
241	235	29	80
242	235	29	80
241	235	29	80
241	236	30	81
242	236	29	81
243	236	30	82
244	237	29	81
245	236	29	81
245	237	29	81
245	236	30	81
246	236	30	82
246	236	30	82
247	236	30	82
246	236	31	82
246	236	32	83
247	237	31	82
247	237	32	83
247	237	31	83
247	237	32	82
246	237	33	83
246	238	34	84
245	237	33	83
245	238	33	83
246	239	33	83
246	238	33	82
246	239	32	82
245	238	32	82
246	239	32	83
246	238	32	84
246	238	32	82
246	238	33	83
246	239	33	83
246	239	32	82
246	238	33	83
246	228	34	90
245	233	35	88
247	177	33	90
248	164	34	93
246	147	36	102
250	123	36	93
248	112	33	92
247	91	33	89
249	71	34	89
248	98	34	82
249	79	37	79
247	16	33	90
248	14	35	98
249	29	34	90
250	39	36	93
250	62	36	97
251	79	36	91
253	64	34	83
253	90	37	83
252	102	39	82
253	116	38	84
254	141	36	84
252	156	37	81
255	184	39	79
254	194	35	82
256	233	32	84
255	220	35	92
254	207	35	98
256	190	38	91
252	206	39	83
254	149	33	90
254	137	33	87
252	115	35	98
254	95	35	91
253	80	33	92
254	64	33	96
252	41	34	95
254	25	33	91
253	18	36	89
255	27	37	97
256	45	36	84
257	65	32	94
259	78	35	95
258	100	37	95
267	115	45	90
268	138	47	89
262	120	37	90
265	141	37	85
265	156	38	88
267	174	38	92
266	192	39	89
269	241	34	86
270	226	34	93
268	214	35	98
269	196	34	102
268	175	35	96
267	160	35	92
267	144	36	93
267	121	35	92
267	107	35	95
266	87	37	95
266	73	38	101
264	49	37	100
267	34	36	96
261	19	35	91
263	23	36	105
266	41	34	94
268	27	35	87
267	81	39	92
266	101	42	98
270	119	46	97
266	135	41	97
272	151	48	98
332	164	42	100
271	195	39	99
272	212	39	95
278	199	38	81
273	245	36	93
280	230	32	90
273	217	39	96
276	204	39	99
277	186	37	97
274	167	39	98
274	149	40	94
280	133	45	92
274	117	38	96
274	93	37	93
272	76	38	94
272	57	38	93
274	42	40	88
271	23	37	92
270	24	39	100
273	44	39	96
275	32	38	87
276	83	39	93
280	97	46	94
277	114	36	100
279	138	38	94
282	151	45	95
279	169	38	98
342	179	39	102
283	210	36	95
285	226	35	93
286	246	34	95
287	245	32	86
286	224	33	100
285	210	36	107
286	192	35	101
287	173	34	99
288	157	34	98
288	138	33	93
288	121	35	91
288	101	34	92
287	80	33	96
289	64	33	93
288	50	34	94
288	26	34	95
288	27	36	96
290	40	35	98
290	48	33	80
292	77	34	96
292	97	36	92
293	117	35	98
294	134	42	97
293	153	37	95
295	173	39	93
297	195	35	95
297	210	36	96
296	228	42	90
297	250	40	95
300	250	34	93
299	233	35	101
300	220	37	104
299	203	38	95
300	182	38	95
299	162	38	103
299	146	41	102
301	128	35	94
302	111	34	90
300	92	34	94
302	77	34	90
303	60	34	92
304	35	34	96
303	31	33	94
305	42	34	98
308	52	34	81
309	56	33	81
311	81	38	78
311	113	34	94
309	129	36	93
310	152	38	93
312	173	38	97
313	188	37	100
314	205	39	95
315	226	37	97
319	222	40	87
320	254	32	84
322	256	32	84
322	257	33	96
324	257	32	94
324	257	33	94
326	258	31	92
326	259	32	93
327	258	31	93
327	259	32	92
328	259	33	94
329	258	32	95
330	259	33	95
330	259	33	94
332	258	32	92
332	258	32	94
334	257	32	91
335	257	33	92
336	258	33	90
337	258	34	90
339	258	34	91
339	259	33	92
340	259	33	90
340	258	33	93
343	258	32	93
343	258	31	92
345	257	31	92
345	258	31	93
345	257	32	94
346	256	31	94
348	256	31	97
348	256	32	97
349	256	32	98
349	256	32	98
349	256	32	99
349	255	33	98
350	257	33	97
351	257	33	98
352	257	32	97
353	258	32	96
352	258	32	96
354	259	32	97
354	258	31	97
354	258	32	97
356	259	32	97
355	258	33	98
356	259	33	97
357	259	34	98
357	259	34	98
357	258	35	101
358	259	34	99
359	259	34	98
359	259	33	100
360	259	35	98
361	260	34	97
360	260	36	98
334	260	37	99
323	259	43	96
290	262	41	97
324	261	40	99
290	263	43	101
309	262	43	99
271	264	44	99
252	264	44	101
216	266	42	100
210	266	47	99
178	266	45	101
173	266	48	103
139	267	48	102
110	267	44	102
120	266	46	102
107	266	44	102
85	265	43	104
23	272	38	101
22	274	37	99
19	273	36	98
20	272	37	98
20	273	37	98
23	272	37	99
22	273	37	96
22	273	35	99
23	273	36	99
26	274	36	98
25	273	35	98
25	274	35	98
26	272	34	98
28	274	34	97
28	274	35	98
29	274	33	99
30	275	34	98
30	274	35	98
31	275	37	100
32	276	36	97
33	276	36	96
34	277	35	96
34	277	35	96
35	277	35	96
36	277	34	97
36	277	35	99
37	277	35	99
37	277	35	99
37	278	36	101
39	277	34	99
39	278	35	100
40	278	35	98
41	278	34	98
41	278	35	101
41	279	35	99
42	280	35	98
42	281	36	98
43	279	35	97
42	280	36	100
43	280	36	99
43	280	36	100
43	280	36	101
43	281	36	101
44	281	36	103
42	281	38	101
47	281	35	101
47	280	36	101
49	281	36	100
49	280	35	101
51	281	34	100
51	281	35	100
52	281	35	100
53	282	35	99
53	283	35	98
55	284	34	97
55	284	34	99
55	284	35	99
56	284	35	99
57	284	35	100
58	284	34	99
60	285	35	99
60	284	35	99
62	284	35	100
62	284	36	100
62	284	36	102
64	284	35	101
65	285	35	101
65	285	36	100
65	284	36	102
65	285	37	103
66	285	36	104
67	286	36	102
67	285	36	102
68	285	36	102
69	285	35	103
70	286	35	102
70	285	35	103
70	285	36	103
71	286	36	104
72	286	36	104
73	286	37	105
74	286	37	104
75	286	37	104
76	286	36	101
78	287	36	101
78	287	37	102
80	287	37	102
82	288	38	100
80	287	39	102
79	288	40	103
80	289	41	102
81	290	41	103
81	289	40	103
81	289	39	103
85	291	36	101
85	292	37	100
87	289	37	103
88	291	37	101
89	291	37	102
90	291	37	103
91	290	36	103
91	291	38	103
92	292	38	103
92	291	38	102
93	292	38	103
93	292	38	105
93	292	39	104
93	293	39	104
93	293	39	104
94	295	40	102
94	295	40	103
95	294	40	104
95	294	40	105
96	295	40	104
95	295	40	105
96	294	39	105
98	295	39	106
99	294	38	107
100	295	38	105
101	295	38	104
101	295	37	104
102	294	37	104
104	294	36	105
105	295	38	105
105	296	38	104
106	295	38	105
106	295	38	105
107	296	38	105
107	296	38	105
108	296	38	105
110	297	38	104
111	296	39	104
113	297	38	106
114	297	38	106
114	297	38	107
116	297	37	107
117	297	37	106
118	296	37	106
119	296	37	108
118	296	38	105
122	296	36	104
122	296	36	104
122	297	38	106
122	298	38	106
124	298	37	107
125	297	37	107
126	297	37	107
126	298	39	109
127	298	38	110
128	298	38	108
129	298	37	109
131	297	36	110
132	298	37	109
133	299	38	111
132	299	41	109
135	300	40	106
134	301	45	107
142	302	44	104
182	299	46	109
195	299	45	109
201	300	43	108
207	300	46	109
218	299	50	109
232	299	49	109
232	299	48	111
286	292	44	115
290	289	44	119
293	289	44	118
295	289	43	117
298	290	41	117
298	292	41	115
300	290	40	117
300	292	41	116
300	292	41	117
300	292	42	120
302	293	41	118
303	293	41	119
304	294	41	118
305	294	41	118
305	295	41	118
308	294	40	117
308	296	39	117
310	297	39	116
311	297	38	115
312	297	38	113
314	297	37	113
315	298	37	111
315	297	37	112
319	298	37	111
320	298	39	111
318	300	41	111
320	300	41	110
318	302	42	110
320	302	41	108
320	301	43	112
320	302	42	112
322	301	45	113
322	300	47	114
320	300	49	116
323	300	49	114
322	299	49	117
326	296	46	117
326	292	47	118
329	290	45	120
333	284	44	122
336	281	44	122
340	276	41	121
345	274	42	120
343	269	41	124
347	267	42	122
346	262	38	120
349	260	39	117
350	255	38	119
350	251	39	122
349	250	41	121
349	248	43	120
350	242	46	123
351	238	46	124
352	233	45	124
353	229	47	125
356	226	45	120
358	223	45	121
362	221	42	115
362	219	44	120
363	213	44	119
365	211	47	121
364	205	49	122
368	205	51	121
367	202	50	121
369	195	51	126
366	189	50	130
373	185	46	128
372	181	48	126
376	178	46	125
375	174	48	126
377	171	47	126
379	168	46	125
382	165	44	124
384	166	43	123
384	163	43	123
391	163	38	124
392	164	40	124
394	165	40	122
393	165	41	121
396	166	41	122
396	167	42	120
399	166	41	121
398	166	41	123
401	165	41	122
401	166	41	121
404	166	39	121
405	167	40	122
400	169	43	120
409	167	36	121
411	171	39	118
413	168	37	121
414	168	39	122
416	170	38	121
416	169	40	121
417	169	40	121
416	170	43	120
420	170	44	121
419	170	45	119
420	170	46	120
420	170	47	121
421	170	48	122
422	171	48	123
422	171	49	123
423	170	49	123
425	170	48	124
425	171	48	124
429	170	45	123
430	169	46	125
433	170	44	124
434	168	45	128
437	168	42	129
438	170	42	127
440	170	41	127
440	171	41	128
441	171	42	127
331	193	45	117
321	193	49	117
320	194	53	119
321	193	53	121
324	193	51	120
323	194	53	120
325	193	52	120
326	195	51	119
326	194	51	119
327	193	51	120
326	194	53	117
329	194	51	117
329	194	51	118
329	194	53	117
329	194	55	119
328	194	57	120
328	193	60	120
328	194	61	121
327	194	60	119
329	194	61	120
327	194	62	120
329	194	61	120
331	194	56	119
330	195	58	121
330	195	56	121
332	195	54	120
333	195	53	121
331	195	56	122
332	196	56	122
333	196	56	122
333	196	56	122
334	196	57	123
335	196	57	124
334	197	58	123
336	197	58	123
338	197	57	124
340	197	55	124
341	198	55	122
341	198	55	124
343	200	55	122
346	200	53	123
347	201	53	122
348	200	54	123
348	203	55	121
350	200	54	124
350	202	54	120
351	203	54	120
351	203	55	120
351	203	56	120
351	202	56	121
351	203	56	121
351	203	57	123
353	202	55	123
353	202	55	120
354	202	56	120
354	203	56	120
357	202	55	120
358	203	54	122
359	202	54	122
359	204	55	122
360	204	55	122
362	204	52	120
363	206	52	120
365	205	52	120
365	205	52	121
363	205	55	120
362	206	55	121
358	206	58	123
353	205	59	125
346	205	62	124
341	206	62	124
335	207	62	122
331	207	62	123
330	209	60	123
321	210	63	125
317	210	63	126
311	212	63	125
309	213	62	125
308	213	60	126
310	214	57	125
314	215	56	122
320	217	57	122
329	217	54	121
336	215	52	122
341	216	54	123
346	216	54	123
353	216	53	120
358	217	55	123
366	216	57	124
