208	137	88	146
202	135	88	146
198	138	91	143
190	143	98	140
189	146	98	136
185	151	103	132
176	159	110	123
174	154	109	129
172	161	113	120
169	160	113	123
167	164	118	119
170	166	116	119
169	163	116	122
171	165	115	123
172	171	114	119
175	177	112	116
170	178	117	118
171	180	113	120
176	187	112	119
169	184	112	121
174	185	112	121
173	181	110	126
180	176	107	130
180	171	108	136
184	175	104	134
191	172	97	143
194	171	94	147
192	171	93	147
198	176	89	147
193	176	94	147
197	179	89	148
199	180	89	153
205	183	84	152
213	184	76	157
217	185	72	157
222	187	71	159
229	193	65	159
228	197	66	160
229	199	66	162
227	197	67	166
228	207	65	159
228	212	66	160
228	206	65	167
227	208	66	170
226	210	68	171
222	207	69	175
221	217	70	172
221	215	68	174
222	215	67	176
220	220	68	174
221	227	66	168
216	225	69	173
217	228	68	170
217	228	67	170
215	234	68	167
215	229	68	174
213	237	69	166
212	236	70	169
213	242	69	166
209	251	70	161
208	251	70	164
205	261	69	159
201	259	69	163
197	263	69	161
192	266	70	161
187	268	73	160
182	269	76	161
182	271	74	160
179	272	75	158
172	274	79	160
168	273	82	163
165	274	80	163
159	274	79	162
156	274	77	162
149	275	70	163
147	273	70	166
141	275	70	162
135	279	72	156
134	275	68	160
119	265	68	154
107	262	74	157
76	251	76	154
84	251	70	138
78	247	65	137
80	251	64	130
80	253	65	127
78	246	63	140
83	251	64	138
76	222	66	145
40	211	78	136
75	184	66	125
80	163	64	140
76	198	72	124
81	178	65	133
78	166	65	127
76	165	69	143
81	256	64	127
77	241	62	136
80	256	63	136
79	199	62	130
82	166	66	126
70	196	72	111
81	255	59	124
75	193	65	122
80	177	63	137
81	248	64	135
77	241	65	141
77	258	65	137
78	196	61	123
77	196	61	136
79	258	62	139
78	201	66	125
81	186	63	131
76	170	69	127
78	193	64	129
84	184	61	136
73	191	70	124
80	168	62	138
82	176	64	133
72	208	69	136
79	186	60	129
82	255	60	130
81	249	60	139
93	249	64	136
84	254	67	126
83	249	63	137
84	249	63	157
80	250	64	138
78	234	69	150
79	237	77	135
79	249	68	124
87	246	65	127
86	256	63	119
83	249	62	126
87	244	71	128
89	254	66	121
94	247	70	129
103	242	64	141
87	248	69	136
95	240	67	135
101	227	63	155
95	240	75	130
112	238	68	134
120	221	71	148
125	229	72	142
129	231	76	151
131	236	80	133
154	222	69	163
152	229	71	145
158	232	75	149
151	245	71	123
188	218	69	141
193	211	75	155
206	213	62	156
197	209	68	165
204	206	66	165
203	208	67	156
201	205	69	168
201	211	72	148
206	217	73	154
154	186	83	116
169	194	71	132
240	202	70	151
241	206	65	162
242	206	72	163
244	207	74	165
242	204	74	164
241	205	77	163
238	204	78	165
244	205	73	163
247	200	75	163
250	201	74	158
253	197	74	159
254	194	76	156
257	197	75	158
258	197	75	156
263	198	76	151
259	200	81	148
254	197	89	141
263	192	77	152
257	185	91	152
253	188	87	142
272	185	73	159
271	188	77	161
157	174	71	140
164	132	70	137
141	115	69	144
148	115	72	147
145	112	66	153
162	119	70	141
156	121	68	150
157	120	71	145
158	115	67	139
165	111	67	141
166	110	66	139
169	114	67	142
168	111	64	153
173	115	68	147
172	112	69	146
176	114	68	149
174	118	70	149
178	124	67	133
180	134	71	142
181	142	73	159
177	131	71	156
197	141	96	147
178	123	73	158
181	119	70	150
158	194	72	129
181	130	67	136
180	137	74	147
181	118	76	141
182	119	73	142
177	118	76	137
174	116	79	137
175	114	88	134
175	116	78	144
173	119	92	150
179	112	102	154
316	138	89	164
304	150	92	168
294	133	90	153
272	130	95	161
244	118	87	154
226	125	77	144
296	173	78	141
298	169	70	120
295	169	62	133
294	172	61	138
290	170	63	132
285	171	63	136
287	169	65	130
288	166	62	135
286	165	63	133
289	165	62	135
284	163	64	132
287	163	61	132
284	163	61	133
284	162	60	133
281	160	62	130
280	158	63	127
280	160	58	125
276	157	61	134
276	158	61	133
227	108	54	127
234	113	62	128
225	102	58	127
262	166	63	127
256	165	66	127
234	122	58	127
255	155	67	126
257	174	69	109
251	148	64	122
252	148	65	132
252	151	63	127
251	148	62	127
254	158	62	124
250	172	70	122
246	164	68	126
268	161	58	123
269	166	60	120
272	172	62	118
269	171	64	123
275	171	64	127
280	169	64	120
279	170	64	117
286	168	61	117
290	167	59	118
292	168	59	117
294	168	59	119
294	169	58	118
292	169	63	121
298	166	68	123
320	167	82	126
327	164	70	129
328	164	71	123
342	159	75	129
347	163	78	119
348	160	83	124
351	160	91	125
361	159	81	127
366	161	81	122
371	161	83	119
378	159	78	121
381	159	80	121
389	158	77	123
391	156	71	124
406	153	72	126
412	156	72	124
411	152	77	130
421	153	79	129
430	152	80	126
439	154	75	124
440	155	68	122
467	155	73	123
471	158	74	126
481	166	74	120
487	153	69	117
488	151	71	120
491	150	71	122
496	152	72	121
506	151	70	119
511	151	67	114
514	152	67	109
523	150	68	115
528	147	71	111
535	147	64	114
538	146	69	119
546	146	70	116
550	142	71	117
560	145	66	124
565	145	61	130
569	201	56	143
568	200	57	141
578	146	50	118
582	146	45	131
588	144	39	119
587	183	39	114
589	194	38	161
586	198	43	147
584	191	45	139
577	198	50	145
577	190	51	139
572	191	57	124
578	187	51	144
565	199	61	148
433	244	76	105
442	237	76	106
446	239	68	118
453	236	76	106
458	236	79	118
467	239	75	105
474	239	71	116
479	240	75	112
485	242	76	105
494	230	68	120
493	212	70	132
493	228	65	120
488	248	63	118
490	237	65	119
491	245	63	100
489	243	58	113
492	244	60	113
497	227	62	117
488	248	65	111
494	222	63	126
512	186	68	128
492	240	72	106
490	234	71	117
488	239	69	113
492	232	68	110
486	245	66	125
489	232	68	110
493	226	69	128
492	235	76	110
500	231	74	118
505	232	83	118
516	227	81	124
527	202	95	130
534	191	90	148
544	191	83	150
550	185	78	160
544	181	83	155
550	185	75	156
557	195	72	143
548	236	80	113
562	221	64	124
556	211	68	133
563	200	62	138
561	192	63	146
563	186	63	155
559	186	66	151
558	189	67	146
558	192	66	144
555	219	69	139
553	190	75	152
548	190	79	144
559	189	70	138
568	179	60	141
536	244	85	129
547	201	81	144
557	192	72	127
571	188	56	143
573	182	54	122
576	184	53	112
578	185	50	114
583	188	45	114
588	185	40	128
573	235	51	133
585	183	43	116
594	186	35	119
591	186	38	103
587	184	42	108
584	185	45	107
577	187	50	112
575	188	53	89
584	191	45	99
586	198	43	107
593	198	34	118
593	192	34	118
592	187	37	119
586	193	40	117
588	200	38	135
588	200	38	145
582	203	44	149
