545	338	36	68
542	337	36	68
540	334	37	69
540	331	35	69
539	327	34	69
537	325	33	70
534	321	32	71
531	316	30	71
528	314	30	71
526	312	31	71
525	310	31	71
521	303	34	71
520	302	34	70
518	298	34	71
517	295	33	73
514	290	32	71
513	287	30	72
513	285	28	71
508	279	29	70
505	276	31	71
499	272	35	70
499	272	35	69
499	268	35	71
497	264	35	72
495	259	34	72
494	257	33	70
491	252	31	73
488	249	31	72
487	245	30	72
485	243	30	71
482	239	32	71
481	237	32	71
479	234	33	71
477	228	32	71
476	224	31	72
474	221	29	71
473	217	28	73
472	215	28	72
467	209	30	72
463	207	33	71
461	205	34	71
460	201	34	71
460	198	33	71
457	193	34	72
456	189	32	72
453	188	31	72
448	181	32	73
447	181	32	70
445	181	32	71
443	181	33	71
442	182	33	70
440	183	33	70
438	182	32	70
438	183	31	71
435	182	29	71
435	182	29	71
431	183	30	72
429	183	32	71
426	183	34	70
422	184	37	71
421	184	37	72
420	184	36	72
417	184	34	73
415	185	34	71
414	184	33	72
410	184	34	72
409	184	32	73
407	186	33	71
405	187	33	71
405	187	32	72
400	185	34	72
397	181	34	71
396	172	33	77
395	172	35	71
395	165	32	75
395	167	31	70
395	165	30	66
391	162	30	67
392	160	31	68
389	161	35	65
383	159	33	67
383	161	32	64
381	160	36	64
412	165	33	70
409	167	35	69
407	166	35	70
371	161	34	64
378	160	39	64
369	160	32	65
394	158	36	72
397	165	36	70
380	159	46	71
376	158	44	80
334	162	36	76
365	154	42	76
350	159	43	70
349	150	41	69
336	160	39	64
335	152	40	63
325	165	36	62
323	154	37	63
318	155	38	62
300	157	43	59
291	154	48	67
242	163	34	65
233	167	30	56
234	168	29	53
231	167	26	53
230	169	28	51
228	169	27	52
224	169	27	59
222	168	31	66
217	170	34	69
215	171	34	70
214	170	33	71
212	169	32	72
211	169	32	72
210	168	33	73
208	167	33	75
207	168	33	75
205	167	33	74
203	168	33	75
202	169	34	75
199	169	35	75
197	170	35	75
197	171	34	73
194	169	35	76
193	169	33	76
193	169	31	77
189	170	33	76
188	168	34	78
187	170	35	76
185	171	34	76
183	171	35	77
184	171	34	77
182	171	31	77
182	169	30	77
182	170	28	77
179	172	29	75
180	173	28	75
178	175	28	72
174	176	30	71
174	176	29	72
170	177	31	70
168	177	31	68
204	185	34	67
205	184	33	70
204	184	34	69
201	183	34	72
199	182	34	73
200	181	32	73
197	181	33	72
195	180	33	74
196	181	32	72
195	182	32	73
193	183	33	72
192	183	33	72
192	179	33	76
194	181	34	73
201	180	33	75
207	179	33	77
211	179	33	75
219	182	32	72
224	181	31	75
230	183	32	73
235	181	31	76
233	183	34	73
245	180	31	75
245	179	34	76
252	180	34	67
256	178	34	70
259	180	34	69
270	184	32	69
273	186	35	74
274	184	37	75
284	183	35	75
286	182	38	79
293	182	38	71
297	181	39	75
299	181	38	79
303	181	40	76
314	182	39	79
260	169	39	85
266	168	36	84
269	170	38	87
275	172	36	83
278	176	36	83
277	176	35	81
277	179	34	81
273	179	35	80
275	180	34	81
277	191	35	72
271	178	33	82
275	180	34	80
270	184	34	75
271	182	34	77
271	182	33	79
277	184	33	79
277	183	34	79
297	187	37	69
290	181	34	80
297	178	38	74
299	178	35	75
303	178	34	77
306	177	33	79
314	179	37	81
315	182	35	77
314	183	36	81
313	182	34	88
312	182	38	83
311	186	37	78
348	188	33	73
349	189	35	69
346	190	38	72
357	190	36	69
321	183	38	81
323	183	40	85
327	182	42	89
331	181	40	90
337	181	36	88
344	183	36	86
346	184	35	85
350	185	36	87
355	185	35	86
355	186	38	86
353	187	40	87
353	187	39	87
352	188	39	87
349	188	40	88
347	187	42	87
346	187	40	88
349	187	40	93
351	187	41	89
357	187	44	90
357	187	43	90
363	188	42	87
367	190	42	88
363	190	42	85
361	189	40	86
357	190	39	84
355	190	39	82
352	191	40	81
350	192	40	82
348	191	41	83
344	192	41	82
344	190	40	85
343	192	39	83
341	192	35	81
339	190	34	82
337	189	31	74
338	189	28	67
328	191	30	60
326	190	29	61
325	192	28	56
321	195	30	52
317	206	32	66
314	208	34	71
313	204	32	81
309	205	31	81
308	208	32	79
301	203	37	79
299	205	38	81
294	200	44	84
289	203	47	82
287	198	48	89
286	201	48	88
285	203	45	85
283	202	42	85
282	205	38	81
278	200	39	88
275	199	40	88
272	200	38	87
271	203	39	85
269	204	40	84
267	204	40	85
265	203	38	84
263	205	39	84
262	204	36	83
258	206	37	83
259	204	36	85
255	204	37	84
252	203	38	86
247	202	40	88
243	203	46	88
242	196	45	96
241	193	45	97
240	197	43	92
237	197	40	92
234	196	41	93
232	195	41	95
229	197	40	94
228	199	37	92
221	202	40	89
221	199	42	93
219	197	41	95
214	199	43	94
213	203	40	90
212	202	39	91
206	201	38	93
203	206	39	89
200	202	41	93
193	203	47	93
190	200	50	96
190	197	50	100
188	195	51	104
187	200	47	97
183	203	42	96
181	202	41	97
174	201	42	98
173	198	42	100
168	203	45	98
166	207	45	93
163	207	46	93
160	204	45	97
159	204	43	96
156	202	43	99
154	201	41	102
150	202	42	100
146	202	43	100
140	206	49	96
136	205	51	96
136	206	51	96
134	206	49	97
132	206	48	97
131	206	47	96
133	205	43	98
134	204	42	100
138	203	45	103
143	205	44	101
145	203	45	104
151	207	44	101
