404	233	20	15
403	231	20	15
404	233	20	15
403	233	20	15
404	232	20	15
404	233	20	15
404	233	19	15
404	234	19	14
404	234	20	15
405	234	20	15
404	235	20	14
404	235	20	14
404	235	19	15
404	235	20	14
405	236	20	14
405	236	20	15
406	236	20	15
407	235	20	15
406	235	20	15
406	235	20	15
406	236	20	15
407	236	20	15
408	237	20	15
407	237	20	15
408	237	20	15
408	237	20	15
409	237	20	15
408	235	20	16
409	236	20	16
408	236	21	16
409	237	20	16
409	238	20	16
410	238	21	16
409	238	20	16
410	238	20	15
410	238	21	16
410	238	21	16
409	238	21	16
410	238	21	15
411	239	20	15
411	239	20	15
411	240	20	15
411	240	21	15
412	241	21	15
411	240	21	16
411	240	21	16
412	239	21	16
411	239	21	16
412	239	21	16
412	240	22	16
412	240	21	16
413	240	22	16
412	240	22	16
412	241	22	16
413	241	21	16
413	241	21	16
413	240	21	16
413	240	21	16
413	240	20	17
413	241	21	16
413	242	21	16
414	242	21	16
413	242	21	16
412	240	22	18
412	241	22	17
413	240	22	18
413	241	21	17
413	241	21	18
412	242	21	17
412	241	22	18
412	243	21	17
411	242	21	18
412	242	21	18
411	242	22	18
410	242	22	17
410	242	22	17
409	243	21	17
410	243	21	17
409	244	21	17
408	245	22	17
409	245	21	17
409	245	22	17
408	243	22	18
407	245	22	16
408	243	22	18
407	246	22	16
407	246	22	17
406	247	21	17
406	247	21	17
406	247	22	17
405	245	21	18
405	246	21	17
405	246	21	17
404	246	22	17
404	246	21	16
404	247	22	17
403	248	22	16
403	248	22	16
403	249	22	16
403	249	21	17
403	248	21	17
403	248	21	17
403	248	22	17
402	248	22	17
403	248	22	17
402	249	23	17
402	250	23	17
401	249	23	17
401	250	23	17
401	250	23	17
401	250	22	17
400	250	23	18
400	249	22	17
399	250	23	17
400	250	23	17
399	251	22	17
400	251	22	18
399	252	22	17
400	252	22	17
399	251	22	18
399	252	23	18
399	250	22	18
399	246	23	20
399	243	23	18
399	241	22	17
400	239	22	18
398	236	22	17
399	232	22	19
399	229	22	17
399	230	22	16
398	229	22	17
399	230	22	16
398	230	22	17
398	231	22	16
399	231	22	17
398	231	22	17
399	231	22	16
398	231	23	17
398	231	23	16
400	232	23	17
399	227	23	18
400	224	22	18
399	220	23	18
400	214	23	20
400	213	23	20
400	210	23	19
401	210	24	19
400	211	24	18
402	211	23	18
401	212	24	18
402	212	23	18
403	212	23	18
403	212	24	18
404	211	24	19
403	211	25	19
404	212	25	19
404	214	24	18
406	214	24	18
406	216	24	17
406	215	24	18
407	215	24	17
407	214	24	18
408	214	24	18
408	214	24	18
409	215	24	18
409	216	24	18
410	213	24	18
412	206	22	17
411	205	24	16
411	196	24	19
411	194	25	18
412	188	24	19
410	186	26	18
412	183	24	19
412	179	24	19
412	179	25	18
413	180	25	18
413	178	26	18
413	178	25	18
415	179	24	18
415	179	24	19
416	180	24	19
416	181	24	18
416	181	24	19
417	181	25	19
416	181	25	19
416	181	25	19
416	180	25	19
418	182	24	18
419	182	24	19
418	182	24	18
418	184	25	18
418	184	25	18
419	178	24	19
420	177	24	19
420	174	24	18
421	167	24	19
420	166	25	20
421	166	25	19
421	167	25	19
421	168	26	19
421	168	25	19
421	169	27	19
420	169	26	20
420	169	27	19
421	168	27	19
423	170	25	19
422	169	26	20
422	170	26	19
423	171	26	19
423	171	26	19
423	172	27	20
423	172	27	19
423	172	27	19
424	171	27	20
424	172	27	19
424	171	27	20
425	172	27	20
425	172	28	20
425	174	27	20
425	173	28	20
425	174	27	20
426	176	27	19
425	174	28	21
426	174	27	20
426	174	26	20
427	174	26	20
428	176	25	20
428	178	26	19
429	179	26	19
428	179	26	19
429	175	26	20
430	173	25	19
430	169	25	20
430	162	27	22
430	161	26	21
429	162	27	21
430	164	27	20
431	165	27	20
431	165	28	21
431	164	27	21
432	164	27	21
432	163	27	21
434	167	27	20
436	167	27	21
436	167	27	20
438	168	27	20
438	168	27	20
438	168	28	21
439	170	27	20
439	170	26	21
439	170	28	21
438	170	29	21
438	170	29	21
429	168	30	22
425	171	30	21
419	171	28	21
412	172	31	21
408	173	31	20
397	170	29	23
397	174	31	20
391	173	33	22
390	174	31	20
381	173	30	21
378	174	29	21
380	174	29	22
381	174	28	21
384	177	25	20
386	176	24	22
386	176	24	21
388	177	22	21
380	176	25	22
378	178	22	21
372	177	23	22
369	178	22	22
361	179	21	21
357	179	21	21
359	180	19	21
360	183	19	19
360	182	19	19
361	182	19	20
362	182	18	20
362	182	19	21
364	183	18	20
366	184	16	19
368	183	16	21
367	184	16	20
359	177	21	33
348	161	23	24
349	161	23	21
356	163	17	23
355	163	19	23
355	160	19	23
352	163	23	26
351	164	23	26
344	162	28	23
345	162	23	26
336	162	24	25
330	161	26	25
327	165	25	25
304	182	26	31
298	182	25	30
290	181	27	30
287	182	29	31
287	186	28	28
288	181	27	33
287	185	29	31
294	185	24	33
289	186	29	31
290	186	28	30
290	187	27	29
290	188	29	28
292	189	29	27
293	189	30	28
292	190	31	26
293	193	30	26
289	193	30	27
285	192	33	28
276	193	36	26
276	193	34	25
290	195	21	23
293	195	19	23
294	195	19	24
293	198	20	22
295	198	20	23
296	199	20	21
296	200	21	21
296	199	21	22
296	200	23	22
297	200	23	23
299	199	23	24
299	199	24	24
300	200	24	24
300	200	25	24
300	201	26	24
300	201	27	24
302	203	27	23
303	203	28	23
303	204	30	23
303	205	30	23
303	206	30	23
303	207	30	22
304	208	30	22
304	209	30	22
304	210	29	22
303	210	30	22
303	210	30	23
304	210	29	23
303	210	30	23
303	210	31	22
303	212	30	23
303	213	30	22
302	214	30	22
301	214	30	22
295	215	32	22
282	214	34	23
282	216	32	21
278	216	31	22
271	215	31	23
263	217	33	22
259	217	34	24
247	219	33	23
246	220	32	23
245	220	31	23
243	219	32	24
244	218	32	24
242	216	32	26
242	218	32	25
243	219	31	24
241	218	31	26
239	223	32	24
241	222	31	27
240	222	31	26
240	223	31	27
239	221	31	28
237	223	32	26
237	225	31	24
236	222	32	27
235	224	32	25
234	225	32	26
231	228	33	24
232	227	32	26
230	228	33	26
231	228	31	25
229	227	32	25
228	228	32	25
228	229	32	25
227	230	33	25
227	231	32	25
225	233	34	25
225	233	33	25
226	234	32	24
225	234	32	24
224	235	32	24
223	234	33	25
222	232	33	26
222	233	33	26
221	234	34	26
220	235	34	26
219	236	34	26
218	237	35	26
218	237	35	27
217	239	37	26
215	239	37	26
215	238	37	26
215	239	37	26
214	238	37	27
216	238	35	27
215	239	36	28
215	240	35	28
215	241	35	28
216	244	35	26
214	245	36	26
215	246	35	26
215	245	35	27
215	246	36	27
214	245	35	28
214	245	35	29
213	248	36	28
213	249	36	28
213	250	36	27
212	250	36	27
211	251	36	27
211	252	36	27
211	251	35	27
210	251	36	28
211	253	35	27
210	254	36	27
209	256	36	26
209	257	36	26
208	258	37	27
208	258	36	27
208	259	36	27
207	259	37	27
207	258	37	28
208	257	37	29
206	258	39	30
207	258	38	31
210	260	41	29
219	261	40	29
222	262	41	29
232	262	40	28
235	262	38	28
240	262	39	28
246	262	37	29
245	262	37	30
245	263	37	29
244	264	38	30
245	264	38	30
244	267	39	29
244	269	38	29
