480	321	62	98
484	317	52	111
484	318	55	111
484	317	55	114
483	316	55	105
485	311	49	119
485	311	48	119
485	311	47	120
483	310	47	123
482	310	47	126
482	307	46	128
481	304	46	117
481	304	46	117
482	302	45	128
482	302	49	112
482	304	50	119
484	299	47	131
486	297	47	135
487	294	46	138
487	295	47	135
488	294	46	131
488	291	45	144
487	292	48	143
486	292	49	143
486	289	50	140
487	288	48	140
488	289	49	128
489	285	48	136
491	287	49	106
491	287	48	137
490	286	51	132
491	283	51	128
492	280	50	123
493	278	47	122
493	276	45	130
491	275	46	137
490	273	48	138
489	272	47	133
488	271	46	135
488	271	47	123
488	272	47	99
487	271	47	134
486	269	52	127
486	268	54	123
485	266	52	124
485	267	50	117
485	263	46	125
486	263	45	121
485	261	45	126
483	261	45	131
480	259	46	135
478	258	49	137
476	257	49	133
474	256	47	128
472	257	47	123
471	254	47	130
468	255	50	128
466	255	52	128
465	255	53	120
463	253	50	93
463	252	47	121
463	247	44	119
458	248	45	111
452	257	48	112
449	248	46	122
446	247	46	120
442	242	48	128
437	240	50	128
434	240	52	130
432	240	53	130
429	239	54	128
428	238	53	124
428	235	50	125
425	231	49	123
423	231	46	120
423	233	44	111
420	230	44	110
415	235	48	117
413	227	48	123
409	222	46	112
407	226	46	123
403	218	49	119
400	230	53	108
398	221	53	117
399	217	50	117
395	230	52	111
394	220	49	113
388	208	47	100
322	181	50	106
321	183	43	104
290	163	36	74
292	171	32	72
291	172	31	69
290	171	31	74
288	173	33	75
288	167	30	63
288	170	29	81
286	171	33	81
284	172	35	86
282	172	36	100
282	165	35	88
322	179	33	102
319	178	39	105
320	180	39	106
318	175	38	108
318	182	37	103
316	178	38	106
338	207	48	115
334	207	51	116
329	203	52	112
327	197	49	110
324	210	50	98
325	209	45	108
320	204	48	101
320	206	44	94
319	205	43	87
304	187	42	96
314	191	42	92
310	187	41	93
306	181	40	97
308	178	38	99
309	177	38	99
309	186	40	93
314	181	38	94
317	180	37	93
316	168	37	102
315	171	40	99
317	175	39	98
309	181	43	91
310	183	40	90
309	165	37	103
293	163	41	95
312	173	38	97
310	177	42	94
309	179	43	91
309	175	41	94
303	178	46	91
307	168	41	99
309	166	40	101
308	167	40	99
305	165	42	99
305	169	44	99
310	161	40	104
310	167	42	97
312	161	40	103
314	162	40	100
313	162	41	99
316	164	40	97
309	165	46	93
315	165	41	96
307	164	46	98
307	160	45	99
305	162	45	100
301	162	47	99
310	163	47	94
307	162	51	94
318	162	45	94
278	157	42	81
289	149	35	74
337	159	33	86
338	158	34	94
338	158	34	95
340	159	33	95
338	160	35	90
335	160	37	94
336	159	37	94
335	159	38	96
337	159	37	94
337	159	36	93
338	159	36	94
334	157	39	95
332	157	39	94
326	155	42	96
323	160	46	91
321	157	51	94
323	156	49	100
327	156	46	101
332	155	40	97
331	155	39	95
332	155	38	94
332	154	38	95
332	154	38	93
330	154	39	93
328	153	42	96
324	154	44	96
318	156	48	95
296	159	55	91
262	157	45	101
264	159	42	101
262	156	41	98
264	159	39	93
267	155	38	93
270	162	42	91
271	158	42	91
266	157	45	91
275	162	39	91
254	143	34	80
275	158	42	87
270	152	50	96
276	158	44	92
275	157	48	95
280	158	49	92
284	158	50	91
284	160	48	91
285	158	50	89
287	157	51	90
324	152	44	91
329	151	44	87
330	151	40	90
332	149	40	87
334	149	39	87
338	149	36	87
341	150	35	86
344	150	34	84
345	149	32	85
346	150	31	85
348	148	31	86
348	148	32	86
350	148	32	87
349	147	33	86
349	147	34	86
349	147	34	86
350	148	35	86
349	148	35	86
350	147	35	86
348	147	36	86
352	148	34	85
351	147	34	90
351	146	34	90
351	147	34	85
351	145	34	91
351	145	35	89
351	145	34	93
351	145	35	92
352	145	35	92
352	146	36	92
352	145	36	92
353	144	36	92
354	144	38	93
355	144	38	92
355	143	39	95
355	144	40	95
356	143	38	92
356	144	38	90
357	144	38	91
357	144	38	91
357	144	38	90
357	143	38	92
357	143	38	90
357	143	38	90
357	142	37	91
357	142	37	91
357	141	37	91
358	141	37	90
357	141	36	90
357	143	36	89
356	142	37	89
356	142	37	89
356	141	38	90
355	140	38	90
356	141	38	89
356	141	38	88
356	140	38	88
356	140	38	87
357	140	38	87
356	140	38	86
357	140	37	87
357	139	36	87
356	138	37	88
355	139	38	87
