385	273	22	59
384	272	22	57
385	273	22	58
385	273	21	59
385	272	22	59
386	273	22	59
386	274	22	58
387	274	22	58
388	274	22	58
388	274	22	58
389	274	22	58
389	274	22	58
389	274	22	58
390	273	23	58
391	274	24	58
391	273	24	58
391	273	24	58
391	273	24	58
392	274	23	58
391	274	24	58
392	274	23	58
392	274	24	58
392	274	24	59
393	274	24	58
393	274	24	58
392	274	25	59
391	274	25	59
392	274	25	59
391	274	25	59
391	274	24	59
392	275	23	58
392	274	22	59
391	275	22	58
392	275	22	58
392	275	22	58
393	275	22	58
392	275	22	58
392	275	22	58
392	275	23	58
393	276	23	58
392	277	24	57
393	276	25	57
392	275	25	57
394	275	25	58
393	275	24	58
393	275	24	58
393	275	23	58
393	275	24	59
393	275	23	58
393	276	24	58
394	276	23	59
393	276	24	57
394	276	24	59
393	277	24	58
392	276	24	58
393	276	25	58
393	276	25	59
392	276	25	59
393	275	24	60
393	276	25	59
393	277	24	59
394	277	24	59
394	278	24	59
395	277	23	59
396	278	23	59
396	278	23	59
396	277	23	59
397	278	23	60
398	277	24	59
398	277	24	58
399	276	25	59
398	277	25	59
399	278	25	57
400	276	25	57
400	278	25	56
400	278	24	56
400	278	24	58
400	277	24	58
401	278	24	59
400	279	24	59
401	278	24	59
401	279	24	58
401	278	25	60
401	279	24	61
401	278	24	60
402	278	24	61
403	279	23	60
402	279	24	60
403	278	23	61
404	278	23	62
404	278	23	62
403	278	23	61
403	278	23	62
404	278	24	63
404	278	23	63
404	278	24	63
403	279	22	62
403	278	24	64
403	279	24	63
403	279	24	63
403	280	23	62
402	279	24	63
401	280	24	62
401	279	24	62
400	279	24	62
400	279	24	62
400	280	24	62
400	279	24	62
399	280	25	61
399	281	24	61
399	281	24	61
399	281	24	60
398	280	24	59
398	281	24	61
398	280	24	61
397	280	24	61
396	281	24	61
395	281	24	61
395	280	24	62
395	280	24	62
395	280	24	62
395	280	23	61
395	280	23	62
395	280	23	61
396	280	22	61
396	281	23	62
396	281	22	62
396	280	22	62
396	280	22	63
396	280	22	63
397	280	21	63
397	280	23	63
397	280	23	63
398	281	24	62
399	280	27	62
399	280	27	62
400	280	26	62
403	279	27	63
405	280	26	63
405	280	25	62
406	281	27	63
408	281	27	62
410	282	27	61
409	282	29	62
412	281	28	63
412	281	28	63
413	281	27	61
415	280	25	63
416	281	26	64
416	279	25	65
421	280	25	63
419	280	26	63
421	279	25	64
420	279	26	64
428	280	27	62
430	280	25	63
432	279	25	64
432	278	25	64
433	279	27	63
432	279	28	63
433	279	29	64
417	281	28	63
419	282	25	61
418	282	26	62
418	282	26	61
421	284	23	59
419	284	24	59
420	283	24	60
419	285	24	59
446	281	25	57
446	281	26	60
447	279	25	63
447	280	26	62
446	279	27	61
446	279	28	61
449	276	27	65
451	276	26	66
451	277	27	65
453	275	26	67
455	276	25	65
455	277	24	64
455	275	26	64
455	277	26	61
455	275	27	64
456	275	27	65
457	277	25	62
457	275	25	67
456	281	25	62
457	279	24	62
456	278	25	63
456	280	25	65
455	280	25	64
454	280	27	65
454	282	26	62
453	281	27	64
453	280	27	63
451	280	29	65
451	280	30	66
451	280	30	65
450	281	30	64
449	281	30	66
449	282	30	66
449	281	30	66
451	282	28	65
448	282	30	67
449	282	29	66
449	282	27	67
450	281	26	67
449	282	25	67
447	283	27	66
416	292	25	62
415	290	25	63
381	291	26	62
381	291	26	64
380	291	26	63
380	291	26	63
380	291	25	63
364	291	23	61
365	290	25	61
362	291	24	62
363	292	23	62
363	292	23	63
362	292	24	63
362	292	23	63
361	290	23	64
361	291	22	63
361	291	23	62
361	292	23	63
360	292	23	62
360	292	24	62
360	292	24	62
360	294	23	60
360	294	23	61
360	294	23	61
361	294	23	61
360	293	23	63
360	293	24	63
359	293	25	63
358	294	24	63
358	294	26	64
358	294	26	64
358	295	25	64
357	293	25	65
357	293	25	64
356	294	24	64
356	294	24	65
356	294	25	65
356	294	26	65
356	294	26	64
385	295	27	64
428	286	27	64
429	286	27	66
422	288	28	68
418	292	27	66
414	286	28	68
411	289	27	67
402	286	28	70
399	286	28	71
393	286	27	70
389	288	27	68
382	287	26	69
383	285	25	69
381	285	26	69
382	287	26	68
381	287	25	67
381	287	24	65
380	286	25	66
380	286	26	67
379	285	27	67
378	286	27	66
378	287	26	65
378	287	27	65
378	287	27	67
379	287	27	67
377	288	26	65
381	288	26	66
379	288	25	65
381	288	25	66
380	287	26	67
380	286	25	67
380	285	25	70
380	286	25	69
380	287	25	69
378	287	25	69
379	287	26	68
377	288	26	69
378	288	26	69
378	290	26	67
380	290	25	66
378	291	25	66
379	290	23	67
379	291	24	67
378	291	23	66
379	293	23	66
379	293	23	66
380	294	23	65
380	293	23	66
380	295	24	64
380	295	24	64
380	295	25	64
380	291	25	68
382	291	25	69
382	292	25	67
384	291	25	69
385	290	23	68
386	290	23	68
385	291	23	68
386	291	23	69
385	291	24	69
385	292	25	69
386	292	24	66
385	292	25	69
386	291	25	66
386	292	24	67
385	291	25	70
386	292	24	69
387	293	25	70
389	292	24	70
390	292	27	72
391	293	30	76
392	294	28	72
392	293	29	74
393	293	29	73
394	296	27	72
396	293	28	75
397	292	27	76
397	291	28	77
398	292	28	78
398	292	29	78
398	292	29	77
400	292	28	74
400	293	29	78
401	292	28	73
400	294	30	75
401	294	30	75
402	293	30	77
401	294	32	77
403	292	32	73
402	288	33	75
404	288	33	70
405	285	34	71
403	282	36	72
405	278	36	73
405	276	35	73
411	273	31	70
411	270	31	72
414	266	29	74
416	266	28	70
418	262	27	70
420	258	26	70
420	258	27	71
420	258	26	71
420	259	27	69
422	260	25	68
422	260	25	70
425	261	23	66
423	259	24	68
424	258	24	65
424	253	25	69
422	252	27	68
426	247	24	67
425	247	25	63
426	245	25	66
427	246	24	64
428	245	24	65
428	245	24	66
430	246	22	66
430	247	22	66
431	246	23	66
432	249	23	65
432	245	24	68
434	248	23	66
433	246	25	68
432	245	26	68
432	246	27	69
435	246	26	70
432	247	28	70
433	250	27	69
431	251	29	66
432	249	29	69
437	247	27	71
436	248	27	72
432	250	29	71
435	250	28	71
435	251	29	70
436	246	29	73
437	246	29	72
438	245	28	73
438	246	29	72
439	242	29	76
439	245	29	73
440	245	28	73
443	245	27	73
443	247	27	71
444	247	26	73
447	249	24	71
448	250	24	69
449	248	25	73
448	249	25	71
449	248	26	72
448	247	27	72
450	250	27	70
449	249	28	72
448	249	28	71
449	250	28	72
448	249	29	74
448	250	29	74
448	249	29	73
449	249	28	73
449	251	28	72
449	249	28	73
450	251	28	73
451	251	28	74
452	250	28	76
452	254	28	73
453	251	29	77
452	253	29	75
454	253	29	76
454	251	29	79
455	255	30	75
455	251	29	78
455	251	31	78
457	251	31	76
455	250	32	77
456	253	32	75
456	252	32	77
457	252	31	77
456	252	31	80
457	253	30	78
457	252	30	78
457	251	30	79
456	252	30	79
456	252	30	80
456	252	31	80
456	251	31	80
455	251	31	81
455	252	31	81
455	253	31	80
455	252	31	82
455	253	31	81
454	253	32	82
455	253	32	82
454	253	32	81
455	253	32	82
454	254	33	82
454	255	33	81
453	255	31	79
451	255	29	78
453	256	32	76
452	255	31	78
451	256	31	77
448	257	30	78
448	258	31	76
447	258	31	76
445	257	31	77
443	257	30	76
443	257	30	76
443	256	30	77
442	257	30	78
440	258	31	77
440	257	31	78
440	258	31	78
439	259	31	78
439	259	31	77
439	259	31	77
438	259	31	78
438	259	32	78
436	258	32	78
436	259	32	79
435	258	32	79
436	259	31	79
436	260	31	79
435	259	32	80
434	261	32	79
433	261	32	79
433	260	32	79
433	261	31	80
431	260	32	80
431	261	31	80
431	260	31	80
430	260	32	80
429	261	32	80
429	261	32	79
428	262	32	79
428	263	32	79
428	263	32	80
429	263	32	80
429	263	31	79
428	263	31	79
428	263	32	80
426	263	33	81
424	263	34	81
422	263	35	84
417	263	35	81
415	263	33	80
404	264	34	81
399	266	32	81
393	266	33	80
383	266	35	82
377	264	36	83
373	264	35	83
362	265	37	92
359	265	35	88
354	265	35	90
344	267	36	93
340	267	36	100
335	267	37	101
326	267	37	92
323	267	37	91
320	267	36	88
310	266	36	90
306	267	36	87
302	267	36	90
298	268	36	89
287	267	36	88
283	269	35	86
279	269	35	87
275	269	34	87
265	270	34	87
260	271	34	86
251	270	33	87
246	271	34	85
242	271	33	85
233	271	32	86
229	273	32	84
229	273	32	85
229	273	32	85
230	274	32	84
230	274	32	83
231	275	32	83
231	275	32	83
232	275	32	84
233	274	32	82
233	274	33	84
233	274	34	85
232	274	34	85
232	274	33	85
232	275	33	86
232	275	32	86
232	276	31	86
232	276	31	86
232	276	31	86
231	277	31	86
230	277	32	86
231	277	32	86
231	277	32	86
231	277	32	86
230	277	32	86
231	277	32	86
231	278	32	85
231	278	32	85
232	278	32	85
231	279	33	85
232	280	32	83
233	280	32	83
234	280	32	84
234	280	33	85
235	279	32	85
236	279	33	85
237	278	33	87
