515	159	25	86
516	157	24	87
514	157	25	87
513	157	25	86
513	158	25	86
512	158	27	85
509	158	29	87
508	157	28	87
504	157	29	86
501	156	30	87
498	156	29	89
497	156	29	89
493	157	30	90
490	156	30	88
488	158	29	84
488	157	31	82
486	161	31	78
484	166	29	72
485	164	27	69
472	163	28	73
510	159	27	78
509	158	27	78
510	160	30	76
521	158	38	74
508	157	32	77
508	157	32	78
508	160	33	76
446	164	39	65
425	157	28	80
422	157	29	77
423	157	26	83
421	158	28	82
416	157	29	84
413	157	30	82
409	157	28	82
401	157	27	77
392	154	28	77
388	156	28	74
381	158	28	75
377	159	28	76
372	157	27	74
368	156	24	71
365	156	23	70
361	157	23	66
359	156	23	68
351	157	23	65
347	157	26	66
343	156	27	68
336	161	29	63
335	161	27	66
327	159	26	68
320	158	26	69
316	157	27	70
311	157	27	72
308	158	28	72
299	158	28	74
297	161	27	70
293	159	27	75
293	160	26	73
289	159	26	70
287	160	27	74
282	157	31	79
276	158	35	85
271	158	40	89
263	159	44	86
263	159	43	87
258	159	32	87
257	159	30	87
253	161	31	86
249	159	30	87
247	158	32	88
241	159	34	87
238	159	37	87
232	160	41	88
229	159	42	88
227	159	39	88
226	160	35	87
225	160	32	88
223	160	29	87
221	161	28	86
216	159	28	89
212	160	29	88
207	160	32	91
207	159	31	92
206	160	32	92
205	160	32	93
204	159	32	93
203	160	32	91
201	160	31	91
199	161	29	89
191	161	26	88
194	161	26	88
190	160	28	89
190	160	27	89
186	160	28	89
180	161	29	87
182	160	27	88
179	161	26	85
181	161	26	87
178	162	27	87
176	162	27	87
175	161	27	87
174	162	26	87
174	160	26	88
171	163	26	86
170	162	24	84
166	163	25	84
165	162	24	85
162	163	25	86
162	163	25	85
159	161	27	87
158	162	27	88
158	163	27	87
156	163	28	86
155	161	29	89
156	162	29	89
155	163	29	88
156	162	29	89
154	163	30	88
154	162	30	89
153	163	30	87
155	163	30	87
153	164	31	86
154	161	31	89
152	162	31	89
152	161	31	90
154	161	30	90
154	162	30	88
152	162	32	89
154	161	30	89
154	161	31	88
154	163	30	87
153	164	29	86
156	161	29	86
154	163	28	86
151	162	30	87
155	163	28	86
152	162	30	87
152	162	29	88
152	163	29	87
147	162	31	87
147	164	29	85
145	163	30	86
147	165	28	85
145	162	29	88
146	164	28	87
145	164	28	87
144	162	30	87
145	163	32	87
143	162	31	89
144	163	32	88
145	161	34	89
145	162	33	89
141	162	33	88
145	163	34	88
142	162	35	90
143	163	35	89
143	164	35	88
154	162	30	90
151	164	30	87
141	163	30	87
144	163	31	88
144	163	30	88
144	163	30	88
145	162	29	88
146	163	30	87
145	164	32	87
146	163	31	87
150	165	30	87
149	162	29	88
149	164	28	86
150	164	29	85
151	164	27	84
148	164	30	86
152	163	28	86
153	162	28	86
154	165	28	85
156	162	27	87
156	161	28	88
156	163	28	87
156	162	28	87
155	162	29	87
156	162	29	87
154	162	29	87
155	162	28	88
154	163	29	87
156	162	30	87
154	162	30	88
153	163	29	86
154	162	29	87
155	162	28	87
154	161	29	88
153	162	29	88
154	162	29	88
152	163	29	87
153	161	29	88
152	162	29	88
151	162	28	86
152	163	28	85
152	162	28	85
151	162	29	84
150	163	30	85
148	163	30	85
148	164	29	85
148	163	28	85
146	164	29	84
147	165	28	83
146	164	28	84
147	163	27	85
146	164	27	84
148	163	29	85
152	162	28	84
153	160	31	86
149	162	33	86
148	163	35	88
146	163	34	85
145	162	36	88
145	161	36	88
145	161	36	89
150	161	33	89
155	159	29	88
158	160	29	86
159	160	29	86
161	162	28	85
162	162	28	86
162	162	29	86
165	160	28	88
164	161	30	88
166	160	29	90
167	162	28	89
170	161	27	91
169	160	28	90
171	162	30	89
171	161	29	91
173	160	29	90
172	163	31	88
173	161	34	90
172	161	35	90
176	163	32	89
176	162	31	91
177	161	31	91
177	161	30	90
179	160	30	92
177	160	32	90
178	159	31	92
177	160	32	91
182	161	30	90
181	162	30	90
182	161	30	90
183	161	30	90
184	162	29	89
185	161	29	90
185	161	29	91
157	162	31	89
159	161	31	89
159	161	32	90
161	161	32	90
163	161	31	90
167	161	31	91
172	162	31	90
176	162	29	89
177	159	29	91
178	161	28	89
178	159	29	91
180	162	28	89
181	161	31	88
180	161	32	89
182	163	34	89
182	164	35	89
181	164	32	88
180	161	33	90
181	161	32	90
180	161	33	89
177	162	31	89
176	161	29	88
174	161	29	87
174	164	27	85
173	164	26	84
172	163	27	86
171	163	27	87
169	164	29	88
169	163	29	87
168	161	27	88
168	163	28	89
168	162	29	89
167	162	29	89
167	162	30	88
167	163	30	88
168	162	30	88
167	162	29	89
168	162	28	88
169	161	28	90
167	163	28	87
168	161	27	89
167	161	28	90
167	161	29	89
167	162	29	88
167	161	28	89
167	162	29	88
166	160	29	91
165	160	30	91
165	161	30	90
164	160	29	90
163	160	29	88
162	161	29	89
159	159	31	91
157	160	30	90
156	161	31	90
156	159	32	90
155	162	33	88
158	161	33	89
152	162	33	89
151	161	35	90
150	161	36	90
149	161	35	90
147	161	35	91
148	161	33	91
149	161	33	90
146	162	35	89
147	161	33	90
145	162	34	88
184	158	33	92
184	161	32	90
182	160	32	91
183	160	32	90
183	160	32	90
184	159	31	90
185	160	31	89
184	160	32	89
186	161	31	89
186	160	31	89
185	160	31	89
186	160	31	89
148	163	31	85
150	163	30	86
149	162	30	85
149	163	29	83
148	163	29	83
151	163	31	85
153	161	30	86
152	162	30	85
151	162	32	85
152	161	33	85
152	164	35	84
151	163	36	86
153	161	37	87
160	163	32	83
175	162	29	86
181	159	32	89
178	161	31	87
180	159	32	88
183	160	31	86
178	160	33	86
181	160	34	87
181	160	32	86
183	161	33	86
182	162	33	84
186	159	31	87
190	161	31	87
188	159	31	89
199	159	28	88
198	160	30	87
200	160	31	86
210	161	33	84
208	162	36	83
211	162	38	84
217	160	34	85
219	161	34	85
224	161	30	85
230	160	27	86
233	159	27	87
235	158	29	87
235	159	32	86
237	159	35	87
237	159	35	87
239	159	35	88
240	159	34	88
240	159	35	87
244	158	33	88
245	157	32	89
247	158	31	89
249	158	30	90
250	158	29	90
250	158	30	89
250	158	31	89
250	159	31	88
250	160	31	89
249	160	32	89
248	158	31	89
248	158	32	90
248	158	31	90
247	158	33	89
248	159	31	90
246	159	32	90
247	159	30	91
244	160	32	89
245	160	30	90
242	160	30	89
242	160	30	89
241	159	29	90
240	159	29	91
238	159	29	90
236	160	30	89
233	161	33	89
230	162	34	88
227	163	37	88
226	162	37	88
223	163	37	87
221	163	38	88
219	161	36	89
219	161	32	89
215	161	30	89
214	162	29	89
210	161	30	90
207	162	32	90
196	158	38	93
196	160	40	91
194	160	42	92
191	159	43	93
189	159	42	94
189	159	36	95
186	159	34	93
186	159	34	93
184	159	34	92
185	160	31	91
185	159	29	92
174	162	31	88
173	161	33	90
171	162	33	89
168	162	35	90
166	161	33	90
164	162	29	88
161	161	27	89
159	160	28	91
156	160	30	93
154	163	32	90
151	161	33	93
149	162	34	89
146	162	36	90
145	160	37	91
143	160	38	92
143	159	35	92
141	160	37	93
138	160	36	93
138	161	36	91
134	161	35	90
134	161	34	90
132	163	34	88
130	165	34	87
128	163	35	88
127	162	34	89
126	164	36	89
125	162	33	90
123	163	34	89
121	162	34	91
120	162	33	90
117	162	32	91
116	162	32	87
115	162	34	89
115	161	34	88
113	162	35	90
112	162	35	88
110	162	34	89
109	162	34	89
109	162	32	87
108	161	32	88
109	162	30	87
109	161	30	88
108	162	30	87
108	162	32	87
107	162	31	86
108	162	32	87
107	161	33	89
107	162	32	88
109	162	32	87
109	162	32	86
109	163	32	86
109	162	31	87
110	161	31	86
111	161	30	86
111	162	29	86
112	162	29	86
112	163	28	85
112	162	28	85
112	161	28	86
114	161	27	85
114	161	27	86
113	160	28	86
114	161	27	86
114	160	27	86
113	161	28	86
114	161	27	87
114	161	27	87
115	161	28	87
117	162	30	85
118	163	31	84
118	162	30	85
120	162	30	86
120	161	29	86
121	161	30	86
122	161	30	86
123	162	31	85
126	161	30	86
128	161	30	86
127	162	30	85
130	161	29	86
129	160	29	86
130	162	29	85
131	162	30	85
131	161	29	86
131	162	29	84
131	161	30	87
132	161	30	85
131	160	31	86
132	161	29	85
133	161	29	85
132	160	29	85
132	160	29	84
133	161	29	83
133	159	29	86
135	160	29	84
133	160	28	87
134	161	29	84
133	160	30	85
134	161	28	84
133	160	29	87
134	160	29	85
135	160	30	85
135	161	29	85
136	160	31	86
134	161	32	86
136	161	32	87
134	160	31	86
136	161	31	85
135	160	32	86
134	161	32	86
133	160	32	85
132	161	33	85
130	160	32	85
130	161	32	84
129	161	33	85
128	162	34	84
127	163	34	84
125	162	34	83
122	163	34	84
121	164	33	84
117	163	31	84
115	164	30	83
112	163	32	83
109	163	34	83
107	164	35	83
103	166	39	80
99	165	42	82
97	164	41	83
94	164	42	82
93	163	40	83
92	163	36	84
89	163	32	82
87	164	29	84
80	162	32	86
74	163	37	83
69	164	43	83
67	165	44	85
66	164	41	85
64	164	40	84
62	165	38	84
59	164	32	86
58	164	31	84
52	164	29	84
51	164	30	84
45	166	33	83
40	165	36	81
37	167	35	82
35	167	30	81
33	165	28	80
32	167	27	80
30	165	26	80
25	166	28	81
21	164	29	81
17	164	30	82
15	164	32	84
13	164	33	85
11	164	34	84
10	164	35	87
7	163	37	87
4	162	36	89
2	162	33	87
0	165	30	85
0	165	29	84
0	166	26	84
