67	135	19	34
66	131	16	38
67	131	17	38
71	132	17	39
71	132	17	40
70	131	17	41
72	130	17	41
72	130	17	40
71	131	18	40
76	132	18	40
78	131	18	42
77	131	19	42
78	131	19	41
79	132	17	39
80	131	19	41
83	133	19	42
84	131	18	43
86	131	18	44
89	131	17	43
91	131	18	42
93	132	17	42
94	134	18	41
96	132	18	43
101	132	18	46
100	134	17	45
101	133	18	46
102	132	18	48
102	133	17	44
102	133	16	45
102	134	17	45
102	133	17	45
102	134	17	46
101	133	17	47
111	136	19	41
112	136	19	42
114	137	19	40
115	136	18	41
114	137	20	39
115	136	20	40
120	138	20	42
120	139	20	41
122	140	20	40
123	140	19	38
125	141	19	36
128	139	20	38
129	140	21	36
134	141	19	37
137	140	18	37
137	140	18	36
138	140	19	37
139	141	20	38
140	141	21	39
143	141	21	39
145	140	19	38
147	141	19	37
150	143	19	37
152	142	19	40
152	139	20	40
152	140	21	43
152	142	20	39
154	142	20	42
153	141	20	43
153	141	20	43
153	141	21	43
154	142	19	42
155	142	20	41
156	141	20	43
156	141	20	43
159	140	19	43
161	139	19	45
162	140	18	43
171	140	19	47
168	141	20	49
168	140	20	50
168	142	19	50
170	143	20	47
174	141	20	50
174	142	20	49
177	143	19	49
177	141	20	50
178	142	20	46
180	143	20	47
181	143	19	46
183	143	18	47
185	143	18	46
185	143	18	48
184	145	19	44
185	146	20	43
187	145	19	41
188	143	19	39
192	144	19	37
192	144	17	39
192	143	17	34
191	146	17	41
192	145	18	43
191	144	18	42
193	144	18	44
191	145	19	47
193	145	20	50
194	146	19	51
195	146	19	52
195	148	21	51
196	146	21	51
196	147	21	51
196	147	21	51
198	147	21	49
205	147	21	53
204	148	22	52
204	148	22	52
206	150	21	52
208	149	21	51
210	147	23	54
212	147	21	55
212	148	22	55
220	147	21	54
215	148	23	54
215	149	23	52
216	150	22	54
219	148	22	54
220	149	20	55
222	150	19	53
226	150	22	53
225	150	22	54
227	150	23	55
229	149	24	55
232	150	22	56
237	149	22	56
238	152	22	55
236	152	23	57
233	152	25	57
235	154	24	53
233	154	25	55
236	153	22	55
237	152	21	55
239	153	22	55
242	156	24	55
246	154	23	56
246	156	23	53
247	157	24	54
248	158	23	53
249	158	24	52
250	157	26	56
254	156	23	55
255	156	23	57
256	157	21	56
257	159	20	54
258	158	21	53
262	159	20	54
262	158	23	54
262	161	24	53
265	162	23	52
267	161	22	50
270	160	23	52
271	160	22	55
270	160	23	53
276	159	24	56
277	157	23	57
277	158	23	54
278	159	23	53
279	162	23	53
281	162	24	54
288	162	25	55
295	163	26	52
294	164	26	51
303	163	25	54
306	161	22	57
305	163	23	58
307	165	23	58
309	167	23	56
312	168	23	55
323	168	22	59
322	168	22	56
322	169	22	57
322	170	23	54
325	171	22	55
326	171	22	55
329	170	21	53
332	171	21	54
333	171	22	58
337	171	23	57
337	170	22	59
336	170	24	58
337	170	24	58
340	172	25	59
342	171	22	59
346	172	22	59
348	173	23	60
349	173	24	60
358	172	24	61
360	174	23	60
364	176	23	58
365	176	24	63
366	176	23	60
368	176	25	63
368	176	26	65
370	174	26	68
374	174	24	68
375	175	25	65
378	177	25	65
381	178	24	63
382	178	24	65
380	178	26	64
384	180	24	62
386	180	23	61
388	180	24	61
397	182	24	63
398	182	24	60
398	182	24	61
400	184	25	61
400	184	26	61
405	183	24	61
408	185	23	62
418	184	24	60
415	185	26	59
418	187	26	60
424	187	24	53
429	186	25	55
431	185	24	60
434	187	24	64
436	187	25	64
438	187	24	60
438	188	24	58
447	182	23	66
439	187	27	63
445	188	26	66
455	184	28	70
465	189	25	67
459	194	24	61
461	192	23	64
462	191	26	62
464	191	26	65
465	192	29	62
464	193	27	66
474	192	26	69
475	194	25	68
485	196	23	67
483	199	25	64
485	199	26	64
485	200	27	65
489	200	28	72
497	200	26	72
510	206	28	70
511	207	28	68
513	206	29	69
518	205	27	70
523	208	25	65
528	210	24	67
529	211	26	68
529	210	26	72
531	210	27	69
533	210	29	71
534	211	30	72
535	211	29	74
538	211	29	73
547	210	27	77
550	212	27	76
551	211	29	78
558	211	27	79
560	211	29	79
560	213	31	76
561	214	33	79
568	213	30	79
573	213	30	76
578	214	27	78
583	215	28	80
586	218	30	75
