3	162	25	86
4	162	26	84
6	162	26	84
8	162	27	84
12	162	29	85
13	162	30	85
16	162	29	85
15	163	31	84
17	163	32	86
20	162	31	86
23	162	31	87
26	162	29	86
31	163	27	83
34	162	27	83
37	162	27	83
40	162	29	81
41	161	31	82
43	162	34	82
43	162	34	83
45	162	33	85
49	161	32	87
54	161	31	87
59	161	29	87
61	161	29	86
62	161	30	86
64	162	31	86
65	163	31	86
70	162	32	86
74	161	30	88
80	161	27	88
81	160	26	86
86	159	25	87
89	159	27	89
91	160	29	88
92	161	34	87
92	161	36	87
92	161	36	88
93	163	36	86
98	162	33	87
101	162	31	87
107	161	28	88
113	161	27	87
115	162	31	86
117	163	33	87
118	162	35	88
121	161	36	90
126	160	32	90
129	160	32	89
133	159	30	89
137	159	29	89
137	160	30	89
139	160	31	89
141	163	35	87
142	161	35	89
143	162	36	89
144	158	36	92
150	158	34	92
154	158	31	92
157	158	30	92
162	158	30	92
164	160	28	89
165	159	27	90
166	160	29	89
168	159	32	90
167	160	34	89
172	161	32	90
176	159	29	91
179	161	28	90
179	159	30	91
182	160	28	90
183	159	31	90
185	159	30	90
185	159	32	90
186	160	36	89
187	160	36	89
188	160	38	89
188	160	38	90
190	160	38	90
194	160	36	90
198	160	35	89
202	160	32	90
203	158	31	91
206	159	29	90
210	159	30	89
208	159	31	90
208	158	32	91
210	160	32	90
209	159	32	92
209	160	32	91
209	160	31	91
209	159	32	92
207	159	32	92
206	160	32	90
205	159	32	91
201	160	32	91
200	160	32	91
200	158	33	92
199	158	34	93
198	158	35	93
198	159	35	92
199	159	33	91
197	160	32	91
196	159	32	91
195	160	31	91
189	159	35	92
189	159	34	92
187	159	33	92
188	160	32	91
184	159	34	92
181	159	35	92
183	160	32	90
183	159	32	90
182	159	33	91
182	158	32	91
160	159	29	90
181	158	31	91
179	160	31	90
178	160	31	90
177	161	32	90
176	162	32	89
170	160	35	91
164	162	37	90
163	159	36	91
162	161	35	91
159	159	33	90
157	162	33	89
158	161	33	90
156	161	33	90
158	160	32	92
156	162	32	90
157	161	31	90
157	162	31	89
158	160	31	91
156	161	31	89
158	160	30	90
156	162	31	88
155	160	31	90
155	159	32	91
156	161	30	88
157	159	31	92
155	161	32	89
158	159	31	90
156	160	31	90
156	161	31	89
157	160	30	89
155	163	31	86
154	160	31	88
154	163	29	85
154	161	30	88
154	161	30	88
152	162	29	88
150	162	32	88
149	161	33	90
148	161	33	90
147	160	34	91
151	160	32	89
150	160	35	90
146	160	37	91
147	160	35	91
148	161	36	90
148	160	35	90
146	161	37	91
149	160	33	91
149	160	33	91
147	160	34	91
150	161	34	91
150	161	33	90
154	159	32	92
153	161	32	90
157	161	30	90
152	161	34	90
155	160	31	91
159	159	29	92
156	161	30	89
158	161	30	90
157	162	30	88
157	162	30	89
156	161	32	90
155	160	31	90
159	158	30	91
156	161	31	89
160	160	30	90
158	160	31	90
158	159	30	91
160	160	30	90
158	161	30	88
160	160	30	90
159	160	29	89
157	161	30	88
160	160	30	90
161	160	30	88
159	161	31	89
159	161	29	87
157	160	31	89
159	160	31	88
171	160	32	88
173	160	32	88
174	158	31	91
172	161	33	88
175	160	30	88
175	156	30	92
174	159	30	89
179	158	29	90
177	157	31	91
176	157	32	91
177	160	31	88
178	160	30	88
178	160	29	89
177	160	29	88
176	159	30	88
172	157	31	91
171	158	30	88
175	159	28	87
160	159	29	88
163	159	31	89
160	159	29	86
159	160	31	86
155	161	33	87
151	161	33	88
148	160	33	87
148	159	35	89
147	159	35	89
147	160	34	88
146	158	34	90
141	159	32	90
140	159	32	88
138	159	32	90
137	159	33	88
136	160	33	87
133	160	32	88
132	162	31	87
132	161	31	87
131	161	32	87
128	161	33	89
129	161	34	89
130	161	31	88
131	161	34	89
132	161	33	90
133	161	31	90
133	160	31	89
133	160	31	89
135	160	32	89
135	160	31	89
136	161	31	88
137	161	30	89
138	161	31	89
139	160	31	89
140	163	33	87
142	162	34	88
143	161	34	89
143	160	34	91
145	160	34	91
149	159	32	90
150	159	30	90
155	159	29	90
157	159	30	91
158	159	31	90
160	161	30	90
162	161	29	89
163	161	29	89
164	160	30	90
165	161	31	90
170	161	31	90
175	161	30	90
177	161	30	89
180	158	31	92
181	161	29	90
181	161	30	89
182	162	29	88
184	162	32	87
184	162	34	87
183	161	36	89
184	162	38	89
186	161	37	89
185	162	38	90
188	160	37	90
191	160	36	91
196	161	32	91
200	159	31	91
202	160	31	90
205	159	32	91
206	159	34	91
206	159	37	91
207	160	38	90
207	160	39	90
209	160	36	91
210	160	33	91
211	159	33	92
212	159	32	92
213	158	31	92
214	158	32	92
213	159	32	91
214	158	32	91
215	159	31	90
214	159	30	89
213	159	30	90
211	159	33	89
211	159	33	89
209	160	35	90
208	160	34	90
207	159	35	90
206	159	35	90
205	158	32	90
204	158	31	90
201	158	32	90
200	160	30	89
200	159	29	89
198	158	30	89
195	159	31	88
192	161	32	87
193	159	32	89
193	158	32	90
190	158	32	90
190	160	33	89
189	159	33	88
189	159	32	88
189	160	31	88
188	158	32	89
187	159	32	88
185	159	34	88
186	160	32	89
185	160	33	89
186	159	32	89
185	160	32	88
184	160	34	88
184	160	33	88
184	160	33	89
185	160	33	88
186	159	33	89
185	161	33	88
184	160	33	89
186	160	33	88
186	161	33	88
186	160	32	88
186	160	32	88
186	160	32	89
187	160	32	89
187	159	32	89
187	159	31	89
187	159	31	89
188	159	30	89
187	159	31	89
187	160	32	88
187	160	32	88
187	160	31	88
187	159	31	88
186	160	32	87
185	159	32	88
187	161	33	87
186	159	32	89
183	159	34	89
187	160	32	88
182	161	35	87
189	159	30	89
183	160	35	87
185	159	34	88
183	160	35	87
183	160	36	87
183	159	36	87
187	161	34	87
189	161	33	87
192	158	32	89
194	159	31	88
192	159	32	88
196	158	30	89
194	159	32	88
192	159	32	88
193	159	32	87
215	161	33	85
213	160	36	86
220	161	34	85
222	159	33	86
189	160	32	89
189	160	32	88
189	160	31	88
187	158	34	90
187	159	33	89
189	160	31	89
187	159	33	89
186	159	34	88
190	160	31	88
189	158	33	90
189	160	32	88
189	160	32	88
189	160	32	88
188	159	32	89
189	160	31	88
189	158	32	90
188	160	32	89
189	160	32	89
189	159	31	89
190	160	31	89
190	158	31	90
189	159	31	89
189	159	32	89
190	159	31	90
191	158	32	90
189	159	32	89
189	159	32	90
191	159	32	89
188	158	32	90
188	159	33	89
189	159	32	90
188	159	32	90
188	158	32	90
189	158	32	90
186	159	33	89
188	159	33	89
186	160	34	89
186	158	34	90
186	159	34	90
187	160	34	89
187	159	35	90
193	160	35	89
189	158	32	91
188	159	33	90
188	158	33	90
189	159	31	90
190	158	30	90
192	158	29	90
190	158	30	90
198	158	39	93
195	158	40	93
194	158	38	93
193	158	32	93
188	157	34	94
188	159	34	93
186	159	35	93
188	159	34	91
192	159	29	92
195	158	27	92
194	157	29	91
191	158	31	91
193	159	30	91
192	158	30	91
191	158	32	90
191	158	31	92
191	157	33	91
193	158	31	90
190	158	33	91
195	159	29	90
192	159	31	90
194	158	30	91
192	158	31	91
194	157	29	91
190	157	32	91
193	159	30	91
191	158	31	91
193	157	30	92
192	158	31	91
193	157	30	92
190	158	31	91
192	158	29	91
190	158	31	90
186	158	34	90
189	160	31	90
189	159	31	90
187	160	31	89
190	159	29	90
186	157	31	89
187	159	30	89
184	158	32	89
181	158	35	89
182	160	35	87
177	160	39	87
176	160	39	88
174	159	40	89
175	159	39	89
174	159	39	89
173	159	38	89
174	159	38	89
170	158	40	90
172	159	36	88
168	159	38	89
172	157	31	91
170	158	32	90
169	156	31	93
109	162	33	88
110	161	33	87
111	161	33	86
110	162	33	85
112	161	34	86
113	161	32	86
113	162	31	86
113	161	30	85
113	162	30	85
113	161	30	86
114	162	29	85
113	161	30	86
115	161	28	86
115	161	29	85
114	160	29	86
115	162	29	85
115	161	29	86
115	161	30	85
117	162	29	85
117	160	29	87
118	161	29	86
119	160	31	85
120	161	30	84
121	161	30	84
123	161	28	84
123	160	29	85
124	160	29	85
126	160	30	85
128	160	31	85
176	159	28	90
174	159	30	89
175	157	28	91
175	158	28	90
173	159	30	88
172	158	29	89
174	159	28	88
170	157	31	90
173	159	30	89
172	157	30	91
173	158	29	89
172	155	30	93
175	158	28	90
176	157	27	91
177	159	27	88
178	159	27	87
177	158	28	88
179	158	29	88
179	159	33	88
180	160	35	88
180	159	37	89
181	160	36	89
182	161	36	88
185	161	36	88
188	159	35	89
193	159	33	89
198	158	32	91
200	159	32	89
202	159	35	89
203	159	36	90
203	159	38	89
206	158	37	90
210	159	34	90
215	158	32	90
219	157	30	89
222	157	29	89
224	157	31	89
227	158	32	89
226	157	34	90
228	156	38	92
227	156	39	90
228	157	39	89
233	157	36	90
236	157	35	91
243	157	30	90
249	156	28	90
253	156	28	90
254	158	30	89
255	158	34	89
255	159	36	89
256	159	37	88
257	158	37	89
260	157	35	91
265	157	32	91
273	155	32	90
278	153	31	93
281	154	35	92
282	157	37	89
284	158	38	90
287	157	40	88
290	154	40	89
299	156	37	76
299	157	31	74
302	156	31	75
309	156	34	69
311	156	33	71
315	156	32	69
318	156	27	65
322	156	24	67
329	154	27	65
336	155	29	65
337	154	33	70
340	154	35	68
344	153	33	71
346	156	35	71
351	156	36	71
354	156	38	72
362	155	39	73
364	153	33	75
368	154	33	73
370	153	33	73
374	153	29	73
378	154	29	71
382	154	28	72
386	153	26	76
390	152	28	80
393	152	32	79
395	152	33	76
401	154	33	76
405	153	33	83
408	153	31	86
412	152	30	86
416	152	28	89
418	150	26	90
