531	72	27	113
527	72	32	110
526	71	31	113
524	72	31	114
523	72	31	114
520	72	32	115
519	72	32	114
516	72	34	113
513	72	36	113
510	72	38	113
509	72	39	112
507	72	39	113
505	72	38	114
504	72	38	112
503	73	37	115
502	73	38	115
501	73	38	115
499	75	38	112
499	75	37	113
497	75	37	114
496	76	37	115
496	76	36	116
494	76	36	115
492	76	36	115
492	76	36	115
490	76	35	115
489	76	34	115
489	75	32	116
486	75	33	115
483	76	32	115
481	76	33	114
480	76	33	115
475	76	37	113
471	77	38	114
467	78	39	114
468	78	36	115
467	77	37	115
466	78	35	115
465	77	35	115
464	77	35	116
462	77	36	116
459	77	36	115
457	78	36	113
454	78	38	114
451	79	39	112
450	78	41	114
447	78	41	115
446	78	41	116
443	79	41	115
444	79	40	116
442	80	40	116
442	81	39	115
442	81	38	115
441	81	37	115
442	82	35	115
440	82	36	116
438	83	36	115
437	83	35	115
436	83	34	114
436	83	33	114
434	83	33	115
432	84	32	114
432	83	32	116
430	83	32	114
427	84	33	114
425	85	33	114
422	85	34	113
418	85	36	113
416	85	37	113
413	86	38	115
415	86	34	115
413	85	34	116
411	85	35	118
411	85	33	117
410	85	31	117
408	84	31	116
406	84	31	116
405	85	32	114
403	85	34	116
399	85	36	117
398	85	37	119
397	85	37	119
398	86	38	120
398	87	47	120
398	86	45	122
397	86	45	120
395	88	45	120
395	89	47	121
392	89	47	121
392	88	45	122
392	89	43	121
390	90	41	119
393	92	37	117
391	92	38	118
388	92	38	119
387	92	39	119
384	92	40	119
383	92	39	121
382	92	38	121
379	92	39	118
377	93	40	118
374	94	42	118
371	94	42	116
371	93	42	118
369	94	42	117
368	94	40	118
370	96	39	117
367	96	38	117
365	96	40	118
366	95	40	118
363	96	41	117
363	94	43	120
358	92	45	122
357	92	43	124
354	92	43	124
353	92	43	124
352	91	44	125
350	92	44	124
349	91	45	124
348	91	44	126
346	92	45	124
343	92	46	123
342	92	45	125
340	92	45	121
342	92	43	123
340	93	42	123
339	92	43	125
341	93	41	123
334	92	44	124
340	93	39	123
337	93	38	123
339	94	36	123
336	95	36	122
331	94	38	122
336	95	36	119
338	95	34	120
335	95	36	120
330	95	38	119
332	97	37	118
327	97	39	118
324	97	40	119
324	99	41	120
319	99	42	120
314	100	44	118
308	100	49	120
311	99	47	124
306	99	46	122
302	99	48	121
300	100	48	122
296	100	48	123
294	101	47	123
291	102	45	123
290	101	45	123
288	101	44	121
288	103	44	119
289	102	44	118
285	102	45	119
282	101	47	119
284	96	45	125
281	96	46	129
279	97	47	127
276	103	46	121
273	104	47	122
270	103	47	122
267	102	47	125
268	105	44	123
263	105	45	122
262	106	44	122
260	105	43	123
257	104	44	122
255	106	44	120
252	106	44	120
250	106	44	120
251	106	44	120
243	106	49	121
240	106	51	122
238	107	51	123
237	106	50	124
235	106	51	124
231	107	54	124
229	104	53	127
229	106	51	125
225	106	51	126
224	107	49	124
220	106	49	126
219	105	48	126
216	104	47	125
216	106	45	124
213	106	45	123
209	106	46	123
208	106	47	123
206	105	47	124
202	106	49	126
202	107	48	124
198	108	52	124
197	108	51	124
193	107	50	125
194	106	48	123
190	108	48	127
188	105	45	127
188	105	44	125
184	106	42	126
181	107	44	123
180	107	43	124
172	108	47	124
169	107	48	124
169	108	46	125
166	108	48	124
167	108	48	124
160	109	53	125
164	108	50	125
153	107	55	128
152	106	56	129
150	105	55	131
149	106	54	130
148	105	51	131
146	105	49	132
145	104	47	132
143	105	46	131
141	105	44	130
139	106	43	125
137	107	43	125
133	108	45	125
129	107	47	124
126	107	49	126
124	106	53	128
121	104	56	130
116	104	58	133
116	104	57	132
113	104	57	134
113	103	53	133
111	102	49	133
111	101	48	129
111	102	45	129
109	103	42	128
107	103	42	127
106	103	39	126
104	104	39	125
102	104	39	126
99	103	40	128
98	104	40	129
98	104	39	127
95	105	40	126
93	105	41	124
96	105	39	125
91	104	40	125
91	103	41	126
89	103	41	127
84	103	41	126
85	101	40	129
81	102	39	126
81	102	39	124
79	101	37	126
76	102	37	124
72	103	38	126
71	102	39	123
72	102	38	124
67	102	40	122
64	103	41	123
67	105	41	122
60	103	43	123
56	104	44	124
72	105	47	128
78	104	45	124
75	103	52	127
96	104	49	127
98	103	49	129
101	101	55	130
113	101	47	124
124	98	53	121
126	99	49	127
146	99	46	129
148	100	48	123
166	99	43	126
167	100	47	126
180	100	48	125
180	107	57	124
196	103	53	121
197	104	60	124
203	107	60	116
227	103	52	120
230	105	56	119
245	105	50	113
239	122	58	98
261	116	50	105
267	122	49	99
287	135	44	85
292	127	40	90
305	130	37	93
318	118	36	99
327	118	39	98
332	99	48	120
339	114	46	110
354	103	39	116
368	102	38	114
380	106	38	111
390	111	37	110
396	109	39	115
408	108	39	115
415	105	39	115
427	100	40	121
437	100	41	122
448	98	42	125
449	100	39	124
442	102	42	124
448	100	42	126
445	99	43	128
464	97	37	128
459	97	37	127
463	95	35	127
455	96	36	125
453	96	36	125
447	96	36	126
434	97	39	127
444	95	39	126
440	96	36	127
426	98	42	126
434	96	40	126
431	95	39	128
434	95	40	127
433	94	39	126
430	94	40	125
429	95	38	126
427	94	35	125
423	94	38	127
420	95	39	127
418	96	40	127
416	95	40	126
414	97	41	126
411	96	43	125
408	97	43	124
406	98	45	123
405	98	45	122
402	97	42	122
400	97	42	124
399	97	37	123
394	97	38	122
396	97	35	123
391	97	36	122
391	96	34	124
382	96	35	126
385	95	36	125
382	96	37	125
379	97	38	125
378	97	37	124
377	97	38	123
373	96	39	122
372	97	40	123
368	97	41	124
368	95	42	125
362	97	44	125
362	95	43	126
361	96	41	124
359	97	40	122
357	96	40	123
355	96	38	122
353	96	36	122
352	95	37	123
349	96	38	124
347	96	38	123
344	97	39	122
342	97	42	121
338	98	42	124
337	99	42	122
334	99	44	122
331	99	46	123
331	100	44	121
327	98	44	121
325	100	43	120
324	97	40	122
320	97	40	124
319	98	40	124
318	97	40	123
315	98	40	125
313	98	39	124
310	98	41	123
308	99	42	123
306	100	42	124
304	99	43	122
302	100	44	122
299	99	45	123
296	100	47	122
294	100	48	123
292	98	50	125
289	98	50	127
288	97	47	126
286	97	46	124
285	97	43	124
283	96	41	123
281	96	41	125
280	96	41	125
279	95	40	126
276	95	40	126
274	96	41	125
273	95	42	126
270	95	44	126
267	95	44	127
266	96	44	126
264	97	44	126
260	98	46	125
259	99	49	123
254	97	51	123
253	99	50	120
251	99	49	122
252	98	48	122
248	99	48	121
248	99	43	120
245	98	41	123
243	99	40	123
243	98	39	121
240	98	39	122
238	98	40	123
235	99	40	122
235	99	42	121
230	101	43	120
227	99	44	123
225	99	46	123
222	99	47	124
220	100	49	123
219	99	49	123
215	99	49	123
215	100	48	122
212	100	49	122
212	99	47	121
209	99	46	122
208	97	43	124
207	98	41	124
206	98	39	123
203	98	39	124
203	99	39	123
199	98	40	124
198	98	42	123
196	99	41	123
193	99	43	123
190	99	44	123
185	100	47	122
182	101	50	121
182	101	48	120
178	101	50	120
176	100	49	120
174	100	50	120
172	100	48	121
171	100	44	122
169	100	42	120
166	99	41	124
167	99	39	123
163	99	39	123
162	99	40	123
160	100	41	122
158	98	41	125
155	99	41	125
152	97	43	126
150	100	44	125
149	100	45	124
147	99	44	123
143	100	43	123
140	100	43	121
154	100	45	122
157	99	45	123
177	98	44	123
174	98	44	122
188	99	42	123
193	99	42	121
207	97	40	123
218	97	41	124
225	97	41	123
240	97	41	120
244	98	41	119
256	99	40	120
261	99	42	118
271	99	44	119
282	96	44	120
288	98	42	119
307	98	43	117
310	95	44	119
307	96	46	118
303	93	43	120
303	94	41	119
302	92	39	121
297	93	39	120
298	91	37	121
296	90	37	121
292	91	39	117
291	89	41	118
289	88	41	122
294	87	47	122
293	87	92	107
289	84	86	108
285	84	83	111
280	83	79	111
278	83	59	125
273	87	74	111
237	88	68	123
261	86	66	125
214	82	72	121
202	84	72	118
195	86	73	112
183	85	72	109
177	82	73	110
167	84	78	110
160	85	78	110
152	84	90	111
142	82	93	113
133	84	112	111
125	84	114	108
121	85	124	109
108	84	116	109
99	85	122	108
93	84	118	108
86	87	119	105
79	86	119	108
69	89	123	104
72	88	109	104
65	87	108	106
61	87	106	106
57	88	97	104
49	84	96	107
42	89	94	104
30	87	98	109
28	89	93	104
21	85	90	108
32	79	64	108
32	77	59	107
53	97	46	104
13	92	55	100
29	32	54	85
26	36	54	81
22	31	44	72
23	25	40	73
29	27	36	70
34	22	35	68
36	25	30	64
38	26	29	62
40	20	30	64
41	23	29	69
38	25	30	70
41	32	39	70
17	28	48	71
12	21	36	74
25	27	39	70
22	31	43	76
27	36	47	76
26	26	43	75
25	31	44	76
32	26	34	70
33	20	38	74
26	36	48	73
111	100	42	88
165	91	40	115
183	87	45	119
182	85	46	122
179	84	45	122
178	84	42	122
176	84	41	122
174	85	40	120
