469	104	18	42
469	104	17	41
469	104	17	42
469	104	17	40
469	103	16	41
469	104	16	38
469	103	16	39
468	104	17	40
468	105	17	41
467	104	16	42
468	105	17	42
467	104	17	42
466	105	17	42
466	105	17	42
466	106	17	41
466	105	17	42
467	105	17	42
467	105	17	43
467	104	17	44
468	106	17	43
468	107	17	43
466	106	17	43
467	106	17	43
466	105	17	44
466	106	18	44
466	106	18	44
466	106	18	44
466	107	18	43
466	107	18	43
465	107	17	45
463	108	18	44
461	108	18	44
462	109	18	44
462	109	18	45
461	109	18	42
461	108	18	43
461	108	18	43
461	109	18	44
458	110	18	44
459	109	18	44
457	109	19	43
457	110	18	44
457	111	18	44
457	110	18	46
457	109	18	46
456	110	18	46
456	110	18	46
456	111	18	47
455	111	18	45
454	110	18	47
454	111	18	47
453	111	18	46
452	112	20	47
452	112	19	46
453	113	19	45
452	111	19	47
452	111	19	48
452	111	18	47
449	113	19	46
447	112	19	45
447	113	19	45
447	113	19	45
447	115	20	43
447	114	20	44
447	113	19	45
446	114	20	45
445	114	19	44
444	114	19	46
444	115	19	45
444	114	19	47
444	114	19	46
444	114	18	45
443	114	19	47
443	116	18	46
445	116	19	45
443	116	19	44
443	116	20	45
444	115	19	46
443	116	19	48
441	116	19	49
443	116	19	48
441	116	20	48
441	116	19	47
441	115	19	49
441	117	20	46
442	118	19	46
442	118	20	48
442	118	19	48
442	118	19	49
442	119	18	48
441	118	19	48
440	118	19	49
442	118	19	50
441	119	19	50
441	119	20	50
442	120	20	49
442	120	20	50
442	121	20	50
443	120	20	49
442	119	20	50
442	120	21	50
442	121	20	50
442	121	20	50
442	121	20	49
442	121	20	51
442	121	20	50
442	120	20	51
443	122	22	53
442	122	20	51
443	122	20	51
443	124	20	51
443	124	19	49
444	123	19	52
444	123	19	54
443	123	20	52
444	125	19	51
445	124	19	52
445	124	19	52
445	123	19	54
446	123	19	52
445	125	19	50
446	124	19	53
444	126	20	52
444	125	19	53
444	124	20	55
444	125	19	55
444	124	19	55
444	125	19	53
445	125	19	52
444	128	19	46
445	127	20	50
445	127	20	48
444	126	20	51
445	126	20	49
445	128	19	48
444	129	19	46
443	128	20	50
442	130	21	48
443	130	20	51
444	129	20	52
442	130	20	50
443	129	20	52
443	129	20	51
443	130	21	52
441	131	20	52
441	129	21	55
440	130	20	52
440	129	21	52
440	132	21	49
441	133	20	49
441	132	21	53
440	130	21	55
440	131	22	53
440	133	22	52
440	133	21	53
439	132	21	53
439	132	22	53
439	133	22	53
439	133	21	53
439	134	22	54
439	134	21	57
440	135	22	56
440	133	22	59
440	134	21	52
441	134	21	54
441	135	21	54
441	136	21	53
441	137	20	53
441	135	21	58
440	135	22	56
441	135	22	57
440	137	21	56
442	137	21	56
442	136	21	57
441	138	22	56
443	137	22	55
443	137	21	53
443	137	21	53
443	139	21	53
444	139	21	56
444	138	21	56
444	139	21	54
445	140	22	55
445	140	21	53
446	141	22	51
446	139	22	54
447	139	22	52
448	140	21	51
448	142	21	49
449	140	19	50
449	141	21	50
449	140	21	56
450	141	22	54
450	142	22	53
451	143	23	55
452	143	22	53
453	143	22	54
454	143	22	52
454	143	22	54
454	144	22	54
454	143	22	53
454	144	22	52
454	145	22	51
455	143	22	56
454	143	23	56
454	145	22	52
455	147	22	50
456	146	22	50
455	146	22	50
456	146	23	49
456	146	23	49
456	147	22	52
455	146	21	54
456	147	21	54
456	146	21	54
456	147	21	53
456	148	22	52
457	148	22	54
457	148	22	52
458	148	23	50
457	147	23	51
459	147	22	52
459	148	23	54
459	149	23	58
459	149	22	55
460	149	22	56
460	148	23	56
459	149	23	53
459	150	24	53
460	151	25	54
461	151	25	55
462	151	24	57
462	150	24	57
462	151	23	60
462	152	23	62
462	151	24	63
462	150	23	64
462	152	24	64
462	153	23	63
462	154	24	63
462	153	24	63
462	155	24	62
462	156	25	63
462	156	24	64
462	158	25	63
462	156	25	64
462	157	25	64
462	157	25	65
462	158	25	64
462	158	25	65
463	160	25	66
463	159	25	67
463	161	26	66
463	161	26	67
464	160	26	68
464	160	25	67
464	160	26	68
465	163	26	67
466	163	26	68
466	161	26	68
466	162	26	68
466	162	26	69
467	162	27	70
467	164	27	69
467	164	26	68
467	166	27	68
469	165	26	68
469	164	26	70
469	165	27	70
469	166	26	69
469	166	26	69
470	166	27	69
470	165	27	70
470	165	28	70
470	167	27	70
471	168	29	69
472	169	28	69
473	169	28	69
473	168	27	71
473	167	28	71
473	168	29	71
473	169	29	71
473	170	29	71
474	170	28	71
474	171	29	71
475	169	28	71
475	169	28	71
477	170	28	72
478	171	27	73
478	172	27	71
479	172	28	72
479	172	28	73
480	172	28	74
480	173	28	73
480	174	29	73
479	174	29	72
479	175	30	73
482	174	29	73
482	174	29	74
485	174	28	73
486	175	31	73
487	177	30	72
489	178	32	73
489	176	30	73
490	176	31	74
491	175	31	74
491	178	32	75
493	179	33	74
492	180	32	72
494	179	33	74
493	178	33	75
498	178	30	74
499	179	30	75
501	181	30	73
502	182	30	73
502	181	30	73
503	180	31	76
506	180	31	78
505	182	29	76
506	182	32	77
507	183	32	77
509	183	30	77
511	183	29	77
512	182	29	77
514	182	29	75
513	184	29	73
516	184	28	73
518	185	32	78
520	186	31	80
520	187	32	79
521	188	32	79
523	187	32	80
523	187	33	80
523	187	35	79
526	189	34	78
529	191	34	79
530	191	33	77
533	189	33	82
533	190	33	81
534	193	33	82
537	193	32	83
536	192	32	82
537	192	34	83
538	193	34	82
540	195	34	82
541	195	36	82
542	196	35	81
543	195	37	84
545	195	33	82
545	195	34	85
546	197	36	84
546	199	35	83
550	199	35	84
552	199	33	83
552	199	32	82
553	200	35	84
552	204	38	82
554	203	38	82
555	202	36	84
557	202	34	84
555	204	36	86
556	205	37	86
556	205	36	86
558	206	34	87
557	204	34	85
559	204	35	88
557	206	36	87
558	209	37	86
560	209	35	86
560	208	36	88
561	209	35	88
561	206	35	89
561	208	37	90
559	210	39	90
560	211	37	89
562	211	35	88
563	211	36	89
564	209	35	89
564	210	36	91
565	212	39	90
565	214	40	87
568	214	40	89
570	214	38	88
573	214	36	90
573	215	39	93
574	217	38	92
576	218	36	91
577	217	36	94
578	216	36	92
577	216	36	92
575	217	38	93
577	219	38	92
577	222	41	90
578	222	43	90
