311	106	18	32
307	102	17	37
306	102	16	36
302	103	17	36
299	103	17	37
297	101	18	37
295	102	17	37
293	102	17	37
291	102	18	36
289	101	17	37
286	101	17	38
284	101	17	37
282	101	17	37
279	100	18	37
277	101	18	36
274	100	18	37
272	100	19	36
270	101	18	35
270	100	18	36
267	97	17	38
265	97	17	38
263	98	17	35
261	99	17	35
261	97	17	36
257	98	18	37
254	96	18	37
254	96	18	38
253	95	18	38
252	97	17	37
250	96	18	37
247	95	18	37
244	95	18	38
242	94	18	39
240	93	19	38
239	94	18	37
236	93	18	38
234	92	17	38
231	93	17	37
228	91	18	37
227	92	18	36
224	89	18	39
223	90	18	37
220	88	19	38
218	89	18	37
215	88	18	38
214	89	18	36
211	88	19	37
207	87	20	38
206	87	18	36
202	86	19	37
201	87	19	36
197	85	20	38
196	82	19	42
192	82	20	38
191	82	20	37
188	81	21	36
181	79	21	37
178	80	21	36
175	80	21	35
174	79	22	36
171	78	21	35
168	79	21	34
164	77	21	37
163	77	20	36
160	76	20	34
157	76	21	35
154	76	21	33
150	75	21	34
148	75	20	33
145	74	20	33
144	73	20	34
143	73	20	34
141	73	20	34
139	73	19	34
136	72	19	33
129	71	21	34
121	71	20	33
120	69	21	34
117	70	20	34
116	71	19	33
110	68	21	36
108	69	22	34
105	66	22	36
104	68	23	35
100	66	24	35
97	67	22	34
92	67	23	33
90	67	21	34
88	67	23	33
84	66	21	34
84	65	20	35
81	65	20	35
79	65	19	34
76	65	21	35
73	65	21	36
72	64	20	35
69	65	19	33
67	64	19	33
65	63	19	34
60	62	19	35
57	62	20	35
54	62	20	35
51	60	20	36
46	61	22	37
45	60	21	37
42	61	20	34
40	60	20	37
37	60	20	35
33	60	20	35
32	60	20	34
28	60	22	34
17	58	20	38
17	59	20	38
15	57	20	40
11	57	18	39
9	58	19	39
7	58	20	40
3	57	19	38
1	58	18	39
0	58	19	38
