144	268	47	104
145	264	45	109
146	264	47	109
146	264	48	109
149	263	48	109
149	264	48	108
153	265	46	106
153	264	48	105
154	263	49	106
156	262	48	106
158	260	47	107
161	260	47	107
165	258	45	110
169	259	45	108
170	259	44	107
174	260	42	105
175	259	42	105
177	258	42	104
179	257	42	105
181	257	41	104
181	255	41	103
183	255	41	104
185	254	42	103
187	254	41	104
191	253	39	103
193	255	39	102
194	254	39	101
198	254	37	101
198	253	35	102
199	253	36	102
200	250	35	100
202	249	35	98
203	248	37	103
204	248	42	102
205	249	45	102
204	249	47	102
208	250	49	99
208	250	49	102
209	250	47	102
212	249	44	102
213	248	44	103
221	246	37	103
224	247	34	99
225	245	34	98
228	244	34	99
230	245	36	101
232	245	36	102
234	245	36	103
235	244	38	104
236	244	40	102
236	243	42	107
238	244	44	100
239	242	44	100
241	241	44	103
242	241	44	106
242	240	45	103
243	241	45	102
245	241	44	103
246	241	43	103
248	241	43	102
249	240	42	102
249	239	42	102
249	238	43	98
250	237	44	100
250	236	45	103
250	236	46	100
251	237	45	100
254	232	43	105
258	232	42	98
260	233	41	95
262	232	39	98
263	232	40	97
264	230	40	103
265	228	41	98
265	228	42	101
265	228	43	101
266	228	43	101
266	229	43	99
267	228	43	96
267	227	44	93
268	226	44	95
270	224	43	98
270	224	43	98
274	224	41	98
275	224	40	97
275	225	41	97
277	223	39	99
278	222	39	99
278	220	40	100
278	220	43	97
279	221	42	96
281	220	42	93
281	221	42	91
282	221	42	87
282	219	42	89
282	219	42	90
284	217	42	93
285	216	42	95
286	217	40	93
288	217	40	93
289	217	39	92
291	217	39	93
291	215	40	94
291	215	41	90
292	214	41	90
293	213	41	94
293	214	41	91
294	215	41	88
294	214	41	88
296	214	41	87
295	214	42	88
296	212	42	92
298	211	42	91
301	210	40	92
301	211	41	92
303	211	39	92
305	210	38	95
305	208	39	94
305	207	40	91
304	207	42	92
307	207	39	88
307	208	42	90
307	207	42	95
309	205	41	91
308	205	42	90
309	203	41	89
310	204	41	91
312	203	40	92
314	203	38	91
314	203	38	90
316	200	37	95
315	201	38	92
316	198	39	92
315	199	41	94
316	199	42	95
316	199	41	89
317	200	40	91
316	198	39	92
316	197	41	96
317	196	40	91
317	195	40	89
318	196	39	88
319	196	39	88
320	196	39	89
321	196	38	92
321	195	38	89
321	194	38	90
322	192	39	88
321	193	39	89
321	192	39	90
323	193	37	87
323	193	37	84
322	192	39	90
323	193	40	92
323	191	39	88
323	190	39	88
322	190	40	86
323	190	39	85
325	191	37	85
327	191	36	84
327	190	36	87
327	189	37	91
327	187	37	86
327	187	37	89
327	187	38	88
328	188	38	85
328	188	37	83
328	188	38	83
329	187	37	85
328	186	38	86
327	185	40	85
327	185	39	83
329	184	39	86
330	185	37	85
332	186	36	84
332	186	35	80
333	185	35	84
334	184	34	83
334	182	35	87
335	182	35	87
335	180	36	88
334	180	37	88
336	182	36	80
337	183	34	82
337	183	35	76
337	182	35	78
337	181	36	82
337	180	36	83
337	180	36	82
339	180	35	81
340	180	34	82
341	180	34	77
341	181	33	81
343	179	33	84
342	177	36	83
342	177	38	84
342	177	38	82
343	177	37	77
343	178	39	80
343	179	39	77
344	178	39	79
344	176	38	80
345	176	37	80
344	175	38	82
344	174	38	81
344	175	38	81
345	175	38	79
346	175	36	80
347	174	35	79
348	173	35	81
348	172	36	79
348	173	36	79
348	172	37	81
349	172	37	80
349	173	36	78
349	174	37	77
349	173	37	77
350	173	36	78
349	172	38	79
349	170	37	79
349	171	39	78
350	170	37	78
353	169	35	76
353	169	36	76
354	170	35	74
355	170	34	74
356	169	32	74
356	170	33	73
355	169	34	75
356	167	34	75
356	168	34	73
355	167	35	73
356	167	34	73
357	168	33	72
358	168	33	72
359	165	34	74
359	165	33	73
360	165	34	73
360	165	34	74
361	165	34	73
360	165	35	74
361	166	34	71
362	165	33	72
362	164	33	72
362	164	34	71
363	164	33	71
365	163	33	70
367	162	32	69
368	161	33	70
369	161	32	71
370	161	32	69
370	161	33	69
370	161	32	68
370	160	32	69
371	159	31	69
371	159	32	69
372	159	32	69
371	158	31	70
373	158	30	70
373	159	32	68
373	159	32	68
375	156	31	70
376	158	32	69
375	156	33	70
376	154	32	72
377	155	33	70
375	155	32	70
375	155	33	70
376	155	33	68
376	156	34	71
377	154	33	70
376	154	33	69
376	152	33	72
376	152	32	71
376	150	32	72
379	153	31	69
378	152	32	69
380	152	31	69
381	151	31	70
379	150	32	71
378	149	32	71
379	150	31	70
379	150	32	68
380	150	31	69
379	149	31	67
382	150	31	68
378	150	31	66
379	149	32	66
379	146	32	69
379	147	32	69
381	147	32	69
382	148	31	67
384	149	30	65
384	149	31	65
384	147	30	66
384	148	31	66
385	148	30	66
386	149	30	64
388	150	30	64
386	148	30	65
388	148	30	64
388	146	31	65
389	148	30	64
390	148	31	64
391	148	32	69
389	145	32	69
391	146	31	66
392	144	31	67
392	146	31	65
393	145	31	64
393	145	31	63
394	146	31	64
395	144	31	64
394	145	31	65
395	143	31	66
396	144	31	66
396	144	30	66
396	144	31	65
398	143	31	64
399	144	30	66
399	142	31	66
399	143	31	65
399	143	31	65
399	143	31	63
398	144	30	62
399	143	30	62
399	142	31	62
397	141	31	63
398	141	31	63
398	142	31	63
399	142	30	64
399	141	30	64
398	141	30	62
399	141	30	62
399	141	30	62
398	141	30	62
398	139	30	64
399	140	30	63
400	140	29	63
399	141	30	62
399	140	30	62
398	140	31	62
398	140	31	63
399	139	30	62
399	138	30	63
400	139	29	61
399	139	29	62
400	138	29	60
401	139	28	61
401	138	29	60
403	138	29	60
403	138	28	61
404	136	28	61
404	136	28	60
404	137	28	60
404	137	29	58
405	138	29	59
406	136	29	60
405	136	30	59
405	136	30	59
407	135	29	60
407	136	29	60
408	136	29	60
409	136	28	60
411	135	27	60
411	135	27	59
411	133	28	60
412	134	28	60
412	134	29	59
412	134	29	58
412	134	29	58
411	134	30	59
411	133	29	60
411	133	30	60
411	133	29	60
411	133	28	60
410	133	28	60
411	133	28	59
410	133	28	59
411	131	28	60
410	131	28	59
411	132	28	59
411	131	28	58
410	131	28	58
409	132	30	58
407	134	29	57
407	129	29	61
406	130	30	60
406	130	30	59
404	130	29	59
405	128	28	60
403	130	28	57
404	130	27	56
404	130	27	56
402	129	27	58
403	127	28	58
403	129	27	58
404	131	25	56
401	128	27	60
399	128	28	59
399	127	29	58
398	127	31	58
397	127	32	60
397	127	31	61
397	127	30	57
397	126	29	57
397	125	28	59
397	125	28	58
395	125	29	61
395	126	29	60
393	125	30	61
393	123	30	60
394	126	29	57
393	125	29	58
395	125	28	56
395	125	27	55
395	126	28	54
396	126	27	54
395	126	28	53
394	125	28	54
394	123	28	55
395	124	27	55
394	124	28	55
394	124	28	54
394	124	27	54
394	125	27	55
392	124	29	56
392	124	28	56
392	123	28	54
392	124	27	56
392	123	27	54
392	124	27	55
392	123	27	53
392	123	27	55
392	123	27	54
392	123	27	54
392	123	27	54
391	123	27	54
392	122	27	53
391	123	27	54
390	123	27	54
391	122	28	54
389	122	28	53
389	122	28	53
389	122	26	53
390	122	26	54
388	122	27	52
389	122	27	54
388	122	27	53
386	121	27	52
384	119	27	53
384	119	27	53
384	121	27	53
383	120	27	53
382	120	26	51
382	119	28	50
380	118	28	51
380	119	27	51
379	119	27	53
378	118	27	53
378	119	27	51
377	119	27	51
376	119	25	52
376	119	27	51
376	118	27	51
377	117	26	50
376	118	26	50
375	119	27	49
375	119	26	49
377	119	26	50
376	118	26	50
375	118	25	49
372	118	23	48
374	118	25	50
372	117	24	47
373	117	25	50
371	118	25	49
371	118	25	49
370	117	25	48
372	116	23	51
369	115	26	49
369	115	25	47
368	114	25	47
369	115	24	47
370	115	24	45
367	116	24	46
365	114	25	46
365	114	25	44
365	114	25	46
364	114	25	45
364	114	25	45
365	115	25	44
365	114	25	46
365	114	25	45
365	113	25	46
366	112	25	47
365	112	25	47
365	112	25	47
365	113	25	45
365	113	25	45
364	113	25	46
363	113	26	45
361	112	27	44
362	112	27	45
