253	51	22	62
252	52	24	59
252	52	24	59
255	51	24	60
255	51	24	59
255	52	25	58
256	49	24	59
256	49	24	58
259	49	23	59
260	50	25	59
262	49	24	58
264	47	25	59
266	47	24	60
268	46	23	61
269	46	23	61
271	48	23	59
272	48	23	59
273	47	23	59
274	46	23	59
275	45	24	59
277	45	24	59
278	45	26	59
279	46	26	59
280	45	25	58
281	44	26	58
282	44	25	59
285	44	24	59
286	44	24	58
288	45	24	58
288	45	23	57
289	43	25	58
290	42	24	58
291	42	24	59
292	42	25	58
292	43	26	58
293	44	25	58
295	43	25	57
295	42	25	57
296	41	25	57
298	41	25	58
299	42	25	57
300	42	24	56
300	42	24	56
300	42	24	56
300	41	25	55
300	40	24	56
301	40	25	56
301	40	25	55
301	41	25	55
302	41	24	55
301	40	25	56
302	40	25	55
302	39	25	56
302	39	25	56
302	40	25	56
304	70	24	63
303	104	26	57
302	103	26	55
300	102	25	54
299	102	24	55
299	102	25	54
299	101	25	55
299	100	24	55
298	100	24	55
298	100	25	54
298	101	24	54
297	101	25	54
297	100	24	54
295	99	24	54
295	99	24	55
294	99	24	54
294	99	24	54
294	99	24	55
293	99	24	54
292	99	24	54
293	98	24	54
292	98	24	54
292	98	24	54
291	98	23	53
291	98	23	53
289	98	24	53
289	98	23	53
288	97	23	53
287	96	23	53
287	96	23	54
286	97	23	53
285	97	23	53
285	96	23	53
284	96	24	53
283	95	24	53
280	95	25	53
242	96	25	53
242	96	24	52
241	97	24	53
239	97	25	52
237	96	26	52
237	95	24	52
238	95	24	52
237	95	23	52
236	95	23	53
237	95	23	51
236	95	23	52
235	95	23	52
235	94	22	52
234	93	22	52
234	94	22	52
233	95	23	52
232	94	22	51
231	94	23	51
229	94	23	51
230	93	23	52
229	93	24	52
229	93	25	51
228	93	25	51
227	93	25	51
227	93	25	51
224	91	24	51
225	92	23	51
224	93	22	51
223	91	22	51
222	91	22	51
222	90	22	51
222	90	22	51
220	90	22	50
221	91	22	50
220	90	22	50
220	90	22	50
220	90	23	49
219	89	22	50
219	89	22	50
218	90	22	49
217	90	21	49
216	90	21	49
216	88	22	49
215	87	22	50
214	87	21	49
216	88	21	50
215	87	21	48
215	86	22	48
214	87	22	49
215	88	21	49
213	87	22	49
213	87	21	47
213	88	21	47
213	86	22	47
214	84	21	49
214	85	22	49
214	84	21	49
215	84	21	50
216	83	21	50
216	84	21	47
216	84	21	46
217	84	21	46
216	84	21	43
216	85	20	41
216	85	20	41
217	85	20	41
215	83	20	42
216	84	20	43
217	84	20	43
217	83	21	43
217	83	21	43
218	84	21	44
218	84	21	44
219	85	22	44
218	85	21	46
218	84	22	47
217	83	22	46
218	84	21	45
218	84	21	45
218	84	21	46
218	84	22	46
215	84	24	50
204	116	27	63
203	114	27	60
203	115	26	62
203	114	26	61
204	116	26	60
204	115	26	57
204	113	27	55
203	115	27	57
204	114	27	58
204	114	26	59
203	113	25	59
216	85	25	51
214	85	25	52
217	85	24	54
205	115	26	56
216	85	24	54
215	86	25	48
214	85	23	49
214	86	24	47
212	85	24	49
212	85	25	51
211	84	26	51
210	84	27	52
211	83	27	51
205	111	25	55
206	112	25	52
206	111	27	53
205	109	26	55
212	86	26	53
215	86	24	52
214	86	24	54
217	86	23	46
207	110	24	54
208	111	24	51
208	110	24	53
208	110	25	51
207	109	24	51
215	85	23	50
218	86	22	49
217	85	22	49
218	86	24	49
214	85	25	54
217	86	23	62
218	87	23	49
217	84	23	47
210	105	24	55
211	105	25	56
211	103	26	58
210	103	26	56
210	104	25	55
212	103	24	58
212	91	25	65
211	93	26	65
211	91	26	68
211	95	26	66
210	88	26	69
211	94	26	66
211	95	25	60
212	94	24	59
211	90	25	62
209	89	26	65
210	90	28	67
210	88	26	67
210	90	26	66
209	86	25	66
210	91	26	65
211	91	26	64
212	94	25	62
209	92	25	62
211	94	27	63
211	90	24	62
212	92	26	61
211	89	26	63
212	92	25	61
211	90	25	63
212	92	27	62
214	91	26	61
212	91	26	61
214	93	25	57
212	91	27	61
216	94	25	57
214	93	25	59
212	90	27	62
217	94	25	57
219	91	25	59
219	93	25	58
219	91	24	62
220	86	26	63
219	87	27	63
219	89	26	62
219	93	26	58
220	93	24	58
221	86	25	60
219	94	24	56
221	91	23	60
222	90	24	59
222	90	24	56
222	89	25	58
222	90	26	57
223	90	28	57
224	91	27	58
226	93	26	57
226	88	26	57
226	88	25	59
227	85	26	54
226	87	25	60
226	87	26	58
225	91	28	54
226	90	26	57
225	93	30	54
225	93	30	55
227	97	30	55
228	90	28	58
231	96	29	55
264	132	28	61
265	131	27	62
265	131	28	61
265	132	27	61
265	131	27	61
266	130	28	60
266	129	28	61
267	129	28	62
267	129	29	62
268	130	29	61
268	129	28	60
269	130	29	60
268	129	29	60
268	128	29	61
268	128	30	61
268	127	29	61
269	129	29	59
271	128	29	60
270	128	29	60
270	127	30	60
270	126	29	60
272	126	29	59
272	127	29	59
271	127	28	59
271	126	28	58
270	125	28	58
270	124	28	59
269	125	28	57
269	125	28	57
269	125	28	58
270	124	28	57
269	123	29	57
270	123	28	58
270	123	28	57
270	124	28	57
268	124	28	58
267	123	29	57
267	122	28	57
268	122	28	58
266	122	28	57
266	122	27	57
266	122	28	57
267	122	27	58
266	121	27	56
266	119	26	58
265	120	27	57
265	121	26	57
263	120	27	57
262	119	27	56
262	119	26	57
261	118	27	57
262	119	26	56
262	120	25	55
262	119	25	56
262	118	26	57
261	118	25	56
260	117	26	56
260	118	26	55
260	118	26	54
259	117	26	55
259	116	26	56
258	116	26	55
258	116	26	55
258	116	25	55
257	115	26	56
259	116	25	56
258	114	26	56
258	115	26	55
257	115	26	54
257	115	26	55
257	115	26	54
256	114	26	55
254	114	26	54
254	113	26	54
240	113	22	55
256	114	23	52
252	113	26	53
253	112	26	55
254	112	26	55
254	112	26	54
255	112	25	53
254	112	25	53
253	112	26	54
254	112	25	53
253	110	25	54
252	111	25	53
249	110	26	54
238	111	24	55
238	110	27	55
238	111	25	54
237	109	26	56
237	109	27	55
237	110	28	54
250	111	26	51
253	111	24	52
253	112	24	50
253	111	24	51
253	109	25	53
251	110	25	49
251	110	25	50
251	110	26	51
252	110	26	51
252	110	26	50
252	109	25	51
253	108	24	51
