124	154	30	78
122	155	31	75
120	155	31	76
119	154	31	77
117	155	32	76
116	154	31	75
116	154	29	73
114	154	29	75
111	154	27	74
109	154	27	72
108	155	27	72
108	155	27	72
104	155	29	73
99	156	33	72
97	157	34	69
84	159	36	67
84	157	38	68
81	157	36	69
81	158	36	65
80	159	37	63
82	158	38	62
70	159	40	62
71	156	41	69
74	156	39	68
73	159	40	64
73	157	39	66
74	155	40	63
76	160	39	61
78	158	38	64
68	158	41	67
70	156	40	71
74	157	37	69
71	160	39	62
72	157	38	66
75	158	41	59
67	160	39	59
79	156	41	65
66	161	44	62
72	160	39	66
73	159	39	63
75	157	38	64
76	159	39	62
77	158	39	64
77	160	39	65
77	160	42	62
77	157	39	67
76	157	39	67
78	159	41	64
77	160	39	62
81	156	42	66
72	159	40	65
73	159	39	64
73	158	40	62
72	158	40	65
74	156	41	64
74	159	41	62
76	159	41	65
76	158	41	68
79	159	41	68
82	156	40	72
78	157	39	70
83	157	40	68
103	154	31	73
107	154	28	72
111	155	27	73
111	153	29	74
114	155	30	73
115	155	31	74
116	155	30	72
117	154	32	77
119	154	31	75
119	154	32	75
123	155	30	75
124	154	30	76
127	153	27	75
128	152	28	78
131	154	28	75
134	155	30	73
133	157	29	72
135	158	30	71
136	159	29	75
140	164	31	70
134	162	29	66
97	157	34	58
86	160	37	58
74	156	44	64
63	157	45	64
142	153	33	80
146	156	32	75
148	153	33	77
150	155	33	75
152	155	32	78
153	154	35	74
155	156	33	78
158	156	32	77
155	156	33	76
157	158	34	76
161	154	32	78
162	156	32	73
162	157	30	74
162	160	32	73
162	155	38	71
168	162	35	72
170	150	37	71
173	161	32	74
173	153	36	77
178	143	32	80
181	157	33	71
175	153	31	73
178	147	35	78
181	150	34	75
179	153	34	80
180	157	36	75
182	158	35	73
185	159	33	74
186	159	33	75
188	159	34	74
183	157	35	75
188	159	32	75
186	159	35	76
183	161	33	73
184	165	35	68
189	157	33	75
184	163	39	68
191	163	34	74
192	159	33	74
196	165	32	71
197	160	32	74
199	163	33	72
201	160	33	75
201	158	35	75
202	155	35	76
203	157	38	73
174	157	37	73
135	157	40	72
59	160	40	79
50	161	32	80
51	161	32	83
57	162	31	82
56	161	33	85
58	162	34	85
58	163	36	85
59	162	35	84
61	163	35	85
61	163	36	85
63	162	37	86
69	161	34	87
75	161	30	86
81	160	29	85
84	161	32	83
86	160	32	86
88	162	34	85
90	163	37	85
92	160	36	87
101	160	32	86
106	160	29	84
111	159	27	79
112	160	28	82
114	159	29	79
115	159	32	85
116	160	32	80
118	160	33	85
120	159	34	84
128	160	32	84
134	159	31	81
138	159	30	85
140	158	30	89
141	160	36	85
142	158	39	87
143	159	42	87
144	160	38	85
148	161	38	84
150	159	34	83
158	157	30	79
157	159	30	78
167	157	29	79
169	157	29	80
172	157	31	83
174	158	33	84
174	160	33	82
180	161	32	81
181	161	30	80
184	158	30	84
186	157	32	86
186	158	33	88
192	158	30	88
194	158	32	89
196	159	34	88
196	159	38	87
198	160	38	88
199	160	39	87
202	159	37	87
206	159	35	88
209	158	32	87
213	157	29	88
218	159	28	86
220	158	29	86
221	157	31	89
222	156	33	89
222	157	34	89
223	158	32	87
227	157	32	88
226	157	33	89
228	156	33	88
229	156	32	89
230	155	31	91
233	156	29	88
235	158	27	81
237	156	27	86
238	156	28	83
239	155	31	88
239	155	32	90
240	156	32	90
240	157	33	90
242	157	31	89
243	156	31	88
243	154	32	90
245	156	34	90
247	155	34	89
249	156	33	89
254	154	30	91
255	154	31	91
256	155	31	92
257	156	32	91
259	157	33	89
260	156	35	88
260	156	37	88
261	157	36	87
262	156	36	87
265	155	37	88
270	156	38	86
275	152	35	87
278	155	36	85
282	154	33	87
284	154	34	81
287	155	32	79
288	154	33	80
289	154	31	79
294	154	30	74
298	154	32	70
297	154	32	74
300	152	33	76
303	152	34	73
306	152	33	69
318	152	29	68
316	153	30	67
313	152	32	66
310	152	32	66
310	152	31	66
318	152	29	65
306	150	33	69
315	152	31	65
311	150	32	65
312	151	32	68
307	152	36	69
305	152	33	70
304	150	33	68
302	150	36	69
304	150	34	69
302	151	35	69
303	150	35	73
301	151	37	69
304	151	34	68
302	151	35	69
304	150	34	69
301	152	35	69
303	150	35	69
302	150	33	69
300	151	33	71
300	150	35	71
298	151	34	72
300	151	35	71
299	151	35	70
303	151	34	72
316	152	31	69
317	153	29	67
314	153	29	66
318	152	29	68
298	152	33	72
297	152	35	72
295	152	36	70
295	153	32	72
296	152	32	73
296	152	32	73
295	153	31	71
295	151	31	74
298	152	31	71
296	154	30	72
296	152	29	73
295	154	29	71
296	153	31	72
297	151	31	72
295	154	30	72
298	152	31	73
296	153	30	72
298	153	30	73
298	152	31	72
296	153	30	72
297	153	31	72
297	153	32	72
296	152	31	74
296	152	30	72
297	153	31	72
296	152	31	73
298	152	32	73
295	154	31	72
296	151	31	74
296	151	32	73
296	152	33	73
294	153	32	71
295	152	31	72
295	152	32	73
296	152	34	72
297	153	33	71
295	153	34	74
296	152	35	75
294	155	35	73
297	152	35	75
295	153	37	75
296	153	37	74
295	153	34	73
295	152	37	76
294	154	36	73
293	152	34	74
293	153	32	73
293	152	30	72
298	152	30	72
295	153	34	72
292	153	34	71
294	152	30	72
292	153	33	71
296	152	32	73
292	154	33	72
294	153	31	70
319	152	28	69
320	153	27	66
320	154	27	64
321	155	27	65
319	154	27	65
321	154	27	65
321	154	25	64
321	155	26	63
322	155	27	65
323	153	26	64
325	155	24	59
322	153	27	64
324	153	26	64
322	155	27	62
323	154	26	63
324	155	27	60
324	153	27	67
326	154	25	64
327	154	26	65
327	154	26	65
296	152	27	69
295	152	29	76
298	152	27	69
296	154	27	71
298	153	27	68
298	152	26	68
299	151	26	69
300	152	27	72
298	153	28	72
303	152	28	70
304	153	26	65
308	151	27	64
309	156	29	64
341	155	29	66
343	155	29	66
344	156	29	64
316	153	27	67
318	154	26	65
321	153	26	66
322	154	27	63
325	155	29	65
327	155	27	64
330	156	29	64
332	154	29	67
334	154	29	66
335	154	29	66
336	153	30	67
339	154	30	68
342	154	29	68
344	155	30	67
347	154	30	69
350	154	31	70
355	154	29	73
359	154	29	68
362	155	27	65
367	155	27	67
368	155	25	64
369	154	29	70
372	154	28	67
374	156	30	67
377	155	31	69
378	154	33	72
383	154	30	71
384	153	30	70
385	153	33	73
389	153	32	74
391	154	30	71
396	153	30	73
398	154	31	72
403	155	33	76
406	153	31	74
408	152	30	78
409	152	31	77
412	151	30	80
415	152	31	82
416	152	31	83
416	152	32	89
422	153	27	83
422	153	27	81
425	153	24	79
420	155	26	72
422	165	27	68
417	164	28	71
419	173	28	63
419	169	27	70
420	167	31	71
419	164	29	74
