147	83	42	110
150	82	50	117
157	82	52	116
165	82	55	124
179	82	46	116
187	84	48	122
194	84	48	127
201	87	49	125
205	85	50	132
211	87	57	136
215	87	57	137
219	90	57	135
221	89	57	138
230	90	51	138
234	90	52	138
241	92	50	132
245	89	57	138
252	90	58	135
256	89	58	135
262	88	59	134
266	91	59	139
268	90	60	142
274	90	61	137
285	90	58	147
292	89	55	150
297	90	56	152
298	91	57	150
305	93	57	150
307	94	62	152
311	97	61	154
315	94	63	151
321	97	61	148
326	98	61	145
330	96	61	152
336	99	61	140
343	100	61	144
347	101	60	149
355	101	61	151
365	103	60	150
370	102	60	161
374	103	61	156
382	102	58	146
383	108	61	140
393	109	58	163
399	112	59	155
405	118	59	170
410	115	60	167
415	115	62	175
417	118	62	179
427	117	62	172
433	120	64	168
437	121	62	163
447	122	62	157
452	129	65	172
465	127	63	163
468	128	65	171
479	129	61	170
486	133	60	168
487	136	63	161
490	136	65	164
498	144	66	179
505	145	67	189
509	145	70	191
512	149	71	188
519	151	71	200
525	155	78	219
527	159	82	224
530	161	83	226
533	167	81	228
535	165	79	234
545	166	72	233
546	168	74	230
552	169	71	230
552	171	70	229
557	175	68	226
558	179	66	233
558	181	66	232
559	184	65	234
560	184	65	234
560	184	65	234
561	183	64	233
562	185	64	235
563	190	64	232
563	193	64	231
565	198	62	226
566	201	61	227
569	205	58	218
570	205	57	222
570	206	57	223
570	203	56	228
560	203	65	237
548	204	77	244
542	206	81	243
536	213	85	240
535	213	86	242
532	215	87	242
530	216	86	243
526	216	88	242
525	216	89	243
523	220	90	239
