236	135	56	61
250	132	58	64
253	131	55	66
256	132	54	66
258	132	55	66
261	132	53	66
264	131	50	65
265	131	51	65
267	132	52	65
270	132	52	64
271	131	53	65
274	131	52	65
272	131	56	66
271	131	58	66
275	131	59	66
276	131	57	66
280	131	55	67
283	131	56	66
282	131	62	66
284	132	60	66
285	131	61	66
287	132	58	65
288	130	57	66
291	131	56	66
295	131	55	65
298	131	51	65
302	131	51	64
302	131	49	64
304	131	44	64
308	131	42	65
309	131	41	64
308	131	46	64
310	131	44	65
307	131	46	63
310	130	44	65
309	130	43	65
312	130	41	65
310	130	41	64
308	130	43	66
312	130	39	64
308	130	43	65
311	131	40	64
310	130	41	64
311	129	41	65
309	130	42	64
308	131	43	63
305	126	48	68
306	124	50	72
306	124	52	71
302	129	55	66
309	127	52	68
312	125	51	70
302	128	49	66
300	130	51	65
306	130	48	65
300	130	50	66
302	131	50	64
300	131	52	64
299	131	53	64
298	132	57	64
297	132	57	64
296	131	55	65
296	130	56	66
296	131	55	65
294	131	59	65
293	131	60	65
293	132	58	65
292	132	59	65
291	131	59	66
294	132	58	65
294	131	59	66
297	132	53	65
302	131	54	65
301	130	53	66
303	131	54	65
304	129	51	68
308	130	51	65
311	129	53	66
313	130	56	67
308	126	60	70
313	129	63	67
314	125	64	71
317	122	65	73
313	113	64	82
317	121	72	74
323	121	67	75
324	121	67	75
330	126	66	70
337	129	65	67
340	129	63	67
342	126	66	70
345	126	66	70
350	127	66	69
356	131	65	66
362	129	63	66
366	125	63	71
369	125	63	72
376	128	60	68
381	126	58	70
369	120	49	63
371	118	44	65
374	121	42	64
373	118	38	66
375	119	36	64
378	121	37	64
381	122	38	65
379	123	39	64
379	122	38	65
379	123	36	65
380	122	37	66
379	123	37	66
381	123	37	66
381	124	37	66
384	126	38	68
384	127	38	67
385	128	38	68
385	129	38	69
385	129	38	68
388	129	38	70
387	131	37	68
387	131	38	69
389	132	38	68
389	133	38	68
390	133	38	69
392	134	37	72
392	135	39	71
392	135	39	73
394	137	39	71
395	136	39	70
396	137	41	74
399	140	40	72
400	140	40	73
402	141	43	72
407	142	53	74
407	143	63	74
414	143	60	75
421	150	74	72
418	149	76	73
420	149	76	72
425	153	77	70
427	153	75	71
429	152	74	74
435	150	71	77
453	158	60	75
443	151	66	78
445	153	69	74
455	157	68	74
458	150	64	75
459	156	68	74
465	154	68	77
464	151	66	79
472	156	65	80
479	153	63	79
488	156	57	83
490	156	59	78
493	159	58	79
499	157	59	82
508	160	57	79
517	157	54	77
518	167	60	74
524	161	61	85
528	163	68	82
531	163	69	83
531	166	69	82
531	167	71	81
535	165	72	83
510	165	81	86
494	169	84	86
457	165	91	93
435	165	93	94
415	169	96	97
410	170	94	112
371	168	105	116
365	171	113	102
357	171	97	97
340	167	91	109
323	167	102	106
309	167	95	101
302	169	88	105
288	174	87	108
278	173	83	108
277	175	74	90
291	175	66	96
293	178	71	90
306	181	63	87
302	184	66	85
311	181	62	94
313	183	61	89
324	181	54	89
323	183	56	88
331	184	52	90
337	185	52	93
341	186	53	93
345	186	54	94
346	188	55	94
354	188	52	95
362	192	57	92
367	192	59	95
369	194	60	95
375	194	64	94
383	196	63	95
389	198	61	92
397	198	61	92
407	198	65	94
410	199	67	96
422	203	70	103
426	202	75	99
438	203	72	99
450	206	61	101
460	207	55	101
484	224	58	98
485	217	63	102
490	213	70	106
504	214	69	109
506	213	73	112
518	217	73	112
527	217	74	114
531	219	76	113
544	223	74	114
559	227	69	114
577	232	52	111
589	235	40	112
588	236	40	113
579	238	48	115
569	246	59	122
580	254	48	118
591	263	38	111
599	264	30	117
593	296	34	92
582	287	45	111
474	275	54	123
351	219	96	105
362	221	97	105
373	221	96	105
380	222	99	105
388	224	99	105
396	223	98	106
398	224	102	105
406	225	96	103
413	226	97	103
425	227	93	101
432	227	96	102
441	227	93	102
444	227	96	103
451	229	96	101
460	228	97	104
462	229	97	102
471	230	103	103
479	230	98	102
484	230	97	105
