484	167	15	53
483	166	16	52
483	166	16	53
482	166	16	53
483	166	16	53
482	167	16	53
483	167	16	53
482	167	16	53
482	167	16	54
481	167	16	53
481	167	17	53
480	167	17	53
479	167	17	53
479	167	18	54
478	167	18	54
478	168	18	53
478	167	18	55
477	169	19	53
478	168	19	54
477	169	19	53
477	168	19	54
477	168	18	54
479	167	18	54
477	168	18	54
478	168	19	55
478	168	19	55
478	168	19	54
478	170	19	54
477	170	20	54
478	169	19	54
478	169	19	54
478	170	19	54
479	170	18	54
478	170	18	53
478	170	18	55
478	170	18	54
478	170	18	55
478	171	19	55
478	171	19	55
478	171	19	55
477	171	19	55
477	171	19	54
477	171	19	53
476	171	19	54
477	171	18	56
477	171	19	56
476	171	19	56
475	171	19	55
475	172	19	55
475	173	19	55
473	173	19	55
473	172	18	56
473	171	19	55
473	172	19	56
472	172	19	56
472	172	19	56
471	173	19	55
471	173	20	54
470	173	20	55
470	174	21	54
469	173	20	55
469	173	21	55
469	174	21	54
469	174	20	55
469	173	19	54
469	174	19	53
470	175	18	54
470	175	18	54
469	175	18	54
469	176	19	53
468	176	18	52
467	176	18	53
467	176	19	53
466	177	19	53
465	177	20	53
465	176	20	54
466	176	20	54
465	176	20	52
465	178	20	53
465	178	21	53
465	178	20	54
464	177	20	54
465	177	20	53
464	178	19	53
465	178	19	54
463	177	19	53
463	177	19	54
464	178	19	53
463	178	19	55
463	179	18	53
462	179	19	53
462	179	18	54
462	179	18	53
462	179	18	54
462	180	18	54
462	180	18	54
462	179	18	53
462	180	19	54
462	180	19	53
461	180	19	54
462	179	19	54
462	180	19	55
461	180	19	53
461	180	19	54
461	180	19	54
461	180	20	54
461	180	19	54
461	181	19	55
460	181	20	54
461	179	20	55
460	181	20	54
460	181	19	54
459	181	20	55
459	181	20	55
460	181	19	55
459	181	20	55
459	180	20	55
459	180	20	56
458	182	20	55
458	181	20	55
458	181	20	55
458	181	20	55
458	181	20	55
457	183	20	55
458	182	19	54
457	182	19	55
458	182	20	55
458	182	19	55
458	182	19	54
459	182	20	54
458	181	20	55
458	181	20	54
458	182	20	55
459	181	19	55
458	182	19	55
459	182	20	55
459	183	19	56
458	183	19	55
457	183	20	56
458	182	19	55
457	183	19	56
457	183	18	55
457	183	19	55
457	184	19	56
457	183	18	55
456	183	19	56
455	184	19	56
456	184	19	56
455	184	19	55
456	184	19	55
455	184	19	56
456	183	19	56
455	184	19	56
455	184	19	56
454	183	19	57
455	184	19	56
454	184	19	57
454	184	19	57
454	185	19	57
452	186	20	56
452	185	20	57
451	186	20	56
451	185	20	57
450	186	20	56
449	186	20	57
450	185	20	56
448	187	21	57
449	187	21	57
449	186	22	58
448	187	21	58
449	187	21	57
448	187	21	57
449	187	21	57
448	187	20	56
449	187	20	56
449	187	20	57
448	186	21	59
448	187	20	57
448	187	20	57
447	188	20	57
447	188	19	56
446	188	20	57
445	188	20	57
445	188	21	58
445	188	20	57
444	188	21	58
445	188	21	58
444	188	22	59
444	188	21	59
444	190	21	57
444	189	21	57
444	190	21	57
444	189	21	58
443	189	20	57
443	189	20	57
443	188	20	59
443	189	21	59
443	190	21	58
442	190	21	59
442	190	21	59
441	191	21	59
441	191	21	59
440	190	20	59
440	190	21	61
439	189	21	60
438	189	21	62
439	189	22	62
438	189	22	61
437	191	22	62
436	190	24	63
423	190	26	62
407	191	26	62
400	190	25	63
382	190	26	64
374	189	24	65
357	189	24	65
345	190	26	65
335	190	26	66
325	191	24	64
333	192	26	64
351	191	25	64
356	192	24	63
368	192	25	65
377	191	25	64
393	190	24	64
401	191	25	65
408	191	25	65
426	191	25	65
432	192	24	65
421	192	26	65
404	193	25	65
395	193	24	65
386	192	25	65
369	193	24	65
358	193	26	65
352	192	25	66
333	194	24	66
326	193	23	66
322	194	23	64
334	194	25	62
346	194	25	64
353	195	25	64
366	195	24	65
374	195	24	64
384	196	24	64
402	195	24	64
409	195	25	65
420	194	24	65
416	195	26	65
409	194	24	67
401	195	27	66
383	195	25	66
363	197	26	65
356	197	25	65
338	198	25	65
330	196	25	67
321	196	24	66
320	197	25	66
326	197	25	66
337	197	24	65
343	197	24	64
361	198	25	66
370	198	25	66
386	198	24	64
394	199	25	65
412	197	24	67
419	199	24	66
411	199	22	66
397	198	25	66
389	198	25	68
372	199	24	67
361	199	26	67
352	200	25	67
335	201	23	67
327	201	23	67
312	202	25	66
310	201	24	66
319	201	26	68
337	201	24	67
344	201	24	65
363	200	24	67
368	201	27	66
378	201	26	68
381	203	25	65
403	202	27	68
411	201	26	68
391	203	24	67
375	204	24	65
367	204	24	66
357	203	24	67
339	204	25	66
330	204	23	68
326	204	25	67
314	206	26	69
304	205	28	67
314	204	27	69
334	204	26	68
342	205	26	66
360	205	26	66
366	204	27	67
376	204	26	67
393	205	26	69
402	205	26	69
396	208	25	66
404	206	26	71
396	206	25	69
377	206	26	70
371	206	25	69
362	206	26	70
341	206	28	71
337	206	26	71
316	207	28	71
310	208	26	70
306	209	27	69
313	209	27	69
321	209	27	69
334	209	27	69
346	208	26	69
355	208	26	70
370	208	28	70
380	208	26	70
366	209	30	68
376	208	30	69
412	209	26	70
416	208	25	71
413	210	26	70
414	209	26	71
412	210	27	71
410	210	28	72
411	209	28	72
410	209	28	72
407	209	29	72
406	209	29	72
407	210	29	70
405	210	31	72
403	210	31	71
403	210	31	72
372	214	27	65
372	213	28	67
406	211	29	72
403	211	32	72
403	210	31	72
404	211	29	72
403	211	28	71
406	212	26	70
406	213	27	70
406	214	26	70
405	215	27	70
404	215	27	70
404	214	27	70
405	213	27	71
404	213	28	72
404	213	28	72
401	214	30	72
405	214	28	72
403	214	29	73
405	214	28	72
405	214	28	72
406	214	29	73
406	213	28	73
407	213	28	73
407	214	28	74
407	214	28	74
408	214	27	73
408	215	27	74
410	216	27	74
409	216	27	74
410	217	26	73
410	217	25	73
409	218	26	71
409	217	25	73
409	218	25	72
408	217	26	73
408	217	26	74
410	217	27	75
409	217	27	75
409	218	27	74
409	219	27	74
409	218	27	75
409	219	27	75
410	218	27	75
411	217	27	76
410	218	28	76
411	218	27	77
412	218	28	76
411	219	29	77
410	220	29	77
410	221	29	77
411	221	29	76
412	221	27	75
412	221	27	76
412	221	27	75
411	221	27	76
412	221	28	77
412	222	27	77
413	223	26	76
414	223	27	76
414	223	27	76
415	223	28	77
415	223	26	76
416	223	26	76
416	223	26	78
417	223	25	77
416	223	26	78
417	224	26	78
417	225	26	78
417	225	26	77
416	226	26	78
416	226	26	78
415	226	26	77
414	226	26	78
414	226	26	78
415	226	27	79
415	225	26	79
414	226	27	79
415	226	27	79
414	228	28	78
414	228	28	79
414	229	27	78
415	228	27	77
414	228	27	78
414	228	27	77
414	227	27	78
414	228	27	79
414	228	27	80
413	228	27	80
414	230	26	80
414	230	26	80
413	230	26	80
413	231	26	80
413	231	27	81
412	231	27	80
412	230	27	80
411	230	28	80
410	230	29	81
409	230	28	81
409	231	29	82
409	232	30	81
408	232	30	81
409	233	30	81
409	233	28	81
409	233	29	81
409	232	29	81
409	232	30	82
409	232	30	83
410	233	30	84
409	233	30	83
410	233	31	83
410	234	29	83
409	236	30	83
409	237	30	83
410	236	29	83
410	236	29	82
409	236	30	82
408	236	29	82
404	236	30	82
400	237	30	83
390	237	32	85
387	237	30	84
378	239	31	84
376	238	31	85
372	238	31	86
362	238	32	86
360	238	31	86
356	237	31	86
346	238	31	87
343	239	30	84
340	240	32	86
330	240	33	88
326	241	34	87
315	242	36	87
313	242	35	87
309	242	35	88
300	241	34	87
297	243	34	86
293	242	33	87
284	242	33	88
281	243	34	88
278	244	32	87
269	246	32	87
265	247	31	86
261	246	33	87
257	246	32	88
248	246	33	87
244	246	31	88
235	246	33	88
230	246	33	88
227	246	32	89
222	247	33	89
212	247	35	90
208	248	33	89
203	250	34	89
194	250	34	89
188	250	34	90
184	251	34	89
175	250	34	91
170	250	34	90
166	251	34	90
161	251	34	90
151	252	34	92
153	253	33	90
154	253	33	91
153	254	32	90
153	254	32	90
151	254	34	89
149	254	35	91
146	254	38	90
145	254	38	90
143	254	39	91
142	254	40	92
141	254	41	92
140	256	41	93
139	257	41	91
144	257	38	93
140	256	42	93
144	257	38	92
141	257	39	93
142	257	38	93
142	258	38	93
141	257	38	94
142	258	36	94
141	257	37	95
141	261	36	92
136	259	39	95
137	260	38	95
139	260	37	94
141	258	35	92
140	255	35	93
141	253	35	92
141	248	34	92
141	245	33	92
141	242	34	93
142	238	32	92
141	235	33	93
138	233	35	94
139	229	32	93
139	226	32	92
138	224	32	92
138	219	31	90
137	217	33	90
137	214	31	91
137	209	31	92
137	207	31	92
138	205	31	93
136	204	33	93
134	202	33	95
134	202	33	95
133	202	33	93
134	202	33	92
134	202	32	93
134	203	32	92
134	203	32	93
133	203	33	94
134	204	32	93
133	205	32	93
132	205	32	93
133	206	31	92
131	207	32	91
133	207	31	90
130	208	32	91
130	206	35	92
140	206	35	94
141	205	36	94
153	209	34	94
148	206	39	96
160	207	36	98
170	208	35	97
147	210	32	92
185	209	34	95
187	207	36	96
189	207	36	97
201	207	35	97
203	207	38	95
214	207	37	97
216	207	37	98
229	207	36	97
233	207	37	98
237	208	38	97
245	209	39	99
255	209	38	100
259	210	38	99
261	210	36	97
259	210	36	97
260	209	35	98
260	210	36	99
261	210	35	100
260	211	36	100
260	212	35	100
261	212	37	101
261	212	36	100
263	212	36	99
263	212	36	99
264	212	36	100
265	212	37	100
265	212	37	102
265	214	38	102
266	214	39	102
266	215	38	104
267	217	38	102
269	217	38	101
267	217	38	102
270	217	38	102
269	218	36	102
270	218	37	102
271	218	36	103
270	219	37	103
270	220	37	103
271	221	37	102
273	222	36	102
274	222	36	100
272	222	38	102
260	221	39	104
258	221	37	104
248	224	40	103
246	223	39	105
240	224	40	107
231	226	39	106
229	226	41	107
220	227	39	106
211	229	39	103
206	229	39	104
202	230	40	104
194	230	38	104
190	230	40	105
186	231	38	106
176	233	39	106
173	234	38	105
170	234	38	105
161	234	37	106
158	234	39	106
155	235	37	105
154	235	39	106
154	235	39	106
154	235	39	107
154	236	38	108
155	237	38	109
155	237	38	109
153	239	39	109
154	240	39	108
152	240	38	108
149	240	40	107
152	240	41	109
151	241	39	108
152	241	39	110
151	243	39	109
154	242	39	110
152	244	40	111
153	243	38	113
152	244	39	112
152	245	39	113
154	244	38	114
151	244	40	114
150	244	41	115
152	243	41	115
152	244	41	115
152	246	41	116
152	247	40	115
152	248	41	114
152	248	41	115
151	249	41	116
152	250	41	117
150	249	41	116
151	249	40	118
150	250	41	117
151	250	41	117
151	252	41	117
151	253	42	118
150	253	42	118
150	254	43	120
151	253	42	121
150	254	43	121
150	254	43	121
150	254	44	122
151	254	43	121
151	254	43	122
151	254	44	122
151	256	44	122
151	257	44	122
151	259	45	122
150	259	45	122
151	260	44	122
150	262	45	121
150	262	45	121
149	261	45	122
150	262	45	123
149	262	45	122
149	262	45	123
149	263	45	124
149	265	45	123
149	265	47	125
148	266	48	125
147	267	47	125
147	267	47	126
149	267	46	126
150	267	46	125
150	268	45	124
149	270	47	124
149	276	48	127
150	282	48	127
149	286	46	127
149	288	46	128
147	290	46	125
148	289	45	127
147	289	45	127
149	290	44	127
148	290	44	127
146	291	45	127
147	291	44	128
147	292	45	128
149	294	44	129
147	295	45	128
149	296	43	129
147	296	44	128
149	296	43	129
149	297	44	127
150	296	44	128
149	296	44	129
149	297	44	129
151	297	44	129
150	298	45	131
151	298	46	132
151	298	45	132
154	299	44	132
153	300	45	131
153	299	43	131
154	299	42	131
155	300	41	131
152	299	45	131
155	290	44	134
148	287	48	131
156	275	45	133
155	271	48	135
161	258	46	135
158	253	47	134
163	244	46	133
159	237	47	135
164	232	45	134
162	221	46	134
165	209	45	134
164	205	45	136
160	199	47	136
159	189	48	133
162	184	45	133
155	179	47	133
159	172	44	134
161	159	45	134
160	155	46	134
161	150	44	135
164	143	43	135
162	133	44	134
165	128	43	134
162	121	45	136
163	117	45	135
163	104	44	133
163	100	45	135
163	96	45	135
163	93	45	133
164	92	44	132
164	92	44	131
165	92	43	131
165	93	44	131
165	93	44	131
165	93	44	130
165	94	44	130
164	93	44	130
164	94	45	131
164	95	44	130
163	94	45	130
163	95	45	129
162	96	44	128
161	96	44	128
160	98	45	127
159	99	45	127
158	98	46	128
156	100	47	128
154	101	48	128
150	100	49	129
149	100	49	129
148	100	48	131
144	100	51	131
145	101	49	132
142	102	50	131
142	103	49	130
140	103	50	130
138	103	51	130
138	105	51	122
137	106	51	114
136	108	52	117
140	107	51	98
136	107	53	95
104	111	46	92
100	117	48	111
99	117	46	114
137	109	50	101
136	107	51	104
97	121	47	112
95	123	48	121
93	121	49	125
94	121	48	128
93	120	48	128
132	112	50	138
132	113	50	139
133	112	50	141
133	112	50	141
132	112	52	141
131	112	51	143
127	114	53	144
132	115	51	143
132	116	51	143
133	117	51	143
132	117	53	143
132	117	52	144
135	117	51	144
135	116	51	145
134	116	53	146
134	117	53	148
134	118	54	149
132	118	57	151
131	123	57	147
132	121	57	152
130	124	58	147
131	124	55	149
140	129	51	148
139	131	52	146
140	132	53	146
142	132	53	147
142	132	52	146
143	132	52	147
143	132	52	149
143	134	52	149
144	136	52	148
145	138	53	146
145	139	53	146
149	139	53	151
150	138	52	151
150	140	53	150
152	140	54	151
152	140	54	154
155	139	54	155
155	139	54	156
154	143	57	156
156	144	58	158
156	146	59	157
157	147	57	159
158	149	57	158
161	150	57	157
162	150	56	157
163	150	56	157
164	150	55	157
166	151	54	157
167	152	55	157
167	154	56	158
167	155	57	158
166	157	59	158
168	157	59	158
169	158	60	161
171	159	60	161
173	159	60	162
175	160	59	161
177	161	59	162
177	161	57	162
180	162	59	163
179	164	59	165
181	165	63	164
178	165	64	166
177	168	69	168
174	171	69	165
178	170	69	169
177	171	68	167
181	172	66	168
182	173	65	167
183	174	63	165
187	176	62	166
185	177	63	168
187	179	61	166
186	181	64	165
186	181	63	164
187	183	65	170
190	184	64	167
191	184	63	170
192	183	62	171
196	184	60	171
197	184	59	171
197	185	61	173
198	185	61	174
197	189	65	176
195	191	68	175
196	191	68	178
195	193	71	178
197	195	70	179
198	196	68	178
199	197	68	177
203	196	65	178
202	198	65	177
204	199	66	177
204	200	67	178
207	202	66	179
206	204	67	179
207	205	69	178
209	206	69	183
212	207	68	181
215	206	69	183
217	208	67	183
219	208	67	182
221	208	66	183
224	210	68	183
223	212	69	183
224	212	69	186
224	212	70	188
222	217	73	189
222	217	76	193
225	218	74	193
226	218	75	194
231	219	72	189
233	222	70	186
237	223	68	187
238	225	68	185
241	228	69	187
242	228	68	188
246	230	69	187
244	232	70	183
247	232	68	183
245	234	71	182
242	233	72	182
225	234	73	184
220	234	71	185
213	236	74	184
190	240	80	179
190	240	76	179
179	242	80	178
162	247	84	174
157	251	83	175
151	252	81	176
149	254	73	171
153	255	70	169
154	256	70	167
155	255	68	169
158	256	70	169
159	257	70	170
159	258	71	170
162	261	72	168
161	262	74	171
165	266	72	175
165	265	73	180
170	268	72	179
173	268	72	180
176	267	72	179
177	264	71	179
182	256	71	182
184	251	70	188
186	247	71	186
186	245	72	177
187	240	76	173
190	236	76	198
191	232	76	206
192	226	78	221
191	220	81	234
196	213	82	224
200	204	81	195
205	198	76	202
208	194	77	197
211	186	80	214
212	180	83	216
213	177	83	214
218	169	81	220
221	165	81	222
222	160	82	223
228	151	80	222
229	145	81	223
232	141	82	222
233	136	81	221
237	132	85	223
237	133	85	231
241	136	84	231
243	143	88	230
246	144	87	230
249	146	86	232
253	148	85	232
258	150	83	230
261	151	82	230
263	151	81	230
268	153	82	227
272	156	82	228
275	158	82	229
277	163	87	234
