165	165	28	86
168	161	28	90
169	162	31	89
170	164	32	88
171	164	32	86
171	164	33	86
173	164	32	87
177	163	29	88
177	162	28	88
180	162	27	88
182	162	26	88
184	161	26	89
184	161	26	89
185	161	25	90
185	162	26	90
186	161	25	91
186	161	27	91
186	161	28	90
187	162	28	90
187	161	28	90
187	160	28	91
186	163	30	88
187	162	29	88
187	162	30	88
187	161	30	89
186	162	30	88
188	161	29	89
186	162	30	89
186	162	30	89
187	161	29	89
186	162	30	89
187	162	29	89
186	162	30	88
186	163	29	88
187	162	30	89
185	163	30	88
186	162	30	89
186	163	29	87
185	162	30	88
186	163	29	88
185	162	30	88
185	163	31	88
185	163	29	88
185	163	30	89
184	162	30	88
185	164	30	88
185	165	29	86
185	164	29	87
185	165	29	86
185	165	29	86
183	165	29	87
184	164	29	86
183	163	30	87
181	165	30	85
180	164	29	87
179	163	29	88
177	164	29	88
178	163	29	89
177	164	30	88
175	164	30	87
174	164	30	88
173	163	31	88
173	163	31	88
173	163	32	88
172	162	32	89
169	162	34	87
170	163	34	88
170	162	32	87
169	162	33	88
168	162	33	88
168	162	32	87
168	162	33	88
168	162	31	88
167	162	31	88
168	161	30	88
166	162	30	86
166	160	30	87
165	159	30	88
165	160	31	89
165	159	29	89
165	160	30	89
165	159	30	89
164	160	30	89
163	159	30	90
164	160	30	89
164	159	30	89
162	159	31	89
163	159	31	90
163	159	30	90
163	160	30	89
163	160	31	89
163	160	31	89
163	160	30	89
163	159	30	90
162	159	30	89
163	159	31	89
164	158	30	90
162	159	31	89
163	160	30	90
164	159	30	90
163	160	30	88
163	160	30	89
164	159	30	89
164	160	30	89
164	159	30	90
164	159	30	90
163	159	30	90
164	160	30	89
164	159	30	90
163	159	30	90
163	159	30	90
164	159	30	89
163	158	30	89
163	160	30	89
163	160	31	89
164	159	30	90
164	159	30	89
164	159	30	90
164	159	31	90
164	160	31	90
164	159	31	89
164	159	31	90
163	159	31	90
164	159	31	89
165	159	30	89
164	160	31	89
163	159	31	89
164	160	31	89
163	159	31	90
164	160	30	89
164	160	31	89
164	160	31	89
164	160	31	89
164	160	30	89
163	159	30	89
164	159	31	90
163	160	31	89
164	160	31	89
164	159	31	89
164	159	31	89
163	159	31	90
164	160	31	89
163	160	31	89
164	159	30	89
162	160	32	89
164	160	31	89
164	159	30	89
164	160	31	90
164	160	31	89
164	158	30	90
163	159	31	89
164	160	31	90
163	160	31	89
163	159	31	89
163	159	31	89
163	159	31	89
164	160	31	89
164	160	31	89
163	160	30	89
163	159	31	89
164	159	30	89
163	159	30	89
164	159	31	89
163	159	31	90
164	159	30	89
164	160	30	89
164	159	31	90
163	160	31	89
164	159	30	88
163	159	31	90
165	159	30	90
164	160	30	89
163	160	31	89
163	160	31	89
163	159	30	89
164	160	30	88
163	159	30	89
163	159	31	89
164	159	31	89
163	160	30	89
163	160	31	88
164	159	30	90
163	159	31	89
164	159	31	89
164	159	30	89
164	160	31	89
164	159	30	89
164	160	31	90
164	159	30	89
164	159	31	89
164	160	31	89
164	159	30	90
164	159	30	89
164	160	31	89
164	159	30	89
164	159	30	89
164	159	30	89
163	160	31	89
163	160	31	89
164	160	30	89
163	159	31	89
163	160	31	89
164	160	31	89
164	159	31	89
165	160	31	89
164	160	31	89
164	159	30	89
164	160	31	88
165	159	30	89
164	160	31	89
164	159	31	89
165	160	31	89
164	160	30	89
165	160	30	89
165	159	30	88
164	159	30	89
164	159	31	89
164	160	31	88
164	160	31	89
165	160	30	89
165	160	30	89
165	159	30	89
165	159	30	89
165	159	30	89
166	160	29	88
166	159	30	88
166	161	31	88
167	160	30	88
166	160	30	88
166	160	31	89
166	160	30	88
166	160	31	89
166	159	30	88
166	161	31	88
167	160	29	88
165	160	30	89
165	159	30	89
166	160	30	88
166	159	30	89
164	160	31	88
166	159	30	88
165	160	30	88
166	160	30	89
166	160	30	88
165	160	31	89
167	160	29	88
166	160	30	88
166	160	29	87
167	161	31	88
167	161	30	87
168	160	30	88
167	161	31	87
166	161	31	86
167	161	30	87
167	160	31	88
167	161	30	87
167	161	31	86
167	160	31	88
167	160	31	87
166	161	30	87
166	160	30	88
165	159	30	88
164	159	31	89
164	159	31	89
163	160	31	88
163	160	31	88
162	161	31	88
161	160	31	88
159	161	32	87
159	162	32	86
159	163	32	85
158	162	33	86
157	162	33	86
156	163	34	86
156	163	33	85
155	162	34	86
155	162	33	87
155	161	33	87
156	162	32	86
156	160	32	88
156	161	31	87
155	160	31	88
156	159	31	88
156	159	31	88
156	158	31	90
156	158	30	89
156	156	30	90
154	157	33	89
154	157	33	89
154	157	33	89
152	157	35	90
151	157	35	88
151	158	36	88
149	158	36	88
149	159	36	87
150	160	33	87
146	160	35	86
141	162	38	82
138	164	36	81
138	163	34	83
138	163	34	83
135	164	32	82
133	164	31	83
132	163	29	83
129	163	28	81
127	163	30	82
125	163	32	88
123	163	33	86
120	163	35	87
120	162	35	86
118	162	37	86
118	162	37	87
119	162	37	86
118	162	36	86
120	162	36	87
119	162	36	87
120	162	34	88
121	162	31	89
122	162	30	89
123	163	29	89
124	164	29	89
128	164	29	87
129	164	26	86
131	164	27	86
133	164	26	85
134	164	26	85
135	164	26	85
137	164	28	85
138	165	29	83
138	165	35	84
141	165	35	84
142	165	35	85
148	162	31	87
151	162	28	86
154	160	27	89
157	159	26	90
159	159	28	90
162	160	30	89
164	160	31	90
164	162	30	88
166	161	31	90
169	162	29	88
174	162	27	88
178	161	26	90
178	161	28	89
180	160	30	90
181	162	35	87
182	162	35	87
182	163	39	87
185	162	37	88
186	163	37	88
188	162	36	88
191	162	34	89
192	161	33	89
196	159	31	91
200	159	28	91
203	160	29	91
205	159	28	91
208	160	29	91
210	161	31	90
211	163	34	89
215	164	32	86
222	163	31	85
225	162	32	87
230	162	33	87
234	161	30	87
236	162	31	87
238	160	33	87
245	159	30	87
250	158	27	85
255	158	25	84
257	158	26	84
259	159	26	82
260	158	27	84
262	157	27	87
263	156	28	86
266	154	27	86
265	153	29	87
266	152	30	86
269	152	32	85
271	152	32	86
273	151	32	85
275	152	32	85
277	149	31	86
280	149	30	86
281	148	30	87
281	147	31	87
282	148	31	87
283	148	30	87
284	148	28	86
285	147	28	85
285	148	28	84
285	148	28	85
285	148	28	84
286	147	28	84
285	149	28	84
285	149	28	82
284	148	28	83
283	148	30	86
283	147	31	86
282	147	31	88
282	146	31	86
283	146	30	87
285	146	29	87
285	146	29	88
287	146	28	87
287	147	28	85
289	148	27	85
290	147	28	85
291	148	28	86
292	145	28	88
293	146	27	87
294	144	27	87
294	145	26	85
295	145	25	83
296	144	26	81
296	144	26	84
297	145	25	83
298	144	25	86
299	144	24	86
299	143	23	87
300	143	24	85
300	143	25	86
300	142	25	86
300	143	25	87
300	141	25	90
301	143	25	87
300	143	27	85
300	143	26	85
300	143	26	89
300	143	26	86
299	144	26	86
297	144	26	85
297	146	27	83
295	144	26	83
294	145	27	79
295	144	26	82
293	144	28	83
292	144	29	85
291	144	29	85
292	144	31	85
290	144	33	88
290	144	33	85
291	146	33	85
290	143	35	84
291	144	35	83
290	145	36	86
291	144	36	84
291	144	36	83
293	145	34	85
293	144	35	84
295	144	33	84
295	144	32	84
297	144	30	85
298	143	29	85
298	144	29	85
299	143	29	89
300	143	29	85
301	141	30	90
301	142	31	90
301	141	32	93
301	142	32	91
302	142	32	91
303	141	32	92
303	143	32	90
304	144	31	88
304	143	32	91
306	144	30	89
304	144	31	88
305	142	31	90
305	143	32	90
306	142	32	89
305	142	34	89
306	143	34	87
307	144	34	88
307	145	34	89
308	145	35	88
310	144	35	88
313	144	35	87
313	144	35	86
314	143	35	88
315	141	33	85
317	139	33	83
316	138	34	84
316	138	32	83
315	138	33	82
313	138	34	83
314	135	33	86
312	136	33	84
312	136	32	82
313	136	31	81
311	137	32	81
312	138	31	82
311	138	31	80
310	139	31	79
310	136	31	80
309	137	30	83
310	137	29	80
309	137	29	80
309	135	28	79
308	136	28	80
306	134	29	81
305	136	30	81
304	136	30	79
301	137	31	79
299	137	34	82
296	136	37	85
294	137	38	87
292	136	35	88
287	137	34	86
286	136	33	88
284	135	31	87
283	136	31	84
280	137	29	82
276	137	28	85
273	137	29	84
272	137	28	83
270	136	28	80
269	137	28	79
266	137	28	80
265	136	29	80
263	136	30	80
261	137	30	81
259	137	32	80
258	137	32	80
256	138	34	80
253	138	36	80
253	137	35	78
250	137	36	80
242	139	29	81
239	138	31	89
238	137	30	92
236	138	31	91
235	137	31	90
234	138	32	91
231	136	29	94
230	136	30	88
229	137	29	83
230	137	27	82
227	138	27	81
225	138	29	80
222	139	31	80
219	138	33	80
218	138	34	79
216	138	34	80
217	138	34	80
215	139	34	83
213	139	33	81
212	139	32	80
211	138	31	79
209	139	32	81
207	138	32	79
206	138	32	79
204	139	30	79
204	139	30	79
202	138	30	82
202	138	29	84
201	138	28	82
199	138	28	81
198	139	27	80
199	137	26	83
196	139	26	79
195	137	26	78
195	138	25	79
191	138	27	76
189	138	29	75
188	138	30	75
186	139	30	75
184	139	31	79
180	139	32	80
178	139	32	83
176	138	29	80
175	138	30	81
173	138	29	82
172	138	29	84
172	138	28	83
170	139	30	79
170	138	28	80
168	139	28	81
168	139	27	80
166	138	25	81
165	138	25	80
165	138	24	78
163	139	25	76
164	138	24	76
162	138	25	76
162	138	25	78
159	138	27	78
155	138	30	80
153	139	30	79
153	139	31	82
150	140	32	82
147	141	32	81
144	140	31	82
141	141	31	83
140	139	29	83
138	140	29	82
139	139	29	85
136	141	30	80
136	140	29	82
136	142	28	83
134	141	31	83
134	141	29	81
134	140	27	81
133	141	27	80
132	140	26	79
130	140	26	79
130	140	25	79
130	140	25	78
129	140	25	79
127	139	27	76
124	141	29	74
125	141	28	76
124	140	29	76
121	141	30	77
120	141	31	78
117	141	32	79
115	141	33	78
114	140	31	79
112	140	31	78
110	138	28	86
109	139	28	91
108	140	29	83
107	140	28	82
106	141	26	91
106	141	24	79
104	141	24	82
101	142	27	81
99	141	28	83
98	142	27	82
97	143	28	83
95	143	28	82
95	143	28	81
95	144	28	78
94	143	30	79
95	143	32	79
96	144	33	81
96	143	35	79
97	143	34	78
98	143	34	76
99	140	33	84
99	140	34	81
104	140	31	79
105	139	32	82
108	140	31	79
109	139	31	82
110	140	29	79
111	140	29	83
112	139	29	83
113	139	28	85
113	139	29	82
114	141	29	79
113	140	29	79
114	140	28	81
115	141	28	79
114	141	28	82
114	140	28	81
115	140	28	80
115	141	28	80
114	141	29	77
116	140	28	79
115	141	28	77
117	140	28	80
118	139	28	82
118	141	30	77
119	141	30	77
122	142	28	77
123	142	31	80
125	142	29	78
126	140	30	81
129	141	29	83
134	140	27	86
134	139	26	86
136	139	25	83
138	140	26	85
139	140	26	86
140	141	27	85
141	141	26	84
147	140	26	84
149	140	27	87
150	138	27	87
151	138	29	85
152	140	29	85
153	140	31	84
153	140	33	83
154	140	33	84
158	140	30	79
157	140	33	84
161	140	28	82
164	139	28	86
167	137	26	92
170	138	25	83
172	138	25	86
173	138	25	84
176	140	25	82
176	139	26	86
179	139	25	83
179	139	26	86
181	138	25	84
182	138	25	86
184	138	26	84
186	138	24	82
186	139	26	83
188	137	27	82
192	138	28	80
194	139	29	81
197	139	29	83
197	138	30	82
199	138	28	85
200	138	27	84
203	137	26	84
205	137	25	81
207	137	25	83
207	138	26	84
207	137	27	85
208	138	27	83
209	138	26	82
210	138	27	84
209	138	27	81
211	139	26	82
212	138	27	82
211	139	26	81
212	139	27	83
212	138	28	84
213	139	28	80
215	138	30	81
216	138	33	83
217	138	33	80
218	139	33	80
219	138	32	80
221	138	30	82
222	138	30	82
224	136	30	86
225	136	29	81
228	137	29	82
227	136	30	87
226	135	31	87
226	137	31	86
225	135	31	88
224	136	32	88
223	136	32	86
222	137	32	86
219	137	33	87
219	138	34	84
218	137	35	85
211	139	37	86
209	137	34	85
209	138	31	81
208	138	32	82
208	138	31	81
207	138	30	85
207	139	30	84
207	138	30	86
205	139	31	85
205	138	32	87
204	138	31	87
205	137	30	86
202	139	28	82
201	138	28	85
201	138	27	86
200	138	27	86
201	139	26	82
200	138	26	85
199	138	27	85
199	138	27	83
197	138	28	85
198	138	27	83
197	139	28	81
194	138	27	82
193	138	24	82
193	138	23	80
192	138	23	80
192	138	23	79
189	138	25	81
187	140	27	77
188	139	27	78
186	139	28	81
185	137	28	83
183	138	30	84
183	138	30	82
181	138	31	84
177	139	29	86
174	137	26	83
173	139	27	78
171	140	28	75
170	139	27	81
171	140	26	78
170	139	25	77
169	140	26	80
169	138	25	82
168	139	24	79
167	140	24	79
166	139	24	81
165	140	24	78
165	139	24	74
164	139	24	78
163	140	25	75
162	140	26	74
159	140	27	75
158	141	28	75
157	141	28	76
155	140	30	81
154	139	29	80
150	141	32	79
150	139	30	82
149	139	30	84
148	140	30	81
146	141	29	80
145	140	29	82
144	141	29	83
143	139	27	82
143	141	29	80
142	140	26	82
142	140	26	85
141	140	26	84
141	140	26	83
141	140	27	82
136	140	29	80
130	140	33	78
131	140	32	78
129	141	31	76
128	140	31	82
127	140	31	76
125	140	31	79
124	139	29	79
123	139	30	82
122	140	30	79
121	139	29	78
120	140	28	79
120	139	28	79
119	141	27	76
118	140	26	77
118	141	25	75
118	140	25	79
117	139	26	80
116	141	25	82
115	139	25	84
114	139	27	83
112	139	27	81
113	139	26	78
113	139	25	79
110	141	27	74
111	139	25	82
110	139	25	81
110	140	25	82
109	139	26	81
109	139	25	82
106	138	27	91
105	138	28	82
105	139	27	89
104	139	28	83
102	140	29	80
100	140	30	80
97	140	31	81
97	140	27	80
96	142	27	75
95	141	26	75
95	140	25	78
94	141	26	76
94	141	25	79
92	141	25	80
91	143	26	77
89	142	26	79
88	140	25	86
86	142	27	82
84	142	28	82
83	143	27	83
82	142	27	81
82	144	26	79
81	142	26	83
81	142	26	83
80	142	26	85
80	142	25	82
79	141	27	86
77	142	27	85
78	141	27	85
77	141	28	86
79	141	27	85
78	142	27	82
79	141	28	85
78	141	28	84
79	141	29	85
79	142	29	85
79	142	29	84
78	141	29	86
79	141	28	85
79	141	28	83
79	141	29	86
79	141	30	85
79	142	27	83
78	140	28	84
79	140	29	90
79	142	28	83
78	140	30	86
78	141	29	86
80	141	28	84
78	141	30	84
80	143	28	82
79	140	30	84
80	142	30	83
