279	189	20	52
279	187	20	53
279	187	20	52
280	189	20	52
281	189	20	53
282	187	20	54
283	186	20	55
284	187	21	55
285	188	22	53
287	188	21	53
288	188	21	50
288	187	22	50
290	186	23	50
291	188	23	48
293	189	23	48
294	189	22	55
295	189	23	56
298	188	21	57
300	190	21	57
301	191	21	56
302	192	21	55
303	191	21	57
303	190	22	57
304	190	23	56
304	193	23	57
306	193	23	58
308	192	22	58
309	192	21	59
309	192	23	60
310	194	23	59
312	194	23	59
313	193	23	60
314	193	25	59
315	195	24	59
317	197	24	58
318	197	23	58
320	195	23	61
321	196	23	60
323	197	23	59
324	199	23	59
325	198	25	59
326	197	25	59
328	199	24	58
329	200	24	57
331	200	23	57
332	200	23	58
334	199	22	60
335	200	22	58
336	200	23	60
338	202	23	57
340	202	23	58
341	201	23	57
341	201	24	59
344	202	25	60
346	203	24	60
348	204	23	61
348	204	23	64
350	204	23	62
352	202	22	62
353	204	23	60
354	205	23	60
358	206	22	59
357	206	24	60
358	205	24	62
360	204	24	61
362	206	24	61
363	206	24	61
366	207	23	63
367	207	23	63
368	207	24	64
370	208	23	64
371	208	24	64
372	208	24	64
372	210	25	63
374	210	24	64
375	210	25	64
377	209	25	64
377	209	26	65
379	211	26	64
380	211	26	65
383	211	25	67
384	211	24	66
385	210	24	69
386	213	25	65
389	214	24	64
391	214	24	64
393	213	25	67
394	215	26	65
398	216	24	66
398	216	25	68
400	214	24	69
401	215	25	70
402	216	25	69
403	216	25	69
404	218	26	69
406	218	27	69
408	218	27	69
409	218	26	69
411	218	27	68
415	220	26	67
417	221	25	69
419	219	24	70
420	219	25	71
422	220	25	71
423	221	26	69
426	223	26	70
427	223	26	71
429	222	26	72
433	222	25	71
433	223	27	69
438	225	25	68
439	226	25	70
441	227	25	70
443	226	24	71
445	226	24	72
446	228	25	71
449	229	25	71
450	228	25	72
451	228	27	74
454	228	26	73
456	228	28	73
459	230	27	69
463	231	26	71
467	230	23	73
470	230	24	74
471	231	24	76
472	232	23	74
475	233	27	70
474	239	25	68
483	230	26	68
485	231	26	69
485	232	25	70
485	230	23	52
488	229	21	50
483	231	23	50
486	230	21	51
488	232	21	46
485	231	22	45
487	230	22	49
486	231	22	48
486	231	22	47
484	230	23	49
487	231	21	48
483	232	23	48
485	231	22	50
488	230	21	47
485	231	21	48
484	230	23	49
486	229	23	48
486	230	22	48
486	230	22	49
486	228	25	50
515	214	26	66
513	216	30	69
562	251	28	76
565	253	26	76
573	256	29	74
576	255	30	74
580	253	28	74
581	253	28	74
588	258	23	70
