189	248	13	28
189	246	12	30
189	246	12	29
189	246	12	30
189	246	12	30
189	246	13	31
189	246	13	32
188	247	12	31
189	246	13	31
188	245	13	32
189	246	13	31
189	246	13	32
189	246	13	31
189	245	13	32
188	246	13	32
188	246	14	32
188	245	14	32
188	245	14	33
187	246	15	33
187	245	14	33
187	246	15	34
188	246	14	32
188	248	13	31
188	246	13	33
188	248	14	31
188	246	15	32
187	246	15	33
188	244	17	34
188	244	18	37
186	245	19	35
187	246	17	34
188	246	17	33
187	248	16	32
188	246	16	33
189	247	15	33
188	246	16	32
188	247	14	32
188	246	14	32
189	247	13	32
188	246	13	32
188	246	13	32
188	246	13	32
189	246	13	33
189	246	13	32
188	247	13	33
189	246	13	33
189	246	13	33
188	246	13	33
189	246	13	33
189	246	13	33
188	246	13	33
188	246	13	33
188	246	13	33
188	246	13	33
189	246	13	33
189	246	13	33
189	246	13	33
189	246	13	33
189	246	13	32
189	246	13	33
189	246	13	33
189	246	13	32
189	246	13	32
189	246	13	32
188	246	13	32
189	246	13	33
188	245	13	33
189	246	13	33
189	246	13	32
189	246	13	33
189	246	13	32
188	246	13	33
188	246	13	33
189	245	13	33
189	246	13	33
188	246	13	33
189	246	13	32
188	246	13	33
189	246	13	33
188	246	13	33
189	246	13	33
189	246	13	33
189	246	13	34
189	246	13	33
189	246	13	33
189	245	13	32
189	246	13	33
189	246	13	32
190	246	13	33
188	246	13	32
189	246	13	33
189	246	13	32
189	246	13	32
190	246	13	33
189	247	13	32
189	247	13	32
189	247	14	32
189	246	15	32
188	247	14	33
188	245	15	34
189	246	15	33
189	246	15	34
189	240	19	41
189	234	21	50
187	231	24	59
185	230	24	61
185	230	24	60
184	231	24	60
183	231	25	59
183	233	24	56
182	232	25	55
182	232	24	52
213	228	20	47
214	230	19	50
212	230	20	52
211	230	21	51
209	230	21	51
208	229	21	51
208	230	21	48
206	231	22	51
206	230	21	51
204	231	21	53
204	231	19	50
204	231	19	50
204	232	19	50
201	231	19	48
203	231	17	47
201	229	18	38
195	231	21	44
194	231	22	48
192	232	23	48
194	232	21	48
184	228	25	48
183	234	26	50
171	236	23	52
187	226	24	45
172	223	23	49
169	234	26	49
166	236	22	50
163	240	23	53
166	235	23	52
163	238	24	55
162	236	24	55
163	236	25	50
164	239	26	47
163	238	25	48
164	238	23	49
164	238	24	44
163	239	25	46
165	239	23	46
165	240	23	42
162	239	23	45
167	239	25	45
161	236	23	48
161	239	25	45
165	242	24	43
173	236	24	48
174	237	23	48
174	237	24	47
172	236	24	46
172	235	25	46
170	236	24	45
172	235	25	46
192	239	20	41
196	228	21	49
169	235	22	46
169	234	22	45
167	235	23	45
168	235	22	44
166	234	22	46
168	235	21	46
167	235	21	44
166	235	21	46
168	235	20	46
166	236	20	46
167	237	20	44
169	238	21	42
165	237	21	42
166	237	20	39
169	238	21	36
187	244	16	35
189	246	14	32
189	246	13	33
189	247	13	31
190	246	12	32
190	246	12	32
189	246	12	32
189	246	13	31
189	246	12	30
189	247	12	29
188	246	12	30
190	246	12	28
188	246	13	28
188	246	13	28
189	245	12	27
188	247	13	25
189	246	13	25
188	247	13	25
187	247	14	27
187	246	14	27
187	246	14	27
188	246	14	28
187	247	14	27
188	247	13	28
188	247	13	30
188	247	14	31
187	246	15	32
187	246	14	32
188	247	14	32
188	247	14	32
188	247	14	32
189	247	13	32
189	246	14	32
189	246	13	33
189	246	12	32
189	246	13	32
189	246	13	32
189	246	13	32
189	247	13	32
189	246	13	31
189	247	13	32
189	246	13	32
189	246	13	32
189	246	13	32
189	246	13	33
189	246	13	32
189	246	13	31
189	247	13	31
189	247	14	30
189	246	14	31
189	246	15	31
190	246	16	30
191	245	18	30
192	229	20	41
189	231	23	44
189	231	22	45
187	231	23	45
187	231	22	46
187	231	22	45
187	231	22	45
185	230	23	47
185	231	22	46
184	232	22	46
183	233	22	45
183	234	22	45
184	234	22	45
182	233	22	46
183	233	21	47
182	233	21	46
181	233	22	47
182	234	24	47
202	234	22	47
200	234	22	46
199	234	24	48
199	234	23	50
199	234	22	50
198	235	22	48
197	236	22	48
195	236	23	48
195	236	23	50
195	236	22	49
195	235	22	47
194	236	22	48
194	237	22	49
193	236	22	48
192	238	23	48
192	237	22	47
191	237	23	47
191	236	23	49
190	237	24	52
189	237	24	54
188	237	24	54
188	237	25	54
187	237	24	55
187	238	24	55
187	237	24	57
187	237	24	57
188	237	23	57
188	237	23	58
188	238	23	57
187	239	23	57
187	239	23	55
187	239	24	56
188	239	24	55
187	238	24	57
188	239	24	57
187	238	25	59
187	239	25	58
187	240	25	59
187	241	25	58
188	241	24	54
188	241	24	55
187	241	23	53
188	240	21	49
188	242	17	39
187	244	16	35
188	245	14	35
188	246	14	34
188	246	14	34
188	246	14	33
188	245	13	34
188	245	14	34
188	245	14	34
188	245	15	35
188	246	14	34
187	245	15	34
188	245	15	34
188	246	14	34
188	246	14	33
188	246	14	34
188	245	15	33
188	246	14	34
188	246	14	33
188	245	14	34
189	245	14	34
189	245	14	34
189	245	14	34
188	245	14	33
189	246	14	34
188	246	14	34
188	245	14	33
189	245	14	34
188	246	14	33
188	245	14	34
188	246	14	35
188	245	15	35
188	246	14	34
188	246	15	34
188	245	14	34
189	246	14	34
188	246	14	35
188	245	15	35
187	245	15	34
188	246	14	35
188	246	14	33
188	245	14	33
188	246	13	32
188	246	13	32
188	246	13	33
188	247	14	29
189	246	14	34
188	245	14	31
188	245	13	31
188	246	12	27
189	246	12	26
189	247	11	24
189	247	12	24
189	246	12	24
189	245	12	24
189	246	12	23
188	245	12	24
188	245	13	24
188	244	13	25
189	243	15	26
191	237	21	32
191	238	22	43
189	235	24	48
190	234	23	50
190	233	24	51
190	233	24	51
189	234	24	51
188	234	25	50
190	234	24	49
189	234	24	49
189	237	24	47
192	234	22	50
194	235	21	49
195	235	21	48
195	234	21	49
194	233	21	50
194	235	21	49
195	235	21	47
194	238	21	44
195	237	21	45
194	238	21	44
188	242	19	39
187	243	17	35
189	242	16	36
187	244	16	33
188	244	15	33
188	245	14	32
188	246	14	31
188	246	13	30
189	245	13	31
189	245	14	32
189	245	14	32
188	246	14	32
189	246	13	32
189	246	13	32
189	245	13	32
189	246	14	33
189	245	13	32
189	245	14	32
189	246	13	32
189	246	14	32
189	246	13	32
189	246	13	32
188	246	13	32
189	246	14	33
189	246	13	32
189	246	13	32
189	246	13	33
189	246	14	32
189	246	13	32
189	246	13	33
189	246	13	32
188	246	13	32
189	246	13	33
188	246	13	33
188	246	13	32
189	246	13	32
188	246	13	33
189	246	13	33
188	246	14	33
189	246	13	32
189	246	13	33
189	245	13	33
188	246	13	33
188	246	13	33
188	246	13	33
189	246	14	33
188	246	14	33
189	246	13	32
188	246	13	32
188	246	14	33
189	246	13	33
189	246	14	33
188	246	13	32
189	246	14	33
189	246	14	33
189	247	14	32
189	246	15	33
189	246	14	33
189	247	15	33
189	246	14	33
190	247	15	33
189	245	15	33
189	245	15	34
190	246	15	34
190	245	16	34
191	244	16	35
190	245	16	34
190	243	16	35
190	243	16	36
189	244	16	35
189	243	15	36
189	241	15	38
188	241	16	39
188	241	16	37
188	241	15	38
187	239	16	39
187	243	16	36
187	242	15	37
186	240	16	38
185	239	17	39
184	238	18	40
184	239	17	40
182	230	18	48
182	232	19	49
184	242	18	38
185	244	16	35
186	245	16	34
186	247	15	33
187	247	15	32
187	246	14	33
187	245	15	33
188	247	14	32
187	247	14	32
187	246	14	33
188	246	14	33
188	246	14	33
188	246	14	32
188	246	13	33
188	246	14	33
188	246	14	33
188	247	13	33
188	246	14	32
189	246	13	33
188	246	13	32
188	246	13	33
188	246	13	33
189	247	13	33
189	246	13	33
189	246	13	33
189	246	13	33
188	246	13	33
188	246	13	32
188	246	13	33
188	246	13	33
189	246	13	32
188	247	13	33
189	246	13	33
189	246	13	33
189	246	13	33
189	246	13	33
189	246	13	33
189	246	13	33
189	246	13	33
189	245	13	33
189	245	13	33
189	246	13	32
189	246	13	33
189	246	13	33
188	246	13	33
189	246	13	33
189	246	13	33
188	246	13	33
189	246	13	33
189	246	13	32
188	246	13	33
188	246	13	33
188	246	13	33
189	246	13	33
189	245	13	33
189	246	13	33
189	245	13	33
189	245	13	33
189	246	13	33
188	246	13	33
188	246	13	33
189	246	13	33
189	246	13	33
189	246	13	33
189	246	13	33
189	246	13	33
188	246	13	33
188	245	13	33
188	246	13	33
189	246	13	33
189	246	13	32
189	246	13	32
189	246	13	32
189	245	13	33
189	246	13	33
189	246	13	33
189	246	13	33
189	246	13	32
189	245	13	32
189	246	13	33
189	246	13	33
188	246	13	33
189	246	13	32
189	245	13	33
188	246	13	33
188	246	13	33
189	246	13	33
189	246	13	33
188	246	13	33
189	245	13	33
189	245	13	33
188	246	13	33
189	246	13	33
189	247	13	33
189	246	13	33
189	246	13	33
189	246	13	32
189	246	13	33
189	247	13	32
189	246	13	33
189	246	13	32
189	246	13	33
189	246	12	33
189	246	13	33
189	246	13	32
189	246	12	32
189	246	13	33
188	246	13	32
188	245	13	33
189	246	13	33
189	246	13	32
189	246	13	33
189	246	13	32
189	246	13	33
189	246	12	32
189	246	13	32
189	246	12	32
189	246	13	32
188	246	13	32
188	246	13	33
189	246	13	32
189	246	13	32
188	247	13	32
188	246	13	32
189	246	13	33
189	246	13	33
189	246	13	32
189	246	13	32
189	246	12	32
189	246	13	32
188	246	13	32
189	246	13	32
189	246	13	32
189	246	13	33
189	246	13	32
189	246	13	32
189	246	13	32
189	246	13	32
188	246	13	32
189	246	13	33
189	246	13	32
189	246	13	33
188	246	14	33
189	246	13	33
188	246	13	32
189	246	14	33
189	247	13	33
188	246	13	33
189	246	13	33
189	246	14	33
188	245	14	34
188	246	14	33
189	246	14	33
189	245	14	33
189	246	14	33
188	245	14	33
189	244	14	35
189	244	14	35
188	246	14	34
189	245	14	34
188	246	14	34
188	246	15	33
188	245	14	34
188	246	14	34
188	245	14	34
