449	257	43	74
448	252	39	87
449	252	39	88
448	253	40	89
449	253	39	89
448	254	39	89
447	254	39	89
448	254	39	90
448	254	39	91
447	255	40	91
446	254	40	91
446	255	41	91
446	254	41	92
446	255	41	91
445	254	42	91
446	255	41	91
445	255	42	90
443	254	43	90
442	254	44	91
441	254	43	88
438	254	45	93
437	255	46	92
436	256	45	94
433	257	47	95
431	258	47	98
430	256	48	100
428	257	51	105
423	260	52	104
420	256	55	121
418	254	58	126
415	253	58	133
414	252	58	130
413	252	57	135
412	252	56	132
412	252	55	132
413	252	52	131
412	251	52	129
412	252	52	128
411	253	51	127
411	253	50	127
412	252	49	125
412	254	47	114
413	253	44	109
414	251	42	89
412	254	42	91
411	253	44	92
411	254	44	96
410	249	44	85
408	250	48	114
405	252	49	109
403	248	50	123
400	247	52	128
397	246	53	128
397	246	53	130
393	246	55	128
390	244	54	129
390	244	52	129
388	243	51	129
386	243	52	129
384	243	53	128
377	244	56	128
374	245	59	128
373	245	58	127
370	246	58	128
366	245	58	128
364	242	57	127
360	242	55	127
359	241	53	128
355	241	51	127
354	241	48	126
350	240	48	127
351	241	47	122
348	241	49	125
344	239	50	128
344	239	49	130
340	236	47	125
340	235	44	127
333	235	45	122
333	237	44	126
326	237	47	126
322	237	50	124
319	237	53	127
311	236	58	130
313	231	56	132
308	231	57	131
306	231	58	130
300	230	59	127
303	231	56	126
298	230	57	126
296	230	57	126
296	230	57	126
289	230	60	127
290	231	57	125
291	231	54	120
287	231	55	120
288	228	54	113
288	226	52	129
287	227	52	124
286	226	51	123
285	226	50	123
282	226	51	124
279	227	52	120
277	226	52	126
278	223	51	124
274	221	51	122
275	221	49	122
269	219	51	122
268	219	50	124
267	219	49	124
262	219	52	128
263	221	51	118
259	221	51	118
258	221	51	118
256	220	51	122
254	219	50	124
256	218	48	119
254	218	48	122
252	219	48	120
248	219	50	118
248	220	50	119
242	219	51	116
240	218	52	115
239	217	49	116
238	216	49	117
233	214	50	119
232	215	49	118
228	215	50	118
226	215	48	116
226	216	48	115
223	215	47	110
223	214	44	108
222	213	42	96
220	213	41	92
215	213	43	90
214	213	42	86
214	213	40	85
210	213	42	87
207	212	39	81
205	211	38	82
203	210	39	89
201	210	38	85
196	209	39	82
198	208	38	81
193	206	38	82
191	207	38	82
189	206	40	87
190	206	37	82
185	206	39	88
184	206	38	89
183	205	36	88
182	204	36	88
180	203	37	89
175	204	38	88
173	204	38	90
170	206	38	85
167	206	39	92
164	205	39	92
162	203	40	95
160	203	40	95
158	201	40	90
157	199	39	96
156	198	38	76
154	200	37	96
154	203	38	96
151	205	37	96
150	204	36	99
147	198	36	87
147	198	35	70
147	193	32	65
144	196	32	60
143	196	30	61
139	195	31	64
136	194	33	68
134	196	33	69
130	195	34	93
124	195	39	90
122	194	38	91
119	191	39	94
117	192	40	98
113	190	41	101
115	190	38	98
114	191	38	78
112	194	36	82
111	192	36	91
111	191	37	95
107	190	37	92
107	189	36	96
102	191	38	84
103	190	36	93
101	189	36	88
97	191	38	94
96	189	37	80
92	191	39	93
94	187	37	98
91	187	38	94
88	186	40	88
86	186	41	97
85	184	40	94
84	186	39	90
81	187	41	91
80	185	41	93
78	185	41	91
78	186	38	88
77	184	37	85
78	184	37	82
75	184	37	82
74	183	38	92
71	185	39	89
71	185	37	89
69	183	38	94
67	182	37	92
66	182	36	97
65	182	37	89
65	182	36	87
63	181	36	95
60	182	37	90
60	182	36	95
57	183	37	95
56	185	38	88
104	159	38	83
146	157	37	81
144	155	38	86
139	156	41	88
136	156	40	87
135	154	40	86
132	155	38	86
130	153	38	84
128	153	36	80
122	153	38	75
123	152	35	80
120	153	37	80
114	152	38	75
113	152	36	77
110	150	36	75
105	149	36	81
104	149	35	80
101	150	34	74
99	150	35	75
95	149	34	75
93	148	35	76
90	147	35	77
86	145	35	78
85	146	35	72
78	144	36	75
79	144	34	74
75	144	34	74
75	142	33	73
71	143	33	69
67	141	36	77
64	140	37	73
62	141	38	75
59	141	40	75
57	138	37	74
53	138	37	76
49	139	39	76
49	139	37	74
44	139	35	71
43	138	35	69
41	139	37	64
38	137	37	65
55	131	49	72
0	115	41	104
8	102	54	112
36	150	107	95
9	96	84	153
27	148	121	96
101	145	107	139
133	258	91	126
188	266	77	105
200	283	74	97
207	288	70	91
203	288	58	87
202	301	54	85
214	295	57	89
216	288	62	85
208	285	50	85
212	300	56	87
208	294	56	83
225	306	59	83
207	300	59	80
209	295	54	85
203	304	57	84
209	302	49	85
217	297	55	86
238	311	47	81
237	301	47	82
240	310	45	86
236	307	46	79
228	311	46	83
237	305	45	76
227	307	48	85
207	299	48	72
206	299	48	79
216	300	51	79
245	321	39	73
253	322	37	72
252	317	36	78
209	304	45	75
218	303	50	81
216	296	53	86
246	312	41	77
237	320	48	72
248	319	42	74
245	296	42	85
203	299	46	82
209	297	48	86
217	294	55	86
213	294	47	88
215	288	52	86
208	294	46	84
213	290	49	85
219	295	47	77
212	293	46	82
213	302	43	76
196	308	52	80
202	290	50	82
209	307	49	79
200	300	52	81
220	297	52	86
218	299	52	85
208	294	54	90
209	296	52	81
218	297	52	83
240	305	45	86
208	290	42	79
200	295	46	84
211	304	49	80
220	305	53	82
209	300	45	86
244	317	42	80
237	314	45	78
240	311	45	77
218	292	48	84
215	301	46	78
211	299	54	85
216	297	54	83
208	297	50	86
213	306	57	86
210	297	47	82
211	305	50	79
214	306	50	78
199	282	52	87
213	295	55	85
225	288	50	89
209	297	47	80
208	303	51	80
203	299	45	77
209	298	43	81
211	298	47	80
212	302	52	78
209	297	51	82
205	294	44	78
212	295	45	79
208	295	50	84
204	295	44	78
211	297	45	80
208	303	49	79
194	301	56	79
204	296	53	85
213	298	48	82
215	295	49	81
215	300	47	79
204	293	48	83
219	298	52	85
236	311	49	81
237	306	45	79
238	310	45	82
211	280	44	85
204	305	46	77
212	281	51	88
207	294	55	85
199	298	49	81
209	299	41	75
218	306	44	78
240	314	44	79
212	297	51	80
210	291	48	82
