573	29	15	35
573	29	14	36
573	28	14	38
572	27	14	37
572	27	14	38
572	28	15	37
572	27	15	37
571	28	15	38
571	28	15	37
571	28	15	38
572	28	15	38
571	27	15	37
570	28	15	38
571	27	15	37
571	29	14	37
571	28	14	38
571	28	14	38
570	28	14	39
569	28	15	38
570	27	15	38
569	27	15	39
569	28	15	39
569	27	15	40
570	27	15	39
569	27	15	38
569	28	15	38
569	29	15	38
570	29	15	38
570	29	15	38
569	28	15	38
569	28	15	37
569	28	15	38
569	28	15	37
569	29	14	37
570	28	15	38
569	28	15	39
569	28	15	40
569	28	15	39
569	29	15	39
569	29	15	38
568	29	15	38
569	29	15	38
569	29	15	37
568	28	15	38
568	29	15	38
568	28	15	38
569	30	15	38
569	30	16	38
569	29	15	38
568	29	15	38
569	30	15	37
568	29	15	37
568	29	15	37
568	29	15	37
569	29	15	38
569	29	15	38
569	29	15	38
568	29	15	39
568	29	15	39
568	29	15	38
568	30	15	38
568	30	15	38
568	29	15	40
568	29	15	39
568	29	15	39
567	29	15	40
567	29	15	40
567	30	15	39
567	29	16	40
567	30	16	39
567	29	16	40
566	29	16	40
566	31	16	37
567	31	15	37
566	29	15	39
567	29	15	39
567	29	15	40
566	30	14	41
565	29	15	40
566	30	15	40
565	30	15	40
564	29	15	40
564	30	15	40
563	30	15	39
563	30	15	39
563	30	15	39
563	30	15	38
562	31	15	37
561	31	16	39
561	31	16	40
560	31	16	38
561	31	16	38
560	30	16	39
560	31	16	39
560	30	16	39
561	31	15	37
560	31	15	39
559	30	15	39
560	30	15	39
560	31	15	40
559	31	15	39
559	31	15	40
557	31	15	40
557	30	15	40
557	30	15	39
557	31	15	38
556	31	15	39
555	30	16	40
555	31	16	39
555	32	16	39
554	32	16	40
553	32	16	39
554	31	16	39
553	31	16	40
553	32	16	39
553	32	16	40
553	31	15	40
553	31	15	39
552	31	15	39
552	31	15	40
553	32	15	40
551	32	15	41
551	32	15	39
550	31	15	40
550	31	15	41
549	32	15	40
548	32	15	41
547	32	16	40
547	33	16	40
545	32	16	40
544	33	16	40
544	33	16	39
543	33	16	40
542	31	16	43
543	32	16	41
543	30	16	43
542	29	16	43
543	30	15	43
542	29	15	43
543	30	15	44
542	29	15	44
542	28	15	46
541	31	15	44
541	32	16	41
542	29	15	43
543	28	14	42
537	33	17	40
546	26	14	38
546	28	13	35
546	28	14	36
546	27	15	35
533	35	16	38
535	35	17	38
534	33	17	38
533	34	17	39
549	26	14	34
550	26	14	32
550	25	14	34
551	27	14	33
551	25	14	34
553	26	14	34
553	24	14	36
533	35	15	39
532	34	15	40
530	34	15	40
531	34	15	40
531	34	15	39
531	34	15	40
531	34	16	41
530	34	16	40
529	35	16	40
530	35	15	41
530	35	16	40
529	34	15	40
527	35	15	40
527	35	15	39
527	35	15	40
527	35	15	40
527	35	15	41
527	35	15	41
526	36	15	41
526	36	14	41
525	35	15	40
524	35	15	42
524	35	15	41
522	35	16	41
522	36	15	41
521	36	16	40
521	35	16	41
519	36	17	41
519	36	17	41
519	36	16	41
518	37	17	41
517	36	16	41
517	36	16	41
519	36	16	41
517	36	16	42
516	35	16	42
518	37	15	40
517	36	15	41
516	36	14	43
516	37	15	41
515	36	15	42
515	37	15	43
515	36	16	42
514	36	16	42
513	36	16	42
512	37	17	42
513	36	16	42
513	36	16	43
512	37	16	41
513	36	15	41
512	36	16	45
510	37	17	44
508	38	17	43
508	38	16	42
508	37	16	42
508	38	16	42
510	37	16	43
508	37	16	42
510	37	15	42
508	37	15	42
508	38	14	42
509	38	15	42
508	38	15	43
508	38	16	42
508	38	16	43
506	38	16	43
505	38	17	42
505	39	17	42
506	39	16	42
505	39	17	43
506	39	16	43
505	39	17	42
503	39	17	42
505	39	17	42
504	39	17	42
505	40	16	43
503	39	17	41
504	40	16	43
503	39	16	43
504	40	16	42
503	40	17	41
504	40	17	43
505	41	17	42
503	40	17	42
502	41	17	41
502	40	18	43
500	40	18	42
500	40	17	43
501	40	18	43
502	41	17	42
500	40	18	42
499	40	18	44
499	41	18	44
498	41	19	43
499	40	17	44
497	40	18	44
499	41	17	43
495	41	17	42
498	41	17	43
497	41	17	42
498	41	17	43
496	42	17	43
497	41	17	43
497	41	16	43
496	42	17	42
496	42	18	43
495	41	18	43
495	42	17	43
493	42	18	43
493	42	17	43
492	41	17	43
491	42	18	43
492	42	17	43
491	42	16	43
490	43	17	43
490	42	17	43
490	42	18	44
491	42	17	44
490	42	17	43
490	43	17	43
490	42	16	43
489	42	17	44
490	42	18	44
489	41	18	45
489	42	17	43
488	42	18	44
488	43	17	43
486	42	17	44
486	42	18	44
486	42	17	43
486	42	18	45
486	42	18	45
485	42	18	44
485	43	19	44
485	43	18	44
484	43	18	44
484	43	19	44
484	42	19	45
484	42	18	46
483	42	19	45
483	42	18	44
483	42	18	44
484	43	17	44
483	43	18	45
483	43	18	45
483	43	18	45
482	43	18	45
481	43	18	45
481	42	18	46
481	43	19	44
480	44	18	44
480	43	19	45
479	44	19	44
479	43	19	46
478	44	20	45
480	43	19	46
478	44	20	45
477	45	20	45
477	43	20	46
477	43	19	46
479	44	18	45
478	43	18	45
478	43	18	45
477	44	18	45
479	44	17	45
478	46	17	44
477	46	18	44
475	45	18	45
476	45	18	45
475	45	19	45
474	45	19	44
474	45	19	45
474	44	18	45
473	45	19	44
473	45	19	45
472	46	19	45
472	46	19	46
473	45	19	46
473	46	19	45
472	46	20	46
471	45	19	45
471	45	19	45
471	45	18	44
471	45	19	45
471	46	19	45
471	47	19	44
470	47	19	44
470	47	19	44
470	48	19	44
469	47	19	44
471	47	18	45
470	47	19	45
470	46	19	45
470	48	18	44
469	48	20	44
470	47	18	45
470	48	18	46
469	48	19	45
471	48	18	46
469	48	19	46
470	48	19	46
471	47	18	46
469	47	18	44
470	49	18	44
471	48	18	47
471	48	17	46
470	50	16	45
471	49	16	44
470	50	16	44
470	50	18	46
470	49	18	48
469	50	19	47
470	51	20	54
468	51	21	51
467	50	21	52
466	51	20	51
465	49	20	52
463	50	20	55
461	49	21	55
462	48	21	54
460	49	21	52
461	48	20	51
468	48	17	46
466	49	18	44
468	50	16	43
467	49	17	45
466	48	17	45
465	50	17	44
466	49	17	46
465	49	17	46
465	51	17	44
465	51	17	45
464	49	19	46
463	49	19	45
463	50	19	45
463	49	18	46
463	49	19	46
461	49	19	46
461	49	20	46
461	50	20	45
460	49	21	47
460	49	21	47
460	50	20	46
460	50	20	45
461	51	20	46
460	49	20	47
460	51	20	46
460	51	20	46
459	50	19	47
460	50	18	46
459	50	18	47
459	51	19	46
459	51	19	46
458	51	19	46
457	51	20	46
457	51	20	46
457	51	19	46
456	51	19	46
456	52	19	46
456	52	19	46
455	51	20	47
455	51	19	46
454	52	19	46
453	51	20	47
453	52	20	46
452	52	19	45
452	52	19	46
452	52	20	46
451	53	19	45
451	53	19	45
451	53	19	45
450	53	18	46
450	53	19	46
450	53	19	46
450	53	19	46
448	53	20	47
447	53	21	47
449	53	19	47
447	53	20	46
448	54	19	47
448	52	19	47
448	54	18	46
447	53	18	47
446	53	19	47
445	53	20	48
445	53	20	48
445	54	20	47
444	53	19	46
444	54	19	47
444	53	19	48
444	53	18	47
442	53	19	48
442	52	19	50
442	53	19	49
443	52	19	50
441	53	19	48
441	53	18	48
440	54	19	48
438	55	19	47
439	54	18	47
439	55	18	47
438	53	18	49
437	54	18	49
437	55	19	48
437	55	18	48
436	55	18	48
437	54	18	49
436	53	19	50
431	56	20	48
413	55	19	48
413	54	18	48
412	53	18	49
412	54	19	49
412	54	17	48
410	53	18	50
412	55	17	48
412	55	18	48
411	55	17	47
410	54	17	49
411	55	17	48
410	57	17	46
411	56	17	47
409	55	18	49
410	56	17	48
408	55	17	49
409	56	17	49
408	56	17	48
408	55	17	48
407	56	17	49
406	55	17	49
407	56	17	49
406	56	17	49
407	57	17	48
406	56	17	48
406	56	18	50
411	57	20	50
412	56	19	50
410	57	21	50
411	56	20	52
407	56	21	51
403	56	18	50
407	56	18	49
403	57	18	48
406	56	18	50
405	56	19	51
407	56	19	53
404	56	22	52
405	56	21	53
404	56	20	53
404	56	21	53
401	56	20	52
402	57	20	52
402	57	19	51
402	56	19	53
402	56	19	54
401	56	19	52
401	55	19	53
399	55	19	55
399	56	18	52
399	56	19	54
399	57	19	52
397	58	19	52
397	57	19	51
397	57	19	53
395	58	19	53
354	60	19	46
353	59	19	47
354	61	19	48
353	61	20	47
353	62	19	46
353	61	20	49
353	61	20	47
353	61	19	46
354	63	18	45
353	63	18	45
352	63	19	45
353	62	18	46
352	63	19	46
353	62	19	47
353	61	19	47
352	65	19	45
352	64	18	45
351	66	18	44
352	64	18	46
352	65	17	44
352	65	18	46
352	64	17	46
353	64	18	46
350	62	20	49
351	63	19	48
368	62	20	50
368	65	21	49
367	64	20	49
345	62	20	49
345	64	20	48
345	62	20	50
346	62	20	50
344	63	20	50
344	63	20	49
343	64	20	49
343	64	20	50
342	64	20	49
342	65	19	48
343	67	18	46
343	68	17	45
343	66	17	48
342	66	18	47
343	66	18	49
344	68	18	47
341	66	18	48
342	67	19	47
340	65	18	49
340	65	19	49
338	64	20	50
337	64	21	50
335	65	22	52
335	66	21	52
337	65	20	53
336	65	21	54
335	67	22	52
332	65	22	54
331	67	23	53
327	67	24	52
331	67	23	52
330	67	22	53
325	69	20	50
327	67	20	52
325	67	20	52
334	67	18	50
334	69	18	46
333	67	17	48
332	68	18	50
332	69	18	49
331	69	18	47
331	69	18	48
330	68	20	48
329	67	20	50
329	68	20	48
328	67	19	51
330	68	19	50
328	69	18	47
328	67	19	50
328	68	19	49
327	66	19	51
326	67	20	51
326	67	20	51
326	67	19	50
325	68	19	49
326	68	19	49
326	69	19	49
326	68	18	51
326	68	19	51
325	68	19	50
324	68	19	51
323	69	18	50
323	69	19	50
322	70	19	48
322	70	19	48
321	69	19	48
320	69	19	48
321	70	19	48
321	70	19	49
321	69	19	50
319	69	20	50
319	71	19	49
319	70	20	49
320	70	20	51
319	70	19	51
319	70	19	51
319	70	19	51
319	70	18	51
320	71	18	50
321	71	19	49
318	70	18	50
319	71	18	51
316	71	20	52
315	71	19	51
315	70	19	51
315	70	19	51
314	72	20	49
314	70	20	52
313	69	20	51
313	70	20	52
315	73	19	50
312	70	21	52
313	70	19	52
311	70	21	53
312	70	20	53
313	71	20	52
312	71	19	51
327	72	22	55
314	72	19	51
316	71	21	53
313	71	19	53
313	71	20	54
311	71	20	54
314	72	21	52
311	70	20	54
309	72	20	53
308	71	20	52
307	71	21	52
307	71	21	52
306	71	21	53
307	72	20	52
307	71	21	53
306	72	20	53
306	72	20	52
305	72	21	54
305	72	22	55
304	72	21	54
304	72	22	56
306	72	22	56
305	72	21	55
304	73	21	53
305	72	20	55
303	73	20	55
304	74	20	55
302	73	21	53
300	73	22	57
302	72	22	55
299	73	22	54
300	71	22	57
300	72	22	54
301	73	22	55
300	71	22	57
299	72	22	58
299	72	22	56
299	71	23	58
300	72	24	57
300	74	23	56
299	73	22	55
298	72	22	57
299	74	21	55
252	76	23	58
252	75	26	55
252	75	24	57
253	75	25	58
252	77	25	59
254	76	24	55
256	78	24	55
253	78	26	54
253	78	23	55
255	77	21	55
255	77	21	56
254	79	23	52
253	77	24	53
254	78	22	55
255	78	21	57
254	78	23	57
253	80	23	56
254	79	23	56
254	77	21	58
255	78	21	57
255	78	23	56
254	79	22	57
254	78	23	56
254	78	21	57
255	77	22	59
252	78	23	58
252	79	23	56
251	78	24	58
253	77	24	58
250	78	24	59
250	79	24	55
249	78	25	57
249	76	23	59
248	77	25	60
248	78	24	60
247	79	24	58
249	77	23	60
246	77	24	60
247	75	24	62
247	77	25	62
247	79	24	59
246	79	24	60
246	78	25	59
248	78	24	56
246	78	24	59
244	80	24	56
247	77	22	61
244	79	24	60
246	80	23	57
242	80	26	60
282	79	23	55
282	75	23	58
281	77	23	56
280	78	24	56
280	76	24	58
280	77	24	56
281	77	23	57
279	76	24	59
280	77	24	58
238	79	26	61
237	79	27	62
239	80	25	63
237	80	25	61
237	80	25	61
236	81	24	60
238	81	24	58
235	80	25	62
235	81	24	59
234	84	24	58
237	83	23	59
233	82	27	60
274	79	26	59
274	81	25	58
275	79	24	60
274	78	25	59
273	80	24	58
273	80	23	57
275	82	23	55
274	79	23	57
274	80	23	56
274	83	22	55
275	81	23	57
272	79	24	60
272	82	23	56
275	82	23	57
274	81	22	56
273	81	24	59
272	81	23	58
273	81	23	60
273	84	22	55
271	80	23	59
272	85	24	58
271	83	24	57
271	82	24	56
270	84	24	56
271	83	24	56
270	82	24	58
270	86	24	55
270	83	24	58
270	83	23	58
268	83	24	57
270	86	23	56
268	87	23	55
269	85	23	56
269	85	22	56
268	83	23	58
269	83	23	58
268	83	23	58
268	85	23	58
268	86	22	58
267	87	23	56
266	86	23	56
266	88	22	55
265	87	24	57
264	88	23	56
264	87	23	56
265	85	23	58
264	86	23	59
264	85	24	59
264	85	23	60
264	86	22	59
264	87	22	58
264	86	22	59
264	88	22	55
262	87	22	56
263	88	22	56
263	88	22	57
228	85	24	65
226	86	26	65
226	88	25	64
226	86	25	64
227	87	24	64
225	85	26	66
227	86	26	66
225	85	27	68
224	86	26	67
258	90	23	59
259	89	23	60
258	88	22	58
259	87	22	58
259	85	24	63
257	85	24	62
257	85	25	64
220	87	29	66
220	88	28	66
220	86	28	67
221	87	27	68
219	86	28	69
221	86	27	67
219	86	28	68
219	89	26	66
218	88	25	66
220	87	25	67
219	87	25	67
217	89	26	66
217	90	27	64
215	90	27	67
219	90	26	66
215	91	27	65
215	90	26	65
216	91	26	64
213	90	27	65
213	93	27	63
214	90	26	67
212	94	28	63
211	94	25	63
213	93	26	63
211	92	26	68
209	93	26	66
211	92	26	64
209	93	25	64
209	94	23	63
207	94	23	62
207	94	24	63
206	93	23	65
207	94	24	64
206	96	24	63
204	93	25	64
204	93	24	68
203	92	26	66
204	94	25	65
202	94	26	66
247	90	22	67
248	90	23	66
247	92	22	64
247	92	22	64
247	92	22	64
245	92	22	64
245	93	23	64
245	93	23	65
246	94	25	65
245	95	25	65
275	94	34	62
302	90	24	70
300	90	25	69
276	93	28	66
275	93	27	68
301	90	25	70
300	91	25	69
301	90	25	70
301	89	25	71
301	89	25	70
299	89	26	70
301	89	26	71
301	90	26	71
301	90	25	70
301	90	26	70
301	91	26	70
303	90	26	71
302	91	27	72
301	91	28	71
302	90	27	71
302	92	27	70
302	92	27	71
303	92	27	71
305	92	25	70
302	92	27	70
304	92	26	71
303	93	25	71
303	93	25	71
303	93	26	72
303	93	26	72
302	93	26	72
303	93	26	72
303	94	26	71
303	94	26	71
302	95	26	71
303	95	26	72
302	95	26	72
303	95	26	71
303	95	25	71
303	94	27	72
301	95	26	72
301	94	27	73
301	95	28	72
300	96	27	72
299	97	28	71
298	97	27	71
298	97	27	71
297	97	27	71
297	98	27	71
296	97	27	70
296	98	27	70
295	97	27	70
295	97	26	70
294	96	27	71
294	96	26	73
294	97	26	73
293	98	26	72
293	98	26	72
293	98	26	73
292	99	27	73
292	99	26	73
292	99	27	72
291	100	28	72
291	100	28	73
287	101	31	71
288	100	29	73
285	100	32	72
261	107	31	68
262	106	28	67
261	106	29	66
261	106	29	68
259	108	30	67
260	107	31	67
262	108	29	67
260	107	30	68
262	108	30	67
261	107	29	69
260	107	30	69
290	102	26	72
290	104	26	71
291	103	26	72
254	102	30	71
254	108	32	67
260	108	26	68
257	109	29	66
257	108	29	68
257	110	28	68
256	110	29	67
256	110	27	68
256	110	28	68
255	110	28	68
255	111	27	68
255	111	27	67
254	111	28	68
256	111	25	67
254	111	27	69
256	111	25	68
256	111	27	70
218	112	27	69
215	112	30	68
208	113	26	67
211	113	22	66
210	113	22	67
207	113	24	66
205	110	25	68
150	110	29	73
149	109	32	76
150	109	32	76
151	109	32	75
152	109	31	76
153	112	32	73
152	111	32	74
152	112	32	75
152	109	31	76
153	110	30	75
153	110	29	76
153	110	29	75
154	112	28	74
153	112	29	74
154	112	28	74
154	112	30	76
154	112	28	76
155	112	29	76
157	115	28	76
157	115	28	73
157	114	27	75
157	113	28	75
158	113	29	77
158	114	29	75
158	115	30	75
158	116	29	73
158	116	30	75
159	115	30	76
159	116	30	76
158	116	29	75
158	115	27	76
156	116	28	74
158	116	26	75
157	117	27	75
157	117	28	76
157	118	27	76
157	117	28	75
157	118	27	76
194	120	26	73
197	120	28	74
198	120	25	73
205	118	29	75
206	119	27	75
205	118	27	76
204	118	27	76
205	121	27	74
202	120	27	76
201	121	29	74
199	120	29	75
201	121	26	75
200	123	26	73
161	119	29	77
160	119	27	77
160	119	28	77
160	118	28	77
160	119	28	76
161	120	28	77
161	119	28	77
161	121	27	77
161	120	28	79
163	120	27	78
162	120	27	77
164	120	28	78
163	121	28	77
166	121	28	78
167	121	29	78
168	123	27	78
168	123	27	78
168	124	26	77
169	124	27	78
170	124	27	77
171	124	27	77
172	125	27	77
171	125	27	78
172	125	26	77
173	125	25	76
174	125	25	76
173	126	25	75
175	126	26	75
176	126	25	75
176	127	26	75
175	127	25	76
175	127	26	76
175	127	25	76
175	127	26	75
176	127	26	75
175	126	26	76
176	127	27	76
176	127	27	77
178	128	28	77
179	127	28	79
176	127	29	79
177	129	28	79
178	128	28	79
178	128	31	79
176	127	31	81
183	128	31	79
176	127	28	79
178	129	28	79
200	131	27	76
202	129	31	79
182	130	31	78
176	131	29	79
182	131	30	78
177	131	29	77
183	131	31	77
176	131	28	76
176	131	30	77
179	130	31	78
182	130	32	81
179	132	32	80
183	134	30	77
183	133	31	77
183	132	32	78
196	133	30	79
198	132	29	80
200	132	30	82
220	134	32	80
198	134	30	79
203	134	29	78
184	135	32	77
188	134	33	79
219	134	33	81
217	134	35	82
218	135	33	82
218	135	35	83
216	136	35	81
217	136	33	83
218	136	32	82
216	135	36	83
219	135	30	84
218	135	36	86
215	134	36	86
219	135	29	87
219	137	32	83
218	136	32	85
218	137	29	86
217	136	31	85
221	138	29	84
219	138	31	86
218	137	32	87
219	138	31	85
219	137	36	87
219	138	31	85
218	139	31	85
213	138	34	86
216	138	31	86
214	137	32	86
219	140	28	84
216	140	33	86
215	140	34	86
217	140	33	84
215	139	33	87
216	138	32	88
218	139	30	87
216	140	32	87
218	137	34	90
214	137	35	91
216	139	33	91
216	139	35	90
215	139	36	90
215	140	35	90
214	140	36	91
217	142	34	89
216	141	33	90
215	139	34	91
209	138	37	92
216	139	30	92
214	140	33	89
215	140	32	90
212	140	34	89
216	139	32	91
210	140	35	89
218	141	30	90
214	141	34	90
215	144	35	90
215	146	36	90
217	146	37	91
215	146	39	89
191	148	37	86
224	148	33	90
222	149	34	89
225	149	32	90
226	150	33	89
226	153	34	86
184	150	38	85
195	149	33	87
197	148	31	88
200	147	31	90
197	147	32	90
202	148	30	90
199	146	31	91
201	146	31	92
199	149	33	88
198	149	33	89
199	146	33	93
199	150	33	89
202	148	32	92
205	153	33	87
203	151	30	90
201	152	30	87
201	151	31	88
166	151	30	82
165	152	31	82
164	149	31	83
164	148	32	86
163	149	32	84
202	153	30	88
204	149	31	91
203	151	32	93
203	152	32	91
205	152	32	93
205	151	32	93
204	152	32	93
204	152	32	94
205	152	32	94
205	153	31	93
205	153	32	94
207	154	31	94
207	155	30	93
204	153	32	94
204	154	33	95
205	155	33	94
202	155	33	92
202	156	33	90
201	159	35	89
202	158	33	89
201	159	34	90
202	162	34	89
203	161	34	90
203	160	34	90
201	160	34	91
201	160	34	91
201	160	33	89
201	159	34	91
203	159	33	91
201	160	34	91
200	160	35	91
201	160	35	93
200	162	36	92
199	160	37	92
201	161	36	93
200	161	35	95
201	161	35	94
200	161	34	96
198	160	34	97
195	159	36	97
197	160	34	97
193	159	36	97
194	162	37	98
195	163	36	97
195	161	36	100
194	163	37	100
196	162	36	99
195	163	36	99
196	162	36	100
195	163	38	101
197	162	34	100
194	163	36	100
198	164	34	99
196	166	36	100
197	166	34	98
196	167	36	100
196	167	35	99
195	167	35	99
196	167	34	96
196	166	35	98
196	168	34	98
195	167	35	100
196	167	34	101
195	167	35	101
196	168	36	101
198	167	34	102
198	167	34	102
199	168	35	102
199	168	34	102
201	169	34	102
200	168	35	104
200	169	36	103
201	170	35	103
200	172	36	102
200	172	36	102
200	172	36	103
201	172	36	104
201	171	36	105
201	170	35	105
202	171	35	103
201	171	35	103
204	172	34	103
204	172	33	103
205	174	34	102
205	174	34	104
205	174	35	103
204	173	36	104
205	174	35	104
206	174	35	104
207	174	36	106
206	174	38	106
207	175	38	108
207	175	40	108
206	175	40	110
207	177	40	110
207	177	40	110
207	177	39	110
207	179	39	108
208	177	38	107
206	177	39	108
208	177	38	108
207	178	37	108
208	179	38	107
207	180	38	108
206	179	41	111
207	181	40	111
208	182	39	109
207	181	39	110
208	180	39	113
208	181	40	111
208	181	39	113
209	181	39	111
205	182	41	112
207	184	41	111
205	183	41	113
206	185	41	112
206	185	41	114
206	185	41	113
207	184	41	113
206	184	41	114
208	184	41	115
207	184	41	114
208	184	42	115
207	185	43	116
208	186	43	114
208	187	44	113
208	187	45	116
208	187	46	117
210	187	45	119
210	188	45	118
211	187	45	119
212	188	45	117
213	188	45	115
213	188	45	118
215	191	46	118
216	192	45	117
217	193	44	117
219	194	44	118
219	195	44	117
219	196	45	117
220	195	45	117
222	195	44	116
223	197	45	115
224	198	46	117
224	198	46	118
225	202	47	116
226	203	48	120
227	203	48	121
228	203	48	122
229	203	48	122
229	203	47	121
231	203	44	121
231	202	46	124
233	203	45	122
233	204	44	122
233	206	45	123
234	208	45	123
233	209	47	122
233	209	49	122
234	209	49	120
235	209	48	121
235	209	47	120
236	210	47	122
236	211	48	123
235	211	48	125
235	210	47	125
236	213	48	123
237	213	47	123
237	212	47	125
237	211	46	126
238	213	46	126
239	213	45	127
236	214	48	127
235	213	49	128
235	215	49	130
235	217	48	127
235	218	48	127
235	218	48	128
235	217	48	130
236	218	46	128
237	219	47	127
236	220	47	127
237	219	47	129
237	222	47	126
236	222	49	126
236	221	50	128
239	222	48	130
240	223	49	128
241	224	48	127
242	224	47	127
243	224	46	129
243	225	46	128
243	226	47	128
243	228	47	129
242	228	49	129
243	228	49	131
243	229	48	131
241	227	50	131
243	227	49	134
243	229	49	132
246	228	48	132
243	229	49	130
248	230	45	132
243	231	50	128
282	229	44	126
283	231	44	120
280	231	46	122
283	234	43	119
283	234	44	116
286	234	42	116
287	235	42	115
250	237	47	119
247	234	50	129
254	235	44	128
247	236	50	127
252	237	46	133
248	238	51	131
249	238	50	135
251	239	49	135
253	239	48	130
289	241	44	120
284	241	51	126
286	242	49	128
287	242	50	128
286	242	51	124
288	240	48	125
289	243	48	120
290	246	48	122
292	245	46	119
283	247	51	122
231	246	41	121
239	249	46	123
256	247	49	132
251	247	51	136
258	247	49	134
224	251	48	118
228	250	49	123
232	252	52	122
294	250	51	126
288	254	57	123
283	258	59	126
258	257	49	137
253	255	57	135
249	252	57	141
256	250	52	144
252	254	56	134
289	258	57	128
298	255	47	125
256	258	55	136
256	259	52	137
260	259	51	142
233	263	43	124
228	263	46	126
235	267	53	124
258	268	54	135
259	266	52	140
259	267	54	142
257	265	57	145
257	262	62	149
256	264	58	153
263	263	61	153
262	266	55	155
262	268	57	153
266	269	66	152
260	268	63	155
262	269	64	149
265	271	61	147
265	273	59	150
272	270	68	139
299	275	55	136
303	271	51	140
295	272	57	141
273	274	63	154
273	275	65	160
277	276	68	155
273	273	66	166
273	279	68	159
275	278	70	160
276	279	67	162
277	276	70	164
281	282	66	153
281	280	64	160
280	282	64	156
280	282	64	162
284	284	67	161
287	286	65	153
288	285	65	158
289	286	63	157
289	288	63	159
291	289	65	158
291	289	63	159
291	289	63	158
292	289	65	159
293	290	65	158
295	293	63	156
295	292	64	156
295	293	64	154
301	296	61	150
299	295	60	153
298	297	59	150
300	298	62	149
301	300	60	149
304	299	62	150
305	298	61	150
307	299	63	150
306	300	63	148
307	300	62	149
309	299	62	149
308	300	62	147
254	303	59	144
256	304	60	144
311	300	65	148
256	306	59	142
313	305	64	142
313	305	65	142
313	308	65	140
314	308	65	139
316	309	64	139
316	307	66	139
320	310	64	136
320	310	65	135
323	310	63	135
325	311	60	137
326	308	63	139
325	313	63	132
329	314	63	131
331	314	64	131
331	318	64	128
268	322	64	125
337	318	65	131
339	319	65	127
