32	213	41	104
34	210	40	109
36	211	40	108
38	210	42	107
41	209	41	106
46	206	39	106
49	206	39	106
51	206	38	106
53	205	38	108
58	206	37	107
60	206	38	106
62	204	38	106
64	205	38	106
69	202	37	106
72	202	36	104
73	200	36	104
75	200	37	104
78	199	38	105
82	200	38	104
83	200	39	104
85	200	40	103
89	199	41	103
91	198	41	102
94	197	39	102
100	195	37	104
103	194	37	105
105	194	36	105
106	194	37	105
111	194	36	104
112	194	37	103
114	194	37	103
117	193	36	103
123	190	34	101
124	190	35	100
126	189	35	101
127	188	36	102
130	188	37	102
131	189	38	101
133	189	39	101
136	189	41	101
139	189	40	100
141	188	39	98
147	186	36	100
149	185	36	100
150	184	36	100
154	185	36	101
157	184	36	100
159	184	36	100
161	185	36	99
163	184	37	99
169	183	34	98
170	182	35	97
172	180	34	98
174	179	35	98
177	179	36	99
179	179	37	99
180	180	38	98
183	180	39	98
186	180	39	97
188	180	39	96
190	178	37	96
192	177	37	95
197	175	35	97
197	176	36	98
200	175	36	98
202	175	36	98
205	176	35	97
206	175	35	97
208	175	34	95
209	174	35	95
212	171	36	96
213	171	36	95
215	170	35	96
217	171	35	95
221	171	35	96
222	170	37	96
223	171	35	95
226	170	36	95
227	169	36	94
230	169	34	94
232	168	34	94
234	166	33	95
236	165	33	96
237	166	34	95
238	166	34	95
240	165	34	95
242	165	34	95
242	165	35	94
243	164	35	94
247	162	34	93
249	162	33	92
249	162	33	93
250	162	33	94
254	161	33	93
255	163	35	92
256	163	36	91
257	162	34	91
259	161	34	91
260	160	33	91
262	159	34	91
263	158	34	92
266	157	32	93
267	157	33	92
268	158	33	92
271	159	31	92
274	158	32	91
274	158	32	90
274	157	33	90
276	156	32	89
281	154	31	89
280	154	32	89
283	153	31	91
283	154	33	90
285	155	35	88
286	155	37	89
289	155	34	88
289	154	36	88
292	153	34	87
295	150	33	88
295	150	34	89
296	150	34	89
300	150	34	89
302	151	32	88
303	151	33	87
305	151	33	87
306	150	34	86
308	149	34	85
310	148	34	87
312	147	33	86
313	146	33	87
315	147	33	87
317	147	33	87
319	148	35	86
322	148	33	85
323	147	34	85
324	147	33	84
326	144	33	86
326	144	32	85
327	143	34	86
327	143	33	86
329	142	33	86
329	143	35	86
332	142	32	86
333	141	33	85
334	141	33	85
335	141	33	84
336	139	33	84
338	139	31	84
339	139	31	85
341	139	31	85
341	140	32	84
343	140	33	83
345	139	32	82
347	138	31	83
350	138	30	82
349	137	31	83
349	136	32	83
350	136	30	83
352	137	30	83
353	137	31	83
354	136	31	83
355	137	31	82
356	137	31	81
357	136	32	80
358	136	32	80
360	133	31	81
361	133	31	82
362	133	31	83
364	133	32	83
367	132	30	81
367	134	32	81
367	133	31	81
370	131	29	81
371	131	31	82
370	130	32	83
371	128	31	82
372	128	31	83
373	129	31	83
374	129	31	82
376	129	30	82
377	128	31	82
378	128	31	81
378	127	31	81
379	126	30	81
380	125	31	81
381	125	30	80
382	125	30	81
384	126	30	81
385	126	31	80
385	127	31	80
386	126	31	78
388	125	30	77
390	123	29	79
390	123	31	80
391	123	31	80
392	123	31	80
393	124	31	79
393	123	31	79
395	124	31	78
396	123	30	78
397	122	31	77
397	121	30	77
398	121	30	76
399	120	29	76
402	119	29	79
401	120	30	78
403	120	30	78
404	120	29	77
407	122	28	75
408	121	28	76
407	121	30	76
411	118	27	76
409	118	28	76
409	118	30	77
408	118	31	77
410	118	30	77
410	119	31	76
410	118	31	76
410	118	31	75
410	117	31	76
411	117	30	74
412	117	30	71
412	114	29	74
412	116	30	75
412	115	31	76
413	116	30	73
413	117	30	73
416	117	29	73
416	117	29	72
416	116	28	72
417	116	27	70
418	114	27	72
417	113	28	73
417	114	28	70
417	113	29	73
417	113	29	75
417	114	30	75
416	113	30	74
417	112	29	73
417	112	29	74
418	110	29	73
417	111	29	73
417	110	28	73
418	109	28	73
419	111	28	72
420	111	28	71
421	112	29	71
422	111	27	70
421	111	28	70
419	110	29	71
422	108	27	73
421	109	28	71
422	108	28	72
421	109	28	71
423	110	28	72
422	110	29	71
422	109	29	70
423	108	28	70
422	108	28	71
425	107	25	69
424	107	28	68
423	106	28	70
424	107	27	70
425	107	28	69
427	107	27	69
428	107	26	68
427	107	28	68
427	107	28	68
428	104	27	71
429	105	27	70
429	105	28	69
430	105	28	69
431	104	28	70
431	105	28	70
431	105	28	69
431	104	29	70
432	103	28	70
432	103	28	69
434	102	27	69
435	101	26	69
437	102	26	69
437	103	26	68
439	103	26	68
439	104	26	66
440	104	26	67
439	103	26	68
440	101	27	69
440	101	28	69
441	101	27	68
441	100	27	69
443	101	27	69
442	101	28	68
443	102	27	67
444	101	27	68
443	100	28	69
443	98	28	69
444	99	27	66
444	96	28	70
445	97	28	69
445	97	28	67
447	97	27	68
450	98	25	67
449	98	26	65
451	99	25	65
449	98	27	67
449	96	27	67
450	97	28	67
450	96	28	67
450	96	28	66
452	97	27	67
452	96	27	67
452	97	27	66
452	95	27	68
453	95	27	68
454	95	27	66
453	93	27	69
453	92	27	68
454	94	27	66
455	93	27	67
456	93	26	65
458	94	25	65
458	94	25	65
459	93	26	66
458	94	27	65
458	92	28	67
458	90	29	69
460	91	28	66
460	91	28	65
462	93	26	65
462	93	27	66
461	93	27	64
461	92	27	65
461	90	28	67
461	89	28	66
461	89	28	66
461	87	28	67
463	88	27	67
462	88	27	66
463	90	25	64
464	90	26	65
464	89	26	65
467	90	24	64
465	88	27	66
466	87	27	66
465	87	27	65
465	87	27	65
467	89	27	65
466	88	27	65
467	88	27	65
466	88	27	64
466	86	28	66
468	87	27	64
466	85	27	63
467	85	26	64
467	85	26	64
468	85	26	64
467	84	25	64
469	86	24	63
467	85	25	64
468	84	25	64
469	83	26	65
468	83	27	64
468	83	28	64
469	84	27	63
470	84	26	64
471	83	26	64
471	84	26	62
471	84	26	62
471	83	27	63
471	83	28	63
471	82	27	62
472	81	26	64
472	82	26	62
473	82	26	64
473	82	24	63
473	82	24	63
474	81	23	62
475	81	25	63
475	82	26	63
476	80	25	63
475	79	28	65
476	79	27	63
477	80	27	63
478	79	27	64
479	80	26	62
480	80	25	63
479	80	26	61
480	80	26	62
481	79	25	61
480	79	25	61
482	79	25	61
482	78	25	61
482	77	25	62
483	77	24	63
483	77	23	62
483	77	22	62
483	78	23	61
485	75	23	63
485	75	24	63
485	76	24	64
486	73	22	66
488	75	23	64
488	75	22	64
488	74	21	64
487	74	22	63
488	76	22	62
488	74	23	63
489	75	24	62
490	73	24	64
492	74	22	63
491	74	22	63
492	75	22	62
492	76	23	60
492	75	23	61
492	77	24	59
492	75	24	59
493	72	25	61
493	74	26	60
494	75	26	60
495	75	26	60
494	72	27	62
496	72	25	66
495	73	26	62
496	72	26	63
496	73	26	62
496	72	26	60
496	72	26	63
497	70	25	63
498	69	25	62
497	71	24	60
497	73	24	58
498	71	23	60
498	71	24	59
497	69	26	62
498	69	25	62
497	69	26	63
499	69	24	62
498	69	24	62
499	69	23	61
499	69	22	60
500	70	22	60
501	71	21	59
501	73	22	57
500	70	22	59
498	69	23	60
497	68	24	60
498	67	23	59
497	69	24	57
497	68	24	57
496	68	25	58
496	69	25	57
496	67	25	60
496	65	25	61
497	68	24	58
498	66	24	61
498	67	23	59
497	66	22	60
499	67	21	58
499	69	21	54
499	68	21	55
497	67	22	55
499	68	20	58
497	67	23	56
498	67	23	57
498	66	22	58
497	66	22	58
498	64	21	60
500	66	21	57
498	63	20	58
500	64	20	58
498	64	21	58
500	66	22	57
499	66	22	58
500	65	21	58
501	64	20	58
503	65	19	58
500	64	19	58
503	64	19	57
501	65	19	56
502	65	20	56
503	64	20	58
503	64	20	57
504	62	20	58
505	63	18	56
506	64	19	55
506	63	18	57
509	65	17	54
508	66	19	54
508	65	18	54
508	64	20	55
507	63	20	57
508	63	21	57
508	63	20	57
508	63	20	56
509	63	20	56
509	64	20	55
508	62	19	56
510	63	21	55
509	62	22	57
508	59	22	58
508	58	22	59
509	60	21	56
509	61	21	56
506	59	22	57
510	62	22	56
509	61	21	56
510	61	22	56
508	57	22	59
510	59	23	59
511	59	22	56
511	60	21	56
511	60	21	55
509	59	21	57
509	61	21	55
509	60	21	55
509	60	21	57
508	58	20	56
506	54	22	57
508	58	23	55
508	57	20	56
507	56	20	56
506	57	21	56
504	55	22	64
503	54	23	58
503	55	24	57
502	54	24	60
502	55	24	56
502	55	24	57
503	55	23	58
503	55	22	58
503	52	23	58
502	53	24	56
501	53	23	57
501	54	23	56
502	54	22	57
502	55	21	55
501	54	21	56
501	53	22	57
500	52	22	58
498	51	23	59
498	51	24	56
497	50	24	59
498	50	24	58
496	49	25	59
498	51	26	58
497	49	27	58
498	53	26	64
498	51	26	60
499	51	25	59
498	50	25	56
498	49	25	58
497	50	25	57
497	51	25	59
497	50	24	58
500	50	22	56
499	51	23	54
499	49	23	57
499	48	23	55
498	46	23	57
496	45	25	58
499	48	25	57
498	46	24	61
497	48	25	57
498	52	26	61
498	50	26	59
496	46	25	58
497	44	25	54
497	48	24	59
498	46	22	62
497	45	23	54
498	51	22	59
498	50	22	57
496	49	22	56
496	48	23	56
495	46	23	59
494	44	23	62
493	44	24	54
492	44	24	58
491	44	24	60
490	42	26	56
493	47	26	60
490	44	25	56
494	49	24	59
493	45	24	61
493	43	24	56
492	43	25	58
491	44	22	56
493	46	21	55
493	47	20	54
494	47	20	55
493	47	21	53
493	48	20	54
492	45	20	55
491	45	20	54
489	45	21	56
488	44	22	56
488	45	23	56
488	45	22	56
489	44	23	55
487	43	23	56
488	43	22	56
487	43	21	55
487	42	22	56
487	42	21	57
489	43	20	54
488	44	19	54
488	43	20	56
489	42	20	55
489	44	20	55
487	44	21	55
487	43	20	55
485	40	22	54
485	41	22	55
484	41	22	56
482	41	22	55
480	40	23	57
482	41	22	54
483	42	23	54
482	40	23	56
482	38	23	58
481	39	22	57
482	39	21	56
481	40	20	55
480	39	21	55
478	38	22	56
478	39	22	54
479	39	22	55
482	41	21	54
481	40	22	53
481	39	21	54
480	40	21	53
479	40	21	52
478	38	21	54
478	39	23	53
479	39	22	53
479	39	22	52
481	40	22	52
482	38	22	53
482	38	22	54
481	38	22	55
482	33	21	57
480	42	21	50
480	40	22	52
481	38	23	51
482	39	22	51
483	45	21	48
483	43	21	48
482	40	21	51
481	40	21	51
480	38	22	51
481	39	23	50
481	41	22	48
481	40	22	50
482	39	21	51
481	38	21	51
481	35	22	53
480	37	21	51
481	39	21	49
480	38	21	49
481	40	22	48
482	39	21	51
483	40	21	50
482	41	21	51
477	34	23	55
480	33	23	53
479	34	22	52
479	38	22	51
479	37	22	51
479	35	23	52
479	34	23	52
480	33	22	53
479	34	23	53
475	32	23	54
478	35	23	52
478	34	21	53
479	31	22	55
480	35	21	51
482	36	20	50
482	33	21	48
482	35	20	51
481	25	21	60
480	27	21	56
479	32	21	53
480	34	21	54
479	35	21	49
478	37	22	49
478	34	22	52
479	37	22	50
474	30	26	51
469	30	25	55
478	34	23	49
477	37	22	48
478	26	21	58
480	26	21	59
479	28	20	55
478	33	20	52
479	24	20	58
478	36	20	51
477	35	20	51
477	37	20	49
477	33	21	52
476	33	22	51
475	37	22	48
474	38	22	45
474	38	21	46
474	38	22	46
474	38	22	46
474	39	22	45
474	40	23	44
474	39	21	45
476	37	20	46
476	35	19	47
478	35	19	46
477	38	19	44
476	39	20	45
476	37	19	46
475	36	19	47
475	37	19	46
475	35	19	48
474	37	19	46
474	35	20	45
472	35	20	46
472	36	21	47
473	36	20	46
474	34	20	47
472	37	22	45
474	36	21	45
476	36	20	45
475	37	19	44
475	37	20	44
476	37	19	44
476	36	19	45
474	36	21	44
474	37	21	44
474	37	21	44
475	37	20	42
474	36	19	44
476	34	19	46
474	35	20	44
475	35	20	45
474	36	20	43
474	36	21	43
473	37	22	43
473	36	23	44
472	36	24	44
472	35	23	45
474	35	20	45
474	35	19	44
476	37	19	43
476	35	18	43
474	36	19	43
473	34	20	46
473	36	21	44
473	35	21	45
472	35	21	45
471	34	21	46
473	32	20	47
473	34	19	44
473	34	20	44
473	34	20	42
472	36	20	41
473	35	20	43
471	35	22	43
471	33	22	44
472	33	22	44
471	33	22	46
471	32	21	46
472	34	20	43
471	34	20	43
472	34	20	43
472	34	21	43
470	34	21	44
471	33	20	46
470	33	21	46
469	33	21	45
470	31	21	46
471	33	20	45
471	32	20	46
470	34	20	42
470	33	21	43
470	34	21	43
470	32	21	44
469	32	21	46
469	30	22	47
467	28	23	48
469	27	22	50
470	30	21	46
469	33	20	43
469	33	20	43
468	32	20	45
468	32	21	44
467	30	21	45
467	30	22	44
466	27	22	46
467	33	22	46
468	30	20	47
468	30	20	46
469	33	20	42
468	36	20	40
467	31	21	44
466	30	22	45
466	27	23	47
466	32	23	47
466	22	23	52
465	20	23	54
467	11	21	62
465	14	22	58
465	18	23	57
466	28	21	48
464	30	22	44
462	23	23	50
461	21	23	50
463	18	23	55
463	16	23	56
465	30	21	45
465	32	21	41
464	31	21	41
464	30	20	41
464	27	21	44
465	15	22	58
462	14	23	59
461	17	23	55
462	23	21	50
464	27	20	44
464	28	19	43
464	32	19	40
464	28	19	43
462	29	20	44
461	28	20	43
461	29	21	41
459	29	21	43
461	27	20	44
464	25	19	47
462	26	20	45
462	28	19	42
462	28	20	43
462	27	20	42
462	30	20	41
461	26	21	44
460	22	22	49
461	24	20	46
463	30	18	43
462	28	19	43
462	30	19	39
463	27	17	43
461	25	19	44
460	27	20	42
460	27	21	41
460	27	20	41
462	27	20	43
463	25	19	45
462	27	19	44
462	26	19	42
462	24	20	45
461	24	20	45
461	28	20	41
462	26	21	44
461	25	20	43
460	26	21	45
461	24	20	45
461	27	20	43
462	27	19	42
462	29	18	39
462	25	19	42
460	30	20	38
462	29	19	40
461	28	18	39
462	25	18	44
463	24	19	44
462	25	18	43
462	29	18	39
462	28	18	39
462	27	18	40
462	28	18	40
461	24	19	42
460	24	20	44
461	25	19	42
463	27	18	40
463	28	17	40
464	29	16	37
463	29	17	37
462	27	18	38
459	23	19	42
458	19	20	46
449	21	23	45
451	21	23	46
453	17	22	49
456	16	21	50
459	15	20	51
460	18	19	48
459	17	20	48
460	19	19	46
458	17	20	48
460	21	20	45
460	19	18	46
460	14	18	50
451	17	24	51
448	15	25	55
449	15	24	54
451	14	25	52
451	16	23	52
450	8	24	57
446	13	25	57
446	14	27	55
450	15	25	49
452	14	22	50
453	14	22	50
454	14	21	50
454	16	21	48
455	16	20	49
454	15	21	51
450	13	23	53
450	14	24	53
449	15	22	51
448	15	24	49
447	12	25	54
445	5	28	62
444	9	26	62
443	12	26	62
444	15	26	63
445	6	26	61
441	9	28	66
440	12	30	68
444	10	29	59
446	16	26	58
444	7	27	65
446	14	27	56
447	13	25	57
