249	184	55	79
248	185	56	78
248	188	55	75
249	193	53	70
249	194	52	69
250	197	51	67
251	198	50	67
251	198	51	66
251	197	50	67
252	197	49	67
252	196	50	67
253	194	49	70
253	192	49	72
254	186	49	77
254	179	49	84
255	176	49	87
257	172	48	90
257	169	48	93
258	164	50	98
258	163	53	99
260	162	55	101
261	159	58	104
260	159	61	105
258	158	64	105
262	157	63	106
267	157	59	106
273	157	54	105
273	158	52	106
277	157	48	106
279	158	46	107
278	158	46	106
273	160	47	106
272	160	47	106
265	162	54	106
265	162	55	106
260	162	59	106
258	163	61	106
257	163	58	107
255	163	56	108
252	162	51	109
251	162	46	109
251	162	46	109
240	163	55	109
238	163	58	109
235	163	58	109
234	166	55	107
232	165	51	107
232	165	46	108
228	164	45	108
225	163	47	108
221	165	47	106
218	166	49	105
214	171	52	100
212	174	52	97
211	181	57	91
209	186	60	87
208	190	61	84
208	196	62	76
207	197	63	72
205	198	64	70
203	197	69	69
202	197	70	69
202	198	70	69
202	196	71	70
203	197	70	70
204	196	70	70
204	195	69	70
204	195	68	70
206	195	68	70
207	196	68	70
208	195	69	70
207	194	67	71
208	194	68	71
208	193	68	72
208	193	67	73
209	191	68	74
209	190	66	76
210	188	65	77
210	184	61	81
211	182	59	84
210	180	59	85
210	176	57	90
210	173	57	93
209	171	55	93
205	167	55	97
202	164	52	100
201	162	50	102
201	162	49	101
200	162	47	103
200	161	46	103
199	161	46	103
198	160	44	106
196	158	40	107
195	157	40	106
192	158	39	107
188	158	38	106
184	158	41	107
179	158	45	108
178	158	45	108
176	158	46	107
175	159	46	107
176	160	46	106
174	159	42	107
174	158	41	107
172	158	39	107
172	158	39	107
172	158	38	108
171	158	38	108
171	158	38	109
172	157	36	107
172	157	37	109
173	158	37	109
172	158	37	108
172	157	37	109
172	158	36	108
172	157	37	109
172	157	36	109
172	157	37	109
173	157	37	110
173	156	37	110
172	155	38	111
172	156	38	111
172	155	38	109
173	157	38	110
173	157	38	108
173	158	38	108
174	158	37	108
175	158	40	108
175	158	41	107
175	160	44	107
175	159	47	107
176	160	47	106
177	160	48	106
177	159	48	107
178	158	48	107
180	159	46	107
182	158	45	107
187	159	42	108
190	159	40	108
192	157	41	108
195	157	43	109
196	157	43	108
196	157	43	109
197	153	42	113
197	149	40	116
197	144	37	120
197	144	36	122
197	146	37	121
197	146	37	120
198	146	37	120
197	144	37	121
197	144	36	122
197	145	36	122
197	146	36	120
197	144	37	122
198	144	36	123
198	143	36	123
197	143	37	123
198	142	37	124
198	145	36	122
197	147	38	119
197	148	38	118
198	149	37	116
198	148	37	118
197	148	37	118
197	145	37	120
197	145	37	121
198	146	37	120
198	149	37	117
198	150	38	116
198	151	37	115
198	151	37	115
197	152	38	114
198	152	37	114
198	153	38	113
198	152	38	114
197	152	38	113
196	153	38	114
196	154	38	112
196	154	38	111
195	155	39	110
196	156	38	109
196	157	38	108
195	158	38	108
195	158	37	108
195	158	37	107
193	158	38	108
193	158	38	108
192	159	39	107
193	159	39	108
193	158	39	108
194	158	38	107
193	159	39	107
194	158	37	107
195	158	37	108
195	158	37	107
194	158	37	108
195	159	38	108
195	159	37	107
195	159	37	108
195	158	37	108
196	158	36	107
195	159	37	108
195	159	37	108
194	158	37	108
196	158	36	107
195	158	37	107
195	159	37	108
196	159	36	107
194	158	37	107
195	158	37	107
195	159	37	108
194	159	37	107
195	158	37	108
195	159	37	107
195	158	37	108
195	158	36	108
194	158	37	108
194	158	37	108
195	159	38	108
194	159	37	108
195	159	37	107
194	158	37	108
195	158	37	108
194	159	37	107
196	158	36	107
195	158	37	107
195	159	37	107
196	159	36	107
195	159	37	107
195	158	37	107
195	159	37	107
194	159	37	108
195	159	37	107
194	159	37	107
195	158	37	108
195	158	37	107
196	158	36	107
194	159	37	107
195	158	37	108
195	159	37	108
196	159	36	107
195	159	37	107
195	158	37	108
196	159	36	107
195	158	37	107
196	159	37	108
196	159	36	108
196	159	37	107
197	158	37	108
197	158	37	107
198	158	37	107
198	159	38	108
198	158	38	107
198	159	38	108
199	158	38	107
199	158	39	107
199	158	39	108
200	159	39	108
201	159	40	107
201	159	42	107
202	159	44	106
201	160	43	105
202	161	48	105
202	162	50	104
203	165	53	101
203	169	58	97
204	173	64	94
204	177	65	90
204	181	67	85
205	187	70	80
206	190	71	76
206	192	71	74
205	194	71	72
206	193	72	72
207	194	69	72
207	191	69	74
208	185	68	79
208	183	69	83
210	178	69	86
208	171	70	93
208	169	71	95
207	164	63	100
206	163	61	101
206	162	60	103
205	160	57	105
204	159	56	106
203	158	52	106
201	158	49	106
199	159	45	106
196	159	44	105
193	159	43	105
190	158	45	106
187	158	45	106
188	158	45	107
189	158	43	106
189	158	42	106
187	159	42	106
186	158	44	106
186	157	46	106
184	154	46	108
181	155	45	106
179	156	45	107
177	157	47	107
178	156	47	107
176	158	47	106
177	158	47	105
177	158	48	105
177	157	48	105
178	156	48	106
177	156	48	107
177	156	50	108
178	155	50	107
178	156	51	108
179	155	53	106
178	155	53	108
178	155	55	107
181	155	56	107
182	154	57	108
184	153	54	107
188	153	50	106
190	154	46	105
193	154	45	105
196	154	42	107
197	154	41	105
200	155	49	105
202	154	52	105
203	155	53	104
205	156	55	103
207	157	54	103
208	158	53	101
210	158	54	101
212	158	55	100
213	161	60	98
213	162	62	97
214	164	62	96
214	168	63	91
215	170	63	89
216	172	62	87
216	175	61	85
218	181	62	79
219	183	61	78
218	186	62	74
219	186	63	73
218	188	62	72
219	190	61	70
220	190	61	69
219	192	61	68
219	194	61	66
219	195	60	65
219	195	61	63
219	196	61	63
218	195	61	63
218	195	60	64
216	193	61	66
215	191	61	68
215	188	64	70
213	185	63	73
211	179	63	80
208	177	57	82
207	174	54	85
204	167	52	92
202	163	50	95
201	161	48	98
196	156	47	101
192	155	49	103
189	153	48	105
184	154	46	104
183	154	45	102
181	155	44	104
177	153	44	104
176	153	46	106
175	153	47	105
173	153	47	107
172	153	47	106
173	154	47	106
172	153	46	107
171	153	45	106
170	154	44	107
169	155	42	106
169	154	41	107
169	155	40	107
170	155	39	107
169	154	39	108
170	155	38	107
170	155	39	107
170	154	39	108
171	155	39	107
172	155	39	107
172	155	40	107
174	156	40	106
176	156	41	106
179	156	40	107
181	156	39	107
181	156	40	106
182	157	42	107
182	157	42	107
184	158	43	107
188	157	42	106
191	158	42	105
194	157	42	106
198	158	42	105
198	158	47	106
198	158	50	105
201	158	50	104
203	158	50	104
205	158	49	104
208	158	47	101
210	159	46	100
210	159	48	100
212	159	52	100
213	160	67	99
214	160	67	101
215	160	68	99
217	160	65	99
218	160	64	98
220	160	54	98
220	162	45	98
220	160	42	98
220	157	40	101
219	156	40	102
219	154	40	104
219	152	41	108
218	152	43	107
218	157	45	106
218	158	45	104
219	159	45	101
222	163	44	98
222	164	43	97
224	166	43	94
226	170	45	91
226	172	47	90
226	170	54	91
226	170	56	91
228	169	57	90
236	167	56	87
247	165	54	88
252	162	57	90
256	159	62	92
261	160	57	87
274	156	50	90
278	155	52	91
279	153	56	93
284	149	62	92
291	147	58	90
298	146	53	91
310	141	44	94
318	136	43	98
323	135	44	96
326	133	45	94
332	132	46	94
334	131	47	94
338	126	51	99
342	124	49	97
343	124	47	93
345	124	46	91
347	122	43	92
349	120	42	94
349	118	41	95
348	119	41	91
349	119	41	89
349	119	42	89
348	116	41	90
347	116	40	90
345	116	39	87
345	116	39	86
345	117	39	86
343	114	38	86
341	113	39	87
340	113	40	86
338	112	39	84
337	111	38	83
333	112	40	83
332	112	41	82
331	113	40	82
328	111	42	82
327	110	43	83
325	109	42	84
328	108	39	85
329	105	37	87
328	100	38	92
328	101	38	90
325	103	42	87
324	105	44	86
324	107	43	84
317	108	47	84
314	106	48	85
307	105	50	84
307	105	47	84
299	100	39	86
295	99	37	89
288	99	41	87
278	97	44	88
271	98	49	86
263	98	56	87
257	101	62	84
253	104	65	82
250	105	64	80
246	104	62	80
244	103	56	81
244	101	54	84
245	101	50	83
245	101	48	81
245	101	49	80
245	102	51	78
244	102	50	78
245	103	49	76
241	101	48	77
242	99	46	79
243	99	44	79
251	97	37	77
253	96	35	75
255	96	33	77
257	94	34	78
257	92	34	80
258	90	36	80
258	89	37	81
260	89	37	77
263	89	35	76
264	88	34	76
267	86	32	80
268	84	32	81
269	82	33	81
270	83	33	79
271	84	33	77
273	84	33	77
273	80	35	80
274	81	34	79
276	81	35	79
276	80	35	79
277	79	35	78
279	80	34	76
280	80	34	78
281	77	34	79
283	77	33	80
284	76	34	78
286	78	34	76
287	78	34	75
288	79	35	73
289	82	35	71
289	75	36	77
289	79	35	74
287	79	36	73
289	81	34	69
289	78	33	72
288	76	34	74
285	72	34	76
281	71	37	77
284	73	34	74
279	71	38	74
278	71	37	74
278	71	37	75
276	69	37	76
276	71	36	75
274	69	37	75
274	71	36	73
273	71	34	72
272	69	33	74
273	70	31	73
270	68	32	75
269	69	33	72
265	69	35	71
263	69	35	70
264	70	34	70
260	67	34	73
260	66	34	73
256	68	34	70
257	68	33	69
256	69	35	69
254	70	32	68
254	66	31	72
252	65	31	74
250	65	32	71
249	67	32	69
247	67	32	69
245	66	33	68
242	65	33	70
242	66	33	69
239	65	34	70
237	66	34	67
236	66	33	67
233	66	34	68
232	65	33	69
227	63	36	71
226	62	36	70
223	63	36	68
220	63	37	67
220	64	34	67
216	63	33	68
213	62	34	68
212	62	33	68
208	62	34	67
205	63	34	66
202	63	35	65
198	63	34	67
197	62	33	67
196	61	33	68
190	61	36	69
189	61	35	67
186	62	36	66
182	63	34	64
181	64	33	64
180	63	32	64
175	62	34	66
173	62	35	66
172	62	36	67
169	63	37	66
169	64	36	65
167	64	35	65
165	63	34	66
164	61	32	71
163	61	32	70
160	62	35	69
159	62	36	68
156	63	36	68
155	63	35	67
154	63	32	65
153	62	32	66
153	63	31	67
153	63	31	66
152	63	31	66
151	64	31	67
150	64	32	66
149	65	32	67
149	65	32	66
149	65	32	67
148	65	31	68
149	64	32	68
150	64	32	69
150	64	32	70
150	65	32	70
151	65	31	70
151	66	32	70
152	66	33	69
152	67	32	70
152	66	32	69
153	65	32	70
153	65	32	70
153	65	33	70
154	65	33	70
153	65	33	70
153	65	34	70
153	65	33	69
153	66	33	69
154	66	32	67
155	67	32	68
155	68	32	67
155	68	32	65
155	67	32	65
156	68	32	66
156	67	31	66
156	66	32	71
155	65	32	73
156	65	32	70
155	67	32	69
156	68	31	67
155	71	32	68
155	72	31	68
154	73	32	66
152	72	34	67
150	71	34	70
149	71	34	70
147	72	34	68
146	72	33	70
146	71	32	72
144	70	32	73
143	70	32	74
138	71	34	73
138	72	33	73
138	72	34	74
135	73	34	73
134	74	33	72
134	76	33	72
133	76	32	72
132	75	32	74
131	75	32	74
131	77	33	73
131	77	32	73
130	75	33	76
130	75	32	77
130	74	32	77
129	76	32	75
130	78	32	73
128	79	31	73
129	80	32	73
128	80	31	72
129	81	33	71
129	81	32	73
129	81	32	73
129	81	32	74
127	81	33	73
127	81	34	75
125	82	36	75
125	80	38	77
127	80	38	77
127	81	39	77
127	84	40	74
128	84	40	73
128	85	41	73
131	83	40	75
131	83	41	75
133	81	40	76
135	82	41	77
134	82	40	77
135	84	42	74
135	85	43	72
135	86	43	73
138	86	41	73
140	86	38	74
140	86	37	77
141	86	36	77
140	86	36	77
140	87	36	76
138	88	35	76
139	88	35	76
140	88	34	76
140	88	33	76
139	88	33	78
140	91	33	75
138	91	34	75
138	92	36	76
137	91	37	76
136	91	39	77
137	89	40	79
138	88	39	79
139	88	40	80
139	90	40	80
142	89	39	81
143	90	38	80
144	90	38	80
143	92	38	78
144	93	37	78
144	93	37	79
143	93	37	79
143	93	37	79
143	91	37	82
143	90	37	82
142	91	38	83
141	92	36	79
141	93	37	79
141	94	37	80
140	93	37	80
139	93	37	80
139	93	37	80
137	94	37	80
138	94	36	80
138	95	36	81
135	96	37	81
135	96	37	81
135	97	37	80
133	99	38	79
132	99	38	77
133	100	38	78
132	102	37	76
133	102	36	77
134	101	35	79
134	101	35	81
135	100	35	82
136	103	34	80
135	103	36	82
135	103	36	82
135	104	36	82
135	105	37	82
135	105	37	83
137	103	37	84
138	103	37	84
139	105	38	84
140	106	39	83
139	107	41	82
141	107	46	82
140	107	46	83
141	106	44	83
142	106	40	84
144	106	37	84
145	107	38	84
146	108	38	83
147	108	38	85
147	106	38	86
146	108	39	85
146	109	38	85
145	111	39	84
145	112	39	82
145	115	39	82
144	115	38	81
146	113	36	83
145	111	35	87
144	111	36	87
144	112	37	87
143	115	37	86
141	116	38	86
139	114	40	88
139	114	40	89
138	114	39	90
138	116	39	89
137	119	38	87
138	120	37	86
138	119	36	89
138	118	36	90
136	119	38	91
135	122	38	89
134	123	39	89
134	122	39	91
133	122	40	91
134	123	40	92
134	125	39	91
135	127	39	90
138	126	38	92
139	126	38	94
139	128	38	94
139	128	39	94
140	130	39	93
143	130	39	93
145	130	37	93
147	132	38	93
150	134	38	94
152	136	38	93
151	133	38	94
153	132	39	95
154	132	38	96
154	133	39	96
155	135	39	96
157	135	39	95
158	136	37	94
159	138	40	92
161	137	41	94
162	138	46	93
162	137	48	94
164	136	46	95
164	135	45	95
164	135	43	94
164	136	40	95
165	137	40	94
166	137	41	95
167	137	42	95
166	135	40	95
166	135	41	96
166	136	41	96
166	136	40	96
167	136	40	96
168	136	39	95
168	136	38	96
168	135	39	95
169	135	39	95
170	133	39	97
170	132	37	95
173	129	36	97
174	129	35	96
174	130	36	96
175	128	38	94
177	131	37	90
178	131	40	90
178	131	49	91
177	131	55	90
177	131	56	91
178	132	56	90
178	132	57	90
178	131	49	90
177	130	44	92
176	129	44	92
178	129	40	90
176	130	39	88
174	131	41	86
171	130	43	86
171	127	43	90
168	125	42	91
168	124	41	90
165	124	40	87
165	123	38	88
159	119	37	91
158	118	37	91
154	117	37	87
152	118	38	87
151	118	37	86
147	115	39	89
142	113	41	93
140	111	42	88
138	112	43	86
137	112	40	85
137	107	34	88
136	107	35	86
135	109	37	84
136	105	37	86
135	102	38	89
135	103	40	86
136	105	39	83
137	103	35	84
138	100	34	85
138	101	34	82
138	101	34	81
138	96	36	87
138	97	36	85
138	98	37	82
138	98	37	80
139	98	34	79
139	96	32	82
138	95	32	81
138	96	31	80
138	98	32	77
138	98	33	76
138	96	33	77
138	96	35	78
138	93	35	80
138	93	36	76
139	92	34	77
140	91	36	76
141	90	37	74
144	92	38	73
147	92	38	73
150	92	38	73
154	88	37	75
156	88	38	74
159	89	38	72
172	89	35	71
175	88	35	73
177	86	39	76
180	87	39	76
185	89	39	71
187	89	43	70
190	89	42	70
192	89	41	70
193	88	40	70
194	87	39	71
194	87	39	71
195	85	37	74
195	84	36	74
191	83	36	74
190	84	37	75
183	86	41	73
175	88	49	72
170	88	53	73
174	87	48	73
177	86	45	74
182	85	41	74
191	82	36	76
194	81	33	76
198	82	31	74
199	83	31	74
199	80	33	76
200	80	34	77
200	79	37	76
202	80	37	76
207	80	34	74
209	78	34	76
210	80	36	74
213	81	35	72
214	79	33	73
216	80	32	72
216	78	31	73
217	76	31	75
217	75	33	73
218	76	33	72
219	75	33	71
219	74	33	73
220	74	34	72
220	74	33	70
220	72	33	70
221	70	32	74
220	68	34	74
220	69	35	71
220	71	36	70
219	72	36	68
217	73	36	68
216	72	34	68
213	72	34	67
212	73	34	67
211	72	34	66
209	71	34	67
207	68	32	69
204	68	34	69
201	70	34	67
197	71	36	67
197	70	35	68
193	67	36	73
193	68	36	73
191	70	35	69
191	69	35	70
190	69	35	71
190	69	36	71
187	68	36	71
186	69	36	71
185	69	35	71
184	69	35	69
181	70	37	69
180	70	36	68
177	69	35	70
177	68	34	70
175	69	35	70
174	69	36	70
174	70	37	70
173	70	37	69
173	70	38	69
174	71	38	68
174	71	36	68
174	69	32	69
173	69	32	68
172	69	32	68
171	71	32	67
173	74	31	64
174	78	30	60
175	79	31	60
176	78	33	61
176	76	36	63
177	75	37	65
182	76	37	64
186	75	35	64
192	74	33	66
195	73	32	68
200	74	32	71
203	73	31	74
205	72	32	75
207	73	33	76
209	74	33	75
211	75	32	75
211	74	32	76
211	75	33	76
212	76	33	75
213	77	32	75
214	76	32	76
215	76	32	77
216	77	33	76
216	78	33	76
217	78	34	76
217	77	33	78
217	79	34	76
217	80	33	77
217	80	33	77
218	80	34	77
219	82	33	76
219	82	34	77
220	82	34	77
219	83	34	77
220	82	34	78
218	84	35	76
219	85	34	76
219	86	34	75
218	83	35	79
217	82	36	80
217	84	35	80
217	85	35	80
215	85	35	80
215	88	35	78
214	88	35	79
213	88	36	79
212	89	36	80
212	88	36	80
212	89	36	80
211	89	37	81
210	91	37	81
209	90	37	82
209	88	37	83
210	88	35	86
210	87	35	87
209	88	37	86
203	96	43	73
201	98	45	72
197	99	47	72
192	99	45	80
191	99	42	78
189	100	38	71
185	99	36	73
181	99	37	74
178	100	38	75
173	100	38	75
172	99	37	76
168	97	36	79
163	98	39	81
160	100	40	81
158	101	40	80
155	103	37	79
151	101	36	83
148	104	37	83
147	104	37	81
143	107	37	80
139	105	39	85
134	105	41	85
133	107	40	84
131	111	40	83
131	112	38	81
131	110	35	85
128	113	37	85
126	114	39	86
126	115	40	85
127	116	40	85
128	117	39	86
128	119	40	87
130	118	41	88
130	120	44	89
131	123	50	88
131	125	56	87
131	125	54	85
130	124	51	86
130	123	46	87
134	123	42	89
133	129	42	85
132	135	44	80
137	137	41	79
140	137	42	85
142	135	43	87
145	134	43	88
150	133	41	89
152	136	42	92
156	140	44	92
159	141	43	90
162	142	42	90
167	142	44	92
177	143	44	94
185	141	46	96
190	141	58	97
197	145	71	96
199	146	70	94
201	145	65	95
210	145	54	96
216	147	47	96
219	149	44	94
220	153	43	94
221	155	41	91
220	155	42	91
218	155	42	91
217	155	39	92
217	152	39	93
216	152	38	95
214	150	40	97
212	148	41	99
211	147	42	97
212	146	42	98
212	143	43	100
214	142	45	99
214	142	44	97
214	142	44	95
216	139	42	98
214	137	44	100
215	135	45	99
211	136	49	95
210	137	51	93
205	134	52	96
205	131	48	99
199	131	50	94
193	130	53	94
191	128	53	97
189	127	54	95
186	129	56	92
184	130	57	91
182	130	58	92
183	129	56	93
188	125	49	95
190	126	46	92
193	124	44	90
194	125	43	89
197	123	45	92
196	122	48	93
196	121	49	90
205	122	43	87
215	118	37	90
220	116	36	91
225	114	36	88
226	114	37	88
233	111	40	90
234	109	41	92
238	109	40	89
239	109	39	88
243	109	38	86
246	108	36	88
248	105	36	89
255	103	36	89
258	102	37	85
261	104	36	84
264	101	37	86
266	99	39	89
269	97	38	88
272	100	37	82
275	98	36	81
277	96	35	84
282	92	35	85
283	92	35	83
284	94	36	80
286	93	36	80
285	90	36	84
286	89	37	84
286	89	36	81
287	91	36	77
286	91	37	75
287	87	36	80
290	86	35	79
289	87	35	77
289	88	35	75
288	87	35	75
286	83	37	79
285	82	36	80
282	83	37	76
282	85	35	74
281	81	33	77
277	75	35	83
276	74	37	80
274	77	38	76
271	74	39	79
269	74	37	78
266	75	36	77
260	76	37	74
257	77	38	73
254	78	37	72
251	74	37	76
246	73	40	76
244	74	40	73
242	75	39	71
238	76	36	70
233	73	34	72
228	71	35	74
226	72	36	72
222	75	35	69
215	74	36	70
209	70	36	73
204	70	37	72
199	73	36	69
195	75	34	68
191	73	34	68
188	73	36	68
182	74	41	68
180	74	40	68
176	73	36	68
171	75	34	66
168	76	36	65
164	80	38	62
161	79	37	63
159	77	34	65
155	77	36	65
153	79	34	69
147	78	36	69
143	78	38	68
141	78	38	73
137	78	39	73
137	79	38	71
135	81	37	71
135	82	37	68
134	82	36	69
134	81	36	75
134	82	37	73
134	83	37	73
134	83	38	74
131	82	39	73
133	84	37	72
132	86	38	70
132	86	38	69
134	87	35	68
135	85	35	69
136	84	34	70
135	83	34	71
135	83	35	71
135	82	36	72
136	81	36	72
137	81	38	73
138	82	38	72
138	81	37	71
139	81	37	71
142	79	36	73
145	77	33	75
148	74	31	76
149	76	32	74
151	78	32	72
152	78	33	72
153	79	34	72
153	77	35	74
155	76	34	74
156	75	33	74
160	73	30	75
162	72	31	75
164	74	32	71
164	75	34	71
165	76	37	70
167	77	38	74
168	75	37	74
170	75	37	74
173	74	34	74
174	73	34	74
176	74	35	73
177	74	36	73
178	74	37	75
178	74	36	75
180	74	38	75
181	74	36	74
183	74	36	73
185	75	35	74
186	75	34	74
188	74	34	74
189	73	33	76
190	74	33	74
191	76	33	72
192	78	34	68
191	80	35	67
190	79	36	67
190	79	36	69
191	78	36	71
192	76	34	72
195	74	33	73
196	76	33	71
198	77	32	69
198	76	32	71
196	73	32	73
195	73	32	71
193	72	34	74
192	71	34	73
193	69	34	72
193	71	33	73
194	73	32	71
193	73	33	69
193	73	32	71
193	72	32	70
191	72	32	71
191	73	32	71
189	73	33	70
190	74	33	69
189	75	33	69
186	76	34	69
187	76	32	69
187	77	32	69
186	77	33	69
183	77	35	68
183	77	33	67
183	76	33	67
183	75	32	69
183	74	32	69
183	75	33	68
182	78	36	65
182	80	37	64
183	80	37	64
188	80	39	65
195	80	35	65
201	80	33	65
204	78	32	67
205	77	33	69
210	78	34	72
212	79	35	73
215	80	35	74
218	79	35	75
220	77	37	78
222	78	36	77
224	78	35	77
228	81	33	75
230	80	33	77
231	80	36	76
232	81	37	76
233	81	37	77
234	82	36	77
235	82	36	77
237	86	35	75
237	87	35	73
238	87	34	75
238	87	35	77
239	87	34	77
237	87	35	77
238	87	35	78
235	86	36	81
234	86	37	82
233	86	38	81
231	87	39	80
229	88	39	79
225	87	39	82
224	86	38	81
222	87	37	82
221	88	37	80
220	91	37	78
220	91	36	77
216	91	36	81
216	93	35	80
215	92	37	81
216	91	40	82
216	93	41	83
215	95	42	81
216	94	41	82
215	94	39	81
215	94	38	82
215	94	38	84
213	96	38	82
212	98	38	82
209	99	38	81
207	99	39	82
205	98	38	82
204	98	37	83
202	99	37	83
202	100	36	83
199	101	37	83
198	102	37	83
196	101	38	82
196	100	37	84
193	102	37	85
190	105	38	84
186	105	38	83
185	104	38	84
183	103	38	87
181	104	39	87
180	107	39	86
179	108	39	86
179	108	40	86
178	107	39	88
176	107	39	88
174	107	39	89
173	110	40	88
171	111	40	87
169	112	40	88
168	112	40	88
168	112	40	87
167	111	38	90
166	113	38	90
164	115	39	89
164	116	40	89
163	117	41	89
162	117	41	89
160	115	41	90
160	117	40	90
157	117	41	89
155	122	42	88
153	125	42	86
152	125	40	85
153	124	39	87
154	123	38	92
153	127	39	89
153	128	40	89
153	129	39	90
154	128	40	93
155	129	39	93
155	132	38	91
158	132	38	95
158	132	39	95
159	134	41	95
165	137	39	92
167	138	38	93
170	139	40	95
172	140	41	95
175	140	43	95
178	138	49	97
180	140	55	95
181	141	66	97
182	143	67	95
183	143	66	95
182	143	65	96
182	141	63	98
182	139	59	98
183	139	54	100
184	139	49	99
185	140	47	97
187	141	60	97
188	142	64	99
189	141	65	101
190	143	64	99
190	144	64	97
191	144	65	96
191	144	66	97
190	143	65	99
191	141	66	100
191	141	66	100
191	140	65	100
191	140	66	100
192	140	64	101
193	141	54	100
190	142	39	98
188	142	40	99
187	142	40	100
