294	91	16	30
293	91	17	37
292	94	20	43
293	92	21	49
292	92	24	49
292	92	24	52
292	91	25	54
293	91	26	54
292	92	27	53
292	90	27	53
293	91	29	53
292	91	28	53
293	90	28	53
293	92	27	52
294	91	26	52
295	92	25	51
295	92	24	51
295	93	24	50
293	93	25	50
294	92	25	52
295	93	25	51
293	93	25	51
294	93	25	52
295	93	24	50
295	92	25	51
295	94	25	51
295	93	24	52
298	93	23	51
297	93	22	50
298	94	22	49
299	94	22	50
300	94	22	50
300	93	23	51
301	93	23	50
302	95	23	48
304	95	22	46
307	96	22	42
309	95	22	35
312	96	22	32
313	96	20	31
317	96	20	32
318	95	20	34
319	96	21	33
322	96	20	33
324	96	20	30
327	99	19	27
329	98	19	28
331	100	20	31
334	101	24	41
336	99	24	42
336	99	23	40
339	99	20	39
341	100	20	39
342	101	21	40
342	101	21	39
341	104	23	45
347	105	23	47
350	104	21	48
350	104	22	46
351	103	21	48
353	105	21	46
353	104	21	48
351	105	23	45
353	104	23	47
353	105	24	47
352	105	25	46
354	105	24	46
354	105	24	47
355	104	24	47
355	105	24	46
355	105	24	46
356	104	23	45
356	106	23	46
357	105	23	44
357	105	23	46
358	105	23	46
358	105	24	48
359	105	24	45
359	103	23	46
360	103	23	48
359	104	25	49
359	103	27	51
358	103	29	52
357	103	30	54
358	102	29	54
359	103	30	54
358	103	29	51
359	103	30	54
360	103	30	52
358	103	30	52
357	103	30	53
357	103	29	52
357	103	29	52
355	101	28	53
355	101	27	54
353	101	29	55
351	101	27	54
349	101	27	53
348	100	27	52
344	100	29	53
343	99	29	54
339	99	31	54
337	99	30	49
336	100	31	49
333	100	29	52
331	100	29	52
330	99	27	51
327	99	26	50
325	99	25	51
322	98	25	51
319	98	25	49
312	97	26	51
310	98	27	50
304	96	28	52
304	96	26	51
302	97	27	51
299	95	27	52
296	97	27	49
293	97	26	48
291	97	25	46
288	98	24	46
282	98	27	46
279	97	29	47
279	98	27	46
277	96	24	44
274	98	25	43
269	99	24	40
265	97	24	39
263	98	25	37
254	93	25	38
245	67	22	45
245	68	24	43
248	68	24	43
251	69	25	43
250	70	24	44
251	71	25	44
238	93	28	41
237	90	25	43
236	91	26	43
233	90	27	44
234	88	26	43
233	89	30	45
233	89	28	46
232	88	28	46
232	89	27	45
232	87	27	47
224	89	28	45
223	89	27	45
223	88	29	46
223	88	28	45
223	88	29	45
219	90	29	43
221	88	28	44
218	88	28	43
217	88	29	44
218	88	26	42
216	88	25	41
214	91	26	40
214	91	27	41
215	91	27	41
215	91	30	42
215	90	30	44
215	90	30	44
212	89	30	43
211	92	31	43
210	88	29	44
212	90	30	42
210	86	30	46
212	91	29	42
210	87	28	44
214	91	29	41
212	91	30	42
213	90	32	43
214	90	30	43
215	89	30	44
214	91	30	42
215	91	30	42
215	91	29	41
215	89	29	42
217	90	30	42
218	88	29	44
213	93	27	39
214	91	28	40
213	91	29	40
212	91	28	40
218	91	32	41
221	91	29	42
222	90	30	42
220	91	30	41
223	92	29	41
215	91	29	40
212	85	21	40
214	88	22	38
208	94	25	38
210	94	24	38
206	94	27	37
207	93	27	38
227	90	27	42
204	93	29	40
202	92	30	41
224	90	25	42
222	89	26	42
220	89	26	43
220	88	25	44
218	87	26	43
217	89	27	43
217	88	27	43
217	88	27	42
217	85	25	46
216	86	27	45
196	90	27	43
196	88	27	42
195	89	27	42
194	88	27	41
191	88	25	40
190	87	26	41
187	87	27	41
185	87	28	41
182	88	33	43
178	85	32	45
180	86	28	46
205	95	31	40
202	96	33	40
172	86	30	43
171	85	28	45
169	84	31	45
168	84	31	45
166	84	33	45
189	92	33	41
187	92	30	40
183	92	29	39
160	81	28	43
152	80	30	44
152	79	29	43
150	80	29	42
141	78	31	42
138	76	27	43
138	75	29	45
134	75	26	45
150	78	32	43
146	79	32	44
144	78	32	45
141	77	32	45
136	77	34	45
119	73	25	45
118	73	25	44
115	72	25	41
113	72	26	43
109	71	25	43
107	71	26	45
105	70	25	45
102	70	27	44
99	70	28	46
96	69	26	44
91	69	26	45
91	68	30	43
101	71	31	43
102	71	30	45
101	71	32	44
99	72	35	44
96	69	33	43
94	70	32	43
93	70	34	44
89	69	33	44
87	68	35	45
85	67	37	45
80	68	39	46
80	67	37	46
76	68	37	45
75	66	35	45
72	66	35	45
72	64	35	47
68	64	35	47
69	62	35	48
65	66	35	47
60	63	38	47
59	63	36	47
56	62	33	49
52	60	30	45
50	59	30	43
47	59	30	43
39	59	30	44
39	61	29	42
36	58	29	43
29	58	33	44
25	59	34	43
24	58	31	41
19	58	32	40
17	56	29	41
18	56	29	39
13	57	30	38
12	57	29	39
13	55	30	40
9	54	32	41
5	54	34	41
3	54	36	41
1	56	37	41
0	55	36	42
0	55	35	39
0	55	32	41
0	53	31	43
0	51	27	44
0	51	26	39
0	50	25	38
6	32	36	51
6	18	39	57
36	16	37	52
37	32	77	94
74	52	71	92
53	69	68	82
58	61	67	89
46	53	69	92
36	73	74	92
49	60	77	97
115	77	64	77
233	19	34	58
236	21	31	51
239	22	29	50
239	22	29	49
240	24	27	47
242	25	27	48
243	26	27	47
246	27	26	47
247	28	27	46
248	27	27	46
249	27	28	48
251	26	27	47
253	29	27	46
254	28	26	47
256	28	25	48
