208	305	300	136
209	302	306	135
213	302	307	136
213	302	312	138
220	301	312	136
225	303	310	136
228	303	310	136
236	303	311	136
240	303	310	136
242	303	311	136
251	304	309	135
253	303	310	136
257	303	309	136
264	304	308	135
268	303	308	135
272	303	307	136
278	304	307	133
282	302	307	136
285	301	308	136
291	300	304	136
290	300	306	137
289	300	305	136
287	300	304	136
284	300	305	137
283	300	306	137
280	299	306	138
279	299	305	137
278	298	304	137
275	300	304	136
273	298	305	137
273	300	303	135
272	298	303	136
269	298	303	135
269	299	303	136
268	297	302	137
267	299	302	136
267	296	301	136
265	298	301	135
265	296	301	138
263	297	300	137
262	297	303	137
260	296	303	137
259	297	303	137
260	295	301	138
261	294	298	137
262	296	299	138
263	295	296	136
262	294	298	137
262	293	298	136
262	293	299	134
262	292	300	135
263	292	298	135
267	291	296	134
268	290	293	135
269	290	292	133
271	290	291	134
273	289	289	131
275	288	288	132
277	288	286	131
281	286	285	132
284	285	282	132
284	285	281	132
289	283	278	131
291	283	279	130
293	283	276	130
297	280	273	129
298	280	271	129
303	279	268	130
305	279	267	129
308	278	262	126
310	278	258	125
311	277	259	124
315	276	255	124
317	275	252	124
320	274	251	122
322	273	246	122
325	273	244	121
326	271	241	120
328	272	238	119
331	269	233	119
331	269	232	118
335	268	228	116
338	264	222	118
340	263	218	116
342	263	213	114
345	257	207	118
344	258	206	114
349	256	199	113
351	254	190	113
351	253	185	112
352	251	181	111
351	246	177	110
354	249	176	109
363	246	168	107
367	241	162	113
367	237	156	112
366	238	154	110
365	234	150	112
360	231	145	112
357	232	144	109
355	231	142	108
353	230	138	107
349	229	130	105
345	228	133	106
343	228	128	103
338	223	123	104
334	222	123	104
329	222	122	102
324	220	115	101
320	218	117	102
317	217	113	101
312	217	113	100
305	215	110	99
302	214	110	98
296	212	110	98
294	211	108	98
284	210	110	96
280	207	106	96
273	207	109	95
265	205	108	95
262	204	106	93
255	202	107	92
252	202	104	91
251	197	102	93
251	199	101	90
249	198	101	90
249	193	101	90
248	192	101	90
247	193	101	89
246	191	101	89
244	188	101	89
244	186	100	89
243	184	101	90
243	182	100	89
241	184	101	87
241	182	98	86
239	180	99	86
238	179	99	85
237	179	100	84
236	179	98	82
236	179	98	82
235	178	98	82
236	177	99	81
246	176	97	79
248	174	98	80
252	175	97	78
261	171	95	79
263	172	96	77
270	169	94	78
271	170	96	77
278	167	93	77
281	167	94	76
286	167	92	74
289	166	93	74
298	164	92	74
300	165	91	73
305	162	90	74
307	163	92	73
312	161	90	74
319	161	88	71
322	159	88	72
330	158	87	69
332	158	87	69
330	155	87	70
329	155	86	69
329	153	87	70
330	149	87	72
334	152	86	68
337	150	88	69
342	148	88	69
347	148	86	68
351	146	86	69
354	145	85	68
362	145	82	66
362	144	83	66
361	143	82	66
361	143	81	65
360	141	81	65
358	140	81	65
358	140	80	65
355	138	81	65
355	137	81	65
354	135	81	65
353	134	80	64
353	134	80	62
353	132	77	64
356	130	73	64
357	129	72	65
363	129	71	63
369	130	69	62
374	127	69	63
369	126	73	63
373	126	67	63
370	124	66	64
366	124	68	63
363	123	71	65
359	122	73	64
364	118	71	66
360	117	70	68
266	82	112	76
190	75	64	61
198	82	52	52
201	87	52	47
208	85	50	47
211	85	48	47
214	85	46	47
221	86	41	47
223	84	39	48
227	84	38	49
231	85	36	47
235	87	33	44
237	85	31	47
240	90	32	43
242	85	29	47
245	86	29	45
249	83	27	47
252	89	30	43
252	79	28	46
255	81	27	42
258	80	25	37
260	78	25	42
260	80	29	42
261	79	30	43
263	78	31	46
266	78	28	49
268	80	27	48
270	80	26	47
271	80	25	49
272	79	25	48
272	79	25	47
273	80	24	46
274	80	25	46
274	79	24	46
275	78	24	47
275	79	24	46
275	83	25	46
274	76	29	44
272	82	29	36
280	103	22	44
280	107	23	44
281	112	24	44
282	115	26	44
283	118	25	42
285	120	24	43
286	122	23	45
