156	175	13	12
156	175	12	15
156	175	11	15
157	174	11	15
157	174	11	16
158	176	13	17
158	173	12	16
157	176	13	18
158	176	13	17
159	177	13	19
159	177	13	17
159	176	13	18
160	176	13	18
161	175	13	18
163	173	12	16
163	173	12	16
164	170	12	17
165	171	12	17
166	172	12	17
167	176	12	17
167	179	13	18
168	176	13	16
169	176	12	15
169	172	12	17
169	172	13	16
170	172	12	17
170	176	12	17
170	179	13	19
172	176	13	18
172	176	13	18
172	179	14	19
174	175	13	19
175	175	12	17
175	174	13	18
176	174	14	18
177	174	14	18
178	174	14	18
177	181	17	21
180	176	15	20
181	176	14	19
182	171	14	19
182	171	13	18
182	172	14	18
183	171	13	18
184	171	13	19
184	171	13	20
183	171	14	20
184	171	13	20
184	173	14	18
184	171	13	20
185	171	13	19
185	172	14	19
185	176	13	17
186	176	14	18
185	172	13	19
185	172	13	19
187	176	13	18
187	172	13	19
186	176	14	19
187	175	15	19
165	180	13	19
165	180	13	18
164	183	15	19
165	181	14	18
165	184	15	18
166	179	14	19
168	180	14	17
168	180	14	17
168	182	14	19
171	182	13	19
170	182	14	18
173	182	13	16
173	183	14	18
172	182	15	18
174	183	14	19
174	183	15	20
174	182	14	20
174	178	15	21
174	177	14	20
173	182	14	18
175	182	13	18
174	182	14	17
175	180	14	17
175	179	14	19
177	182	14	19
177	183	14	17
177	181	14	18
178	185	14	18
179	179	14	20
178	185	15	17
180	184	15	18
182	179	15	19
182	179	14	19
181	178	16	21
180	177	15	21
180	178	15	21
178	179	16	21
179	179	17	22
180	180	16	23
178	186	15	20
179	186	15	19
178	190	15	19
165	193	18	20
178	189	15	19
181	186	14	17
182	180	15	20
182	190	13	18
183	191	13	18
184	193	13	17
184	192	13	17
183	193	14	17
183	195	14	19
183	191	14	19
183	192	14	19
183	192	15	19
183	193	14	18
183	193	14	18
183	193	14	18
183	193	13	17
184	192	13	15
184	192	13	16
183	194	14	17
183	191	14	17
184	195	13	17
185	194	13	18
185	192	13	18
185	193	14	18
186	190	13	17
186	195	13	16
185	195	14	17
185	192	14	18
187	191	14	16
183	194	15	19
183	190	16	18
182	194	17	21
182	191	16	19
183	192	15	19
183	193	14	18
183	194	15	18
183	193	14	16
183	193	14	17
184	193	13	16
184	193	14	16
183	193	14	16
184	193	14	15
184	193	13	15
183	193	14	16
184	196	15	19
184	193	14	16
184	194	14	16
184	193	14	16
184	194	14	16
185	195	13	15
184	196	13	15
185	197	14	17
184	197	15	17
186	195	14	17
184	196	14	17
183	197	15	17
184	195	15	17
182	196	15	17
183	196	14	17
183	195	14	17
183	196	14	17
181	200	15	18
182	199	17	19
183	197	15	16
183	198	14	17
182	197	15	16
183	197	15	17
183	194	15	18
183	199	14	17
182	200	15	17
182	200	14	17
183	200	14	17
187	200	14	17
184	197	14	18
183	197	14	17
184	198	15	18
185	198	14	18
185	196	14	17
184	201	14	17
183	198	14	18
182	200	14	16
175	202	14	16
176	202	15	17
183	195	16	18
183	197	15	20
182	200	14	17
182	201	14	17
172	205	15	16
182	202	13	17
181	202	13	15
169	206	15	16
182	203	13	16
182	204	14	17
169	205	15	16
166	208	17	19
148	212	17	19
148	213	17	21
149	212	19	21
146	215	20	22
147	214	20	24
145	215	21	23
147	214	21	22
146	213	22	24
146	212	22	24
145	212	22	24
146	212	23	23
142	214	24	24
144	212	22	26
145	213	20	22
146	212	19	21
146	216	19	21
148	214	20	21
143	215	20	21
143	214	23	23
142	214	23	25
143	215	22	25
143	215	22	23
143	214	21	23
141	215	22	20
144	215	20	21
143	215	19	20
143	215	20	19
145	217	19	20
141	217	20	19
141	216	20	21
140	217	21	22
141	218	21	22
140	218	23	21
139	219	22	23
140	218	21	22
140	219	22	23
142	220	21	23
161	214	19	23
164	211	16	20
161	216	19	22
162	212	19	20
160	214	21	20
158	213	22	22
159	214	21	21
159	214	22	23
158	214	21	22
159	214	21	21
157	213	21	21
158	214	21	22
157	214	21	22
158	216	20	26
156	214	21	23
158	216	18	20
160	216	16	18
159	215	17	19
158	214	17	18
158	215	17	19
152	215	21	21
153	215	22	23
154	215	22	22
151	214	22	24
153	216	23	24
153	215	20	24
150	214	20	24
151	214	20	23
153	213	17	21
152	214	18	19
151	215	18	21
152	213	17	19
152	214	17	20
154	212	15	18
153	216	16	19
150	222	22	19
153	221	22	22
152	221	21	23
147	222	24	25
150	218	23	25
152	216	19	25
153	214	19	23
151	216	20	24
152	213	17	23
152	214	17	21
151	216	17	21
151	213	18	21
150	214	18	20
150	214	17	22
151	214	17	21
151	215	16	20
149	220	19	22
160	213	18	19
157	214	18	20
154	215	17	20
152	216	18	21
153	216	19	18
151	215	19	20
149	217	21	22
151	214	18	21
152	213	16	17
151	213	17	17
146	215	18	18
150	215	18	22
150	214	18	22
150	215	18	22
148	216	20	22
150	214	18	21
149	214	20	20
151	216	18	25
149	215	20	26
151	211	19	18
151	216	18	21
150	213	20	18
147	211	23	17
160	231	15	20
159	230	16	20
158	230	19	21
161	232	15	19
159	235	20	23
161	231	18	21
162	233	17	20
163	233	17	21
162	233	16	21
164	233	17	20
161	234	16	20
162	232	15	18
162	235	15	18
163	236	16	20
164	234	15	20
162	239	20	23
163	239	21	25
164	240	21	26
166	237	20	24
167	238	20	24
169	236	18	21
168	237	18	22
167	238	19	23
167	239	20	24
168	238	20	24
169	239	19	24
170	240	19	23
168	239	17	23
170	239	18	22
177	244	17	22
177	241	17	20
177	242	18	21
170	241	19	23
170	241	19	24
173	244	21	24
173	244	20	24
174	244	20	25
174	243	19	25
175	242	19	24
176	242	19	22
177	242	19	23
177	244	19	23
177	244	20	25
177	243	19	25
177	245	20	24
177	244	18	23
184	246	18	22
182	246	18	23
177	244	17	20
177	244	18	21
179	245	18	21
179	244	16	19
185	250	17	19
182	247	16	20
182	246	18	22
182	248	18	22
183	248	19	23
183	247	17	22
184	248	19	23
184	246	19	24
184	246	18	23
185	245	16	20
184	246	15	20
185	250	15	19
193	256	16	19
194	255	16	19
193	255	17	20
194	256	17	20
194	255	18	21
186	253	16	19
186	250	14	18
186	250	13	16
187	252	13	16
188	254	13	17
190	255	14	17
198	259	15	19
199	259	15	18
198	258	17	19
200	259	16	19
199	259	16	19
199	259	17	20
192	255	15	18
205	262	17	19
192	255	14	18
193	258	14	18
193	260	16	20
192	257	15	19
193	258	15	20
193	256	15	19
193	260	16	19
194	258	15	20
195	258	15	18
196	260	14	19
198	258	13	18
198	260	15	18
200	260	15	18
200	261	14	19
202	261	14	19
215	266	16	19
201	261	16	20
202	263	16	20
203	261	14	19
203	262	13	17
204	263	14	19
203	263	14	18
203	263	14	18
204	263	14	18
203	264	15	17
204	265	15	18
204	264	15	17
205	266	14	18
206	264	14	17
206	266	14	18
207	269	15	17
207	266	15	19
209	268	14	18
210	268	15	18
210	269	15	19
212	267	14	19
212	269	14	18
212	273	15	18
212	269	15	18
213	270	15	19
209	285	17	20
213	271	16	20
233	277	16	20
233	277	17	21
234	278	17	20
234	278	16	21
235	280	16	20
235	280	16	21
236	281	16	20
236	282	16	19
236	282	16	20
237	282	15	18
237	282	16	20
238	281	16	20
240	281	16	20
241	282	15	20
242	285	17	22
244	285	17	21
245	287	16	19
245	287	16	20
246	287	16	20
247	288	16	20
246	287	17	20
247	287	16	21
248	288	16	21
248	289	17	21
249	290	16	21
249	290	17	21
249	291	17	20
249	292	17	20
249	292	16	19
249	292	17	20
250	292	17	22
234	285	16	19
235	288	17	18
235	285	15	18
235	288	16	18
235	286	15	18
235	289	16	20
234	289	16	19
234	290	18	19
235	289	16	18
234	289	16	19
235	288	16	20
236	292	19	22
237	294	17	19
240	296	16	19
240	299	16	21
241	300	17	21
240	300	17	22
241	301	17	22
242	302	16	21
243	304	18	22
243	304	18	23
244	304	18	23
245	305	18	22
246	304	18	22
247	305	19	21
248	305	17	21
248	306	17	22
248	307	17	23
250	307	16	23
249	309	17	21
250	311	17	22
250	311	17	22
249	311	18	23
250	313	18	23
251	312	18	21
252	314	17	23
253	313	18	23
254	314	17	22
255	315	16	23
256	317	16	22
258	318	17	21
259	318	17	21
259	318	18	22
260	318	17	22
262	319	17	21
262	319	16	21
263	319	16	24
263	321	17	23
264	322	17	22
264	324	17	23
265	324	18	23
264	325	18	22
265	325	19	22
266	326	19	24
267	323	17	22
269	326	17	22
271	327	18	23
272	327	17	22
275	330	17	22
276	330	17	22
278	329	16	22
280	329	16	22
281	330	17	22
282	330	16	22
282	330	17	23
284	331	16	22
285	331	16	21
286	333	16	21
286	333	16	21
286	336	18	21
285	335	19	22
285	334	19	22
286	332	21	24
288	333	21	23
290	336	19	21
292	337	19	21
293	341	21	22
297	343	22	22
296	344	22	23
298	343	22	22
299	343	20	23
301	344	19	22
301	343	18	22
301	343	18	21
302	348	18	20
302	345	18	21
302	349	18	22
302	349	18	23
303	350	18	23
303	350	18	23
304	351	17	22
304	351	18	23
306	351	18	23
306	351	18	23
308	353	18	23
309	355	18	23
311	357	17	23
312	358	19	24
314	358	20	24
315	358	20	24
316	358	20	25
317	359	18	24
319	359	18	23
319	360	17	23
320	362	17	22
320	364	18	22
320	365	17	23
320	367	18	24
320	367	19	24
320	367	19	25
321	367	18	24
324	368	17	24
325	372	18	24
326	374	19	25
329	375	18	26
330	377	19	24
333	377	19	25
334	377	20	26
335	376	20	26
336	378	19	26
337	379	19	24
337	379	20	25
338	382	20	26
339	383	19	26
339	386	21	27
339	386	20	26
340	388	20	26
341	387	20	28
342	388	21	28
342	387	21	28
344	388	20	28
346	389	20	28
348	391	19	27
349	392	20	27
352	396	20	27
354	397	22	28
356	397	22	28
359	397	22	28
359	397	22	28
361	398	21	29
362	398	21	29
364	400	21	27
364	401	20	27
365	404	21	28
366	405	21	27
367	407	20	29
367	407	22	28
369	408	22	28
369	408	22	29
370	407	23	30
371	408	22	29
375	410	21	29
376	410	22	30
378	412	20	29
382	415	24	30
385	417	23	29
387	418	23	29
389	419	21	29
390	418	21	31
392	420	21	29
392	420	20	30
393	423	21	30
395	425	21	28
394	427	22	29
396	428	21	27
396	430	22	26
396	431	23	27
399	432	22	27
400	431	22	27
402	431	20	26
404	433	19	26
406	436	19	23
407	438	20	21
409	440	20	19
415	443	21	16
418	443	20	16
420	444	19	15
423	445	19	14
425	443	18	16
425	445	19	14
426	446	20	13
428	450	21	10
430	450	17	10
430	444	19	15
421	418	35	35
407	383	74	68
509	438	64	21
533	441	29	18
542	449	26	10
547	450	21	10
551	450	20	10
557	450	19	10
560	450	19	10
561	450	21	10
