92	91	45	98
91	90	44	98
92	91	44	98
92	90	44	98
92	91	43	98
92	91	44	98
92	90	44	99
92	90	43	97
92	90	44	98
92	90	44	98
92	90	44	98
92	91	44	97
92	90	44	98
93	90	43	97
92	90	43	98
92	90	43	98
92	90	43	98
92	90	44	98
92	91	44	98
92	90	44	98
92	90	44	99
92	90	44	98
92	91	44	98
92	90	44	99
92	90	44	98
92	90	44	99
92	90	44	98
92	90	44	99
92	90	44	98
92	90	45	98
92	91	45	98
93	91	44	98
92	90	45	98
92	89	45	99
92	90	45	99
92	90	45	98
92	90	44	98
92	91	45	98
91	91	45	98
91	90	45	98
92	90	45	99
91	90	44	98
92	90	45	98
92	90	45	98
92	90	45	99
92	91	44	98
92	91	45	98
91	90	45	97
92	90	44	98
91	90	45	98
92	90	45	98
92	90	44	98
92	90	45	97
92	91	45	98
92	90	45	98
92	90	44	98
92	91	45	98
92	91	44	97
92	91	44	97
91	91	45	98
91	91	44	98
91	91	44	98
91	91	44	98
91	91	45	98
91	91	45	98
92	91	43	97
91	91	44	97
91	91	45	98
91	92	45	99
92	94	44	100
92	99	43	102
92	105	44	99
92	109	43	98
92	110	44	98
93	110	43	97
92	109	43	99
92	110	43	98
92	109	43	97
91	109	42	97
91	109	43	96
91	109	41	97
91	110	41	96
91	110	41	96
91	110	41	95
90	109	41	95
90	110	42	96
90	109	41	96
91	110	40	98
91	111	39	100
91	117	39	103
91	122	39	100
90	126	40	99
90	128	39	96
91	127	40	97
90	128	39	97
91	128	39	97
91	127	39	98
91	128	39	97
91	129	39	97
91	128	39	97
90	128	39	97
91	129	39	96
91	128	39	97
91	128	38	97
91	128	38	97
92	128	38	98
91	128	38	97
91	129	37	97
91	128	38	97
92	128	37	97
91	128	38	96
93	128	38	98
93	128	38	97
103	127	42	99
111	127	42	96
118	127	42	97
128	127	44	97
136	127	45	96
143	126	42	98
149	126	41	97
153	126	40	97
151	126	40	97
154	125	41	97
155	126	42	97
168	125	44	99
172	127	42	97
178	126	41	97
176	126	41	97
177	126	42	96
176	126	41	97
178	126	41	96
177	125	42	97
178	125	43	97
179	125	43	98
180	125	46	99
193	125	45	98
198	125	46	98
200	124	49	97
203	125	48	98
200	125	49	98
203	124	47	97
203	125	47	98
206	125	45	98
203	125	47	99
203	125	47	98
201	125	49	98
203	125	46	98
200	125	50	97
199	125	49	96
199	125	49	97
199	125	49	97
199	126	48	96
200	125	48	98
199	125	48	96
200	125	47	97
199	125	48	97
200	125	47	98
199	125	48	97
200	125	47	97
199	126	48	97
200	126	48	96
198	127	49	96
199	126	48	96
199	126	49	96
200	126	48	96
198	126	48	96
201	126	46	97
200	126	47	97
201	126	45	97
201	126	46	98
201	126	46	97
202	126	44	98
204	125	41	99
204	126	41	97
203	126	42	97
204	126	40	98
205	126	40	97
205	127	41	97
204	127	40	96
205	128	40	96
206	128	38	97
205	128	39	96
207	128	37	97
207	128	37	96
207	129	38	96
207	129	36	96
208	129	36	97
207	129	35	96
208	130	35	96
207	129	37	97
209	130	36	96
208	129	38	97
211	130	37	97
211	129	37	97
211	130	37	97
212	129	37	97
213	130	36	97
212	130	37	97
212	130	37	97
212	128	38	98
213	127	38	98
214	128	39	99
212	129	39	98
214	128	38	98
214	129	39	98
215	128	38	99
215	128	39	99
214	128	39	99
216	128	38	100
215	128	39	98
216	128	38	99
216	129	38	99
218	129	36	99
218	128	36	99
217	129	37	99
218	128	36	100
219	128	36	99
217	128	36	100
218	127	36	102
218	128	36	101
218	128	35	100
218	128	36	101
218	128	36	104
218	127	37	106
216	127	37	106
216	127	38	108
214	126	40	110
213	125	41	111
213	125	41	113
213	126	40	112
212	120	41	119
216	125	38	113
215	126	40	110
212	121	42	115
210	118	42	121
211	120	43	120
211	119	44	117
213	116	45	119
215	110	46	121
212	108	47	127
215	89	62	135
214	90	60	147
214	91	69	138
217	89	64	145
222	89	65	137
227	88	63	134
228	88	62	135
230	88	61	137
233	88	61	134
235	88	62	136
236	87	62	137
239	88	62	132
241	87	61	133
242	88	62	133
244	89	62	130
245	91	57	130
246	92	57	130
249	92	61	132
249	91	60	132
252	94	61	131
256	93	66	129
260	93	61	133
260	97	66	130
267	94	65	133
269	97	62	128
226	118	47	120
233	128	41	98
234	132	37	96
235	134	38	95
235	135	39	96
237	136	40	98
238	136	40	99
236	135	43	102
238	135	43	107
238	135	43	110
240	135	41	113
243	133	39	116
243	132	39	110
247	134	38	109
244	134	40	112
249	130	40	118
241	131	43	121
241	129	45	125
228	125	58	128
226	125	58	131
223	125	59	133
226	124	58	132
317	97	56	132
320	98	59	128
321	98	57	129
322	98	60	131
325	97	61	133
326	98	61	132
328	98	59	132
332	99	56	133
334	99	53	135
335	98	52	136
337	98	52	138
339	100	53	136
340	100	54	138
342	102	57	136
344	102	59	136
345	102	63	137
348	102	62	138
349	102	62	136
351	103	64	139
354	103	65	138
356	102	64	140
359	103	66	139
361	103	64	141
363	103	63	139
366	103	61	139
369	103	59	140
370	103	59	141
372	104	59	141
374	105	58	140
375	106	58	141
377	106	58	140
379	108	57	138
380	107	58	140
380	108	59	139
380	108	59	139
380	108	58	137
373	107	57	139
367	107	57	141
361	108	55	142
355	110	56	144
349	110	57	144
340	111	57	145
337	112	56	142
330	112	60	145
331	113	55	140
333	114	55	139
330	116	59	143
335	115	57	143
338	115	57	143
341	114	58	144
347	113	55	144
350	113	54	146
351	112	55	146
358	113	50	146
359	114	53	145
360	115	55	144
263	135	52	134
265	134	52	135
267	135	52	134
269	134	54	132
270	135	56	134
268	135	59	134
266	135	62	134
259	136	64	133
254	139	64	129
252	137	61	133
249	139	59	132
243	140	59	134
230	139	64	132
225	139	60	133
231	140	54	134
231	139	60	135
231	140	59	132
233	140	58	134
252	140	47	120
261	140	43	110
267	140	41	106
270	141	41	104
272	141	43	103
276	141	42	102
278	142	44	103
282	143	44	101
285	143	45	102
288	142	46	102
291	143	46	101
296	142	47	102
297	143	46	101
293	143	50	101
288	145	51	101
283	146	50	100
277	146	53	102
273	148	54	101
266	148	53	102
263	149	54	100
263	146	54	103
261	147	53	101
269	146	51	102
273	147	49	103
281	146	48	103
284	146	46	104
289	147	46	103
294	146	45	104
297	147	44	101
301	146	46	102
305	146	46	103
309	145	47	103
312	146	47	103
316	147	47	102
318	146	48	104
323	146	49	103
321	147	51	103
320	148	54	103
315	147	55	102
311	146	54	102
303	147	57	102
296	150	58	100
290	151	57	100
286	151	56	99
277	152	57	98
268	152	62	98
266	150	61	99
263	150	61	101
256	149	67	101
253	150	62	101
255	149	62	102
256	148	55	99
266	149	49	100
270	148	48	102
277	148	48	100
278	148	50	101
284	149	51	100
285	149	54	101
287	151	57	99
288	149	63	102
288	149	65	102
284	150	69	101
282	149	66	103
281	149	66	101
280	148	61	101
280	148	57	102
277	149	57	102
275	150	50	102
272	150	50	101
268	152	51	101
263	153	55	100
256	153	57	99
249	154	61	99
243	152	61	99
238	152	63	100
237	151	60	101
242	150	56	104
244	149	56	105
251	147	59	108
258	147	55	107
268	148	52	106
274	144	52	112
279	141	52	112
281	145	50	109
279	146	50	110
280	147	48	111
276	147	47	114
279	146	45	115
279	145	47	115
281	138	54	129
274	136	60	129
270	135	65	143
258	135	70	130
257	136	67	142
259	135	67	149
258	134	68	152
268	135	67	154
269	136	70	151
274	136	74	151
274	137	74	150
275	136	77	151
277	137	77	151
277	137	80	151
277	137	81	152
285	138	71	151
293	139	66	149
300	139	61	149
303	138	61	151
308	137	60	148
301	135	63	156
298	137	64	151
289	137	70	153
285	140	71	150
275	141	77	150
271	140	76	151
261	143	79	150
257	141	78	150
249	142	82	149
251	144	73	148
258	141	68	149
255	143	66	141
260	147	57	124
257	144	57	134
256	148	54	134
252	149	52	127
250	150	52	128
247	151	52	122
246	154	48	112
244	156	46	110
240	156	48	110
234	158	46	106
229	158	47	108
226	160	47	106
221	158	46	107
220	159	49	106
221	157	48	107
224	158	49	108
229	157	48	108
232	156	49	110
238	157	48	109
244	157	47	108
246	157	46	108
253	158	45	107
255	159	47	107
259	157	48	108
263	157	50	109
265	156	50	110
269	157	53	110
268	157	56	110
274	156	55	111
279	157	55	111
284	156	54	111
288	155	53	111
292	157	54	110
295	155	55	113
246	142	58	146
251	146	71	135
252	147	75	133
252	146	72	134
250	147	73	133
261	147	81	131
320	153	60	119
328	153	54	116
328	155	55	112
333	156	51	112
327	156	51	110
325	159	49	108
321	158	53	110
319	159	51	109
315	160	51	108
311	160	50	107
303	160	50	106
296	159	53	107
293	161	52	106
291	160	54	106
285	160	52	107
281	161	50	105
272	161	48	105
268	160	54	107
263	161	51	106
258	161	52	106
251	160	54	108
244	160	54	107
241	160	55	108
236	162	57	108
231	162	54	108
227	163	53	109
223	161	53	109
224	161	49	108
226	161	52	109
228	160	51	108
232	160	51	108
233	160	53	109
238	160	52	107
239	161	56	109
242	160	54	110
247	159	56	110
248	159	57	110
252	157	55	113
255	156	54	113
258	156	54	114
263	157	53	112
263	158	53	111
269	158	51	111
272	157	51	110
274	157	52	110
278	156	52	112
280	158	52	109
280	156	54	113
286	155	53	114
289	157	52	110
291	157	52	110
296	156	53	111
299	156	51	111
301	156	49	109
301	155	51	111
305	152	50	117
307	153	51	116
299	153	54	119
298	154	49	118
289	152	52	121
284	153	51	121
276	153	50	110
270	151	51	118
264	152	50	113
259	148	52	120
250	147	54	122
208	139	58	143
208	140	65	146
210	138	64	144
218	140	67	141
219	139	65	145
214	141	69	142
217	141	70	142
218	140	73	145
223	140	74	146
229	137	68	148
235	136	66	147
239	136	63	147
245	135	60	144
252	134	62	145
256	137	63	146
257	136	62	144
279	139	60	146
260	138	67	143
266	137	66	145
271	137	63	144
277	137	60	144
279	139	63	144
279	138	66	144
278	134	60	145
283	132	60	146
290	131	57	144
291	132	55	145
303	131	56	146
302	131	61	145
305	131	58	143
300	131	56	141
306	129	57	146
304	129	63	150
302	131	59	143
293	133	66	143
285	132	66	144
280	133	66	145
284	134	60	143
279	132	59	145
280	132	53	140
279	133	53	131
279	130	52	131
284	130	51	134
285	130	52	132
286	130	53	132
287	129	52	132
296	130	55	129
237	135	54	134
242	133	53	135
248	132	52	131
254	130	49	133
259	131	46	130
313	128	50	132
312	127	54	130
314	125	55	129
316	125	54	132
321	124	50	127
322	123	50	129
324	122	50	130
327	122	49	130
327	123	50	124
291	127	47	120
338	125	47	119
340	125	48	116
342	124	48	119
340	124	50	117
343	122	50	121
348	123	48	115
352	122	51	115
353	121	52	119
356	120	54	124
351	123	58	124
341	122	62	124
337	124	63	120
329	122	64	123
320	122	68	118
315	123	63	118
310	122	63	117
302	122	63	120
297	124	61	121
291	124	58	118
281	123	61	121
282	122	62	121
281	122	61	118
284	121	59	118
285	120	57	118
286	119	56	119
289	119	54	120
291	117	53	122
292	118	54	122
295	118	53	122
298	117	54	124
301	117	53	125
302	118	52	126
303	116	53	125
306	117	51	125
307	117	52	126
308	117	52	127
312	116	53	128
314	115	55	129
316	114	56	131
317	115	60	129
318	114	63	131
321	114	64	130
323	112	63	131
324	113	62	129
326	114	61	129
323	115	63	129
328	113	62	131
331	113	62	131
333	113	60	128
334	113	62	130
335	113	61	129
335	112	62	132
332	111	63	132
340	110	61	132
264	141	42	97
268	144	38	89
269	142	38	90
269	141	37	91
270	141	38	89
270	141	38	92
270	142	38	91
270	141	38	94
270	140	38	92
272	141	37	90
271	139	37	90
273	140	36	89
273	140	37	89
273	139	37	91
273	140	38	90
273	140	39	90
271	141	39	87
268	141	42	88
269	140	39	89
273	140	37	87
274	140	39	90
271	140	40	89
268	139	42	91
267	137	42	92
268	137	41	92
270	138	40	90
271	138	40	90
272	137	40	91
272	138	39	91
273	138	41	92
272	138	41	90
273	138	39	95
274	137	39	93
273	139	39	89
274	137	39	94
276	134	41	94
275	136	37	94
274	136	37	92
274	136	38	94
274	137	38	92
272	139	38	89
272	139	38	88
271	140	37	87
271	140	36	87
270	139	37	89
269	139	37	89
270	139	36	89
272	139	36	89
271	139	36	89
270	139	36	89
269	139	37	88
269	140	37	87
270	139	37	88
267	135	40	91
246	136	45	96
246	135	47	97
247	136	48	96
248	136	48	95
250	134	49	96
251	132	49	98
253	132	50	98
255	131	48	102
256	132	48	100
259	133	47	98
260	133	46	103
262	132	46	100
263	131	48	97
264	130	45	96
265	131	45	97
266	131	45	99
267	130	44	100
267	130	43	100
272	129	44	101
271	128	43	104
300	106	44	114
295	110	47	110
273	126	43	103
276	126	45	98
277	129	38	95
296	112	41	105
290	106	46	116
288	106	47	121
292	90	47	131
284	118	48	112
290	106	45	116
288	122	44	104
293	95	43	128
289	91	47	136
287	108	45	119
286	124	45	104
288	120	43	108
287	117	42	110
287	116	44	114
288	120	43	108
288	122	41	105
288	127	41	98
288	122	41	103
289	120	41	105
289	121	41	105
289	116	43	107
290	112	44	115
290	117	44	107
289	115	44	107
289	112	43	112
290	117	43	106
290	112	42	108
291	111	42	110
292	111	42	110
291	117	42	103
293	119	41	100
293	119	41	100
293	118	41	99
293	118	41	100
291	116	42	102
292	119	42	99
292	118	43	101
292	118	42	97
291	119	42	96
290	120	43	94
291	120	41	94
286	120	46	93
286	115	46	98
288	114	44	99
287	108	44	106
289	113	42	100
287	106	42	104
289	112	41	100
287	105	42	105
289	107	40	98
288	109	41	101
289	105	41	102
290	107	39	101
291	108	40	99
290	107	39	99
289	112	41	96
286	110	42	94
291	107	39	102
289	109	41	96
288	106	39	99
289	107	38	98
287	108	38	97
284	108	40	92
291	109	35	95
286	111	39	93
282	109	43	93
285	108	43	93
282	110	44	94
277	108	49	95
287	107	40	96
284	107	42	94
283	108	43	94
285	107	41	95
286	107	41	96
288	106	40	98
289	102	40	101
289	104	40	97
289	104	40	95
287	105	43	94
287	103	42	96
287	102	42	97
286	102	42	96
287	103	41	94
288	103	40	95
288	102	39	94
286	100	39	95
289	101	38	92
287	100	38	93
287	101	39	92
287	101	39	93
285	98	37	92
289	100	38	93
285	99	39	92
287	94	38	98
284	95	40	94
288	99	39	92
287	99	40	89
288	98	39	89
288	98	40	91
287	99	42	89
287	100	42	90
288	100	42	91
289	100	41	88
288	100	41	87
289	98	40	89
289	97	40	89
289	96	40	90
290	95	41	89
292	96	39	90
292	97	39	89
292	97	40	88
292	96	40	88
292	96	41	89
293	94	41	90
291	93	43	90
293	92	41	92
294	90	40	94
295	88	40	96
296	87	39	94
296	86	40	93
296	86	40	93
296	87	41	91
295	88	41	91
294	89	43	91
297	90	40	90
295	91	41	88
295	88	42	90
296	85	42	91
298	85	39	90
296	84	39	89
297	83	38	88
298	84	38	87
295	84	38	88
296	83	37	88
295	83	38	87
