338	207	25	61
336	206	27	61
335	205	26	61
334	204	26	63
333	203	26	61
333	202	26	63
331	202	27	63
329	203	26	63
327	203	27	61
326	204	27	60
325	204	27	60
323	203	28	61
322	203	28	61
322	202	28	61
321	201	27	61
319	201	27	62
318	200	27	62
318	200	27	61
317	201	27	61
316	201	27	60
315	201	27	61
314	200	26	60
313	200	26	62
311	199	27	63
311	197	26	63
310	198	26	62
308	198	27	62
307	198	26	62
306	200	26	60
305	200	26	60
303	200	27	60
302	198	27	60
300	198	27	61
299	197	26	60
299	197	27	60
298	196	26	61
296	196	26	60
296	196	26	60
295	198	26	58
294	197	26	59
293	196	27	59
292	195	26	59
291	195	26	59
290	195	26	57
288	195	25	59
287	194	25	59
286	195	26	58
285	194	26	58
283	195	26	57
281	196	26	55
280	195	26	56
280	194	26	57
279	194	26	57
278	193	26	57
277	192	25	58
276	192	27	59
275	192	26	58
273	193	26	58
273	193	26	57
271	192	25	57
271	192	25	58
270	191	25	58
268	191	26	57
267	190	26	57
266	190	25	57
264	190	26	59
263	191	26	56
262	191	25	57
261	190	26	57
259	191	26	56
259	190	26	57
258	189	26	58
257	188	26	58
256	188	26	57
256	188	26	57
254	188	26	55
253	189	26	55
252	190	25	55
252	190	25	55
251	189	25	55
250	189	25	55
249	188	25	56
248	187	25	57
247	187	25	57
245	188	25	55
244	188	25	55
243	188	26	55
243	188	26	55
242	188	25	55
241	188	25	56
241	186	25	55
240	185	25	56
240	185	25	56
239	185	25	55
238	186	25	55
237	187	25	56
237	187	25	54
236	187	24	54
235	185	25	56
234	185	24	55
234	184	24	55
233	184	24	56
233	184	24	55
231	185	24	55
230	185	24	55
229	185	25	55
228	185	25	55
228	185	25	54
227	185	24	53
227	184	24	53
226	183	24	53
226	183	24	53
225	183	24	53
223	183	25	53
223	183	24	55
222	183	24	54
222	183	24	55
221	183	24	54
221	182	22	54
219	181	23	55
218	181	24	54
218	180	24	55
218	181	24	55
217	181	23	55
216	182	24	53
215	182	24	53
214	181	23	53
213	181	24	52
212	180	24	52
212	179	23	53
210	179	24	54
210	179	24	53
210	179	24	53
209	180	24	53
209	181	23	52
209	180	23	52
208	180	22	52
208	179	22	52
207	179	23	53
206	179	23	53
205	179	23	54
203	179	23	53
203	180	23	53
202	180	23	52
201	180	23	52
200	180	23	51
200	179	23	51
199	178	22	52
198	178	22	52
197	178	22	52
197	178	23	51
196	178	23	52
195	179	23	52
195	178	23	51
194	179	22	51
193	178	22	51
193	177	22	51
192	176	22	52
191	176	22	52
190	177	23	52
189	177	22	53
188	178	23	52
187	178	23	52
186	178	23	51
185	177	23	51
184	176	22	52
184	176	23	52
183	175	23	51
183	175	22	51
182	175	22	50
181	175	22	51
180	175	22	51
180	176	22	51
179	176	22	51
178	176	22	52
177	175	22	52
176	175	22	50
177	175	22	50
175	174	22	51
174	174	23	52
173	175	22	51
172	176	23	50
172	176	22	50
171	175	22	50
171	174	22	50
170	175	21	48
170	174	21	49
169	174	21	48
169	175	21	48
168	174	21	47
166	173	21	48
166	174	21	48
165	173	21	49
164	172	21	51
163	172	21	50
163	172	21	49
162	172	21	48
161	173	22	48
161	173	22	48
160	173	22	49
159	173	21	49
158	172	21	49
158	173	21	48
158	172	21	48
157	172	21	48
156	172	21	48
155	172	21	47
156	172	21	47
155	172	21	47
154	172	21	47
153	171	21	48
153	172	21	48
152	172	21	46
151	172	21	46
152	171	20	47
151	170	20	48
151	171	21	47
150	171	20	46
148	171	21	47
148	171	21	47
148	172	21	46
147	172	21	46
146	172	21	47
146	171	20	46
146	169	20	46
145	169	20	46
145	169	20	47
144	169	21	47
143	168	21	49
143	169	21	48
142	170	20	46
141	169	20	47
141	169	21	47
140	168	21	47
