165	268	20	16
166	266	18	19
166	266	19	19
166	264	19	20
166	263	19	20
166	264	19	19
166	264	19	19
166	264	19	19
165	263	19	19
165	262	19	20
166	262	19	19
165	263	19	19
165	261	19	19
165	261	19	19
165	260	19	21
165	259	19	20
163	258	20	20
163	258	20	20
162	258	20	19
163	257	19	20
162	257	20	19
163	256	19	19
162	255	19	18
162	255	19	19
163	255	19	19
163	255	18	18
162	255	18	18
162	254	18	19
163	254	19	19
162	252	20	19
162	253	20	19
162	252	20	20
162	252	19	19
162	253	19	19
161	251	19	19
162	251	19	19
161	251	19	20
162	251	19	19
162	251	19	19
161	251	19	20
161	250	19	19
162	250	18	19
162	250	19	19
162	251	18	19
163	250	17	19
162	251	18	19
162	250	18	19
162	251	17	18
161	250	18	19
162	250	18	19
162	251	19	19
162	251	19	19
161	250	18	19
161	251	19	19
162	251	18	19
162	251	18	19
161	252	19	19
162	252	19	19
162	252	19	20
162	252	19	19
163	252	19	19
162	251	20	19
162	252	19	20
162	252	20	20
162	252	20	20
162	253	19	19
162	253	19	19
162	254	19	19
163	254	19	20
163	254	18	19
162	256	19	18
162	255	20	20
163	256	19	19
162	257	19	19
163	256	19	19
163	257	19	20
162	257	19	19
164	258	19	19
164	258	18	19
164	259	18	19
164	259	18	19
163	259	19	18
163	261	19	18
163	259	19	20
162	257	20	21
165	251	19	20
166	249	18	20
167	247	18	18
167	248	18	18
169	247	17	18
169	243	17	18
169	243	18	19
170	241	17	18
171	240	17	19
170	240	18	18
173	236	17	20
172	236	18	21
174	235	17	20
174	234	18	20
175	234	18	19
173	235	17	18
176	232	15	19
177	231	17	20
178	231	17	18
179	229	17	18
179	229	18	18
181	226	17	19
182	225	17	20
182	225	18	19
183	225	18	18
184	225	17	18
184	224	17	17
186	222	16	17
186	222	17	18
186	222	16	17
188	220	16	18
189	219	16	18
189	218	16	18
190	218	17	18
191	217	17	18
192	217	16	18
194	216	17	18
194	216	17	17
194	215	17	17
195	214	17	18
197	213	17	17
197	213	16	17
200	211	15	17
200	211	15	17
201	211	15	17
201	209	16	17
203	210	15	17
203	209	16	17
205	209	16	17
205	208	16	17
205	207	16	17
207	206	15	17
208	205	15	17
208	205	16	17
210	205	16	17
210	205	16	17
212	203	16	17
212	204	16	16
213	203	16	16
213	203	16	16
216	202	15	16
216	201	15	17
217	200	15	17
218	201	16	17
218	201	16	16
220	201	16	16
220	199	16	17
220	199	16	16
221	198	16	18
223	198	16	16
224	198	15	16
224	196	15	17
226	197	15	17
227	196	15	17
228	196	16	17
228	196	15	17
229	195	16	17
230	196	16	17
231	194	16	16
231	194	16	17
232	194	16	16
235	195	14	16
234	195	15	16
235	193	15	16
237	192	15	16
236	193	16	16
239	192	14	16
239	193	14	16
241	191	14	16
242	190	15	16
242	191	15	16
243	190	16	16
244	191	15	15
244	190	15	16
246	191	15	15
249	190	14	16
249	190	14	15
250	189	15	16
250	190	15	15
250	189	15	16
253	188	15	16
253	189	14	16
255	188	14	16
256	188	14	16
257	187	14	16
259	188	13	14
260	188	13	14
261	189	14	14
261	188	13	15
262	188	13	14
263	188	13	13
264	189	12	12
264	187	11	11
265	188	13	15
268	187	14	16
268	187	14	16
269	186	22	15
269	185	20	17
270	182	21	19
270	182	22	19
269	182	23	18
270	182	21	16
269	183	21	15
269	181	17	17
268	182	21	16
268	181	17	15
267	182	16	14
269	180	14	16
270	180	17	15
268	180	15	14
268	178	14	15
269	178	14	14
268	180	15	13
268	178	14	14
266	176	13	15
266	178	14	15
266	175	14	17
267	177	15	14
266	174	15	15
266	174	16	15
266	175	17	15
267	174	15	16
265	174	14	15
264	174	14	15
265	174	15	15
265	173	15	15
265	174	14	15
265	173	15	14
263	171	14	15
263	172	14	15
264	171	13	15
264	171	13	14
263	170	13	14
263	170	13	14
262	170	13	14
262	170	14	14
260	169	14	14
262	168	15	14
262	169	15	14
261	169	15	15
260	168	14	14
259	168	14	15
258	168	15	15
259	168	16	15
259	167	15	15
258	168	14	14
258	168	14	14
258	166	14	15
257	167	14	15
256	166	14	15
256	167	14	15
256	165	14	15
256	165	14	15
255	165	14	15
255	165	13	15
254	165	14	14
253	165	14	14
253	165	13	14
253	164	14	14
252	164	14	14
253	164	14	14
252	164	14	15
251	164	13	14
250	165	14	14
250	164	14	14
249	163	14	15
249	163	14	15
248	163	15	14
247	163	14	14
247	163	14	14
247	163	14	15
247	162	13	15
247	162	13	14
246	162	13	14
245	163	12	13
245	162	12	14
245	163	13	13
245	162	13	14
245	162	14	14
244	161	13	14
244	161	14	15
244	161	14	14
244	160	14	15
244	155	14	21
243	155	14	20
242	156	14	19
243	156	17	17
240	155	20	19
241	156	20	17
242	158	16	16
242	160	15	15
244	156	17	16
242	158	20	16
245	133	22	21
245	130	25	25
242	130	28	32
241	129	34	44
238	126	38	47
238	124	38	49
238	119	37	53
238	117	37	56
237	109	37	63
238	108	38	65
238	100	36	72
237	100	36	72
238	98	34	73
238	98	32	74
238	98	32	74
237	97	33	74
237	95	33	75
237	93	32	75
236	94	32	76
235	93	33	77
234	93	34	76
234	93	34	75
232	94	35	75
230	93	35	76
230	93	34	74
229	91	32	71
226	90	32	63
226	91	34	75
224	90	34	75
221	90	37	76
221	91	36	76
219	90	35	75
219	91	35	75
219	91	35	74
219	91	33	74
219	89	33	76
219	88	33	76
218	87	32	74
218	88	32	75
217	86	32	75
216	87	31	68
213	90	33	72
211	88	34	73
210	86	34	71
210	86	34	74
209	87	33	73
208	87	31	73
206	87	32	73
205	88	31	73
205	87	31	73
204	86	30	72
204	86	29	69
203	86	29	66
203	86	28	59
204	84	27	65
203	84	28	66
203	83	28	68
201	85	29	70
202	84	28	70
201	86	28	61
201	86	28	64
199	86	30	69
198	86	30	69
197	84	30	70
195	84	31	69
194	83	30	68
193	83	31	68
193	82	31	62
192	83	31	64
191	83	32	67
191	83	34	71
192	83	33	71
192	83	32	69
192	83	31	66
193	81	29	48
193	81	28	48
193	81	29	47
192	83	28	43
191	84	26	39
189	88	26	30
189	95	20	22
187	97	16	16
187	99	14	15
186	100	14	13
184	101	14	13
184	100	13	13
183	101	13	13
182	100	13	13
182	101	13	13
182	101	13	14
182	101	13	13
182	101	14	13
182	100	13	13
181	100	13	13
182	100	13	13
182	99	14	14
181	98	14	14
181	98	14	14
181	98	14	14
181	98	14	14
181	98	14	14
180	98	14	14
180	98	14	14
180	97	14	14
179	98	14	14
179	97	14	14
179	97	14	14
179	97	14	14
179	99	14	14
179	98	14	14
178	99	14	14
178	98	14	14
179	98	14	13
178	98	14	13
179	98	14	13
179	99	14	14
178	98	14	14
178	98	14	14
178	98	14	13
179	98	14	13
177	98	14	13
177	99	14	13
177	99	14	13
177	98	14	13
177	98	14	13
176	99	14	14
177	98	14	14
177	99	14	14
176	99	14	13
176	99	14	13
176	98	15	14
176	98	14	13
175	98	14	14
175	98	14	14
175	99	14	13
175	98	14	13
174	99	14	13
174	99	14	13
175	99	14	14
174	99	14	13
174	99	14	14
174	99	13	14
174	99	14	14
173	99	14	14
173	99	14	14
174	99	13	14
173	99	14	14
173	98	15	14
173	98	14	14
173	98	14	14
174	98	14	14
174	98	14	14
175	99	14	14
174	98	14	13
174	97	14	14
174	97	15	14
174	98	14	14
173	99	13	14
173	99	14	14
173	100	14	13
174	101	13	13
173	101	12	13
172	102	13	12
172	103	13	13
171	104	15	13
169	103	16	14
168	104	15	14
164	105	15	14
164	106	15	14
163	105	15	15
163	108	15	14
161	108	15	14
161	109	15	14
157	111	15	13
157	113	15	13
155	115	14	13
155	117	15	13
154	120	15	14
152	122	16	14
151	124	15	15
151	126	19	15
150	127	17	16
151	127	22	18
151	125	24	23
151	107	23	39
150	103	30	43
149	104	31	43
148	105	31	42
149	105	30	43
149	105	30	42
149	106	30	42
149	106	31	41
148	106	33	41
149	106	33	41
148	105	34	41
148	106	35	41
148	105	37	42
149	105	38	42
148	105	38	42
149	104	36	43
149	105	35	43
148	104	34	43
147	104	31	43
147	103	30	44
148	105	31	43
147	104	30	44
148	104	29	43
147	104	31	43
147	104	32	43
148	104	31	44
147	104	32	43
148	104	32	43
148	104	31	43
148	103	30	43
148	105	32	43
148	104	31	43
148	104	31	44
148	104	31	43
147	103	31	43
146	104	31	43
147	103	31	43
147	104	30	43
147	104	30	43
146	104	31	43
147	104	31	43
147	104	31	43
146	104	32	43
147	104	31	43
145	105	34	43
147	103	31	43
146	104	32	43
145	104	33	43
147	104	32	43
146	104	33	43
145	105	34	43
145	104	33	44
145	103	31	43
146	104	33	43
146	104	33	43
145	105	34	43
146	104	32	43
144	104	34	44
144	105	34	43
145	104	34	43
143	105	34	43
147	105	32	42
145	104	35	43
145	104	35	44
145	104	34	43
146	104	32	43
145	104	33	42
147	104	33	43
144	105	35	44
145	104	34	43
145	104	33	43
145	104	34	43
144	104	34	43
146	104	34	43
144	105	36	43
144	104	34	43
144	105	36	44
144	104	35	44
144	105	35	43
144	105	34	44
143	105	36	44
146	104	32	44
144	104	35	44
144	104	34	44
146	104	33	44
145	105	34	44
146	106	33	43
145	106	34	43
145	105	32	43
145	106	32	43
144	106	35	43
145	107	34	41
144	108	36	42
148	108	32	40
148	108	32	40
147	108	34	40
146	109	36	41
149	108	33	40
147	108	34	41
148	108	33	40
148	108	33	40
149	108	30	41
148	108	29	41
149	108	30	40
149	108	30	41
149	107	30	40
149	108	31	40
149	107	30	41
148	107	31	41
148	108	31	41
149	108	30	41
149	107	28	41
149	107	30	41
148	107	30	41
149	107	29	41
149	107	29	41
149	107	29	41
148	107	30	41
149	107	30	41
148	106	31	41
149	107	29	41
148	108	30	41
149	107	30	41
148	107	31	42
148	106	30	41
149	106	29	42
149	107	29	41
149	107	29	41
149	108	30	41
149	107	30	42
149	107	30	41
148	106	29	42
149	106	29	41
148	107	31	41
148	107	30	41
147	108	31	42
148	107	29	42
147	105	30	42
149	106	29	41
148	107	30	41
148	108	30	41
149	107	30	41
148	107	30	42
148	106	30	42
148	105	30	42
148	105	31	42
148	107	30	41
148	107	30	41
148	107	31	42
149	106	30	42
149	106	30	41
148	105	31	42
148	107	30	41
148	106	31	42
148	105	29	42
149	105	29	42
148	105	30	42
148	104	30	43
149	105	29	43
148	105	30	43
149	104	30	44
148	104	31	43
148	104	30	43
148	105	31	42
148	104	31	43
148	105	31	43
148	105	29	43
147	104	31	43
147	103	30	44
147	104	31	44
148	103	31	44
149	103	30	44
148	105	31	43
148	104	31	44
148	103	30	44
149	104	30	44
148	103	31	44
149	104	30	44
149	104	30	44
148	104	30	44
148	104	30	44
148	104	30	44
148	104	30	43
149	104	29	44
149	104	31	43
149	104	31	44
148	104	32	43
148	105	31	43
148	104	30	44
148	104	30	44
149	105	31	43
148	104	32	43
149	104	32	43
148	104	32	43
148	104	31	43
148	105	30	43
149	104	31	43
148	104	31	44
148	104	31	43
148	103	31	44
148	104	32	43
148	105	31	43
148	104	31	44
149	105	31	42
148	104	31	43
148	104	31	43
148	105	31	43
149	104	30	43
148	104	31	43
147	104	31	43
149	104	30	43
148	104	30	43
148	104	30	43
149	105	30	43
149	105	30	43
149	104	30	43
148	104	31	43
149	103	30	44
148	104	29	43
149	105	30	43
149	106	31	43
148	104	31	43
148	104	31	44
149	104	31	43
148	104	31	43
149	105	31	43
148	106	32	42
149	104	31	44
148	104	31	43
148	104	31	44
148	105	31	43
148	105	32	43
148	104	31	43
148	104	32	43
148	104	31	43
148	104	31	43
149	105	31	43
149	106	31	43
148	105	32	43
148	104	31	44
148	104	32	43
149	104	30	43
149	105	31	43
148	104	31	44
148	105	31	43
148	104	31	44
148	105	31	43
149	104	31	43
149	104	31	43
149	104	32	44
149	106	31	43
148	105	31	43
149	104	31	43
148	104	31	43
148	105	32	43
149	104	30	43
148	106	31	43
149	104	30	43
149	105	31	43
149	104	31	43
149	104	31	44
148	105	31	43
148	104	31	44
148	105	31	43
148	104	31	43
148	104	31	43
148	104	31	43
148	104	31	42
148	105	31	43
148	104	31	43
148	104	31	43
148	105	31	43
148	104	30	43
148	104	32	43
148	104	31	43
149	104	30	43
148	104	31	43
148	103	30	43
148	104	31	43
148	105	31	43
148	105	31	43
149	106	30	42
148	106	31	42
149	106	31	41
148	107	31	41
149	106	30	41
149	108	31	41
149	106	30	42
148	106	32	41
148	106	31	41
149	107	31	41
149	108	31	41
149	107	30	41
149	107	31	41
149	107	30	40
148	106	31	41
149	108	30	40
149	107	29	40
149	108	31	40
149	107	30	41
149	107	31	41
148	107	31	41
149	107	31	41
148	107	31	41
149	108	31	40
149	108	30	41
148	107	31	41
149	107	30	41
148	107	32	41
149	106	29	42
149	107	31	41
149	106	30	41
149	105	31	42
149	105	31	42
149	105	30	43
149	105	30	42
148	105	31	42
149	106	31	41
149	107	31	41
149	106	31	41
149	106	31	41
148	107	31	41
148	107	31	41
149	106	30	41
148	108	31	41
149	107	29	41
148	106	31	41
148	106	31	41
148	106	30	42
149	106	30	42
148	106	30	42
148	106	29	42
149	105	30	42
149	105	30	42
149	105	31	43
148	105	31	43
148	105	30	44
148	104	30	44
149	103	30	44
148	103	29	44
149	103	30	45
149	103	30	45
149	103	31	45
148	103	32	45
148	102	31	45
148	102	29	45
148	103	30	44
148	103	30	45
148	105	30	44
148	105	31	43
148	105	31	43
148	105	31	43
148	105	31	43
148	105	31	42
148	106	32	42
147	105	32	42
146	105	33	42
146	105	32	42
146	105	33	42
146	105	32	42
145	105	32	42
144	105	33	42
144	105	32	42
144	105	32	43
142	105	32	42
143	105	34	42
142	105	35	42
141	105	36	42
141	105	36	42
141	105	36	42
142	106	36	41
142	106	35	41
142	106	35	41
141	106	35	42
141	106	36	41
141	106	35	41
142	106	35	40
143	106	35	40
142	108	35	40
142	107	35	40
143	108	34	39
144	107	34	40
142	107	34	40
143	107	34	39
143	108	34	39
143	107	34	39
142	108	34	40
144	109	34	39
141	107	36	40
140	107	36	40
142	108	36	40
142	108	36	39
142	108	36	39
141	108	37	40
140	107	37	40
140	108	37	40
141	108	37	40
144	107	34	41
142	108	35	42
141	107	35	42
143	107	34	42
141	107	36	43
141	106	34	43
144	107	34	43
144	107	32	41
145	107	31	40
129	136	27	25
139	139	17	17
140	143	15	15
140	143	15	15
140	143	15	15
140	145	15	15
140	146	14	14
140	146	14	15
141	147	14	15
140	147	15	14
140	148	14	14
139	149	14	15
139	149	14	15
139	150	14	15
139	151	14	14
139	151	14	14
139	153	14	14
138	153	14	14
137	153	15	15
137	154	14	14
137	155	15	15
136	155	15	15
136	156	15	15
135	156	16	15
134	158	16	15
134	156	16	17
135	158	15	15
135	159	15	15
135	159	15	16
136	160	16	16
138	159	16	16
141	160	16	16
142	161	15	16
144	161	15	16
146	163	15	15
148	163	15	15
150	164	15	16
151	165	15	15
152	165	15	16
154	164	15	16
156	166	16	15
158	166	15	16
159	166	15	17
160	168	16	16
162	167	15	16
165	169	15	16
166	167	14	17
167	168	14	16
169	171	15	15
170	171	16	16
172	171	14	16
173	172	15	16
173	171	14	16
175	172	15	16
175	174	15	16
175	174	15	16
178	174	15	16
178	175	15	16
178	175	15	15
180	176	14	16
180	177	14	15
182	177	15	16
182	178	15	16
183	179	15	16
184	179	15	16
185	179	14	17
185	181	15	16
184	181	16	16
187	182	15	16
187	182	14	16
187	182	15	16
188	183	14	17
188	184	15	17
189	185	14	16
190	185	15	17
190	185	15	17
190	187	16	16
190	187	15	17
192	188	15	17
191	189	15	17
192	189	16	17
193	190	15	16
192	191	16	17
192	190	16	17
192	192	16	17
193	193	15	18
193	194	15	16
193	195	15	17
193	194	15	17
193	196	16	17
192	196	16	17
193	197	16	17
192	197	15	17
193	198	15	17
192	199	15	17
192	199	16	18
191	201	16	17
191	202	16	17
191	204	16	17
190	204	16	17
190	204	16	17
190	206	16	17
189	207	16	17
188	207	16	17
187	208	16	17
187	208	16	18
187	208	16	17
186	210	16	18
186	210	16	17
184	212	17	17
184	213	16	18
184	212	16	18
182	213	17	18
182	214	16	18
181	214	16	18
180	217	17	18
178	218	17	17
178	218	17	18
177	219	17	18
175	219	17	18
175	220	17	18
173	221	17	19
172	222	18	19
171	223	17	18
170	222	18	19
169	223	17	19
167	225	18	18
167	226	17	18
166	227	18	19
165	228	17	18
163	227	18	18
162	228	18	19
161	229	18	19
159	231	18	19
158	232	18	19
157	232	19	19
156	232	19	20
157	234	19	19
158	234	18	19
159	236	18	19
159	236	18	19
159	236	19	20
160	238	18	19
160	237	19	19
160	239	19	19
162	240	19	19
162	241	18	18
164	242	17	18
164	242	17	19
164	243	18	19
165	244	18	19
165	245	19	19
165	247	19	18
165	247	19	19
167	248	18	19
167	248	18	19
167	248	18	19
168	250	19	20
168	251	19	19
170	252	18	19
169	254	19	20
170	254	18	20
170	255	18	19
170	256	18	20
171	257	18	20
171	258	19	20
170	259	19	21
171	260	18	20
171	261	19	20
170	262	19	20
171	264	19	20
171	263	19	20
171	263	19	20
171	264	19	19
170	265	18	19
171	267	19	19
169	266	19	20
170	267	18	19
169	268	19	19
169	269	18	20
168	270	19	19
168	269	19	20
167	271	20	20
169	272	19	20
169	273	19	20
168	271	19	21
169	273	19	20
169	273	19	21
169	274	19	21
170	275	20	21
169	277	19	20
169	276	19	20
169	277	19	20
170	278	19	20
169	279	20	20
169	279	20	20
168	280	20	20
169	281	19	20
168	281	20	20
168	281	20	20
168	282	20	20
167	283	21	20
167	283	20	20
167	284	20	20
168	285	20	20
167	286	20	20
167	286	20	21
166	288	20	20
166	288	20	20
167	288	20	21
167	289	20	20
168	291	21	19
168	291	21	19
170	291	20	18
171	293	20	18
167	292	26	23
173	293	21	22
170	295	27	30
161	261	29	24
162	261	28	25
162	262	24	23
162	263	23	21
164	263	22	21
167	261	22	23
153	263	23	21
165	263	20	20
163	263	22	21
166	264	20	21
160	263	22	21
156	265	20	19
157	264	20	20
156	264	20	19
165	264	19	19
153	265	21	19
155	264	21	19
165	263	19	21
160	264	22	20
157	265	20	19
165	264	19	20
154	264	21	20
156	264	20	19
162	265	21	20
148	264	22	19
157	264	20	20
151	266	23	19
157	265	21	20
156	265	20	19
154	264	20	19
163	263	21	21
161	262	22	21
164	263	22	22
166	263	23	23
154	263	21	20
156	264	20	20
164	264	19	20
165	263	21	22
164	262	22	21
166	262	21	22
161	264	23	21
164	263	22	21
165	261	22	23
167	263	20	21
152	264	22	20
154	263	22	20
154	264	22	21
154	264	20	20
164	265	22	19
160	265	23	20
155	265	21	19
154	264	20	20
156	263	22	21
164	260	22	23
163	263	25	21
164	263	23	21
158	262	23	23
163	261	26	23
165	261	24	22
160	264	24	22
153	264	23	22
164	264	23	22
153	264	21	20
