556	59	45	50
539	32	47	48
534	23	44	47
526	16	43	43
509	9	46	43
500	10	47	43
485	16	46	42
477	25	46	44
469	36	45	46
454	62	43	50
447	80	41	47
438	101	41	51
420	148	43	55
413	172	45	58
405	203	45	52
391	269	43	56
384	297	43	48
380	276	42	51
373	235	39	48
366	218	42	46
361	203	42	45
350	181	44	42
346	174	44	41
340	170	44	42
330	167	42	42
327	169	41	43
322	174	41	45
316	181	42	46
305	203	44	48
301	210	43	49
302	181	42	55
305	133	42	53
304	115	44	48
305	98	43	47
306	82	44	51
308	61	46	45
309	54	45	44
310	52	45	44
314	50	42	43
316	52	43	42
316	57	42	43
318	66	43	45
321	89	42	46
322	103	42	50
323	121	41	50
327	138	41	54
326	187	41	51
326	215	46	53
325	224	56	44
323	219	43	43
317	219	42	41
315	220	40	41
312	225	42	39
308	243	42	42
305	253	42	46
303	266	42	49
296	246	43	55
282	189	43	51
277	165	43	50
273	146	41	49
265	127	42	49
250	94	45	48
245	83	46	47
238	74	46	43
227	65	44	41
221	63	44	43
215	64	43	42
206	72	43	41
201	80	41	44
195	89	42	44
186	117	39	46
179	133	42	48
175	150	40	41
171	131	40	44
162	93	40	49
160	83	41	40
154	72	44	41
148	57	46	45
145	49	44	43
141	48	44	42
141	46	42	43
135	60	41	38
132	67	40	38
131	74	39	42
126	102	39	44
122	118	41	50
119	139	42	49
122	128	44	55
145	79	45	51
156	60	45	49
166	42	47	47
181	25	44	48
204	1	46	45
214	0	48	37
225	0	48	31
240	0	47	28
264	0	47	28
278	0	43	32
290	1	45	38
302	4	45	44
325	28	44	49
338	45	44	48
348	64	46	50
371	108	47	49
383	133	46	54
395	161	46	55
405	192	46	56
424	195	45	47
432	185	46	45
442	179	44	42
450	172	43	42
466	170	43	41
473	171	42	39
480	176	43	41
487	181	41	40
501	200	40	44
508	212	41	43
516	225	40	42
519	234	39	46
519	197	41	40
521	183	39	45
521	162	40	40
522	155	39	39
523	149	37	36
523	146	37	38
523	147	38	38
522	150	39	34
522	157	37	38
523	163	36	36
523	176	37	43
524	163	37	40
525	151	37	40
526	142	36	40
528	132	36	36
529	131	36	32
530	129	35	35
532	134	35	31
536	138	32	37
542	125	29	40
506	112	58	65
515	94	73	80
559	142	68	62
572	151	57	51
571	149	56	52
569	147	57	57
511	108	60	41
506	111	36	38
499	108	36	36
490	104	35	38
482	107	37	34
477	103	35	35
466	102	35	34
461	98	34	36
455	95	33	36
451	97	34	33
440	92	34	35
430	90	34	35
411	84	34	33
392	79	32	32
380	73	31	34
378	73	36	33
377	78	35	35
378	78	35	32
381	78	32	32
380	79	35	33
382	79	33	33
382	79	34	33
382	80	34	33
384	80	34	32
385	80	34	33
385	81	35	32
389	81	34	32
392	82	35	33
397	83	33	33
405	86	32	33
408	87	32	33
412	88	32	33
415	89	32	33
423	90	33	34
426	91	34	34
434	92	34	34
439	93	33	33
447	94	33	34
449	96	33	33
454	97	32	33
457	99	33	33
464	99	34	34
468	100	34	33
472	101	34	33
477	102	34	33
480	103	36	33
489	104	35	34
494	105	35	34
498	105	33	34
507	106	33	34
510	107	34	34
515	109	34	33
519	109	37	34
525	110	35	33
525	110	36	34
524	113	37	35
525	114	36	35
525	114	36	34
527	117	35	35
528	117	35	34
529	117	34	35
529	118	34	34
531	121	33	34
532	121	35	34
533	122	34	34
534	123	34	34
535	124	33	34
536	125	33	35
537	126	33	35
539	128	34	35
539	129	35	35
542	129	34	36
542	130	35	35
546	131	35	35
546	133	35	35
547	133	35	35
551	135	34	35
552	136	35	34
554	137	35	33
557	138	35	34
558	140	35	34
560	140	35	34
562	140	35	35
565	141	35	35
567	142	35	35
568	142	35	36
571	143	35	36
572	144	36	35
574	145	36	35
576	146	36	35
577	146	36	35
577	147	36	35
578	149	35	34
579	149	35	35
579	150	36	35
580	151	36	34
582	152	36	34
583	154	36	33
584	153	36	35
587	155	37	34
587	155	37	35
588	155	37	36
590	155	36	36
592	156	34	36
593	157	34	36
594	158	34	36
596	160	32	37
597	161	32	36
597	161	32	36
597	160	30	37
600	162	29	36
600	163	29	36
602	165	27	36
604	164	25	37
603	165	25	36
604	164	23	38
607	167	21	36
607	167	21	38
608	167	21	37
610	170	19	36
608	170	20	36
606	170	23	36
603	171	26	35
598	172	30	35
596	172	33	34
594	173	34	34
594	173	34	34
593	171	35	35
593	168	35	37
593	168	35	38
595	170	34	39
597	173	31	37
598	174	29	35
599	174	29	36
599	170	29	39
597	171	31	38
594	170	34	37
589	169	37	37
586	165	39	40
583	166	36	37
582	167	35	35
581	165	35	36
578	162	36	38
575	163	36	36
573	162	35	36
571	159	33	36
571	158	33	36
571	158	33	36
572	158	32	35
570	158	33	35
571	158	33	35
571	158	34	34
572	158	33	34
570	158	34	35
570	158	35	35
571	159	33	35
571	159	34	35
570	159	33	35
570	158	34	35
570	158	35	35
569	158	36	36
570	158	36	36
571	159	35	36
571	159	35	36
571	159	36	36
572	162	35	35
573	164	36	35
574	164	36	35
575	165	36	35
575	166	37	34
575	166	37	35
576	167	39	36
577	168	37	36
578	169	37	36
579	169	36	36
580	169	36	36
581	169	36	36
581	170	36	37
581	170	35	36
579	171	36	37
578	171	37	36
577	170	36	36
577	171	36	36
575	172	36	36
574	173	36	35
574	173	36	36
573	174	36	35
573	173	36	36
572	173	36	35
571	174	37	36
571	174	37	36
571	174	37	35
570	174	37	36
570	173	37	36
570	174	37	35
570	174	36	36
571	174	37	36
572	174	37	36
572	173	36	36
573	174	36	36
573	172	36	35
574	172	36	36
574	173	36	36
575	173	36	36
576	171	36	36
576	172	35	36
576	170	36	36
577	170	36	36
578	171	35	36
579	172	36	36
579	172	36	36
579	173	36	36
580	173	36	36
580	174	36	36
581	175	36	36
582	175	36	36
582	175	35	36
583	176	35	35
584	176	35	36
585	175	34	36
585	175	34	36
586	176	35	36
587	176	35	36
580	179	37	36
565	180	41	38
549	181	43	36
516	187	45	39
498	194	45	37
461	214	46	40
440	228	50	46
398	266	48	51
377	291	47	50
357	313	50	56
336	342	48	56
274	401	64	56
253	391	70	67
