581	149	39	34
561	148	37	40
557	138	35	39
553	131	34	36
548	126	36	33
540	120	35	35
535	121	35	34
526	126	34	37
522	120	35	40
518	115	34	36
515	109	33	35
506	108	34	34
501	109	33	35
496	105	34	38
493	101	33	34
486	95	33	34
483	95	34	35
479	92	32	36
471	84	32	35
468	84	32	35
464	83	34	34
461	78	32	35
454	74	32	34
451	72	32	34
449	70	32	34
442	66	31	33
440	62	31	34
433	58	32	33
432	57	32	34
428	54	31	33
423	49	32	33
419	47	32	32
418	45	31	33
416	42	30	33
412	38	29	32
409	36	30	31
406	34	31	32
404	32	31	32
404	30	30	32
403	31	30	31
401	31	30	31
400	32	31	31
398	32	30	31
397	31	29	31
395	32	29	31
395	32	29	31
393	32	30	30
391	33	30	31
391	33	29	31
389	34	30	31
391	33	30	31
393	33	30	30
394	33	31	28
398	35	30	32
399	39	32	33
401	45	32	32
404	64	33	35
406	76	33	39
407	86	33	35
408	84	34	33
409	85	33	33
410	88	32	32
412	100	33	35
413	107	34	40
412	118	35	36
415	118	34	34
416	122	34	33
417	125	33	34
418	132	35	35
419	146	36	38
419	147	37	34
420	149	36	37
421	154	37	36
422	169	36	38
423	170	38	39
424	174	38	39
426	185	38	40
425	191	39	39
425	194	39	39
427	205	37	40
429	209	38	39
431	213	34	41
433	223	37	41
432	230	38	40
432	241	39	39
432	247	39	40
434	250	37	40
435	257	36	40
435	257	36	41
436	256	37	41
437	257	38	41
438	255	38	44
442	255	34	44
444	259	31	39
448	261	30	38
454	261	34	39
458	263	33	36
463	263	37	38
467	269	40	36
491	261	35	46
486	264	43	40
478	261	33	38
478	262	29	34
490	260	25	33
490	261	23	38
492	259	22	41
490	258	24	41
490	258	24	41
491	256	22	39
492	255	20	39
488	255	24	36
475	254	36	32
472	252	36	36
472	249	33	39
472	250	28	38
472	248	25	38
472	246	24	38
471	244	22	38
470	238	23	40
467	235	24	38
465	231	25	39
463	226	27	39
462	224	29	40
461	220	31	39
457	217	32	38
455	215	33	39
454	211	33	39
453	210	33	37
451	205	34	38
450	204	34	38
449	202	35	38
448	200	34	38
446	194	34	39
445	193	33	38
444	191	33	38
442	188	34	38
441	185	32	37
441	182	32	38
440	180	32	37
438	178	29	35
434	179	33	35
429	176	42	33
437	173	34	33
439	170	31	35
439	167	30	36
439	164	29	32
438	163	29	30
434	160	31	31
430	160	34	31
429	157	34	28
429	152	33	32
430	149	32	34
428	142	34	35
428	143	33	32
430	142	31	33
429	142	30	32
430	138	28	34
428	137	29	34
424	135	34	34
424	131	34	35
423	129	34	35
424	128	34	36
423	125	33	34
423	124	34	35
424	122	32	34
423	120	30	34
423	117	30	35
424	116	28	34
418	109	27	35
416	106	26	35
409	105	27	34
393	102	32	28
387	99	27	32
385	96	22	34
378	92	27	33
373	90	31	34
369	88	30	34
365	86	31	34
357	81	33	35
349	78	33	33
346	77	33	33
342	74	35	35
336	69	32	34
333	68	33	34
331	66	33	34
327	64	31	34
322	60	31	34
318	59	32	34
314	57	31	33
308	53	32	33
307	52	32	32
303	50	33	33
299	47	31	34
296	45	32	32
294	44	32	33
290	40	30	32
289	39	30	32
286	37	31	32
280	33	31	33
278	32	32	32
276	31	30	31
273	30	31	32
269	26	31	32
269	24	30	32
266	23	30	31
265	23	31	31
261	19	30	31
261	18	29	31
261	19	30	30
269	24	30	31
272	28	31	31
275	30	32	31
281	34	30	31
284	35	30	31
287	38	31	31
291	40	32	33
293	43	32	31
296	45	33	32
304	49	31	32
307	51	32	32
310	52	32	33
313	54	32	33
319	58	31	33
322	61	32	32
325	62	32	32
332	66	32	32
335	69	32	31
338	70	33	33
347	74	31	33
349	76	33	34
354	78	32	34
356	80	34	33
364	84	32	34
368	86	33	33
369	88	35	34
379	92	34	35
381	95	34	34
386	96	35	35
395	100	34	35
398	101	33	35
402	103	34	35
410	108	34	34
414	110	34	35
419	111	33	35
421	114	37	35
430	117	37	36
434	119	36	36
439	122	35	35
449	125	36	36
453	127	34	36
458	129	35	36
467	134	36	35
470	135	35	35
477	137	33	35
485	142	35	37
489	143	36	35
494	145	37	37
503	149	37	37
509	151	37	37
514	153	36	37
524	158	37	38
528	160	38	37
533	162	37	37
540	163	36	37
549	168	37	36
554	170	38	37
558	171	38	37
570	176	37	38
576	178	37	38
582	180	37	37
593	183	34	38
598	184	29	39
603	185	25	41
612	177	17	51
609	181	20	49
608	186	21	46
605	199	24	42
602	196	27	38
604	197	25	34
611	213	18	30
615	210	13	40
612	214	15	39
609	218	17	39
604	216	22	40
598	219	29	43
592	228	36	39
567	211	51	53
586	219	42	65
586	174	41	85
590	183	35	95
593	210	33	86
592	223	36	71
598	234	31	60
605	245	23	53
613	245	16	38
614	244	14	39
613	244	15	37
610	243	18	36
609	242	19	38
609	242	19	38
607	243	22	38
606	242	22	38
605	242	23	38
603	240	25	39
602	240	27	39
602	240	27	38
600	240	29	39
600	239	29	39
599	238	30	39
598	238	31	39
598	237	31	39
598	238	31	39
597	237	32	39
596	236	32	39
596	237	33	39
595	235	34	39
566	220	39	41
552	216	43	40
540	209	42	41
516	198	41	39
505	192	40	40
493	187	41	39
470	175	40	40
459	170	40	38
450	164	39	40
428	156	39	38
418	150	39	38
408	145	37	38
389	136	38	37
380	132	37	37
371	129	37	36
352	119	35	36
342	115	36	37
334	110	36	36
316	103	35	36
309	98	35	36
301	94	34	35
292	90	34	36
276	83	34	35
269	79	33	35
261	75	34	35
246	67	32	34
238	64	34	35
231	60	34	35
217	54	34	34
211	51	34	34
206	48	31	33
191	42	32	32
184	38	33	33
177	35	33	34
170	33	32	30
162	26	29	32
154	24	30	31
147	21	37	34
185	4	36	31
203	0	34	27
237	0	38	21
256	0	39	21
277	0	39	22
314	0	41	29
334	6	41	36
355	15	42	37
376	25	41	38
418	56	44	39
440	73	44	44
486	118	43	45
510	143	43	48
532	170	43	47
561	164	43	38
573	157	43	34
587	154	39	37
599	150	29	37
603	146	25	34
603	146	25	34
613	147	16	40
616	154	13	36
607	166	21	32
597	182	32	43
593	194	35	42
587	209	35	40
588	202	34	41
589	188	35	38
590	184	35	38
590	183	36	37
591	186	36	37
591	197	35	40
591	205	35	41
592	215	35	45
593	216	35	40
593	212	35	40
593	210	35	38
590	209	38	38
586	213	40	37
581	219	39	41
576	217	37	40
570	209	37	38
568	211	38	37
566	214	37	39
562	219	38	41
558	213	38	40
554	214	39	41
552	218	38	40
549	214	37	41
547	215	39	40
545	216	38	39
541	214	38	38
531	204	40	38
523	196	39	41
507	187	38	39
499	178	38	40
494	174	37	40
485	165	38	38
476	158	36	37
472	154	35	38
468	151	36	38
458	143	34	36
454	139	36	37
450	137	37	37
443	128	34	36
436	122	34	36
432	118	35	36
427	116	34	35
420	108	35	36
416	104	35	37
409	98	33	35
406	96	33	34
404	93	33	35
400	90	33	34
393	84	33	34
390	81	33	35
385	77	34	34
380	72	33	34
377	70	33	33
372	65	32	34
368	62	32	33
362	56	32	33
359	52	33	34
354	48	33	34
352	46	32	33
350	44	32	32
347	42	31	32
343	37	31	33
340	34	30	32
337	29	31	34
333	27	30	33
331	26	30	31
328	21	31	33
324	18	30	32
321	17	29	31
320	15	29	32
315	12	29	29
315	11	29	29
316	12	29	29
315	13	29	28
315	13	29	28
314	13	29	27
313	13	30	27
312	12	29	28
311	12	30	28
309	12	30	28
307	12	29	28
306	11	29	27
303	10	31	29
303	8	30	29
303	8	30	29
305	8	29	30
309	10	29	29
310	12	29	28
311	13	30	29
314	13	29	29
316	15	28	30
316	16	28	30
318	18	30	30
318	19	30	29
320	20	29	30
321	21	29	30
324	23	29	31
324	25	30	31
325	27	30	29
327	28	30	32
328	30	31	31
329	31	30	30
331	32	29	30
333	35	31	30
334	36	32	30
336	36	31	32
338	39	31	31
341	41	30	32
342	42	31	31
343	43	31	31
346	44	32	31
347	45	32	31
350	48	33	32
351	51	32	31
352	52	32	31
354	53	31	31
357	54	31	31
359	54	32	31
360	56	31	31
362	58	31	30
365	61	32	32
368	64	31	31
371	64	30	31
373	64	30	32
373	66	33	32
375	67	34	32
377	68	32	32
382	70	31	33
386	72	28	31
389	74	28	31
393	74	27	33
393	76	29	33
393	79	30	32
396	80	32	34
397	81	32	33
399	83	33	32
401	83	32	32
405	84	32	33
406	87	32	33
409	89	32	32
413	90	34	33
415	91	33	34
416	92	32	34
421	93	32	33
423	95	33	34
427	96	32	34
430	98	32	33
431	100	32	34
434	102	34	34
436	103	33	33
443	107	34	33
446	109	35	33
448	110	38	33
450	110	35	34
452	112	35	34
458	114	35	34
460	114	35	34
462	116	36	35
468	117	34	35
470	119	34	34
475	122	34	34
477	124	34	33
481	124	37	34
484	125	35	34
486	126	34	34
493	128	32	34
494	130	33	34
497	132	35	34
499	133	33	33
504	132	32	33
503	132	32	32
504	135	32	33
505	137	34	33
507	139	33	34
509	145	32	35
509	145	34	34
510	148	34	34
511	150	34	35
513	153	35	36
518	154	34	36
531	153	33	36
535	152	35	37
540	153	35	35
551	153	37	34
558	152	37	36
568	152	36	36
574	152	37	36
580	153	37	36
589	150	36	36
590	149	35	36
590	149	36	36
591	152	35	35
590	155	36	36
590	157	34	37
588	160	35	37
586	164	35	36
584	166	35	37
584	167	34	37
580	173	36	36
579	173	37	36
577	175	36	36
575	179	36	36
575	182	36	37
575	184	35	36
573	187	35	37
572	189	35	37
570	191	37	37
569	194	37	37
569	196	36	38
568	199	35	37
566	204	36	37
566	205	36	38
565	207	36	38
564	209	37	38
563	212	37	39
562	214	38	39
563	216	37	39
562	220	36	39
562	222	36	40
560	224	37	39
560	228	37	39
560	230	36	39
558	230	36	40
553	233	36	37
551	231	35	39
548	229	36	39
545	229	37	39
543	229	37	39
539	227	37	39
537	227	38	39
533	227	38	38
531	227	38	38
529	226	38	38
527	226	38	39
521	224	39	39
520	222	39	39
519	223	38	40
515	223	38	38
515	223	38	38
512	222	37	38
508	220	38	39
504	219	37	37
501	216	38	38
498	213	37	37
498	214	37	36
496	214	38	36
495	213	38	37
495	213	38	36
495	214	37	37
498	216	37	36
500	217	38	37
503	218	37	37
510	219	37	38
515	220	36	38
518	222	35	37
522	224	36	38
527	226	35	37
531	228	35	38
533	229	34	39
534	226	35	39
533	224	36	39
533	222	38	38
532	221	38	38
532	220	38	39
531	219	38	39
531	217	38	39
530	215	38	37
530	215	38	37
530	213	37	38
529	211	37	40
527	209	37	38
527	207	36	40
523	206	38	38
521	206	36	38
522	207	36	38
522	207	36	38
529	211	37	37
533	213	37	37
541	217	35	38
543	220	33	37
545	208	31	37
546	196	32	39
544	192	30	33
546	189	30	29
547	169	33	29
548	168	34	30
547	170	25	36
547	168	34	30
546	147	21	38
549	132	18	35
550	117	19	28
544	85	16	47
549	78	16	43
549	81	15	38
549	89	16	31
552	98	14	34
554	103	18	34
555	122	23	33
553	119	26	34
550	110	30	39
543	99	29	35
542	99	31	33
540	100	34	35
533	108	37	39
531	115	37	39
527	125	37	39
523	133	36	40
525	128	36	38
530	126	36	37
531	127	37	37
533	131	36	38
536	143	36	39
538	153	36	40
538	154	35	41
535	145	38	39
531	137	37	34
528	136	37	36
527	135	37	37
523	142	37	39
521	149	37	42
518	157	37	41
517	146	36	45
514	130	37	41
514	124	37	40
513	122	36	39
513	122	36	36
511	129	37	35
509	136	37	37
508	141	37	38
494	120	40	38
486	110	39	40
477	105	40	41
462	100	38	37
454	101	38	36
438	108	38	40
431	114	38	41
422	123	37	41
404	148	40	44
395	163	40	47
388	181	41	43
376	207	39	42
375	195	37	37
371	182	39	39
369	173	38	40
363	164	38	39
360	162	39	38
358	163	38	37
354	167	38	39
351	173	39	40
349	183	39	40
348	194	37	41
341	221	37	48
339	230	35	44
334	221	35	41
327	208	37	40
324	206	39	39
314	165	38	48
311	139	39	49
305	98	38	47
303	82	38	44
300	70	37	39
296	58	37	37
291	42	37	38
289	38	36	38
287	37	34	30
284	38	34	32
281	42	33	35
280	47	33	36
278	55	33	36
273	76	32	38
271	90	32	40
270	81	33	43
264	50	33	37
263	39	32	37
260	23	32	32
258	17	33	31
257	12	31	32
251	9	33	30
250	11	33	31
250	14	31	29
246	25	32	34
245	35	30	34
244	46	30	36
243	40	30	39
240	17	32	34
239	13	31	31
237	8	30	30
236	1	30	30
233	0	30	31
232	0	31	31
231	10	31	29
230	14	31	31
227	9	31	31
227	1	31	32
229	4	34	29
233	11	33	29
240	15	29	32
241	12	29	29
244	8	29	29
244	9	29	29
249	14	28	34
250	19	29	31
252	16	29	34
255	14	29	32
259	16	28	30
261	18	28	33
264	20	30	31
269	19	30	32
271	20	30	33
274	22	30	32
279	22	30	31
280	24	30	31
283	25	31	30
288	26	31	31
290	26	31	31
293	27	31	31
297	28	30	30
300	29	30	30
302	28	31	31
304	30	31	31
308	30	30	30
312	30	30	31
313	31	30	31
316	32	30	31
321	33	29	31
323	33	29	31
326	34	30	31
330	34	29	30
332	35	30	32
335	35	30	31
338	36	29	32
343	37	31	32
345	38	31	31
347	38	31	31
350	38	31	31
356	41	32	30
357	41	31	32
360	42	31	30
363	42	31	31
372	48	34	32
380	52	33	34
387	60	35	35
405	72	34	36
411	78	35	35
419	83	33	36
426	89	35	35
441	100	36	34
449	104	35	36
464	116	35	37
473	123	36	37
480	127	38	38
495	141	38	36
506	145	36	37
514	152	37	38
530	165	37	39
540	172	38	39
548	177	38	39
558	185	39	39
576	198	40	38
585	203	39	41
596	208	32	41
608	209	20	45
611	199	17	43
616	192	13	39
617	192	11	32
620	195	10	33
619	203	10	27
620	211	10	25
617	193	11	32
614	186	14	37
610	185	19	34
607	185	21	36
601	191	26	43
595	193	33	37
589	189	38	35
582	186	39	36
569	186	40	37
564	187	39	38
557	192	39	39
549	191	38	43
548	184	38	40
543	174	34	37
542	173	33	36
535	177	35	34
531	181	37	41
529	183	38	41
524	172	36	38
522	169	36	37
517	172	37	38
516	175	36	38
512	172	38	40
511	168	38	37
504	167	39	36
503	167	37	38
500	166	37	38
496	161	37	38
495	161	36	37
493	159	36	39
490	155	34	37
487	155	34	37
485	153	35	38
481	150	36	38
480	149	35	38
475	149	36	37
474	150	35	35
475	148	35	36
476	150	34	35
477	149	34	36
481	151	35	35
484	150	36	37
487	151	36	37
492	153	34	36
500	157	36	37
505	159	36	37
509	161	36	37
512	157	33	37
511	154	33	35
511	151	32	36
506	146	33	37
502	144	35	38
498	143	36	38
489	144	38	37
484	147	37	36
474	157	37	40
470	167	37	38
468	162	36	40
465	158	37	36
460	156	36	35
457	158	37	35
453	165	37	40
448	171	37	38
446	171	37	37
445	172	37	36
445	172	36	37
446	172	37	37
454	168	38	39
459	170	38	38
466	172	39	37
478	171	39	38
486	172	38	37
492	172	41	37
501	166	33	37
503	160	35	37
502	155	34	36
500	153	35	38
492	151	34	37
490	149	35	37
487	146	35	38
485	145	34	37
481	142	35	38
475	138	35	38
473	136	35	38
471	134	36	37
468	130	36	39
467	130	35	38
466	130	36	38
466	128	35	39
465	129	36	38
466	128	36	39
466	129	36	39
469	131	35	38
469	131	36	38
470	131	35	38
472	131	34	38
472	131	34	42
473	132	34	37
473	131	34	40
475	130	34	38
475	128	34	39
476	125	33	40
476	119	35	39
477	117	34	39
478	114	34	38
480	108	34	37
480	106	34	37
482	103	33	36
481	92	34	36
480	84	34	34
480	78	33	36
478	68	34	36
477	63	35	36
476	54	35	36
476	52	36	36
476	51	37	36
476	52	36	36
477	58	35	35
476	64	35	36
477	70	35	36
479	78	33	37
480	93	32	38
482	103	30	38
486	118	31	36
489	126	30	36
491	131	30	38
493	136	30	37
496	140	31	37
497	142	31	38
499	143	30	38
499	142	31	39
498	139	34	38
495	136	35	44
493	130	35	44
482	114	33	41
478	108	32	39
469	91	32	42
464	86	34	39
463	79	33	33
459	74	33	35
455	69	34	38
449	67	36	38
447	68	37	40
445	70	38	41
445	73	37	39
444	81	36	40
444	85	37	40
446	97	36	42
450	110	37	41
453	117	36	41
457	125	37	40
465	137	35	40
468	141	36	39
469	144	37	39
468	144	36	38
465	142	37	39
461	137	36	39
455	128	37	40
445	103	35	43
441	88	36	42
434	66	37	43
432	58	35	39
428	53	37	37
422	47	37	36
418	48	38	34
416	50	38	36
410	59	37	40
407	67	35	43
402	63	36	43
403	51	36	44
402	38	38	39
403	26	35	38
403	22	36	37
402	22	37	36
402	24	37	36
401	28	37	38
401	35	36	40
400	56	36	40
400	68	36	42
400	83	35	46
403	79	37	50
403	51	39	49
405	29	40	46
405	0	43	33
383	0	61	30
384	0	43	31
382	0	42	29
383	0	40	30
385	0	42	32
382	1	46	34
385	0	44	32
383	1	49	34
383	0	51	38
385	1	55	40
382	0	70	41
451	0	39	35
454	6	37	44
459	51	39	47
458	75	40	52
459	103	39	50
463	125	39	42
465	104	37	37
466	98	37	39
467	94	38	38
468	92	37	37
469	96	36	36
469	100	36	35
469	113	36	39
469	125	36	38
469	136	35	41
470	142	37	42
469	127	37	41
468	122	38	37
468	119	38	37
467	119	37	37
467	121	37	37
468	126	36	39
467	142	36	40
465	154	37	39
467	144	37	43
473	119	37	39
475	108	36	42
482	97	39	37
485	94	37	37
488	95	37	36
493	99	38	38
497	105	37	40
499	113	37	38
501	123	37	39
505	149	38	42
508	154	36	43
511	146	36	38
513	140	34	35
517	132	35	32
518	132	36	35
520	133	36	36
524	145	35	35
525	151	35	39
527	157	36	37
530	141	37	37
532	134	37	38
532	135	38	36
536	142	36	37
537	147	36	38
537	155	38	39
540	145	37	41
540	133	37	39
541	131	37	38
542	129	36	38
542	133	37	37
542	137	37	38
543	144	37	36
544	141	36	37
542	140	36	36
541	141	36	37
539	145	37	36
539	160	36	40
538	168	38	37
539	154	39	44
541	131	40	39
543	123	40	39
547	113	39	38
549	112	38	37
550	111	38	37
552	113	38	38
556	125	39	40
557	134	38	40
558	145	38	43
558	173	41	46
560	192	39	48
561	213	39	47
562	235	39	52
565	233	40	44
567	222	40	44
568	215	39	42
573	205	40	40
574	204	40	39
576	205	40	40
578	211	40	42
579	219	40	42
582	228	39	43
585	253	37	45
585	269	37	48
587	280	37	45
590	273	37	42
594	263	34	40
596	262	32	39
598	262	30	38
601	263	27	41
606	276	23	44
608	286	20	45
609	299	20	45
612	306	16	37
614	301	14	37
616	298	12	47
615	317	14	42
608	310	20	42
603	303	26	41
598	294	30	40
589	280	38	42
580	267	41	41
577	260	39	41
572	250	37	40
545	233	42	43
558	239	39	40
511	214	43	41
480	205	43	39
466	199	41	40
441	186	41	40
431	181	40	41
412	173	38	38
403	169	39	39
393	163	38	38
385	163	38	36
367	153	36	37
360	150	36	38
350	146	38	37
340	139	35	36
344	140	35	36
347	144	37	36
353	150	36	38
358	155	35	37
361	157	35	38
364	161	35	37
368	165	36	37
369	168	37	37
372	169	36	38
374	172	37	37
378	176	38	38
380	178	38	37
383	180	38	36
388	183	37	39
391	187	36	37
393	188	36	37
398	193	36	38
402	196	36	38
403	197	37	38
406	199	39	37
411	203	38	38
414	205	38	39
416	207	40	39
421	209	38	39
425	213	39	39
428	214	38	39
431	217	38	39
437	221	38	39
440	223	37	38
443	226	37	39
446	229	37	38
451	231	39	40
454	233	38	40
457	237	39	39
461	240	38	38
468	246	39	37
470	245	40	40
474	247	39	39
480	250	39	41
483	252	39	40
488	254	38	40
494	258	38	41
494	255	39	40
490	248	38	40
487	241	39	42
482	226	53	42
479	220	45	43
479	216	39	40
477	205	36	39
475	201	38	39
475	198	37	38
473	187	37	39
472	182	37	40
471	178	37	39
471	174	36	40
469	166	37	38
469	162	36	38
469	157	36	38
468	150	36	38
469	145	35	38
467	141	35	38
469	133	33	37
469	130	33	37
468	126	34	38
468	120	34	36
469	116	33	37
470	112	32	37
469	108	33	36
470	102	32	36
470	100	32	35
470	97	33	35
470	90	33	36
471	86	32	36
471	83	32	34
474	78	31	34
474	74	31	33
475	72	32	34
475	67	31	34
476	63	32	34
468	57	34	32
462	57	33	33
458	58	34	33
451	52	32	34
448	53	33	33
445	49	32	35
444	48	31	34
436	44	31	33
434	43	32	32
431	43	32	32
426	39	31	33
424	36	31	33
422	35	31	32
420	32	30	32
414	30	30	33
411	27	30	32
410	27	29	31
407	22	31	34
403	20	31	32
401	18	31	32
400	16	30	32
397	14	30	32
396	13	30	31
395	10	31	32
392	8	29	32
391	6	29	31
390	6	30	30
388	5	30	30
387	2	31	31
386	0	30	30
382	0	34	28
380	0	32	28
378	0	32	27
376	0	33	26
375	0	34	27
373	0	35	27
372	0	31	27
370	0	31	28
369	0	31	29
368	2	30	29
366	3	29	30
366	3	29	30
365	5	30	30
365	7	29	30
365	8	29	29
364	8	29	30
364	10	30	31
363	10	30	31
363	11	30	31
363	14	30	30
363	14	30	31
363	16	29	30
364	16	30	31
364	18	30	31
364	19	29	31
364	19	29	30
366	22	29	31
366	24	29	30
366	25	29	30
367	27	30	30
368	27	30	30
371	32	32	31
379	37	30	32
382	39	34	33
395	50	32	32
400	54	33	33
408	58	32	33
420	67	34	33
427	71	33	35
433	76	35	34
448	85	33	34
454	89	33	36
462	94	35	34
476	104	35	36
483	110	36	36
492	115	34	36
508	125	36	37
517	131	35	37
522	136	36	37
541	146	36	38
548	151	37	38
558	157	37	37
