508	60	15	43
509	62	17	41
509	62	17	40
509	62	16	40
509	62	16	40
509	62	16	40
508	63	17	42
508	63	17	42
508	63	17	42
508	63	16	42
508	64	17	42
508	63	17	42
507	64	17	42
508	63	17	43
508	63	17	43
508	64	17	42
508	62	17	43
508	64	17	42
507	63	18	43
508	63	17	43
507	63	17	42
507	64	17	42
508	64	17	43
507	62	17	44
508	63	17	43
508	63	17	43
508	63	17	42
507	63	17	43
507	63	17	42
508	63	16	43
508	63	17	42
507	63	17	42
507	63	17	43
507	63	17	43
507	63	17	43
507	64	17	43
507	63	17	42
507	63	17	42
507	64	17	42
507	62	17	44
507	63	17	42
507	64	16	42
507	63	17	43
507	63	17	42
506	63	18	43
507	63	17	43
507	63	18	44
507	62	17	43
507	63	16	42
507	63	17	42
507	63	17	42
507	63	17	42
508	64	16	42
507	63	17	43
508	63	17	43
508	63	16	42
507	63	17	43
507	63	17	42
507	64	17	41
507	63	17	42
508	64	16	42
507	64	17	42
508	63	16	43
507	64	16	43
507	64	16	42
507	63	17	43
507	64	17	43
507	64	17	42
507	63	16	42
508	63	17	43
507	64	17	42
507	63	17	42
507	64	17	42
507	63	17	43
507	63	16	42
507	64	16	42
507	63	16	42
507	64	17	41
507	63	16	41
508	63	16	41
507	64	17	41
507	64	17	41
507	63	17	43
508	63	16	42
508	63	16	42
507	64	17	43
507	75	17	42
507	77	17	41
508	77	16	42
508	76	17	41
508	77	17	42
508	76	17	42
508	77	17	42
508	77	17	41
508	77	16	42
508	81	17	43
509	93	16	42
510	95	16	42
509	95	17	42
510	95	16	41
510	94	17	43
511	95	17	42
511	94	17	43
512	94	17	42
512	95	16	41
513	94	17	41
511	94	17	43
512	95	16	42
510	96	17	42
511	97	17	41
509	96	17	41
509	96	17	42
509	96	17	41
508	96	17	42
508	96	17	42
509	96	17	42
509	98	17	41
508	98	18	42
508	99	17	42
507	99	18	42
507	99	18	42
507	100	18	42
506	99	17	43
504	102	17	43
505	103	17	42
505	102	17	42
504	101	18	44
504	101	17	43
505	102	17	43
504	102	17	44
505	102	17	43
505	101	17	43
505	102	17	43
505	103	17	43
505	102	17	43
505	102	17	43
506	102	17	44
506	102	17	43
505	102	17	43
505	102	17	43
506	102	17	43
505	102	17	43
505	102	17	43
505	103	17	43
505	103	17	43
505	103	17	43
504	103	17	43
503	103	17	44
503	104	17	43
503	104	17	43
502	105	17	42
501	106	17	42
501	106	17	41
501	106	17	42
500	106	17	42
499	107	18	42
499	107	17	42
498	108	18	42
498	108	17	42
498	108	17	41
498	108	17	42
497	109	17	42
497	110	18	41
498	110	17	41
497	112	18	40
498	111	17	41
497	110	17	42
497	111	18	42
496	111	17	41
496	111	17	42
496	112	17	42
497	111	17	42
496	111	17	43
496	112	17	42
496	113	17	41
497	111	17	44
497	112	17	41
496	111	18	43
497	112	17	43
495	112	18	44
495	112	17	44
495	112	18	44
495	112	18	45
494	113	18	44
495	112	18	44
495	112	18	44
495	112	18	44
495	112	18	44
494	113	18	43
495	113	17	43
495	113	18	44
495	112	18	44
494	113	19	43
495	112	19	45
494	112	19	43
494	113	18	44
494	112	18	44
494	113	18	43
494	113	18	43
495	113	18	43
494	114	18	43
495	112	18	44
495	111	18	45
494	112	19	45
493	112	19	45
494	112	19	45
494	112	18	44
495	112	18	44
495	112	18	44
495	111	17	44
495	112	18	44
495	112	18	43
495	111	18	45
476	111	20	45
461	111	20	46
445	113	21	44
442	113	19	44
441	112	19	44
443	113	18	43
444	112	17	43
443	110	18	44
433	108	19	46
416	109	20	45
398	110	20	45
395	110	19	44
397	110	18	43
396	110	18	44
397	109	18	43
398	109	18	43
399	109	18	43
400	109	18	42
401	108	18	44
401	107	17	43
402	105	18	44
403	105	19	45
403	105	19	44
404	104	19	44
404	104	18	44
405	103	18	43
405	103	18	43
406	103	17	43
406	103	18	42
406	103	17	43
407	102	18	44
408	101	18	43
408	101	17	43
408	100	17	44
409	99	17	44
408	99	18	43
408	99	18	43
409	100	17	44
409	98	17	44
409	97	17	44
409	97	17	43
410	98	17	42
410	96	17	44
411	96	17	43
411	94	17	43
411	96	17	42
410	96	18	42
410	95	17	42
410	94	16	43
411	94	17	42
411	94	17	42
411	94	17	42
412	94	17	41
413	93	17	42
413	92	17	41
413	91	17	43
414	91	17	42
415	91	17	41
415	90	17	42
416	90	17	42
416	90	17	41
417	89	17	42
417	89	17	41
418	88	17	41
418	88	17	41
418	87	17	42
419	88	17	41
420	86	17	41
420	87	17	41
421	86	17	39
422	86	16	39
421	85	17	40
423	86	17	39
424	85	16	40
425	84	17	41
426	84	16	41
427	83	17	41
427	83	17	41
427	83	17	41
427	83	17	40
428	83	17	40
427	83	17	39
426	83	17	39
427	82	16	39
427	82	17	39
427	83	17	39
427	83	17	38
428	83	17	39
427	83	17	38
427	82	17	39
427	82	17	40
427	81	16	39
428	80	16	39
428	80	17	39
428	81	17	38
428	80	17	40
428	81	17	39
428	81	17	38
428	81	17	38
428	80	17	38
429	80	17	38
429	80	17	38
430	81	16	37
430	80	16	38
429	80	16	38
430	80	16	38
430	80	16	38
430	80	16	38
430	79	16	39
430	78	17	39
430	77	17	40
430	79	17	39
430	78	17	38
430	78	17	39
431	78	17	39
431	79	17	38
430	78	16	38
431	77	16	39
431	78	17	39
432	76	16	39
432	77	17	38
434	79	16	38
434	77	17	38
434	75	17	39
435	77	17	40
436	76	17	39
435	75	17	40
436	75	17	40
435	75	18	40
436	75	17	40
436	75	17	39
438	75	17	37
437	74	17	39
437	75	17	38
