259	119	47	90
256	119	52	86
257	121	52	84
258	121	52	85
259	123	51	85
260	121	51	87
260	123	52	85
260	122	52	88
261	124	52	86
263	122	52	89
263	124	51	87
264	124	51	88
265	125	51	89
266	126	52	89
267	125	52	89
267	126	52	90
269	126	52	89
270	127	52	90
271	127	51	89
272	129	52	88
271	129	53	89
273	130	52	87
273	132	53	87
275	131	52	89
276	134	53	87
277	132	53	89
276	135	54	87
278	135	53	89
278	134	54	90
278	134	53	89
280	135	53	90
281	135	54	90
281	135	54	90
282	137	55	90
283	137	54	91
284	138	53	91
284	137	54	93
285	138	54	92
287	140	52	92
285	139	54	93
287	140	53	92
288	140	54	92
289	141	54	93
289	143	54	92
291	143	54	93
291	143	55	94
292	144	54	92
293	145	54	92
295	146	54	91
295	146	55	92
297	148	55	91
297	148	57	94
298	148	56	93
299	148	55	95
301	150	56	94
302	151	55	95
303	151	54	96
302	151	56	96
304	153	54	96
304	152	55	99
305	153	56	97
307	153	54	97
307	154	55	98
308	155	54	98
308	155	55	98
309	155	54	98
310	155	53	98
311	156	53	98
312	158	53	98
313	156	53	99
313	157	53	99
314	158	53	99
315	160	54	99
316	160	53	100
316	160	54	101
316	162	55	100
318	164	54	101
319	165	55	101
319	164	55	102
320	166	56	101
320	165	56	103
321	167	55	102
322	166	56	105
324	169	55	101
325	170	55	102
327	171	56	101
327	171	56	101
328	175	57	100
329	173	56	102
330	174	56	101
331	177	57	102
332	177	59	103
333	177	58	102
334	178	60	103
335	179	61	101
336	181	62	102
336	180	62	102
338	181	62	101
339	182	63	102
340	182	64	103
342	184	66	104
341	183	66	104
343	185	70	104
346	187	68	102
347	187	72	106
348	188	69	105
350	188	70	105
353	189	70	105
353	190	70	103
357	191	72	105
358	193	72	104
362	192	72	104
363	194	73	104
365	195	73	105
366	195	74	104
369	196	76	103
370	197	76	105
372	197	75	105
374	198	76	105
377	199	76	106
377	198	77	109
377	199	77	108
370	200	79	109
367	200	79	109
358	201	81	110
352	200	80	110
344	201	80	111
339	201	82	111
331	203	82	111
327	203	82	111
325	204	82	111
317	204	81	112
313	206	81	111
307	206	81	110
304	207	81	110
298	207	82	110
290	207	83	110
285	208	86	110
281	207	86	111
274	209	86	110
271	210	86	111
269	212	84	108
263	213	83	110
261	213	83	110
254	215	83	110
251	216	84	110
243	215	84	111
236	216	88	110
230	216	87	113
226	218	85	111
223	219	86	108
221	220	86	109
215	220	86	109
212	219	88	112
209	220	88	111
204	221	86	111
202	221	88	112
198	219	88	114
195	221	88	114
191	222	88	112
185	222	91	112
185	223	90	112
179	224	93	113
177	225	90	114
177	225	90	112
174	226	90	111
170	227	89	112
167	227	90	112
166	228	90	112
159	229	91	110
158	229	89	110
156	230	90	111
152	231	90	111
150	231	89	110
148	231	89	110
145	232	89	110
142	231	88	111
140	231	90	111
136	231	89	111
137	232	89	112
134	233	90	112
132	233	89	113
130	233	88	113
127	233	86	113
127	236	87	112
123	235	87	113
119	235	90	112
114	236	87	111
111	236	89	112
111	237	90	110
110	237	91	110
120	237	89	110
123	238	91	109
129	237	88	110
138	239	88	109
142	239	90	109
147	238	90	110
154	239	89	107
159	238	89	109
167	238	88	108
174	240	85	107
178	237	86	108
188	237	85	107
191	237	89	106
201	237	87	108
204	237	91	108
216	239	85	105
220	237	85	104
224	238	87	105
230	237	88	105
233	235	88	107
238	234	88	106
242	234	87	106
245	235	86	105
250	232	86	107
249	232	90	108
245	232	87	106
243	233	85	105
238	234	88	105
234	232	88	106
231	232	92	105
229	229	89	107
227	230	87	106
225	229	87	107
223	231	85	103
220	231	84	102
219	231	82	102
216	232	82	102
206	232	89	101
201	231	92	102
200	228	88	104
199	228	86	102
195	227	86	103
191	225	87	104
185	224	91	105
184	227	89	102
180	224	92	105
173	223	93	105
170	224	94	103
168	225	90	100
167	224	90	101
163	221	91	104
160	222	91	103
159	222	90	102
155	220	88	102
152	222	88	100
149	223	88	102
148	222	86	100
151	223	88	100
151	220	90	101
159	218	86	101
162	220	85	99
167	217	85	99
169	218	85	99
172	215	88	100
175	215	88	101
181	213	87	102
184	212	87	100
190	211	87	101
192	211	87	101
201	209	85	104
205	210	83	102
212	209	83	100
216	209	81	99
222	208	80	100
226	208	78	99
233	208	79	100
237	210	76	98
241	209	79	98
243	207	80	100
247	207	83	99
251	206	81	100
253	207	82	99
257	205	85	99
263	206	83	98
267	204	84	99
272	205	82	98
279	203	79	100
284	204	78	98
287	203	81	99
294	202	77	100
297	203	77	99
305	200	78	101
307	201	79	100
315	200	77	100
319	202	78	99
324	200	78	101
327	200	79	100
340	199	76	100
345	201	78	100
358	196	75	103
365	199	76	101
373	196	95	107
393	193	75	109
402	193	72	108
409	182	76	117
406	174	82	123
403	166	85	135
386	161	95	138
382	166	96	135
386	168	92	133
377	167	100	131
389	178	89	123
392	190	86	114
403	192	80	109
412	198	75	102
420	201	72	100
422	195	77	104
429	199	75	100
426	190	82	107
434	196	79	104
444	198	78	103
446	193	77	104
454	194	79	104
457	195	79	104
455	194	80	105
454	192	79	105
452	188	81	109
453	197	76	101
449	195	79	102
447	195	79	103
446	196	80	101
444	196	80	101
444	196	80	103
444	196	81	103
452	197	79	100
455	198	80	98
457	199	78	97
460	196	79	99
464	199	79	96
468	196	82	99
470	195	80	101
471	195	78	99
467	195	79	99
464	196	81	97
458	196	83	99
452	195	84	100
453	195	80	100
446	192	83	101
442	193	81	101
437	194	78	98
429	194	79	98
422	191	83	98
414	196	82	94
404	193	84	97
399	190	89	99
384	191	94	97
390	194	85	96
382	193	88	96
384	195	82	94
384	196	84	93
385	196	81	93
383	195	81	93
384	196	86	91
383	196	85	92
382	197	89	91
380	196	92	90
382	197	91	91
378	197	93	89
379	197	92	90
382	198	92	90
377	197	96	90
381	197	92	89
374	195	94	91
381	196	93	92
377	195	93	92
378	195	95	91
381	196	94	91
376	196	95	92
381	192	95	94
373	193	98	94
389	194	88	95
376	194	96	94
393	194	86	96
394	195	88	94
394	197	87	91
394	196	86	92
398	197	87	91
403	197	85	92
400	194	85	93
401	197	89	92
400	195	90	94
399	195	95	93
399	195	95	93
409	197	87	91
409	198	84	89
409	196	84	90
411	197	85	89
410	194	83	92
412	194	86	93
408	192	88	95
407	183	92	104
401	179	95	108
404	183	95	104
403	183	95	104
406	180	94	106
407	187	92	101
408	175	92	113
403	183	96	103
390	173	99	111
381	174	99	112
367	169	106	116
366	171	103	117
362	164	96	121
359	161	97	125
350	155	100	129
346	150	101	134
340	153	102	130
330	152	100	133
334	156	91	132
325	155	95	128
324	158	92	128
312	148	96	134
302	141	103	143
301	146	97	138
299	148	100	141
290	143	98	141
285	146	100	141
278	138	98	148
271	139	101	147
262	135	103	149
258	146	95	139
252	146	98	135
243	151	104	127
239	141	105	143
231	146	102	142
227	147	108	139
226	138	108	143
224	139	105	135
217	146	106	127
215	144	107	129
205	131	112	140
200	127	112	148
194	128	113	145
190	126	111	146
184	126	107	147
176	122	112	150
173	122	122	148
171	133	117	140
168	143	113	128
166	145	116	123
162	134	109	139
159	143	109	129
155	148	108	130
145	143	112	134
144	132	113	143
146	136	117	145
148	140	113	139
151	145	112	132
150	157	109	122
154	152	107	127
153	161	107	117
154	158	95	120
159	161	91	118
157	165	85	113
163	170	77	109
163	174	78	106
167	173	79	108
168	176	80	107
173	172	84	112
179	174	81	112
186	175	80	112
194	178	80	109
194	178	81	109
196	180	83	108
204	179	83	111
212	178	80	113
218	181	85	110
222	181	82	110
221	184	83	107
226	185	84	107
230	184	83	109
235	184	80	109
237	186	77	106
242	185	82	106
244	185	78	107
247	186	81	107
250	186	82	108
251	186	82	110
254	189	86	108
256	189	84	108
261	189	83	109
260	192	85	106
268	191	84	108
268	193	85	106
274	192	86	108
277	193	81	108
280	194	87	108
284	194	84	108
287	195	86	108
290	197	89	108
291	196	88	110
288	197	85	107
284	199	88	108
285	198	86	109
279	199	88	110
279	199	86	109
276	197	86	111
272	199	86	110
270	198	86	113
268	199	86	112
262	198	86	114
261	199	85	114
254	196	88	118
254	201	88	114
250	201	87	115
246	202	87	115
247	204	85	114
243	206	86	113
241	205	85	115
238	207	89	114
238	204	84	117
233	208	85	113
232	209	85	113
231	204	85	118
227	208	87	115
227	207	87	117
222	211	89	113
221	213	87	111
222	212	87	112
220	215	87	110
216	216	89	111
211	213	92	113
210	215	90	113
205	215	91	114
206	215	87	114
201	218	88	111
202	218	87	112
199	220	87	112
195	221	89	111
192	218	90	115
188	222	91	113
187	221	89	115
182	214	93	122
182	219	88	118
181	215	90	121
181	219	88	118
177	218	89	120
174	216	89	123
171	213	92	126
168	215	95	125
169	218	91	124
165	222	91	120
162	226	92	119
153	222	99	123
154	222	95	122
151	223	96	122
154	221	92	125
154	224	90	123
152	219	100	130
150	214	116	134
146	211	107	141
144	221	97	131
141	218	93	134
142	224	93	128
137	218	116	135
137	213	110	141
131	216	117	140
131	210	123	146
129	220	107	138
131	222	121	134
128	221	107	138
131	219	102	140
136	226	92	134
140	228	104	132
145	225	128	132
146	221	109	141
145	225	105	137
154	228	125	131
156	219	121	144
163	218	126	144
163	216	130	149
166	232	114	134
180	237	113	127
180	237	113	129
181	237	105	131
189	242	109	125
191	238	110	130
197	242	100	126
206	244	98	126
216	246	93	124
215	247	104	124
227	247	100	124
234	247	102	124
233	242	107	128
239	230	105	140
240	231	105	145
249	224	112	151
252	234	116	141
256	231	117	142
257	229	120	145
259	231	114	144
272	229	110	148
271	240	112	138
283	243	108	135
286	231	112	148
293	240	107	141
290	236	112	145
285	235	115	147
284	240	113	143
289	241	106	142
293	244	102	141
287	238	105	147
292	240	98	147
287	246	101	142
290	251	97	138
286	247	98	145
288	242	96	149
288	257	95	135
289	257	95	136
286	259	97	134
285	258	97	136
282	260	101	133
281	262	102	134
279	261	105	135
274	255	105	141
275	266	103	134
261	267	112	132
246	263	129	137
244	258	129	142
256	263	115	138
258	266	111	137
253	270	112	132
246	270	120	133
203	267	162	133
228	269	138	134
266	270	101	136
270	272	94	133
265	275	97	131
267	277	97	131
264	277	99	131
266	278	94	131
265	279	94	129
266	280	93	130
263	280	96	130
259	279	99	132
261	279	96	134
261	281	97	132
268	282	99	130
274	282	96	132
282	283	96	131
286	282	96	133
296	282	94	132
298	283	95	134
304	283	97	133
310	283	94	134
306	286	98	132
306	285	98	132
304	286	97	133
307	287	96	132
303	288	98	133
302	287	100	133
300	286	99	134
302	289	95	133
298	286	99	137
298	286	99	136
300	288	95	135
298	288	98	137
296	289	98	136
297	291	95	135
293	292	98	136
298	291	95	136
298	295	95	132
308	294	94	135
316	297	92	133
319	288	99	142
328	296	94	135
335	292	96	141
344	299	94	133
346	299	97	134
355	301	96	132
364	302	95	132
368	300	94	135
376	304	96	131
377	299	101	137
384	300	100	137
388	303	101	136
387	303	103	135
389	303	101	135
