362	140	172	241
354	141	174	230
349	140	171	226
345	138	169	225
339	137	163	221
333	134	162	219
324	133	158	216
319	134	159	211
311	132	154	210
302	132	153	203
299	130	154	202
291	129	150	200
285	127	149	197
282	125	150	195
271	122	152	197
258	116	145	199
256	113	143	195
241	113	151	189
229	112	159	189
182	100	201	201
225	107	152	186
213	107	158	186
188	101	178	190
167	89	176	185
176	98	153	173
165	92	163	178
175	96	148	169
161	91	160	171
164	91	154	170
165	91	149	167
162	90	149	167
161	87	146	167
161	85	145	167
163	86	140	165
160	84	141	166
164	85	135	161
164	82	133	162
165	81	131	161
167	80	126	158
170	80	120	156
171	79	117	155
169	78	116	153
170	79	113	154
173	79	108	149
172	78	107	148
172	77	105	147
173	76	104	148
172	77	103	145
174	75	101	146
173	75	101	145
173	74	100	145
173	73	98	143
174	72	97	144
174	74	97	140
175	71	95	137
174	72	94	134
174	70	95	134
174	71	95	131
175	72	94	131
176	70	94	132
177	71	93	130
177	69	92	129
179	68	92	128
179	69	93	126
180	68	93	125
181	67	92	124
183	67	93	124
182	66	93	123
184	67	93	120
185	65	95	121
185	63	99	122
189	63	102	125
223	63	112	122
223	66	100	121
228	64	101	117
234	62	101	114
230	65	99	114
235	63	99	115
236	65	96	114
239	61	98	113
239	63	97	112
241	62	96	111
243	60	97	111
246	62	96	110
246	60	97	111
249	61	99	107
251	59	98	109
250	61	98	106
253	59	97	106
255	58	97	107
255	57	99	107
259	77	96	125
261	153	95	119
263	200	99	110
264	228	99	115
272	307	94	109
269	322	93	105
273	322	97	100
274	323	98	99
274	323	99	99
276	323	98	99
277	321	97	100
281	323	98	96
281	322	96	99
282	324	98	95
282	321	100	96
286	321	96	96
286	322	97	94
289	321	96	95
290	322	98	93
290	320	97	95
293	320	97	93
295	319	96	94
295	321	97	92
300	319	96	93
300	320	95	91
303	319	95	91
303	320	95	90
309	319	93	89
308	319	96	90
313	318	93	90
317	318	93	88
316	318	93	90
321	318	91	89
320	318	91	89
325	318	92	86
324	319	91	85
328	319	89	84
327	320	90	81
333	319	88	83
332	322	90	80
334	317	89	83
336	319	87	81
342	320	88	79
343	315	95	83
345	315	86	84
346	316	84	82
352	319	77	77
352	315	78	79
355	317	73	78
359	319	67	75
361	316	73	76
361	317	73	75
364	319	73	71
366	313	76	77
368	316	68	75
369	317	60	73
371	314	54	74
374	316	55	72
375	314	52	74
380	312	66	77
379	315	67	73
383	310	60	76
385	315	61	72
389	309	63	77
389	314	63	71
389	310	68	73
393	309	62	72
395	308	57	75
397	308	55	74
398	309	55	74
398	308	56	74
403	308	52	68
410	309	46	68
410	309	45	68
410	309	47	67
