483	267	36	102
481	263	35	106
479	262	36	109
475	260	36	109
472	261	38	107
471	262	36	108
469	261	36	108
469	260	35	110
466	258	34	111
464	257	34	111
461	256	36	112
461	255	36	113
458	256	37	113
457	255	37	113
454	256	37	113
453	257	39	109
451	255	39	111
452	257	37	108
451	256	36	109
450	257	38	108
447	257	37	105
448	257	39	105
446	256	38	105
449	256	40	103
448	255	38	103
447	256	40	101
450	256	39	99
449	253	36	102
447	252	40	104
445	255	41	100
448	253	40	100
448	254	40	100
447	253	39	100
451	249	40	100
450	249	36	98
453	248	37	92
453	235	34	104
454	235	33	101
455	236	33	98
455	234	34	101
455	232	34	100
455	233	34	96
458	232	33	97
456	228	36	102
455	229	36	100
455	229	35	99
456	230	36	97
455	228	36	99
459	228	37	92
458	224	38	95
457	226	35	93
461	226	33	88
462	222	31	90
464	220	34	91
462	216	34	96
463	213	33	96
462	211	34	97
462	213	32	96
464	211	32	96
461	210	33	99
463	209	34	99
461	208	35	98
466	204	37	98
466	204	34	100
467	205	34	95
466	205	35	91
466	203	35	92
470	203	34	89
504	195	32	97
503	194	31	95
505	191	32	99
502	189	34	100
505	188	33	98
478	190	33	94
505	186	34	100
505	186	34	101
504	184	35	101
506	183	34	101
506	182	33	100
507	180	33	98
508	180	33	98
509	177	32	99
511	178	31	98
511	176	30	97
512	177	30	93
512	174	30	99
512	171	31	101
511	169	34	102
512	168	34	101
512	166	34	102
477	165	34	95
482	159	32	103
481	156	33	104
483	153	32	101
483	153	32	95
483	147	34	97
479	147	37	96
481	147	35	95
483	148	33	89
484	148	33	86
484	149	33	87
480	148	35	89
477	149	35	89
477	147	36	94
476	147	37	91
475	147	37	94
473	146	36	88
474	146	35	93
473	147	36	92
473	147	36	93
473	147	35	91
474	147	35	92
475	145	34	90
476	146	33	87
475	145	35	90
473	145	37	91
475	146	37	94
470	146	39	90
468	145	41	94
469	144	37	90
467	140	38	90
467	140	39	89
467	139	38	89
466	137	39	88
466	137	39	87
466	138	38	88
466	139	38	86
466	140	38	85
467	140	37	84
468	139	37	82
468	136	36	83
467	133	36	84
468	127	36	86
469	123	36	87
467	121	38	92
469	120	37	91
467	120	40	92
467	121	40	92
468	122	40	90
467	122	41	89
469	118	39	91
468	115	39	91
467	112	38	89
467	111	37	88
468	109	35	84
467	109	36	86
468	108	35	82
467	108	36	83
469	109	34	78
469	109	33	76
470	111	33	76
470	110	32	77
471	108	33	77
471	110	32	75
471	109	32	71
473	110	31	69
472	108	33	73
472	107	32	70
471	106	33	70
471	105	33	71
471	107	32	68
472	106	32	69
470	101	34	75
470	101	32	71
470	99	31	74
470	98	31	72
470	97	31	72
470	94	32	76
470	94	30	73
469	93	30	72
470	93	29	69
469	92	30	69
467	88	31	75
469	86	30	75
468	88	30	76
466	86	29	74
467	85	30	79
468	81	28	80
467	76	28	82
470	73	27	79
469	67	27	83
469	62	28	87
469	60	28	86
468	57	29	89
467	56	29	89
467	56	30	90
467	57	30	90
465	56	29	89
465	58	28	88
463	58	29	88
462	57	30	88
463	58	29	88
461	57	30	89
462	57	30	88
460	56	29	87
460	56	30	87
459	57	29	87
459	58	29	88
458	57	28	88
458	58	27	86
459	58	27	87
460	57	27	88
459	56	28	88
459	56	29	88
458	55	29	88
456	56	29	86
456	56	28	88
456	56	27	89
455	57	27	88
454	57	28	89
453	56	28	89
452	55	29	88
454	55	29	90
453	55	30	87
460	55	31	88
463	58	29	88
459	57	30	87
459	56	30	88
457	55	32	88
451	56	32	87
453	55	32	87
450	57	31	87
449	55	31	87
448	54	31	84
445	55	32	85
444	57	31	84
444	57	31	82
440	56	32	85
441	56	32	83
437	55	31	85
431	49	32	79
435	52	34	81
433	53	31	82
434	55	32	83
433	55	32	84
431	54	32	85
428	53	33	86
423	51	33	85
425	51	35	88
416	53	34	82
418	52	33	84
419	54	32	84
418	54	31	83
417	54	31	83
418	54	29	83
415	55	29	82
413	54	31	82
409	52	30	78
407	51	31	81
399	52	29	75
400	52	29	69
398	53	30	74
395	54	27	70
394	54	26	70
394	57	25	64
391	55	27	66
