540	328	59	122
537	326	56	124
533	325	51	125
532	325	49	124
526	324	50	127
516	324	52	127
512	324	53	126
505	325	56	128
503	325	55	130
501	324	54	130
501	324	52	129
498	324	47	132
494	323	44	130
494	323	44	129
490	323	45	129
484	326	48	127
475	323	54	130
473	323	55	128
471	323	55	129
453	320	48	128
451	320	49	129
442	320	54	127
438	320	57	129
434	320	58	129
432	320	57	131
430	319	58	133
428	320	56	132
427	319	55	132
422	317	49	133
421	318	49	129
415	321	49	127
410	321	50	128
404	322	52	127
398	322	52	124
391	320	52	121
385	320	49	120
381	321	46	122
376	321	46	119
372	319	46	120
370	321	46	124
365	320	47	121
362	322	48	119
357	321	49	119
352	321	52	123
346	320	51	122
343	320	52	124
337	318	46	124
331	318	45	122
327	319	45	127
322	320	44	121
319	320	47	117
310	322	49	115
307	322	48	114
302	320	48	114
301	319	46	113
296	316	46	116
293	316	46	116
292	316	46	118
286	315	46	119
279	313	48	121
272	314	53	120
267	313	55	119
265	312	54	122
265	312	51	120
262	312	45	120
260	311	43	119
255	310	39	121
251	309	39	120
240	310	48	119
239	310	48	120
236	309	48	120
234	310	48	120
231	307	45	121
230	307	43	120
227	306	38	120
225	306	38	120
221	305	38	121
219	306	39	118
215	306	40	119
213	306	40	118
213	305	41	118
209	306	42	119
207	307	44	118
205	312	43	112
203	309	43	113
200	311	40	107
199	316	37	97
197	315	36	92
196	314	36	93
194	314	37	93
194	311	37	94
194	312	37	92
192	315	38	90
192	312	38	94
192	312	38	96
192	313	38	96
192	312	37	94
191	310	38	98
191	309	38	100
192	311	37	97
192	313	38	93
191	313	37	94
191	312	37	93
190	314	37	93
190	314	37	95
187	311	38	95
187	311	37	94
185	309	38	96
185	307	38	98
185	310	38	95
186	308	38	96
188	309	36	94
186	308	39	96
185	307	39	98
185	306	39	98
186	308	39	97
183	306	40	99
184	306	39	99
183	306	40	100
179	305	41	100
173	303	44	102
171	299	47	105
170	297	44	111
169	299	40	109
168	299	40	107
168	302	39	99
166	298	38	106
165	305	37	96
165	307	37	96
165	302	38	97
165	299	39	103
165	301	39	101
166	300	38	100
166	301	37	101
167	302	37	100
168	303	36	98
169	303	36	98
166	300	38	101
167	296	39	103
167	298	39	101
166	298	39	102
167	300	38	101
166	296	39	107
165	300	39	102
166	300	38	100
164	299	40	105
161	297	42	107
157	299	45	104
156	298	46	105
152	301	45	103
151	298	44	105
149	302	45	103
146	304	48	99
151	300	44	102
152	297	41	105
153	299	39	104
152	301	39	100
146	301	43	103
147	299	43	102
144	290	44	111
145	288	43	112
142	290	43	111
141	299	43	101
137	295	46	105
135	295	47	106
134	295	47	105
135	299	44	101
133	300	44	99
131	300	44	99
129	290	45	108
126	289	46	112
127	289	46	111
125	288	46	111
126	288	46	111
125	288	45	111
128	288	43	113
127	287	43	113
128	289	42	111
129	288	42	112
127	293	43	103
127	283	45	113
126	286	45	110
122	283	48	112
121	284	50	110
121	284	50	110
121	285	49	111
122	286	47	109
122	285	49	107
122	283	48	109
122	281	47	108
122	281	48	110
124	279	44	109
123	278	45	110
125	280	42	109
126	280	40	107
126	281	42	106
126	280	42	106
127	281	41	102
130	285	38	95
129	283	39	98
127	275	41	103
127	275	43	104
126	271	47	108
127	275	46	103
128	269	46	107
132	269	43	106
134	267	39	102
137	264	36	101
138	261	37	104
138	265	37	98
138	263	38	101
140	266	38	98
139	265	38	100
140	269	40	95
224	277	44	113
220	269	47	123
219	272	46	118
213	287	44	104
211	285	43	102
210	282	43	105
209	282	42	106
208	281	42	105
207	282	42	104
206	282	42	103
205	278	42	106
205	277	41	107
207	277	38	107
205	272	38	112
205	273	37	106
201	235	42	104
202	262	40	114
199	262	40	112
199	265	41	106
198	264	41	104
194	263	41	104
193	264	41	104
192	266	39	100
192	276	37	93
189	277	39	94
187	284	37	81
188	288	34	74
186	289	32	70
186	287	31	69
187	293	30	68
183	291	31	67
179	286	35	75
182	288	33	74
182	287	34	73
184	288	32	69
184	289	31	65
166	241	38	85
164	218	41	102
135	228	44	80
164	227	44	93
164	224	48	104
164	228	50	103
165	227	52	118
162	225	53	105
138	213	49	100
128	211	38	92
127	208	35	93
123	206	37	94
121	203	38	96
122	204	38	96
122	203	38	97
121	202	38	96
123	204	38	95
122	202	38	98
123	203	38	95
122	202	37	97
121	202	37	98
119	198	39	96
118	196	39	96
115	197	42	94
113	196	42	92
111	195	41	91
111	196	40	87
107	194	37	87
106	195	35	87
108	195	37	85
105	193	40	88
103	192	39	89
103	192	40	89
99	191	42	91
99	190	42	90
96	189	43	93
95	187	45	94
93	186	45	96
93	186	42	96
92	186	39	95
92	185	40	96
88	183	40	99
87	184	40	99
83	182	41	97
79	180	41	98
74	180	39	99
68	181	41	96
62	183	46	97
60	183	47	96
57	182	47	96
59	181	44	94
56	180	42	94
53	178	41	95
52	177	42	97
51	177	43	97
50	176	43	97
50	175	43	99
51	174	43	99
53	176	41	100
53	175	41	96
54	176	40	97
55	176	39	96
57	176	39	93
58	177	40	92
58	176	42	92
60	177	41	90
64	176	39	90
68	174	38	93
71	174	37	93
72	173	37	94
73	173	39	95
75	174	39	92
77	174	37	89
77	173	36	89
79	171	38	89
83	170	38	87
86	170	35	86
89	171	33	82
94	171	31	79
93	170	31	81
93	169	33	81
96	167	33	82
100	164	33	81
102	163	33	82
97	163	35	86
93	162	40	88
96	159	39	91
94	158	41	88
94	156	37	87
93	156	39	84
95	155	38	85
95	156	36	81
96	158	36	79
96	160	34	77
97	156	33	78
97	155	32	79
100	153	32	77
94	148	33	81
93	147	34	74
93	147	34	76
94	145	34	77
91	139	36	83
94	137	34	81
94	136	34	83
94	135	34	82
95	135	32	76
95	135	32	77
97	137	31	74
100	135	32	78
96	134	35	79
97	134	36	79
98	133	36	79
98	130	35	82
99	130	36	84
99	126	38	87
99	124	37	86
101	125	38	85
101	124	38	87
101	124	38	86
103	123	36	85
103	120	35	85
106	118	33	84
109	118	33	85
109	117	32	84
111	116	32	82
116	115	30	81
117	118	32	82
115	121	35	80
117	121	34	77
121	122	33	75
119	120	37	76
118	116	35	80
119	116	33	78
121	117	35	78
122	117	34	79
121	117	32	77
122	116	34	80
122	114	35	79
124	111	36	81
121	112	34	82
123	110	34	79
122	106	33	83
125	106	37	83
126	103	40	83
126	111	38	78
125	109	37	80
126	104	36	83
126	102	36	84
128	104	37	80
154	107	35	81
155	95	35	91
152	110	36	84
151	99	36	87
153	105	34	79
154	109	32	80
153	112	30	76
155	117	30	73
153	116	30	73
153	117	29	72
153	118	29	71
152	98	31	86
153	100	34	88
154	96	33	90
151	92	35	94
151	91	35	93
153	91	36	90
152	94	35	86
152	91	35	86
137	88	37	84
149	86	36	88
149	88	36	86
154	92	34	83
152	93	34	84
148	91	35	85
150	91	35	83
152	89	35	84
149	87	38	83
150	87	37	80
149	86	36	85
149	87	37	80
154	84	35	89
