277	218	18	21
275	218	19	21
273	218	19	22
272	217	19	22
269	218	18	22
266	217	19	22
264	216	19	22
261	216	19	22
260	217	19	21
257	215	19	22
255	214	18	21
254	213	19	22
252	212	19	22
249	214	19	21
250	211	19	22
248	213	19	20
248	210	19	21
247	209	20	22
246	210	20	22
245	210	21	22
245	210	21	22
246	211	20	22
246	210	20	22
247	210	19	22
248	211	20	22
250	211	19	22
251	213	20	22
253	212	19	23
254	213	19	22
256	213	19	22
258	214	19	22
260	215	19	22
262	216	19	21
266	217	18	21
267	217	18	20
271	217	18	21
271	218	19	21
274	218	18	21
275	219	19	21
276	218	18	20
278	217	19	21
279	218	19	20
281	218	18	22
282	218	18	21
283	218	18	22
284	217	17	22
284	217	18	21
284	217	18	22
284	218	18	21
283	218	17	22
283	218	18	22
282	217	17	22
279	217	18	23
279	218	18	22
277	218	17	22
275	218	18	22
273	218	17	21
271	217	18	21
269	217	18	22
266	218	18	22
264	217	18	22
262	217	18	22
260	217	18	22
257	216	19	22
255	215	19	22
252	214	19	22
250	214	19	22
248	213	19	22
247	212	19	22
245	211	19	23
244	212	20	22
242	210	20	23
240	211	21	22
239	210	22	23
238	209	21	23
238	209	21	23
237	208	21	23
237	208	21	24
237	208	21	23
236	210	21	22
236	210	22	23
236	210	22	22
237	209	21	22
237	210	21	21
239	211	21	23
238	211	22	23
239	210	22	22
240	211	21	22
239	210	21	23
242	210	20	22
242	210	20	22
243	211	20	22
244	211	20	21
244	211	20	21
244	210	20	21
244	210	20	21
245	211	20	21
244	212	21	21
245	211	20	22
244	211	20	21
244	209	20	22
243	210	21	22
242	211	21	22
240	211	22	22
240	211	21	21
239	209	21	22
236	209	21	24
236	210	22	22
234	210	22	22
233	209	22	23
231	208	23	23
231	208	22	23
229	208	23	23
227	209	23	23
226	208	23	23
227	208	22	23
225	208	22	23
223	207	22	23
223	208	22	22
223	208	21	23
223	208	21	23
222	208	22	22
222	207	21	22
222	207	21	23
222	208	21	23
223	208	21	23
223	209	21	23
225	210	22	23
225	210	21	22
227	211	21	23
228	210	22	24
230	210	22	22
232	210	22	23
234	210	21	22
237	208	21	23
239	208	22	22
241	207	21	24
244	206	21	24
245	205	22	24
247	204	22	25
249	202	21	24
250	203	22	23
253	203	21	23
255	203	21	22
256	202	21	22
256	201	21	21
258	199	21	23
258	199	21	22
259	200	21	22
260	200	21	21
260	199	20	23
260	198	21	23
259	199	21	22
260	200	20	22
258	203	21	22
257	205	20	22
256	206	20	21
255	207	21	22
254	208	19	23
252	209	20	23
252	212	19	22
250	214	20	22
249	214	19	23
246	214	19	23
244	215	21	23
242	216	20	23
241	217	20	23
240	218	21	23
238	218	20	25
237	218	21	24
229	220	21	23
227	220	22	23
227	221	21	23
227	221	21	23
226	221	21	22
226	221	22	23
224	220	22	24
225	221	22	23
225	220	22	23
224	221	22	23
225	220	22	23
225	221	22	23
226	218	22	23
226	216	22	24
226	215	22	25
227	214	22	25
227	212	23	24
228	213	23	22
228	211	23	23
227	208	24	23
229	209	23	24
228	208	24	24
230	207	23	24
232	207	22	25
234	207	22	24
234	206	22	24
231	206	25	24
236	205	22	24
238	205	21	24
239	205	21	25
239	205	21	25
241	204	21	25
242	204	22	26
241	205	23	25
243	205	22	25
243	205	22	25
244	205	22	24
245	206	22	24
247	205	21	24
249	207	21	23
248	206	21	23
251	207	19	22
250	206	20	22
255	205	18	23
253	205	20	22
255	204	20	22
256	206	19	22
258	206	19	22
257	205	20	21
258	205	20	22
260	204	20	22
260	205	20	22
262	205	20	21
262	205	19	22
262	206	20	22
263	206	20	22
263	204	19	23
264	206	20	21
264	208	19	22
264	209	19	22
265	211	19	22
265	212	19	22
266	213	19	22
265	213	19	23
266	219	19	21
265	221	19	22
265	221	19	23
265	222	19	23
265	223	19	23
266	224	19	23
265	226	19	23
265	227	19	23
264	228	20	23
265	228	19	23
265	229	19	24
265	230	19	24
265	230	19	24
265	232	19	23
265	233	20	24
265	233	20	23
265	234	20	24
265	236	19	22
266	236	19	23
266	236	20	23
267	235	20	24
267	235	19	23
268	233	19	23
268	231	19	24
269	230	19	22
270	229	19	22
270	226	19	22
272	225	19	23
272	225	19	23
273	225	19	22
274	224	18	22
275	223	19	23
276	223	19	23
277	223	19	23
278	222	18	22
279	221	18	23
279	221	19	21
281	219	18	22
281	219	18	22
281	218	18	22
282	218	18	22
282	217	18	23
282	217	18	22
283	217	18	22
283	218	19	22
284	219	18	21
284	219	18	22
284	219	18	23
284	219	18	21
284	220	19	23
283	222	19	22
283	221	19	23
282	222	19	22
281	221	19	22
281	223	19	22
281	224	19	23
280	225	19	23
280	227	19	22
279	226	18	24
277	229	18	22
277	231	19	22
276	231	19	23
274	230	19	23
272	229	19	24
269	228	20	22
268	227	19	23
266	227	19	22
262	226	20	23
261	227	19	22
257	224	20	23
255	223	19	22
251	222	19	21
250	219	18	23
245	216	20	22
244	214	19	23
241	213	20	22
235	212	21	22
231	212	19	21
227	210	22	23
227	210	21	24
225	210	21	24
224	208	21	24
220	208	22	23
220	207	21	24
218	208	21	23
217	207	22	24
218	208	22	24
216	207	23	24
217	207	22	25
219	206	22	24
220	208	21	23
223	208	20	23
225	209	20	23
226	210	21	23
228	210	22	24
228	212	20	23
236	214	20	22
238	216	19	21
244	216	19	21
247	215	18	22
253	214	19	22
256	215	18	22
261	215	20	21
263	214	19	21
269	213	18	22
271	214	19	21
275	212	18	22
276	212	18	21
279	211	18	21
281	211	17	21
284	211	17	21
283	211	18	21
283	212	19	21
283	212	19	21
283	212	19	21
283	212	19	21
281	214	18	22
281	214	19	21
279	213	18	22
277	213	18	21
273	213	19	22
271	213	19	21
267	213	19	22
263	214	19	21
262	212	18	21
259	212	19	21
254	211	20	22
252	212	19	22
248	211	19	23
246	210	20	21
243	208	20	23
238	206	20	23
237	206	20	22
228	204	22	22
226	204	23	24
225	203	22	24
219	204	23	23
218	202	23	23
215	202	21	22
213	202	20	22
211	200	20	21
209	201	20	21
208	201	20	21
206	201	20	21
205	202	20	20
204	201	19	21
203	201	19	21
204	201	19	20
204	200	19	21
204	201	20	20
204	202	19	21
205	202	19	22
206	202	18	21
206	202	19	21
207	200	19	20
208	201	19	20
209	201	19	21
208	201	20	21
210	201	21	22
210	198	20	22
210	199	19	21
210	199	20	20
210	198	20	21
210	198	19	20
210	199	19	21
209	198	19	20
209	199	18	20
208	200	20	20
206	199	19	20
205	200	18	20
203	199	17	20
201	200	18	19
200	199	19	18
196	200	19	19
193	199	19	19
189	199	20	20
187	200	19	19
183	199	18	19
180	199	19	20
177	199	19	20
175	198	18	20
171	198	20	19
170	198	20	20
169	198	21	19
165	199	21	21
165	196	22	23
166	190	29	28
169	189	35	22
174	188	30	23
174	187	27	22
174	191	28	24
173	190	30	23
161	193	23	26
162	198	25	28
167	194	31	35
165	199	29	29
166	190	28	32
170	194	23	28
174	197	23	22
177	199	21	22
179	201	22	21
185	203	19	21
187	205	20	21
192	206	19	20
195	205	21	21
197	207	22	19
205	205	18	23
207	207	20	22
214	208	20	21
215	208	19	23
217	207	19	22
222	206	20	24
225	208	20	23
227	209	21	23
232	211	21	22
233	211	21	22
235	210	21	22
239	210	22	22
241	211	21	22
242	211	21	22
247	212	20	21
247	212	20	21
249	213	19	22
250	212	19	22
252	213	19	22
251	214	19	22
253	215	19	22
253	215	18	21
253	215	19	22
252	213	19	23
252	215	18	22
251	215	18	21
250	214	18	21
249	214	18	22
248	212	18	22
247	212	19	22
247	213	19	21
246	212	19	21
245	212	20	22
245	212	19	22
244	212	20	22
245	212	20	23
244	213	19	21
246	213	19	22
245	214	20	22
246	214	19	22
246	215	20	22
246	214	20	22
249	215	19	23
250	216	20	22
252	216	19	22
253	217	19	22
253	218	20	21
256	219	19	21
258	218	19	22
260	219	19	21
261	221	20	22
263	221	20	22
266	220	20	22
267	221	20	21
270	221	20	22
271	221	20	21
273	220	20	22
274	220	20	22
275	220	20	21
277	220	20	21
277	220	20	21
278	219	19	22
279	219	19	22
278	219	19	22
278	220	19	22
278	219	20	23
276	219	20	22
275	219	19	22
273	220	19	22
273	221	19	22
270	221	19	22
269	220	19	22
265	219	20	22
264	219	19	22
262	220	19	22
259	221	19	22
257	220	19	22
252	220	20	22
250	219	20	22
248	219	20	22
244	219	20	23
242	219	21	23
240	218	21	23
236	217	20	24
232	215	20	23
227	214	24	23
227	215	21	24
224	214	22	24
223	213	22	23
221	212	21	23
220	212	21	23
219	211	22	24
218	213	20	22
216	213	21	22
215	212	20	23
214	212	20	24
214	212	21	23
214	213	20	24
214	213	19	23
214	213	20	23
214	212	20	23
214	213	20	21
214	212	20	21
215	212	20	22
216	211	20	23
216	211	20	22
216	212	20	23
217	212	20	23
218	212	21	22
219	212	21	22
219	210	21	22
221	210	21	22
221	208	21	23
221	208	20	23
221	208	20	21
222	207	20	23
221	207	19	24
220	207	20	22
220	207	20	22
219	207	20	22
217	207	20	22
215	207	19	22
214	206	19	22
213	206	18	23
211	204	19	25
209	205	19	22
206	204	19	22
204	203	18	23
201	204	20	23
199	206	19	20
197	207	21	19
192	207	18	20
191	205	18	22
190	203	19	23
185	202	20	23
185	202	19	21
183	202	19	20
179	202	19	20
178	203	20	19
175	201	19	22
174	199	19	21
170	200	20	21
168	200	22	22
169	200	20	20
168	200	19	22
166	200	19	21
164	201	20	19
165	201	19	20
163	202	18	21
162	201	19	21
161	202	18	21
161	200	20	23
161	200	19	22
161	200	18	23
159	199	19	22
159	199	19	22
159	198	20	21
157	199	20	18
161	197	17	20
159	198	19	19
160	197	18	20
159	198	19	19
160	200	19	21
156	204	21	19
159	204	19	20
159	203	20	21
161	202	19	21
160	201	20	21
162	201	19	21
164	201	19	22
164	201	20	23
164	201	20	22
165	200	20	23
165	201	21	21
166	200	21	21
170	200	20	21
169	200	21	19
172	201	20	20
173	199	20	21
174	196	20	21
174	197	20	21
176	193	20	23
176	195	20	20
178	193	20	22
178	192	21	21
179	193	20	21
181	198	20	19
179	200	21	19
181	206	20	18
182	207	20	20
182	211	20	23
181	213	20	23
180	216	21	22
180	215	20	22
178	216	22	21
177	216	21	21
177	219	21	17
176	219	21	18
175	219	21	19
174	217	21	21
173	217	21	21
173	215	21	21
170	212	22	22
170	209	21	24
169	208	21	23
167	205	21	22
167	205	21	20
167	201	20	22
165	197	19	23
163	196	21	22
162	197	22	21
162	197	20	20
161	193	19	21
160	195	19	18
161	191	19	21
162	187	19	23
161	185	19	24
161	183	20	22
160	182	20	22
161	178	20	23
161	176	21	22
161	176	20	23
161	175	20	22
162	176	21	23
163	176	21	22
162	183	21	22
163	184	21	23
167	192	20	22
168	194	19	21
167	196	20	21
169	198	20	22
171	204	20	20
172	204	20	22
176	209	21	21
177	208	21	22
179	208	21	22
182	211	21	22
184	211	20	22
188	212	21	22
191	212	20	22
196	213	21	20
199	210	20	22
203	211	21	22
208	210	20	23
212	210	20	24
214	209	21	23
219	206	21	21
221	203	21	23
225	199	21	25
225	198	22	23
229	195	21	23
230	193	23	24
233	191	21	24
238	187	21	24
239	187	21	23
241	187	21	23
243	188	20	23
244	191	21	23
245	192	21	23
245	195	21	24
247	201	21	23
248	204	20	22
249	211	19	22
250	214	19	22
250	219	19	22
249	220	19	22
248	222	20	22
247	225	19	22
246	226	19	21
245	227	20	21
244	227	20	21
243	225	20	22
242	224	20	22
240	223	20	22
239	222	20	22
238	222	20	22
238	221	19	23
236	219	20	23
236	215	19	22
235	214	19	22
235	210	20	22
236	210	20	22
238	204	20	24
239	204	20	24
241	202	22	23
242	201	21	24
244	204	20	24
246	205	21	23
247	205	20	22
251	206	20	22
253	207	19	21
260	209	18	21
261	211	19	21
267	215	18	20
267	217	19	20
274	224	18	20
275	224	20	23
281	229	21	22
284	231	19	22
286	233	20	22
290	234	19	21
292	233	19	22
297	232	20	22
299	233	20	22
304	230	19	23
306	228	20	22
308	228	20	22
312	226	20	22
313	223	20	22
318	223	21	21
320	223	20	22
322	223	20	22
324	224	20	21
326	223	19	24
326	223	20	23
326	224	20	23
327	225	20	23
326	228	20	23
326	230	20	23
324	230	20	24
320	229	20	23
318	230	20	24
313	228	20	23
310	228	20	24
307	229	20	24
300	229	21	24
296	227	22	23
291	228	21	24
287	228	22	24
283	227	22	22
277	229	22	23
269	225	20	23
267	224	20	22
263	225	20	22
256	223	21	22
251	220	21	23
245	215	21	22
241	211	22	22
238	211	21	21
235	208	21	22
232	206	22	22
227	204	22	23
225	203	22	24
224	200	22	25
221	201	22	25
221	199	22	26
219	199	23	26
219	200	23	24
217	200	23	25
217	204	21	23
217	206	20	22
217	210	20	22
216	211	20	22
218	211	20	21
219	210	21	21
218	208	22	22
219	205	22	23
220	204	22	23
220	202	22	24
219	200	22	25
218	201	22	24
218	202	22	24
218	201	21	23
218	205	20	22
217	205	19	22
216	205	20	22
215	208	18	21
213	208	19	21
212	208	19	22
208	206	19	22
207	204	19	23
203	201	18	20
201	201	19	19
198	199	19	19
193	196	19	20
190	195	21	21
189	192	21	22
184	190	21	21
183	189	22	22
181	191	24	23
176	189	21	22
172	191	25	28
168	198	35	34
163	195	32	42
169	192	37	35
165	191	44	36
166	188	36	28
158	201	23	27
157	207	21	22
158	209	20	22
156	211	20	21
156	215	20	21
156	216	21	22
157	218	19	21
158	220	20	21
158	221	20	21
159	222	18	22
159	225	20	22
161	226	21	23
161	226	20	24
166	229	19	22
167	229	20	23
171	229	20	23
171	230	21	22
174	225	20	24
175	224	20	23
175	226	20	23
178	220	20	24
178	218	20	22
180	214	19	22
181	210	19	22
181	208	19	21
182	206	18	20
182	200	18	19
180	197	18	19
179	194	18	19
178	189	18	22
175	182	19	22
174	181	19	23
173	180	20	21
170	175	19	22
169	175	21	21
167	176	21	20
166	173	20	21
165	178	20	23
162	180	21	22
162	181	20	23
160	192	21	21
159	195	19	19
155	198	21	20
155	201	20	21
156	209	20	21
154	210	19	21
154	213	19	22
153	217	20	21
153	218	20	21
153	220	20	21
154	221	20	22
154	223	20	23
155	225	21	23
155	225	21	23
157	229	21	23
157	230	21	22
158	230	21	23
160	229	21	23
162	227	21	24
162	225	22	24
163	223	22	23
164	221	21	23
165	216	21	23
165	213	21	23
166	210	21	23
166	207	21	23
167	207	20	23
166	203	20	23
166	201	20	22
165	196	20	22
165	195	20	22
163	191	20	22
161	191	20	22
161	186	20	23
160	183	19	22
159	180	19	22
157	179	19	22
158	176	18	23
158	176	18	22
153	175	20	22
154	176	19	23
155	178	18	22
156	180	16	23
155	180	15	28
154	182	19	23
154	181	19	25
156	184	19	26
159	189	22	24
161	190	19	23
160	194	19	21
160	198	22	19
163	198	20	21
166	201	23	22
172	203	21	19
178	204	21	20
184	205	20	20
190	207	21	21
193	209	20	21
196	212	21	21
199	211	21	21
206	212	20	21
209	211	21	21
215	212	20	21
216	212	20	22
219	210	21	23
223	208	21	23
226	207	21	23
228	206	22	21
232	204	20	22
236	203	20	22
236	203	21	21
237	203	21	21
240	199	20	23
241	199	21	21
242	199	21	20
243	197	21	21
244	197	21	21
245	199	20	21
245	201	21	22
246	205	21	24
245	206	21	22
245	208	20	24
246	211	20	21
246	214	19	21
246	217	20	22
244	218	20	22
245	221	19	22
245	220	20	22
245	217	20	23
245	215	20	21
245	212	20	22
246	212	20	21
246	209	21	22
247	206	21	23
248	203	22	25
249	202	21	24
251	202	21	22
254	203	20	22
256	204	21	21
258	205	20	21
261	208	21	23
263	210	21	23
267	216	20	21
270	218	21	23
272	220	21	22
274	222	21	22
278	226	21	23
280	226	21	23
286	228	22	23
288	228	20	23
290	227	21	24
294	228	21	23
296	229	20	23
301	226	20	24
304	223	21	23
306	221	21	22
308	218	21	22
312	217	20	22
314	216	20	22
315	215	20	22
317	214	21	22
318	214	20	21
320	213	21	20
321	214	20	21
322	213	21	22
322	214	20	22
323	214	21	23
323	215	20	22
323	216	20	22
323	220	20	22
323	221	20	22
321	224	20	24
319	226	19	24
319	229	20	23
317	229	19	23
316	230	19	24
315	231	19	23
313	232	19	23
312	232	19	24
310	231	20	24
310	230	20	23
309	230	20	23
308	229	20	25
307	226	20	25
307	226	20	24
307	225	20	24
306	223	20	23
306	223	20	22
307	221	20	23
307	222	20	22
307	222	20	22
308	221	20	22
310	220	20	22
310	220	20	20
313	222	19	22
314	223	20	22
316	224	19	23
317	225	20	22
319	225	20	23
321	227	20	23
323	229	20	23
324	230	20	23
326	232	20	24
328	231	20	23
332	235	20	23
333	236	20	22
334	238	20	22
336	237	20	23
336	235	20	22
336	235	21	21
337	236	20	22
338	234	20	23
338	235	20	22
337	235	20	21
337	232	21	22
337	230	20	22
336	231	20	22
336	229	20	22
335	230	20	21
335	228	20	22
333	223	19	23
332	225	20	22
330	225	20	21
329	223	20	21
327	221	20	23
326	222	20	21
324	222	21	21
322	221	20	23
320	224	21	21
318	221	20	23
318	223	20	21
315	219	19	23
314	218	20	21
311	214	20	23
310	214	21	21
308	204	21	21
306	194	19	21
305	186	20	25
303	182	20	21
302	174	19	20
301	170	18	20
300	166	19	21
297	166	19	20
296	162	20	21
295	157	19	23
293	157	19	21
292	154	20	20
291	151	19	18
289	148	18	17
288	145	19	18
285	142	20	20
285	143	19	17
284	144	19	17
283	144	20	20
286	145	18	19
286	146	19	18
287	147	20	18
291	147	20	19
296	153	20	19
299	154	20	21
299	151	20	23
300	154	22	23
300	155	21	22
301	156	22	21
302	156	23	22
306	153	23	24
308	152	24	23
314	151	24	24
317	150	26	24
324	148	25	26
330	141	24	26
331	136	24	27
333	132	24	25
334	125	23	25
334	123	24	25
334	124	24	24
328	119	24	25
327	118	24	24
323	113	24	26
322	110	22	23
318	102	22	25
313	95	23	25
308	86	21	25
308	81	21	25
307	77	20	22
308	61	21	22
313	51	21	23
317	39	23	21
320	34	19	20
329	25	21	23
339	21	25	24
346	19	23	26
359	25	22	23
369	26	19	25
381	37	21	20
387	40	20	20
400	47	21	20
405	50	20	20
423	62	19	19
426	64	19	18
