38	144	25	86
38	143	24	86
38	143	25	86
39	144	24	86
38	143	25	86
39	143	25	86
39	144	25	87
39	144	25	86
40	143	25	86
41	143	25	86
41	143	25	86
42	143	25	86
42	144	25	86
41	143	25	87
42	144	26	85
42	143	26	85
43	144	25	86
43	144	26	85
43	144	26	85
43	143	26	85
44	144	26	85
43	144	26	86
43	144	26	85
43	143	26	85
42	143	25	87
42	143	26	86
41	143	25	86
41	144	25	87
40	144	25	86
40	143	25	86
40	143	25	86
40	143	25	86
40	144	24	86
39	143	25	86
39	143	25	86
39	143	25	86
39	143	26	86
40	143	26	86
40	144	26	86
40	143	26	86
40	144	26	86
39	144	26	86
40	143	26	86
40	144	27	85
40	144	26	86
39	143	26	86
38	144	27	85
37	144	27	86
39	144	28	86
38	145	28	83
38	144	29	83
38	144	29	82
37	144	29	84
38	143	29	83
37	144	29	85
38	144	29	82
39	144	27	82
38	143	26	80
38	144	27	81
38	144	27	81
38	143	26	81
38	145	26	81
38	145	26	83
37	144	27	83
37	144	28	85
36	145	29	78
37	145	29	77
36	144	30	71
35	145	29	74
36	144	29	74
35	145	28	75
35	143	29	74
35	143	30	79
36	143	31	81
34	140	32	87
17	114	36	89
23	114	37	91
23	111	38	93
29	146	36	83
33	146	35	78
35	145	31	78
34	145	31	74
34	144	30	79
35	144	30	79
34	146	30	78
34	145	30	78
35	144	29	81
34	145	29	82
35	145	29	82
35	143	30	84
35	145	30	83
35	144	29	85
35	144	30	85
36	145	29	85
35	145	29	85
36	145	29	84
36	145	28	85
36	144	28	85
36	145	28	84
36	145	28	84
36	145	29	85
36	144	28	85
36	145	28	84
36	144	27	85
36	145	28	84
35	145	28	84
36	145	28	84
36	144	28	85
36	144	28	85
35	144	27	85
35	145	27	84
35	145	28	84
35	145	27	84
36	144	28	84
36	144	27	85
36	145	28	84
36	144	27	85
36	144	27	84
36	145	27	84
36	145	27	84
36	144	27	84
36	145	27	85
36	144	27	84
36	144	27	85
36	145	27	84
36	144	27	85
36	145	27	85
36	144	27	84
36	144	27	85
36	144	27	84
36	145	27	84
36	144	27	84
36	144	27	85
36	144	27	84
36	144	27	84
36	145	27	84
36	144	27	85
36	144	27	85
36	144	27	84
36	144	27	84
36	144	28	85
36	145	27	84
36	144	27	85
36	144	28	84
36	144	27	85
36	145	27	84
36	144	28	85
36	144	28	85
36	144	27	85
36	145	27	84
36	144	27	85
36	145	27	84
36	144	27	85
35	144	27	85
36	144	27	84
36	145	27	85
36	144	27	84
36	144	27	84
37	145	27	84
36	145	26	85
36	144	27	84
36	145	27	84
36	145	27	84
37	145	28	84
36	144	27	85
36	145	27	84
36	144	27	85
36	144	27	85
36	144	27	84
37	145	27	84
35	144	27	85
36	145	27	84
36	145	27	85
36	145	27	85
36	145	27	84
36	145	27	84
36	145	27	85
36	145	27	85
36	144	28	85
36	145	27	84
36	144	27	85
36	144	27	85
36	145	27	84
35	144	27	84
36	144	27	84
36	144	27	85
36	145	27	84
36	145	27	84
36	145	27	84
36	145	27	85
35	145	27	84
36	145	27	84
36	145	27	84
35	145	27	85
36	145	27	84
35	144	28	85
35	144	28	84
35	145	28	84
35	144	27	85
35	145	27	85
35	145	27	84
35	144	27	84
35	145	27	84
36	145	27	85
36	144	27	85
35	144	27	85
35	145	27	84
36	144	27	85
36	145	27	84
36	144	27	85
35	144	27	85
36	144	27	84
35	145	27	84
36	145	27	84
35	144	27	85
36	144	28	84
35	144	27	84
35	145	28	84
35	145	27	84
36	145	27	84
36	144	28	85
35	145	27	84
36	145	28	84
35	145	27	85
35	144	27	85
35	145	28	84
36	145	28	84
35	144	28	85
35	144	27	85
35	145	28	84
36	145	28	84
36	144	28	85
36	145	27	84
36	144	27	85
36	145	27	84
36	144	28	84
36	144	27	85
36	144	27	84
36	145	27	84
36	144	28	84
35	145	27	85
36	145	27	84
36	144	27	85
35	145	27	84
35	145	27	84
36	145	27	84
36	145	28	85
36	144	27	85
35	145	27	84
36	145	27	84
35	144	28	85
35	144	27	84
35	144	28	84
35	145	28	84
36	145	27	84
36	145	27	85
35	145	27	85
35	145	28	84
35	145	28	84
35	145	28	85
35	145	28	84
36	145	27	85
36	145	28	84
36	144	27	85
36	144	27	85
35	144	27	84
35	144	28	84
35	145	28	84
35	144	28	84
35	145	28	84
36	144	28	85
35	145	28	84
35	144	28	85
36	145	27	84
35	144	28	84
35	145	28	84
36	145	28	84
36	145	28	85
35	145	28	84
35	144	28	84
35	144	28	85
35	145	28	84
35	145	28	84
35	145	28	85
35	145	28	85
35	145	28	84
36	144	27	85
35	144	27	85
35	144	28	85
36	145	28	84
36	145	27	84
36	145	27	84
35	145	28	84
35	145	28	84
35	145	27	85
35	144	28	85
35	145	27	84
36	146	27	84
35	145	28	84
35	144	28	85
35	144	28	85
35	144	28	85
35	145	27	84
36	145	28	84
36	144	28	85
35	144	28	85
35	145	28	84
35	144	28	85
36	145	28	84
35	145	28	85
35	144	28	85
35	145	27	84
35	145	28	84
35	144	27	85
35	144	28	85
36	145	28	84
35	145	27	85
35	145	27	84
35	144	28	85
35	145	28	84
35	145	27	85
36	145	27	84
35	146	28	84
36	144	28	85
35	144	28	84
36	144	28	84
35	144	28	85
35	145	28	84
35	144	28	85
35	145	28	84
35	145	28	84
36	145	28	84
35	144	28	85
35	145	28	84
36	145	28	84
35	144	28	85
35	145	29	84
35	145	28	85
35	144	28	84
35	145	28	84
35	145	28	84
35	145	28	84
36	145	28	84
35	145	28	84
35	145	28	84
35	144	27	85
36	145	27	84
36	145	27	84
35	145	27	84
36	144	28	85
35	145	28	84
35	145	28	84
35	144	28	84
35	145	27	84
36	145	28	84
36	144	28	84
36	144	27	85
36	144	27	84
35	145	27	84
35	144	28	85
35	144	28	84
36	144	28	85
35	144	28	85
36	145	28	85
36	145	28	85
36	144	28	85
36	144	28	85
37	145	28	85
38	146	28	85
39	145	29	86
40	146	29	86
41	146	29	86
43	146	29	86
43	146	30	87
45	145	31	87
45	146	31	87
45	146	31	87
46	147	31	87
47	148	32	87
48	148	31	87
49	148	31	88
50	148	32	88
50	148	32	89
51	148	32	88
52	148	32	89
53	149	32	88
54	150	32	88
56	152	31	88
56	152	31	88
58	151	32	89
58	150	32	89
59	150	33	90
59	150	33	91
60	152	33	91
60	152	32	91
61	154	32	90
62	154	32	90
62	154	33	91
63	153	33	91
64	153	34	92
66	155	34	92
66	157	34	91
68	158	33	92
68	158	34	92
69	157	34	93
70	156	34	94
70	157	35	95
71	157	35	96
71	158	34	94
72	160	34	95
73	161	34	95
74	161	34	95
74	160	34	95
76	160	34	96
77	161	34	96
78	162	34	95
80	164	34	95
81	165	35	96
83	164	35	97
84	163	35	97
85	163	35	98
86	163	35	98
88	166	34	98
89	166	34	98
90	166	35	99
92	166	36	100
95	166	36	99
96	167	36	99
98	168	37	99
100	170	36	100
102	170	36	100
106	169	36	100
107	169	37	101
108	171	38	102
110	173	37	102
112	173	36	102
112	174	37	101
113	174	37	101
114	174	36	101
115	174	36	101
115	175	38	102
116	175	38	101
117	178	37	101
118	178	38	102
120	179	38	102
122	179	37	102
123	178	37	102
124	177	37	103
124	178	39	104
124	180	40	105
126	180	39	105
127	180	40	105
128	181	40	105
128	181	40	106
130	181	39	105
131	180	40	106
132	181	39	107
135	182	38	106
136	184	38	106
138	184	38	107
140	184	39	107
142	184	39	108
144	184	39	108
145	184	41	110
148	187	40	109
150	187	40	110
151	188	41	110
152	188	43	110
153	188	43	110
157	187	42	111
158	189	46	111
162	191	50	110
165	192	49	109
170	192	46	111
177	192	43	111
187	192	36	111
193	192	35	112
197	194	35	111
202	196	38	111
208	196	36	112
210	197	34	111
214	195	33	112
216	194	32	113
219	195	32	113
220	195	35	112
222	195	38	112
218	196	43	115
224	196	39	113
226	195	36	112
230	197	34	109
230	198	34	102
231	199	35	108
230	199	38	111
231	201	38	110
232	201	38	110
232	201	39	111
233	200	40	112
233	201	42	111
232	204	47	111
231	205	50	112
240	206	42	113
246	205	38	112
250	205	37	112
251	206	37	112
251	206	37	112
252	208	38	113
253	210	38	112
255	213	39	115
254	213	42	111
251	213	46	109
250	212	50	114
253	215	49	115
255	216	47	116
257	218	48	116
258	219	48	114
260	218	49	114
262	218	49	115
265	218	48	115
270	219	45	112
269	220	46	119
270	221	48	121
273	223	47	122
272	223	51	122
279	223	47	119
280	223	46	120
283	226	45	121
287	229	45	122
291	230	43	123
291	230	44	124
293	229	45	123
294	228	45	125
296	229	47	127
296	232	48	129
298	233	49	131
299	234	49	131
302	234	48	130
303	234	48	130
304	234	48	130
305	236	48	131
306	237	49	132
308	240	49	132
311	241	48	133
314	242	47	133
317	242	46	131
317	242	46	132
317	244	47	134
317	247	47	135
318	247	46	134
318	248	46	133
320	248	47	133
322	247	47	135
323	248	47	136
324	249	46	137
325	250	42	138
327	252	43	137
330	251	45	137
332	251	47	139
336	251	50	139
339	250	51	140
340	250	52	140
342	251	54	141
345	254	53	140
346	254	53	140
348	253	51	141
351	253	49	141
353	253	47	141
355	254	48	141
357	254	49	142
357	255	51	143
358	255	51	144
358	257	53	144
358	257	54	144
359	257	53	143
359	257	53	143
360	257	52	143
361	258	51	143
360	258	51	143
361	258	49	143
362	258	49	142
363	258	47	143
364	258	48	143
365	258	47	143
367	258	47	143
369	259	48	142
369	258	48	142
369	258	48	142
370	259	48	143
369	258	49	143
370	258	48	142
371	259	48	143
371	259	48	142
372	259	46	142
371	259	46	143
370	259	45	143
370	259	45	143
369	259	45	143
370	260	45	143
369	259	45	143
368	259	44	143
368	259	44	142
368	260	44	141
367	259	45	142
367	260	45	142
366	260	45	142
366	261	45	141
365	261	45	141
364	261	46	141
364	260	46	142
364	261	46	142
365	261	45	141
365	261	46	142
365	262	45	141
366	261	45	142
366	262	45	142
367	263	45	142
368	263	46	143
369	264	46	143
370	264	46	143
371	264	46	143
372	264	47	144
372	264	47	143
372	264	47	143
371	264	47	144
370	265	48	145
370	265	47	146
370	266	47	146
368	267	47	146
368	266	47	146
367	267	47	146
365	268	46	145
365	268	46	145
363	268	47	145
362	267	47	146
361	268	47	145
360	268	46	146
359	268	46	146
359	268	46	145
358	268	45	145
357	267	46	145
357	267	46	146
355	267	47	147
355	267	46	146
354	267	45	145
354	267	45	146
354	268	44	145
353	267	45	145
352	263	46	145
348	259	48	151
346	262	46	147
346	264	46	144
346	263	45	145
342	263	48	145
337	263	51	145
335	263	52	144
334	263	50	144
334	263	49	144
332	262	50	145
331	262	51	144
328	262	52	144
328	261	50	144
326	261	48	143
324	260	46	143
322	260	45	144
321	260	44	144
321	259	43	144
320	258	44	144
320	258	43	143
320	258	43	143
319	258	44	142
318	257	44	141
318	257	45	142
318	257	45	142
315	257	46	142
314	256	46	142
311	256	48	141
309	257	49	141
309	257	47	141
309	256	45	141
307	256	45	142
304	255	46	142
303	254	45	140
301	254	45	140
300	254	44	141
299	253	44	140
298	253	44	140
296	253	44	140
295	252	44	142
294	249	44	141
293	248	43	138
291	248	43	138
289	248	44	137
287	248	44	137
285	248	44	137
283	247	45	137
281	245	45	137
279	244	45	135
279	243	44	135
277	242	44	136
276	241	44	136
274	241	44	136
274	242	44	135
274	241	43	136
273	240	43	136
271	238	43	134
270	235	43	132
270	236	42	131
268	235	42	130
266	235	42	132
266	235	42	131
266	233	42	131
265	231	41	129
264	229	41	129
264	229	42	129
263	228	42	129
263	227	43	130
263	227	43	126
263	226	44	129
265	224	43	129
265	225	43	129
266	221	43	127
267	220	43	127
267	220	44	125
210	194	43	105
215	194	44	105
222	196	43	103
230	197	40	103
240	195	40	106
246	194	38	105
251	193	43	107
257	195	44	107
271	199	46	137
275	198	44	141
278	201	45	132
285	203	45	104
311	197	40	104
279	209	41	116
277	205	42	119
277	203	42	117
277	203	42	118
277	203	42	119
277	202	42	120
277	200	41	117
276	199	41	116
275	199	41	116
274	200	40	115
273	200	40	114
272	200	40	114
270	198	41	113
270	195	40	114
268	194	41	115
267	195	41	115
267	195	40	114
267	195	38	113
265	193	37	110
264	190	37	110
261	191	38	111
259	191	37	110
257	188	38	109
256	187	38	109
253	186	39	110
253	187	38	109
254	186	38	110
253	185	38	110
252	184	37	109
252	182	37	107
250	182	36	108
249	183	36	106
247	183	36	105
246	183	37	105
244	180	37	105
243	178	37	106
242	178	38	106
241	178	38	107
240	179	38	106
241	179	37	106
239	179	36	106
237	177	37	105
237	176	36	103
234	176	36	103
234	176	35	103
233	177	35	103
230	176	35	101
229	176	35	103
226	175	37	101
225	173	36	103
224	172	37	103
221	173	37	103
221	172	37	103
220	173	36	102
219	173	35	102
217	172	36	103
215	171	36	101
214	170	36	101
212	170	35	102
212	170	35	101
209	170	34	101
208	170	34	100
207	171	34	100
204	170	34	100
201	168	35	100
200	169	34	100
198	167	35	99
197	168	35	100
195	168	35	100
194	169	35	99
194	168	35	99
192	167	34	100
190	167	35	99
188	166	34	98
186	165	35	94
186	164	35	82
184	164	33	83
180	163	34	82
177	164	35	76
174	161	35	86
174	163	34	87
171	163	36	90
170	164	36	88
168	163	36	86
167	163	37	89
166	162	36	88
164	161	36	85
161	161	35	91
160	160	33	94
157	160	34	95
155	160	35	95
152	160	36	95
150	160	35	96
149	159	35	95
144	158	33	94
142	158	32	94
138	158	31	94
137	159	30	93
134	158	32	93
128	158	35	93
125	159	35	93
122	159	38	99
122	158	38	99
118	156	34	98
113	155	29	92
112	155	29	89
108	156	32	90
106	157	30	90
103	155	31	91
101	155	28	92
100	155	28	92
96	155	28	92
95	155	29	92
94	156	31	91
91	155	32	91
90	155	33	93
87	154	33	92
86	154	32	93
85	154	32	92
86	153	31	92
84	154	32	93
84	153	31	93
85	153	31	92
84	153	31	92
83	154	31	92
83	152	31	92
83	152	32	92
83	151	32	93
82	152	32	93
81	152	32	92
81	152	32	92
80	152	32	92
80	151	31	92
79	152	32	92
79	152	31	92
78	152	32	92
77	152	32	92
77	151	32	92
76	151	32	92
75	152	33	93
75	152	33	93
74	151	33	93
75	151	33	93
75	151	33	93
75	151	33	92
75	151	32	93
76	151	33	93
76	151	32	92
77	150	32	93
77	151	32	93
77	151	32	93
77	151	32	93
77	151	32	92
77	151	33	92
77	151	33	93
78	151	32	93
77	151	33	93
77	151	33	93
77	150	35	93
77	150	34	93
75	150	36	94
75	150	37	94
75	151	37	93
75	150	37	94
74	151	39	93
75	151	38	93
74	150	38	93
74	150	37	93
72	151	39	93
71	151	39	94
70	151	39	93
68	150	42	93
65	150	43	93
66	151	41	93
69	150	37	93
70	151	36	93
74	151	34	93
72	151	36	93
71	151	36	93
74	150	34	93
73	152	35	93
72	151	36	94
72	152	36	93
74	151	35	93
74	150	36	93
74	152	36	92
75	152	35	93
75	151	36	93
75	151	35	93
74	152	36	93
75	151	36	93
75	151	36	93
75	151	36	93
75	151	36	92
76	150	35	93
74	152	37	92
73	151	38	93
74	151	38	94
74	151	37	93
74	151	38	93
74	151	38	93
75	150	37	93
75	151	38	93
76	150	37	94
77	150	36	93
78	151	34	93
79	150	33	94
79	151	33	93
79	150	34	94
78	150	34	94
77	150	35	94
78	150	34	94
77	149	35	94
77	149	35	94
77	149	35	94
77	150	35	94
77	150	36	94
78	150	36	94
77	149	36	94
77	149	36	94
78	149	34	94
77	150	35	93
77	150	36	94
77	149	36	95
76	150	37	94
76	150	37	94
76	151	37	94
77	149	37	94
76	150	36	93
77	149	35	94
77	151	36	93
77	150	36	94
77	149	36	94
78	150	36	94
76	151	36	94
78	150	35	94
77	149	34	94
75	151	37	91
76	150	38	94
76	151	38	86
76	150	36	86
77	150	35	92
78	150	34	93
77	152	34	92
77	151	33	93
76	151	34	93
77	150	33	93
77	150	33	93
77	151	33	93
76	151	34	93
77	151	33	92
76	151	34	93
77	151	34	93
77	150	33	93
77	150	34	94
76	150	34	94
76	150	35	94
76	150	35	93
76	150	34	94
76	150	34	94
76	149	35	94
76	151	35	94
77	150	34	94
77	150	34	94
77	150	34	93
76	150	34	93
77	150	35	94
77	149	35	94
77	150	34	94
78	150	33	93
78	150	32	93
78	150	32	93
78	151	32	93
78	151	32	93
77	151	34	93
77	150	34	93
77	150	34	93
78	150	34	94
77	150	34	94
77	150	33	94
78	151	32	93
78	151	32	93
78	151	32	93
78	151	32	92
77	151	32	92
77	151	32	93
77	151	32	93
78	150	32	93
78	151	32	93
78	151	32	92
78	151	32	92
78	151	32	92
78	151	33	93
79	151	33	93
78	151	33	93
80	151	33	92
81	152	33	93
82	152	32	93
82	152	32	92
82	152	32	91
82	152	32	92
82	152	31	92
82	152	31	92
81	153	32	92
81	152	32	92
82	152	32	92
82	152	31	92
82	152	31	92
82	153	31	92
83	152	30	91
82	153	31	92
83	152	31	91
83	152	31	91
83	152	31	92
82	152	31	91
83	152	31	91
83	152	32	92
83	153	31	91
82	153	31	92
82	153	32	92
82	153	32	92
82	153	32	91
83	152	32	91
82	153	32	92
82	153	32	92
83	153	32	92
82	152	32	92
82	153	32	92
83	153	32	92
83	152	32	92
83	152	32	92
83	152	32	92
82	153	32	91
82	152	32	91
82	152	32	92
82	152	32	92
83	153	32	92
82	153	32	91
82	152	32	91
82	152	32	92
82	152	32	92
83	153	32	92
83	153	31	91
82	152	32	91
82	153	32	92
83	152	32	91
83	153	32	92
82	152	32	91
82	152	32	91
82	153	32	91
82	153	32	91
82	153	33	91
82	153	32	91
83	153	32	91
82	153	32	92
82	153	31	91
83	152	32	91
82	153	32	92
82	153	32	91
83	152	32	92
82	153	32	91
82	153	32	92
82	153	32	91
82	152	32	91
82	152	32	92
81	152	32	91
82	152	32	92
82	152	32	91
81	152	32	91
82	152	32	92
82	153	32	92
82	153	32	92
81	153	32	91
82	153	32	92
81	153	32	92
82	152	32	91
81	152	32	91
81	153	32	92
81	153	32	92
81	152	32	92
81	153	32	92
82	153	32	91
81	153	32	91
82	153	32	92
82	153	32	91
83	152	33	92
83	152	32	92
84	153	33	92
84	153	33	91
85	153	33	92
85	153	34	92
84	153	34	92
85	154	35	92
86	155	35	92
86	156	35	90
86	155	35	90
87	155	35	90
89	156	35	89
89	157	34	90
90	157	36	90
91	157	36	91
93	159	35	90
94	159	37	90
95	158	40	91
95	158	41	93
96	158	42	93
94	158	45	94
95	159	46	93
96	160	46	93
95	161	47	93
95	161	47	93
97	161	44	93
99	161	41	92
104	161	37	93
105	162	36	95
108	163	35	94
109	164	36	93
111	163	36	93
112	163	37	94
114	162	37	97
114	162	37	97
115	164	38	97
116	164	38	98
117	166	37	98
118	166	37	97
119	166	37	98
122	165	35	97
123	165	36	98
126	168	34	97
128	169	33	97
129	170	33	97
129	169	35	98
129	169	36	100
130	169	37	100
129	170	37	101
131	172	36	100
131	172	37	101
132	173	37	101
132	173	36	101
133	172	37	101
134	172	36	102
136	174	36	102
137	176	36	101
138	177	36	101
139	177	37	102
139	175	38	103
139	175	38	104
139	175	39	105
139	177	40	105
139	178	41	106
139	179	41	105
139	179	41	105
141	180	41	106
141	178	41	106
140	180	43	107
140	180	45	107
140	181	47	108
141	182	49	108
141	182	55	108
140	182	53	109
140	182	57	109
139	182	60	109
138	184	58	108
134	187	60	108
136	187	57	110
137	186	57	110
139	188	54	108
142	189	50	107
142	190	50	107
144	193	49	106
146	194	49	107
150	196	46	105
151	197	48	105
149	196	49	106
144	196	51	107
137	196	58	108
140	196	57	108
152	195	49	110
151	195	48	110
152	195	46	112
153	195	43	111
151	194	45	112
150	195	45	113
154	195	43	113
149	195	47	114
145	195	51	114
151	195	48	117
149	196	50	116
150	196	48	115
153	196	47	116
153	196	48	117
155	197	46	117
156	198	46	117
156	199	45	118
157	198	45	118
156	197	43	119
156	198	43	118
156	198	41	119
157	199	39	119
156	200	38	119
157	201	38	118
156	202	38	116
154	202	40	116
152	201	43	115
158	202	43	116
156	201	43	118
153	201	40	115
157	201	41	112
155	202	38	110
155	203	36	116
154	204	38	117
155	205	39	117
154	207	39	117
155	207	39	116
153	208	40	115
152	208	41	115
152	208	42	115
150	208	43	117
152	208	46	118
152	208	46	118
152	210	46	119
155	211	46	118
157	212	45	119
157	211	46	118
158	211	46	118
159	213	46	115
159	213	45	108
162	214	45	98
162	216	43	95
218	216	36	92
217	210	36	97
218	208	37	99
218	211	37	96
216	209	40	101
216	207	41	101
213	206	42	103
210	209	43	100
208	206	44	100
210	202	45	105
209	210	44	98
209	203	44	108
211	209	45	103
204	205	48	115
204	215	52	111
185	221	43	130
188	222	43	129
192	226	41	127
193	224	43	129
195	221	44	131
193	220	48	134
189	205	53	149
188	201	60	150
182	192	68	165
172	184	55	119
164	183	57	112
164	181	56	111
157	179	59	111
155	179	62	113
138	178	73	84
142	180	71	111
140	179	74	110
136	179	77	110
132	179	82	109
129	180	84	109
134	179	79	106
134	180	78	104
137	179	80	104
141	180	80	102
143	180	81	101
148	179	79	104
150	178	72	103
154	178	66	103
149	176	66	104
151	176	53	103
149	175	46	101
151	175	45	101
150	174	46	102
149	174	46	103
147	173	51	104
149	172	58	104
149	171	52	103
144	168	49	103
141	166	51	103
140	166	51	104
140	167	50	103
140	167	49	102
135	168	50	101
135	168	49	102
134	165	49	104
133	165	49	103
131	165	49	102
130	164	50	103
129	164	50	103
128	164	48	102
126	164	50	101
126	164	48	102
125	164	48	101
125	162	46	102
125	160	44	100
124	160	43	99
122	159	43	100
119	160	43	97
117	160	43	98
114	160	44	98
114	159	43	98
113	159	41	99
112	158	39	97
111	158	38	97
110	157	37	98
109	157	39	98
104	157	42	97
101	157	43	97
96	157	46	97
94	158	45	97
90	156	46	97
91	155	42	97
93	154	39	97
94	155	36	95
91	154	35	94
91	155	35	94
87	154	36	94
83	152	37	95
79	151	39	94
77	151	40	94
72	150	42	95
72	149	42	97
70	150	42	95
68	150	41	95
67	151	41	94
66	150	40	94
64	148	39	93
64	148	38	93
64	147	35	93
63	147	33	93
63	148	33	91
61	148	33	92
59	147	33	91
57	147	34	92
55	146	34	91
52	144	35	92
50	145	37	92
47	144	37	91
45	144	39	92
44	145	38	92
43	145	39	91
42	144	38	91
40	144	38	91
40	144	37	90
38	142	35	89
39	142	33	90
37	142	32	90
36	143	31	89
35	143	31	89
34	143	31	89
32	142	31	88
29	142	31	88
28	141	30	88
24	141	31	88
22	140	31	89
20	140	31	89
18	141	31	87
19	141	29	87
19	141	29	87
21	141	26	87
21	140	27	85
20	139	28	86
19	139	31	86
19	140	32	85
19	139	36	86
17	140	36	86
17	140	38	86
18	140	37	86
19	140	35	85
19	139	34	86
19	138	32	87
19	138	31	87
19	138	31	87
19	138	32	87
17	139	32	87
17	139	32	86
17	140	33	86
15	139	34	88
16	139	33	87
17	139	32	87
17	139	32	88
18	140	31	87
18	139	32	87
19	138	32	87
19	138	33	88
19	139	34	88
18	137	35	89
18	139	35	87
19	139	35	89
18	139	35	89
19	140	35	89
20	140	35	88
19	142	35	88
19	142	35	87
20	141	34	88
20	141	34	88
20	140	34	89
21	140	33	89
21	141	33	88
21	142	33	87
22	142	32	87
23	142	33	89
23	143	32	88
24	143	32	88
25	143	32	88
26	143	33	89
25	142	35	89
26	142	35	90
26	143	37	90
26	145	37	88
26	146	38	89
27	147	38	89
26	147	38	90
28	145	37	90
29	146	35	89
29	145	35	91
30	144	34	91
31	145	33	90
32	146	33	91
33	147	33	91
34	147	33	90
34	147	33	91
35	147	34	93
36	147	34	93
37	147	37	93
37	148	38	95
37	149	39	94
38	150	40	93
38	151	41	93
39	151	40	93
39	151	39	93
40	151	38	92
42	150	36	94
42	150	35	93
43	151	35	94
44	152	36	95
44	152	35	95
46	154	35	95
48	154	34	93
48	154	34	94
48	153	36	95
49	153	36	95
50	154	35	96
50	155	35	97
50	155	36	95
51	158	36	95
52	158	36	95
52	157	37	96
52	157	37	96
54	157	36	94
54	158	36	95
54	157	37	95
54	159	37	97
56	160	36	96
56	161	37	95
57	162	36	94
59	161	36	95
58	162	37	95
58	162	38	96
59	162	38	96
60	163	37	97
60	164	37	97
60	164	37	96
60	165	38	97
60	166	38	97
59	166	38	96
60	166	37	97
60	166	39	98
60	166	39	99
59	167	40	99
59	167	39	98
60	168	40	99
61	169	41	99
63	169	41	100
64	168	41	101
64	168	42	101
66	168	42	101
66	168	42	102
67	169	42	103
67	170	42	104
68	171	43	103
71	172	42	103
71	172	43	104
72	172	42	102
72	171	43	103
73	172	42	103
73	171	42	104
73	173	44	105
74	174	45	105
74	174	46	105
77	173	44	106
79	174	43	106
82	173	40	106
83	173	40	105
85	174	40	105
86	175	38	103
87	175	38	103
87	176	39	104
91	177	40	105
94	175	42	102
93	173	44	103
93	173	42	105
95	172	41	111
95	171	42	111
96	172	42	112
95	173	44	113
96	175	45	114
100	178	44	114
103	180	42	111
104	180	42	112
108	180	42	113
110	179	43	112
112	180	44	111
113	181	45	114
114	182	46	114
115	182	46	114
117	183	47	115
119	184	47	117
120	184	47	115
123	185	45	112
124	183	44	110
126	184	43	109
126	185	45	117
129	187	45	115
133	187	43	113
137	189	40	114
136	189	44	114
142	188	42	114
143	188	45	117
145	189	46	120
146	189	46	120
151	191	44	117
150	192	46	114
154	193	45	117
149	194	49	121
155	195	47	113
154	193	49	120
154	193	52	122
156	193	54	124
158	195	54	121
161	195	54	121
164	196	54	125
165	198	54	125
170	198	51	124
172	198	50	125
176	198	48	124
176	198	49	124
179	199	48	123
182	200	47	124
182	202	48	124
186	205	45	120
189	204	45	122
193	203	44	125
194	204	43	122
197	204	41	127
200	205	45	124
201	206	40	119
205	208	41	119
208	209	44	120
209	209	44	120
215	208	44	124
218	209	45	125
221	209	46	127
224	213	46	124
224	214	45	123
227	215	45	122
230	214	45	124
232	214	50	127
232	215	52	128
235	214	49	127
240	216	47	127
243	217	47	126
247	219	45	124
249	220	45	125
252	220	47	125
256	219	46	126
261	219	48	131
264	220	49	132
268	222	48	130
268	223	49	128
272	226	49	128
276	227	50	126
278	228	48	127
282	226	50	130
285	227	52	132
290	228	48	132
293	230	50	130
296	230	48	130
300	231	50	132
305	231	50	133
309	231	51	135
311	231	51	135
316	230	53	144
316	232	55	141
321	236	55	136
322	236	56	139
326	238	57	138
327	239	58	137
327	238	58	141
333	238	54	143
342	242	46	140
344	244	46	141
351	248	61	150
351	251	62	164
355	256	62	156
357	258	64	155
362	259	58	147
367	260	58	151
368	263	61	139
372	264	58	138
380	265	54	140
383	266	55	146
384	269	54	150
383	273	55	147
382	273	55	148
381	272	56	148
380	273	57	148
381	272	57	149
382	273	55	152
383	273	53	153
385	274	52	155
387	275	51	154
393	276	47	151
394	277	49	150
394	277	50	149
395	277	53	151
392	277	58	152
391	277	62	152
392	277	65	151
394	277	69	153
394	276	72	154
401	276	70	155
403	277	68	155
406	277	66	155
410	277	64	154
412	278	65	154
417	277	65	154
419	277	66	154
426	276	65	155
429	275	64	155
430	276	64	156
427	276	67	155
425	275	69	155
421	277	73	155
420	276	73	155
419	274	73	155
420	274	72	153
423	273	70	152
427	271	68	153
429	271	67	155
429	270	67	154
428	270	67	155
429	270	66	154
429	270	67	152
430	271	66	153
436	272	58	151
440	271	51	152
443	272	49	150
443	271	52	145
443	271	56	147
438	270	64	149
434	270	69	150
430	270	70	150
431	269	68	151
435	268	62	151
435	268	58	150
434	266	56	149
430	267	58	149
420	267	65	150
414	267	69	150
415	265	67	150
414	264	69	153
411	263	69	153
414	261	64	151
407	260	60	151
392	260	71	151
392	261	66	151
394	260	65	151
394	260	63	153
396	260	60	149
395	258	61	149
396	255	57	146
395	254	57	146
391	253	63	149
387	253	66	149
380	252	68	146
377	251	67	148
373	249	68	148
367	247	71	147
362	246	72	147
349	245	82	148
349	246	78	147
350	245	75	146
349	244	73	147
349	244	74	148
350	243	73	148
349	243	72	145
349	240	70	145
348	239	66	143
345	239	68	142
343	239	69	142
344	239	62	140
344	241	55	138
344	242	56	138
340	239	58	140
335	238	60	134
332	236	59	134
332	234	58	137
332	233	55	138
333	233	52	138
331	234	53	139
331	232	53	139
328	233	53	138
328	234	53	138
326	232	53	138
325	233	53	138
323	230	52	140
322	228	50	132
320	226	51	133
314	226	53	131
310	225	55	135
310	225	56	136
306	225	56	135
304	226	56	135
302	226	56	132
300	226	58	135
297	226	58	132
292	224	59	132
291	223	61	134
290	220	58	127
295	219	54	128
295	217	56	131
294	216	57	132
295	217	55	131
294	218	55	132
292	216	56	131
292	217	55	130
286	214	54	130
286	214	51	130
282	212	50	124
278	212	51	124
276	210	51	124
274	209	52	124
273	209	51	124
269	208	52	125
268	208	53	127
266	207	53	124
263	205	54	122
263	205	54	123
261	205	56	122
261	204	56	124
261	204	56	123
260	204	55	122
258	204	56	121
257	203	52	118
255	200	49	118
257	199	46	120
254	198	46	119
254	198	44	119
253	199	44	118
242	193	50	117
241	193	51	114
243	194	47	113
243	194	46	111
245	193	42	112
245	191	43	112
245	189	42	113
246	188	41	116
242	187	44	118
239	188	46	114
237	188	49	115
234	188	51	114
235	187	48	117
237	185	45	113
239	185	43	112
238	184	42	111
237	185	41	109
237	185	39	108
238	187	36	105
239	185	37	106
240	183	38	108
239	183	39	108
238	181	38	106
235	181	40	107
232	180	43	107
226	181	48	106
222	180	52	110
212	179	60	110
211	180	56	107
207	178	58	108
208	176	54	108
207	176	53	107
204	177	51	107
204	176	48	108
206	177	43	108
206	178	42	107
204	175	41	107
207	176	39	101
201	175	40	96
196	177	39	97
193	174	41	96
191	175	42	100
186	176	43	102
180	174	44	102
173	173	43	102
172	173	43	99
170	173	42	95
165	172	42	89
162	171	41	90
155	171	45	88
140	170	42	85
135	171	38	97
129	172	42	97
122	171	42	95
120	171	40	90
114	170	44	84
111	168	38	95
107	168	40	99
104	167	42	103
100	166	43	103
98	166	43	102
92	167	47	103
85	166	53	104
80	164	55	104
80	163	53	104
81	162	50	104
85	161	44	104
86	162	40	101
85	162	40	102
83	163	41	101
78	162	45	102
75	161	48	101
72	159	50	103
66	158	55	104
63	159	57	102
60	159	58	103
61	159	57	103
65	160	50	100
67	159	45	100
66	158	42	97
70	158	38	96
70	158	39	96
67	158	40	95
63	157	45	98
61	155	46	97
60	154	46	98
58	153	47	100
58	152	47	100
57	153	48	100
56	153	48	98
53	153	50	98
54	151	46	97
55	150	41	96
58	150	38	96
60	150	36	96
59	150	35	92
56	149	36	94
55	149	37	95
52	148	39	95
51	148	38	93
46	147	41	95
45	147	43	95
42	148	44	94
40	147	42	95
40	145	37	91
41	144	35	93
43	146	33	91
43	145	32	90
39	146	34	89
39	145	33	89
36	144	35	90
34	145	35	90
31	143	36	92
29	143	38	91
26	143	39	91
24	143	39	92
24	143	39	92
23	143	39	90
22	144	39	90
20	144	41	89
19	144	40	90
19	143	38	88
20	142	37	88
20	141	34	88
21	141	32	87
21	141	31	89
22	141	30	89
19	141	28	88
19	141	27	87
18	140	27	87
16	141	29	87
15	141	28	86
12	142	30	86
9	142	33	86
7	141	36	87
5	140	35	87
4	141	36	87
3	140	36	89
5	139	35	89
5	141	35	87
6	139	36	89
8	140	35	88
9	139	36	89
9	141	38	89
10	141	38	87
11	142	38	87
12	141	37	86
12	141	37	87
12	142	36	87
12	141	36	89
13	141	36	89
13	142	36	88
14	142	35	86
14	142	34	87
15	141	34	88
16	143	34	86
16	142	33	86
17	141	33	88
22	142	34	87
26	142	34	85
27	142	35	88
27	142	36	90
27	144	36	89
27	146	36	87
28	146	36	87
28	146	35	88
28	144	35	89
28	146	34	86
29	145	34	86
28	145	35	86
29	146	35	83
29	146	35	84
29	146	35	84
30	146	35	83
31	147	35	83
31	147	37	85
32	146	36	87
34	146	36	89
35	146	37	88
36	146	37	86
37	147	37	84
37	147	37	83
37	149	38	82
36	150	39	82
36	149	39	82
36	148	38	83
37	147	37	84
38	150	36	80
38	150	35	85
38	151	36	81
38	151	36	88
39	152	37	90
40	151	38	91
40	151	39	94
38	150	41	96
39	152	41	95
42	152	40	95
41	153	41	96
41	153	42	96
43	155	40	96
44	155	39	94
44	154	38	95
44	153	38	95
45	154	38	95
46	154	38	96
45	155	38	98
46	155	37	97
46	157	37	98
47	157	38	97
48	157	38	98
48	157	39	99
48	156	40	99
48	157	41	100
50	157	40	98
51	158	40	100
51	159	40	98
51	160	40	98
51	160	40	99
49	160	39	98
50	160	38	99
51	160	37	99
50	159	39	101
51	160	38	101
52	160	38	102
53	162	37	99
54	161	38	102
54	162	39	101
56	161	39	103
56	159	41	104
56	160	42	103
58	161	42	102
57	162	42	103
59	165	42	102
59	165	41	102
59	165	42	102
61	165	41	101
60	165	41	102
62	166	40	102
62	165	41	101
63	166	42	103
65	167	42	102
67	167	43	102
69	167	42	102
71	168	42	104
76	167	40	103
78	167	40	103
80	167	42	104
81	168	42	104
83	167	42	106
85	169	44	104
86	171	43	103
86	171	44	104
87	172	43	104
88	171	44	103
89	171	45	103
89	171	47	104
90	170	48	105
92	171	47	104
92	172	47	105
93	172	45	105
93	172	45	105
96	173	44	105
96	174	45	105
97	173	45	106
98	174	44	106
98	173	45	106
99	173	45	104
98	173	47	103
98	175	49	106
98	176	48	105
98	177	47	105
98	177	48	105
96	178	47	104
98	178	46	104
96	177	47	106
94	177	48	106
92	177	51	107
91	177	51	107
91	178	51	108
91	178	50	107
92	179	47	106
93	179	46	107
94	181	44	107
95	181	44	107
97	181	44	107
97	180	44	109
98	180	44	109
99	180	44	108
99	181	44	107
98	180	44	109
98	181	43	110
99	183	42	108
97	185	42	109
96	184	43	108
95	184	43	109
94	185	44	109
92	184	46	111
92	184	47	111
92	185	45	112
92	187	46	111
93	187	44	111
93	187	45	113
94	186	44	113
95	187	44	113
96	186	44	114
97	187	44	113
96	187	45	114
