330	182	25	78
329	182	26	77
328	181	26	77
328	181	26	78
326	182	27	78
327	182	26	77
326	183	27	76
326	183	26	76
326	183	26	76
325	184	27	77
325	183	27	76
325	183	27	76
325	183	27	76
325	182	26	78
325	183	27	77
325	182	27	78
325	183	26	77
325	184	27	77
325	185	27	76
326	186	27	76
325	187	27	77
326	186	26	76
326	185	27	77
326	185	27	78
326	185	27	78
327	185	27	79
327	185	27	80
328	185	27	80
328	186	27	79
329	186	27	78
330	187	27	80
331	187	28	80
331	186	28	80
332	187	28	80
332	187	28	80
332	188	27	80
332	189	27	79
332	189	27	79
332	191	27	79
332	191	27	79
332	191	28	79
332	192	28	79
332	191	29	80
332	191	29	81
334	192	29	81
334	192	30	81
335	193	29	81
337	193	31	80
337	194	32	79
339	195	33	79
342	195	32	80
347	195	29	82
349	195	30	82
352	196	28	78
353	197	28	77
355	197	29	80
357	197	28	81
359	198	27	80
360	199	28	81
361	198	28	81
364	198	28	81
366	197	28	80
366	198	28	78
367	197	29	81
368	198	30	82
370	198	30	82
371	198	31	82
372	199	31	81
373	200	30	82
374	200	30	83
376	200	30	82
376	200	30	83
378	201	30	82
380	200	30	84
380	200	30	84
381	200	30	84
381	200	31	84
381	202	31	85
382	203	30	82
382	204	30	85
382	204	31	85
382	204	31	85
383	204	31	84
383	204	31	84
383	204	31	85
383	204	31	85
384	204	31	86
384	205	32	85
386	206	32	85
387	206	32	84
388	207	33	85
388	207	33	86
389	208	34	86
390	208	35	86
390	207	34	86
319	177	30	78
322	178	29	77
321	177	30	77
321	177	30	77
332	176	28	78
332	175	28	78
336	176	28	77
334	174	29	78
334	175	29	77
343	176	29	77
343	176	31	75
345	176	32	77
347	175	30	78
351	175	28	78
359	175	29	77
363	177	27	77
360	176	31	76
363	176	30	77
364	176	30	77
367	177	32	76
368	177	31	77
372	177	31	76
371	176	32	77
373	176	36	77
375	177	37	77
376	178	36	76
390	176	33	85
391	180	33	77
393	180	30	79
395	181	29	76
415	211	33	92
414	214	34	91
417	213	33	94
417	212	33	94
418	212	33	95
418	214	33	95
420	213	33	96
420	215	33	95
423	216	33	93
423	217	33	92
423	216	33	93
424	219	32	91
425	218	32	92
425	220	32	91
426	218	32	93
426	220	32	91
427	221	31	90
427	221	32	92
428	220	32	91
428	219	33	92
429	221	33	90
430	221	34	91
430	221	34	91
432	222	35	91
433	223	37	91
433	223	38	90
435	223	38	91
435	227	38	88
444	222	33	95
446	223	33	95
447	223	33	96
448	222	34	97
449	224	34	96
449	226	34	95
449	226	35	94
449	226	36	94
449	224	36	96
449	224	36	96
449	224	35	96
448	225	36	97
448	227	34	95
447	228	34	94
446	230	34	92
444	233	34	91
442	233	33	93
438	230	32	95
437	231	31	94
434	228	32	96
433	228	31	95
429	229	33	95
428	227	35	97
424	230	37	96
421	230	39	95
421	230	38	97
419	230	37	96
418	230	35	97
416	231	35	96
414	229	34	96
413	231	33	96
413	231	33	96
411	231	33	96
411	232	33	95
410	232	34	95
409	232	33	94
409	234	33	94
408	233	33	96
408	234	33	96
406	233	34	97
406	232	34	97
406	232	34	97
406	232	34	97
406	233	34	97
405	233	34	96
405	233	34	96
404	233	35	97
403	234	35	97
402	235	35	97
401	237	36	97
400	237	34	98
400	236	34	98
397	237	35	99
398	237	34	98
396	237	35	99
397	237	34	99
395	239	35	99
396	239	35	99
395	241	35	99
395	241	35	99
395	242	35	100
396	242	35	100
397	242	34	99
397	241	35	100
397	241	35	101
397	242	36	101
396	242	36	102
396	243	36	101
396	244	36	101
395	246	36	100
396	246	35	100
395	248	35	101
395	249	35	100
394	249	35	100
394	249	36	100
395	249	36	101
394	250	36	100
395	251	36	99
396	251	35	100
397	252	35	100
398	252	36	100
399	253	37	102
399	253	38	102
401	251	37	103
402	252	38	104
405	252	37	103
406	252	37	105
408	254	37	104
409	255	36	103
410	256	36	104
411	258	37	105
411	258	37	107
412	259	37	107
413	259	37	107
414	259	37	105
415	259	37	106
415	260	37	105
417	261	37	105
417	263	37	105
419	264	37	106
420	266	38	106
423	267	37	106
424	266	38	107
425	267	38	108
427	269	38	108
428	270	38	109
428	273	38	108
428	274	37	108
429	276	38	108
429	276	38	107
429	275	38	107
431	275	39	107
432	275	42	110
434	275	43	111
435	277	45	111
436	278	44	112
437	278	44	111
439	278	43	111
443	278	41	112
446	278	40	112
447	279	40	113
448	281	39	112
449	284	39	111
449	287	40	115
449	288	41	114
448	288	42	114
450	288	41	114
450	287	42	115
450	287	42	116
451	289	41	116
450	290	42	115
452	291	41	116
452	291	41	116
453	292	41	116
453	291	40	118
454	290	38	118
455	291	37	117
454	290	36	117
449	291	38	117
448	291	41	118
447	290	41	119
446	290	41	119
445	290	41	119
446	290	41	119
445	290	41	118
445	290	40	118
442	290	42	117
441	289	42	117
441	288	42	117
441	288	42	118
439	288	43	117
438	288	43	117
437	288	44	117
434	288	47	117
433	288	46	116
432	289	46	116
432	289	45	114
430	287	43	115
429	286	42	112
429	287	41	113
426	286	42	114
425	286	42	114
426	286	42	114
425	286	41	114
425	285	41	114
425	285	41	115
425	284	40	114
425	282	41	114
425	279	41	110
425	278	40	111
425	276	40	112
425	275	40	113
424	276	40	113
424	275	40	111
424	275	40	111
423	275	39	111
422	274	39	110
420	272	39	109
420	270	39	107
418	269	39	108
419	268	39	109
417	268	40	109
418	268	40	108
417	268	39	108
417	268	39	108
417	268	39	108
418	268	39	109
418	266	39	108
419	264	38	105
419	262	39	104
421	259	38	106
422	255	37	105
422	255	37	108
423	252	37	103
423	249	36	103
423	248	37	104
423	248	38	104
423	248	38	104
424	248	38	104
425	248	37	104
426	248	37	102
428	246	37	101
429	245	37	98
430	245	37	99
431	246	37	99
432	245	37	98
432	246	37	98
432	245	36	99
432	244	36	100
433	243	36	100
433	241	36	100
432	240	36	100
432	238	36	99
432	237	37	100
433	238	37	99
434	239	37	99
434	241	37	97
435	240	36	96
436	240	36	96
437	238	36	99
439	236	35	100
440	236	36	100
441	235	35	99
441	236	36	97
442	233	35	100
444	231	36	102
445	232	37	101
445	232	36	100
445	233	36	99
446	234	36	99
447	232	36	102
447	233	35	99
447	233	36	97
447	233	35	97
447	233	35	96
447	234	35	96
448	234	35	95
448	235	35	95
448	232	36	96
453	233	37	94
454	232	37	97
456	233	37	94
457	233	36	94
457	232	37	95
456	230	39	97
459	230	36	96
464	230	35	92
464	229	35	90
464	226	35	94
463	225	35	96
462	226	36	94
461	224	36	96
461	225	36	95
461	223	36	95
463	222	34	97
463	221	33	95
462	219	33	96
461	219	34	96
460	220	34	97
459	218	34	97
453	217	40	99
450	218	43	98
445	219	46	95
444	220	47	93
437	223	46	91
433	220	36	90
432	220	35	91
430	220	32	91
429	221	32	90
427	220	33	91
426	219	33	90
423	220	33	91
422	220	32	91
421	219	31	91
417	218	29	91
415	217	31	90
414	217	31	91
413	218	33	91
412	216	33	91
413	218	33	90
413	217	32	91
413	217	33	90
413	217	32	88
412	216	32	89
412	214	32	90
412	214	32	90
412	214	33	90
411	214	33	90
412	216	33	90
413	215	32	88
414	215	32	88
413	214	33	89
413	213	33	88
413	212	33	89
413	211	33	90
413	213	32	88
412	212	33	89
410	212	33	88
410	213	34	88
409	212	33	88
408	209	33	87
408	209	33	88
408	209	33	88
408	210	34	87
410	210	32	86
410	210	34	86
411	208	34	86
412	208	34	87
414	207	34	88
415	206	34	88
416	207	34	87
417	208	34	87
418	208	33	86
419	207	33	87
420	205	32	85
421	206	31	84
421	205	32	85
423	205	32	85
423	208	32	82
425	210	33	81
427	206	32	83
428	209	31	81
429	204	31	84
432	208	30	79
433	205	31	82
433	203	31	85
435	203	31	83
435	202	33	84
437	203	31	84
437	202	31	84
439	203	31	83
440	205	31	82
441	203	30	83
443	203	29	79
444	203	29	79
444	202	28	78
445	205	28	76
446	206	29	75
447	206	28	74
448	207	28	72
448	205	28	74
449	207	28	72
449	207	27	71
450	205	26	75
451	206	26	70
451	207	26	71
452	208	27	69
453	209	27	67
453	208	26	68
453	206	26	71
454	207	26	70
454	207	26	70
453	207	27	70
453	208	27	69
455	210	27	67
455	208	26	65
454	207	26	67
453	208	26	66
454	205	26	68
454	205	25	68
453	203	25	70
454	205	25	68
453	205	25	67
453	200	26	72
454	208	26	65
455	200	26	71
455	201	27	68
454	202	27	69
455	202	26	67
454	202	27	67
454	203	27	67
452	204	28	66
454	204	28	65
454	204	27	66
454	201	27	67
452	202	29	66
450	206	29	62
448	201	29	66
442	204	35	66
443	191	35	79
439	193	39	75
439	191	39	77
436	194	37	75
437	199	36	69
436	197	29	70
432	198	27	69
430	198	27	69
427	194	28	72
421	192	33	74
414	192	40	74
412	193	41	73
409	189	43	76
408	188	41	78
407	187	39	78
405	187	29	76
403	187	25	77
395	188	27	77
391	188	29	77
384	187	34	77
380	188	36	78
380	187	37	78
378	185	36	79
377	186	33	80
376	185	28	80
376	185	26	78
374	185	25	78
371	185	24	77
369	185	26	79
364	185	28	78
359	185	32	77
357	185	34	78
352	184	36	78
349	184	38	79
349	183	37	79
348	184	35	78
348	184	33	77
346	182	27	77
345	182	27	78
342	183	25	78
341	182	27	78
337	183	27	77
335	182	29	78
333	182	28	77
331	182	28	78
331	180	26	77
328	180	26	76
326	180	25	76
326	180	25	77
323	181	26	77
320	180	29	77
316	179	30	77
316	180	30	77
315	181	31	77
315	181	29	77
315	180	29	77
313	179	28	77
312	178	27	77
309	178	27	76
308	178	27	76
308	178	27	76
307	179	27	76
307	178	26	76
306	179	27	76
306	179	27	75
306	178	27	75
305	177	27	74
305	177	27	74
305	177	27	75
306	177	27	75
305	176	28	75
307	176	26	75
307	176	26	75
309	176	24	75
309	176	23	75
309	176	24	74
309	176	24	74
309	175	24	74
308	175	24	74
307	175	25	74
306	175	26	75
305	173	26	75
304	175	27	75
303	175	28	75
302	174	28	76
301	175	28	75
300	175	29	74
299	175	29	74
298	177	30	73
296	176	30	73
295	174	28	73
295	175	27	72
295	174	27	74
294	174	26	76
294	174	25	74
294	173	25	74
294	173	25	73
293	173	25	71
294	173	24	72
293	175	25	71
293	174	24	72
292	173	25	71
292	174	25	72
291	173	25	73
290	172	26	72
288	172	27	74
288	172	27	74
289	173	26	73
289	173	27	73
289	174	27	73
289	174	27	73
289	173	27	72
289	172	27	73
289	171	27	73
289	171	26	73
290	172	26	73
290	171	27	73
289	172	27	73
290	172	26	74
290	173	26	74
291	172	26	74
290	171	27	74
292	171	25	73
293	171	25	71
294	171	25	70
295	171	24	72
296	171	27	71
296	172	27	70
296	171	30	71
298	171	32	71
297	171	33	72
299	171	31	72
299	172	32	72
301	172	30	72
305	172	27	72
307	172	26	71
311	172	25	71
314	171	24	71
316	172	23	71
317	172	25	71
318	171	27	72
319	171	29	71
320	172	29	70
321	173	29	71
322	173	29	72
325	172	29	73
326	171	29	74
331	171	27	73
335	171	26	73
336	171	25	71
337	171	25	74
339	172	24	74
340	172	28	73
342	171	31	73
342	172	31	73
343	171	31	74
345	170	30	75
348	170	28	74
352	171	24	72
354	172	23	70
359	172	22	70
359	171	23	72
362	171	24	71
363	171	28	71
363	171	29	71
363	170	30	73
364	170	32	74
363	170	32	74
366	169	33	74
368	170	32	73
372	170	27	70
374	172	26	67
379	173	23	68
381	171	23	69
382	170	22	68
384	170	23	69
385	171	23	65
386	173	24	67
387	172	25	67
387	173	27	68
388	172	29	71
390	172	28	70
393	175	27	68
397	171	26	72
401	169	24	74
402	171	24	71
404	171	25	70
406	171	25	70
406	170	23	70
406	172	24	69
407	173	26	68
408	168	26	74
408	169	28	73
409	169	27	74
409	169	29	74
411	172	30	70
412	169	31	72
418	169	26	66
420	170	25	60
421	170	25	62
421	170	25	63
423	171	26	68
422	171	27	70
423	178	26	62
422	180	25	61
424	181	25	61
423	180	25	61
426	179	25	62
426	177	26	64
427	178	27	64
428	180	25	60
428	180	26	61
429	182	26	58
428	183	24	57
430	185	23	56
430	195	22	49
430	184	25	57
429	190	23	51
428	191	23	50
426	189	22	51
426	177	24	58
425	176	25	58
425	176	25	57
424	173	24	59
421	169	30	64
421	169	34	64
419	170	33	67
420	171	26	68
417	168	25	69
412	167	26	70
411	171	27	70
408	167	29	74
405	169	29	68
406	180	26	59
405	172	26	68
403	170	26	71
401	167	27	74
401	168	27	72
399	169	26	69
397	170	25	68
394	169	26	70
392	172	26	68
388	172	27	68
388	171	26	70
385	171	26	69
384	171	26	70
383	171	25	71
382	171	24	69
380	172	23	69
378	170	23	72
377	171	23	70
376	171	23	69
373	171	24	70
372	171	24	70
369	172	25	71
369	172	25	72
366	170	25	73
364	170	24	73
361	171	24	72
359	172	24	72
356	171	25	72
352	171	27	72
351	172	28	71
345	172	33	72
346	170	32	73
344	173	32	72
341	171	29	73
339	172	26	74
336	171	25	72
336	171	25	73
332	171	24	73
328	172	28	72
327	173	28	72
325	173	28	71
323	173	29	73
322	172	29	73
320	172	28	73
319	173	27	72
317	172	24	73
316	172	24	72
314	173	23	72
302	174	30	71
299	171	29	73
296	172	26	72
294	172	25	72
291	172	25	72
291	172	25	73
287	172	26	73
284	172	28	72
280	173	31	73
280	172	31	73
278	172	31	73
276	174	30	72
275	173	26	73
272	172	24	73
268	173	25	72
266	172	25	74
264	171	27	75
262	172	28	74
260	180	28	67
260	183	27	63
259	184	26	64
259	185	25	62
259	186	23	61
260	187	23	61
261	187	23	60
259	187	24	61
260	184	25	63
260	179	26	67
259	185	28	61
260	183	27	63
260	183	28	64
262	185	27	62
263	177	27	69
263	176	28	71
264	172	27	75
267	173	27	74
270	173	25	73
271	172	24	73
275	172	25	73
276	172	26	74
277	172	27	73
279	172	29	73
279	172	31	75
281	172	31	74
282	172	30	74
284	172	30	74
288	172	28	74
293	172	26	75
295	172	25	74
297	173	24	73
298	173	26	72
299	173	28	72
299	173	29	72
299	173	31	73
302	172	29	74
308	172	25	72
311	173	24	72
314	172	23	72
315	172	23	72
316	173	24	72
316	173	28	71
317	173	29	72
318	172	30	72
319	173	29	72
319	173	29	72
321	172	29	72
326	172	27	72
328	172	25	73
332	172	24	72
334	173	24	72
335	173	24	72
337	172	26	72
337	173	27	72
338	173	26	72
338	171	27	73
338	172	28	73
340	171	29	74
341	170	29	75
344	170	27	75
347	171	26	72
358	171	30	72
358	171	31	72
359	171	31	72
363	171	29	72
363	170	29	72
365	170	28	72
369	170	26	72
370	170	25	71
373	170	24	71
373	170	24	70
375	170	24	71
376	170	24	71
378	172	25	70
378	173	24	69
379	173	25	70
380	172	26	70
382	172	24	69
386	173	23	67
388	172	23	64
388	172	24	68
388	171	25	67
388	171	24	68
389	171	25	69
389	173	25	68
390	172	24	68
390	174	24	65
390	174	25	65
390	174	25	65
391	173	24	65
390	174	25	68
390	175	26	67
390	174	26	70
390	174	26	70
390	176	25	67
389	174	26	69
390	177	25	67
390	174	26	70
391	174	25	69
391	175	25	70
390	174	26	70
390	175	25	70
390	176	25	70
389	175	26	70
389	175	26	70
389	175	26	71
388	176	26	70
388	175	25	71
387	176	25	72
387	175	25	73
385	176	25	72
384	176	25	73
383	176	25	72
383	176	25	71
382	176	23	68
382	177	24	73
381	177	24	75
378	177	24	75
378	177	24	75
376	176	25	75
375	176	26	75
373	177	25	75
372	176	26	75
370	178	27	74
368	178	28	74
367	178	28	74
366	178	28	75
364	178	28	76
363	178	29	75
360	178	29	76
358	178	27	76
359	178	25	75
357	177	25	75
356	178	26	73
354	178	26	74
352	178	26	74
351	179	27	73
349	179	26	73
349	179	26	74
348	178	25	74
345	179	26	73
346	179	25	72
344	178	25	73
343	178	26	74
340	178	26	75
339	179	27	75
337	180	27	75
335	179	28	75
334	180	28	76
333	179	28	77
331	179	28	77
330	180	28	77
329	180	27	77
327	179	26	78
328	179	26	78
326	180	26	78
326	180	27	78
326	181	27	77
324	181	27	77
324	182	26	77
323	182	26	76
323	181	25	77
323	182	25	77
322	182	26	77
322	181	26	78
320	182	26	79
320	182	27	78
319	183	27	78
319	183	27	78
318	182	26	79
316	183	27	78
317	183	27	79
316	183	26	78
316	183	26	78
315	183	27	79
316	182	26	79
315	183	27	79
315	183	27	78
316	185	26	78
316	185	26	78
318	185	26	80
318	186	27	78
318	185	28	79
320	185	28	80
321	186	27	80
322	186	26	80
323	187	26	78
323	188	26	78
325	188	27	79
325	189	27	80
327	189	27	79
327	189	27	79
328	189	27	79
329	189	28	80
329	189	29	81
330	190	29	81
333	190	30	81
332	191	30	81
334	192	30	80
335	192	30	80
337	194	31	79
338	195	31	78
341	194	30	80
344	195	29	79
347	194	28	81
351	196	27	73
350	195	28	76
353	195	28	80
355	197	29	79
355	197	29	78
357	197	28	81
359	197	28	81
361	197	29	80
362	198	28	79
364	197	28	79
365	197	27	79
366	197	29	81
368	197	30	81
370	198	30	81
372	199	30	80
372	199	30	80
374	199	30	82
375	200	30	82
376	200	31	82
378	200	30	83
379	200	30	82
381	199	30	84
381	200	30	84
382	200	30	85
383	200	30	83
383	201	30	82
384	203	30	84
386	204	30	83
387	204	31	84
386	202	31	86
387	202	31	85
386	203	32	86
387	203	32	86
388	204	31	85
388	205	32	85
390	205	31	85
389	206	31	83
390	208	31	84
391	208	32	85
392	209	32	84
393	208	32	85
393	207	32	86
393	208	31	86
393	209	32	85
393	209	31	85
392	211	32	84
392	211	32	84
391	212	33	85
390	211	33	85
389	211	33	85
389	211	33	85
389	211	33	86
388	210	33	86
387	211	33	87
386	211	33	87
385	211	31	87
385	212	32	87
384	213	31	86
383	214	31	86
381	213	30	87
381	213	30	86
379	213	30	85
377	214	30	86
374	213	31	86
373	214	32	87
373	214	31	87
370	215	33	87
369	216	33	86
367	216	34	87
365	216	33	88
364	217	34	88
362	216	33	89
361	215	32	89
359	215	32	90
358	216	32	90
357	216	32	91
357	217	32	90
356	218	32	90
355	219	33	90
355	219	33	90
355	220	32	90
355	220	32	89
352	220	32	90
349	222	33	90
346	224	34	91
345	225	33	90
343	223	33	90
342	222	34	92
338	223	33	93
338	222	33	94
336	223	32	93
335	224	33	93
331	224	32	94
329	225	31	93
329	225	31	93
325	225	31	93
321	226	32	93
314	227	36	93
308	228	42	94
306	228	42	95
303	229	42	95
302	228	40	96
300	229	34	95
297	229	32	95
294	230	33	95
292	231	33	94
288	231	34	93
287	232	36	93
283	233	38	94
280	232	39	94
279	233	38	94
279	233	37	94
276	233	34	94
274	234	34	94
271	233	30	94
267	233	31	94
262	234	34	94
258	233	37	94
250	235	43	94
247	234	44	96
244	234	44	95
243	234	44	96
241	235	37	95
239	235	33	94
236	236	33	94
235	237	33	93
233	238	33	92
231	239	33	91
229	240	33	92
227	241	33	92
224	242	35	94
220	242	34	94
216	242	32	96
211	243	33	95
206	243	36	95
203	245	39	95
195	247	45	95
192	247	47	94
187	251	51	94
184	254	52	95
181	256	48	93
179	256	44	94
177	254	35	96
176	254	33	96
156	256	42	94
149	256	40	96
147	255	35	96
144	256	30	95
141	255	29	95
137	255	32	95
130	256	36	94
125	256	40	95
124	256	42	96
122	256	41	96
120	256	42	96
119	256	41	96
119	255	38	96
118	256	35	97
117	255	34	97
114	256	35	96
114	256	35	96
115	255	35	97
114	255	36	97
114	255	37	97
115	256	37	97
117	257	37	97
118	256	38	98
119	258	40	97
120	257	41	98
122	257	41	98
123	256	41	100
125	257	41	99
130	257	38	100
132	258	37	98
133	258	37	99
134	259	36	98
136	260	37	99
138	260	38	99
140	260	40	99
143	259	39	99
143	260	40	99
146	260	39	99
149	259	38	98
148	260	37	99
150	260	37	100
152	260	40	99
155	261	41	100
159	262	41	101
163	262	41	101
168	262	41	101
170	262	40	101
172	262	40	101
173	263	40	102
175	263	40	101
176	265	39	101
177	265	40	102
179	265	39	102
181	265	41	102
183	265	42	102
186	264	40	102
187	264	40	102
189	265	39	101
189	264	38	102
193	265	39	102
196	267	42	102
198	267	43	102
199	268	43	102
200	268	43	103
202	267	43	103
207	267	44	104
209	267	44	104
214	266	45	104
216	267	42	104
219	268	41	104
219	268	40	105
221	270	41	104
226	271	40	105
228	271	41	105
232	270	41	106
233	270	40	106
237	269	39	106
237	270	39	105
240	270	38	103
