1	200	41	115
6	201	44	113
13	201	42	114
19	201	40	113
22	202	42	111
27	202	44	113
28	204	48	112
30	204	47	112
33	204	46	114
36	204	45	114
37	203	44	115
41	203	43	115
44	203	43	115
46	203	44	114
47	203	44	114
50	204	44	115
51	206	44	115
54	206	43	115
53	206	44	115
55	206	44	115
57	206	42	114
59	207	42	114
59	207	43	114
61	207	44	114
62	207	46	115
63	207	46	115
66	207	45	115
66	208	45	115
70	210	43	116
71	209	43	117
73	208	43	117
74	209	44	117
76	208	45	117
76	209	45	118
77	210	46	117
78	210	45	118
77	211	46	118
79	211	44	118
79	211	44	118
80	212	43	117
79	211	44	117
82	211	43	118
81	212	44	118
81	212	44	119
81	213	44	119
81	213	43	118
80	214	45	118
81	215	44	119
82	214	44	119
83	215	44	119
84	214	43	119
84	214	42	120
84	215	43	120
83	215	42	120
81	215	42	120
80	216	43	120
80	217	43	120
80	217	42	121
77	217	43	121
77	217	43	121
73	216	44	121
73	216	43	121
69	217	42	121
69	217	42	122
67	217	40	122
66	217	40	122
62	217	42	123
61	218	42	123
61	217	42	122
59	217	42	123
59	218	42	122
55	218	44	122
55	219	44	122
53	218	43	123
52	219	43	122
51	219	43	122
50	218	43	122
51	219	43	122
50	218	42	123
50	218	43	123
50	218	43	123
50	218	43	123
51	217	43	123
51	218	43	122
52	218	44	123
52	218	43	123
51	217	43	123
52	217	44	122
52	216	44	121
52	217	44	121
51	217	45	121
50	217	45	122
49	217	46	122
48	217	46	122
48	217	48	121
48	216	48	122
47	216	47	123
47	216	47	122
46	216	47	122
46	216	46	122
44	217	47	121
45	215	45	121
44	216	45	121
43	215	46	121
41	215	46	120
42	216	45	121
41	215	45	120
40	215	46	119
39	215	47	120
40	215	45	120
39	214	46	120
40	214	44	120
42	214	44	120
42	213	44	120
43	214	44	120
44	214	44	120
44	214	44	120
46	213	43	121
45	213	44	120
46	213	44	120
47	213	44	120
47	212	44	120
47	212	45	119
49	213	43	120
48	212	45	120
47	212	45	120
48	213	44	120
48	213	44	120
48	213	44	120
47	213	44	120
46	213	44	121
46	213	44	121
44	214	45	121
43	213	44	120
41	214	43	120
40	215	43	119
39	215	43	120
38	214	44	120
37	214	44	120
36	214	44	121
37	215	43	120
37	215	44	120
36	215	44	120
38	215	43	121
37	215	43	121
37	215	43	120
39	215	43	120
39	214	44	120
39	214	45	120
41	214	44	121
41	214	44	121
41	214	45	121
41	213	47	121
41	213	47	122
42	213	47	122
45	213	46	121
46	211	44	120
46	211	45	119
48	212	43	119
48	212	43	118
45	212	45	118
42	212	46	119
37	213	50	118
37	212	49	119
43	212	46	120
42	212	44	120
41	212	51	118
45	212	53	119
37	212	47	119
35	213	47	118
32	213	50	119
32	213	49	119
29	212	52	119
30	211	50	120
28	211	51	120
27	212	52	120
27	212	55	121
25	211	55	120
26	211	56	119
25	211	57	119
24	212	54	119
24	211	54	119
24	211	51	118
22	211	48	120
23	210	45	119
22	212	42	118
20	211	43	118
19	212	42	118
19	213	42	117
15	211	45	118
17	212	45	118
16	211	45	118
16	212	42	118
14	211	41	118
13	212	39	118
9	210	42	119
9	211	42	119
9	211	41	118
8	212	42	118
8	212	41	118
5	212	43	117
7	212	41	118
5	212	42	118
8	212	40	118
6	213	42	118
5	213	42	119
7	212	41	118
7	212	41	118
7	212	40	118
9	212	41	119
8	214	43	118
8	214	41	119
10	212	41	121
11	214	41	119
9	216	42	119
11	215	43	119
9	215	49	120
8	213	50	119
5	213	53	121
7	212	51	122
7	213	47	121
8	212	46	121
6	212	48	122
3	211	50	122
3	211	46	123
3	214	45	122
2	213	45	122
2	213	43	121
1	213	43	122
0	212	44	121
1	211	43	120
0	209	42	125
2	210	42	122
2	210	42	123
2	209	41	125
2	211	41	122
2	210	41	118
2	209	42	119
3	207	42	120
2	207	44	119
1	208	47	118
1	207	46	119
2	208	45	119
2	206	43	120
2	206	45	119
2	207	44	118
1	207	44	118
1	208	45	118
1	207	44	117
1	206	43	117
1	206	42	117
1	206	42	117
1	204	42	117
1	203	41	116
1	204	41	116
1	204	40	114
1	204	40	114
2	204	40	113
1	203	40	115
1	202	40	115
1	202	40	114
1	200	40	113
1	201	41	113
1	200	41	113
1	200	41	113
2	200	42	112
1	200	42	113
1	199	42	113
0	200	45	113
1	199	45	114
1	198	45	113
2	197	43	112
3	197	42	111
4	196	42	112
4	197	44	111
5	197	44	111
7	198	44	110
8	197	44	111
9	198	44	110
12	197	43	111
13	198	42	110
16	197	39	110
18	196	37	109
19	196	37	110
20	196	36	110
20	196	38	109
18	196	39	110
16	195	43	109
12	194	49	110
6	193	53	111
4	193	56	110
5	193	55	110
7	192	52	111
8	193	50	110
6	193	50	110
4	193	51	109
3	194	51	109
2	193	50	109
2	194	49	109
2	194	47	108
1	193	46	108
1	193	44	108
2	193	45	108
2	192	45	107
2	192	46	109
2	192	46	109
2	191	51	108
1	191	57	109
1	190	60	110
3	190	65	109
3	191	71	110
5	190	71	109
7	190	69	109
13	190	59	108
16	190	54	108
18	190	44	109
19	191	42	108
20	190	42	108
20	190	42	108
19	190	44	108
20	191	46	108
22	192	48	108
24	191	46	107
27	192	49	107
30	192	49	106
31	192	50	106
32	193	51	107
32	192	53	107
34	192	51	107
36	192	49	107
39	193	48	107
40	193	47	107
43	194	47	106
44	194	47	107
45	193	45	107
49	194	45	108
50	194	45	109
52	194	45	108
54	193	46	109
55	193	46	108
57	194	46	108
58	194	47	109
61	194	46	109
61	195	46	109
64	195	45	110
65	194	45	110
66	194	46	111
67	194	47	110
69	194	46	111
71	194	45	110
73	194	44	111
74	194	45	111
77	195	45	112
78	196	46	111
81	195	44	112
81	196	44	112
84	195	43	112
85	196	44	113
87	196	43	112
89	196	44	112
90	197	44	111
91	196	44	112
92	197	44	112
93	197	44	112
94	197	44	113
95	198	43	112
94	198	43	112
95	198	43	112
97	198	43	112
98	199	43	113
98	199	44	112
98	199	45	112
99	199	44	112
100	200	44	112
101	200	44	113
101	201	44	113
104	201	42	113
103	201	43	113
105	201	43	113
105	201	44	114
106	202	45	114
107	203	44	113
107	202	45	113
107	201	45	113
108	202	44	114
108	203	44	115
108	204	43	114
107	204	43	114
107	204	43	115
107	204	43	114
106	205	44	114
106	206	44	115
106	205	44	114
106	205	44	114
106	205	44	114
106	205	43	115
106	207	43	116
107	207	42	116
107	207	42	116
106	207	43	116
106	207	43	116
107	208	42	116
105	208	44	116
105	207	44	116
106	208	42	116
105	208	43	116
105	208	43	116
101	208	44	116
101	209	43	116
98	207	45	116
96	207	46	117
95	207	46	117
93	208	46	117
93	206	45	117
91	206	44	118
89	205	42	116
87	206	40	117
85	207	40	115
80	206	42	116
74	206	47	116
67	206	53	114
66	206	52	114
67	207	50	115
66	208	50	114
63	206	49	116
61	205	50	115
60	204	49	115
57	203	49	115
55	202	50	116
55	203	49	116
54	202	48	116
54	202	45	116
54	202	43	115
54	201	43	116
53	199	44	114
50	198	47	113
49	198	48	113
47	198	50	113
46	198	51	113
45	198	52	115
46	197	52	113
45	196	51	114
49	195	47	110
48	195	46	111
52	195	43	110
52	194	43	111
52	194	43	112
53	193	43	111
55	194	42	112
55	194	43	111
55	193	42	110
55	191	44	108
53	191	46	108
51	190	50	107
51	190	51	108
51	191	53	108
52	191	52	108
53	190	50	109
56	189	48	108
59	188	45	106
60	186	44	107
63	186	42	108
64	185	42	108
64	184	42	108
65	185	41	108
67	185	40	107
67	185	40	107
69	184	40	105
69	184	42	105
67	181	44	105
67	182	45	105
65	182	49	104
65	182	49	105
67	181	48	105
68	181	46	105
71	180	43	102
73	179	42	102
73	178	41	103
73	178	41	103
73	179	41	102
72	178	41	102
74	179	41	102
73	178	40	101
73	176	41	100
72	176	42	99
69	175	45	99
67	176	48	99
66	176	48	99
66	176	47	99
67	176	46	99
67	175	45	98
68	174	42	97
68	174	41	97
68	173	40	97
67	173	41	97
67	173	40	97
66	174	40	96
65	173	41	96
64	173	41	96
65	172	40	95
63	170	41	96
62	169	41	95
61	170	42	95
60	170	42	94
60	171	41	95
59	169	41	95
60	168	39	94
59	166	39	94
59	166	39	95
57	165	40	95
57	165	40	95
56	164	41	95
56	165	40	95
55	164	41	95
55	164	40	94
55	162	40	94
55	161	39	94
54	161	39	94
53	161	40	94
54	162	40	94
53	162	40	94
52	161	40	93
51	160	39	93
51	158	38	92
50	158	39	93
49	158	40	92
47	158	40	93
46	158	41	92
46	158	40	92
45	158	41	93
44	157	39	93
43	157	39	91
43	156	38	91
42	155	38	91
42	155	38	91
40	155	39	91
38	156	40	91
37	156	40	91
37	156	40	91
32	154	43	90
29	153	46	90
30	152	45	90
29	153	46	90
24	152	51	91
23	152	51	91
21	153	51	89
22	153	49	90
21	152	47	89
22	152	43	89
24	152	39	88
24	152	37	88
23	151	36	89
20	153	36	88
21	152	34	88
19	153	35	88
18	151	35	87
16	150	35	87
17	152	34	87
14	151	31	87
13	150	31	87
11	151	31	86
9	150	32	87
9	151	32	86
5	151	34	87
4	151	35	86
4	151	35	87
3	149	37	87
2	148	37	88
3	148	37	88
2	148	37	88
2	148	37	87
3	148	37	88
4	148	36	88
6	149	34	86
6	150	34	86
7	149	33	86
7	150	32	86
6	149	33	86
5	148	33	86
6	149	32	86
4	148	34	87
4	147	34	88
3	147	34	91
3	143	34	95
2	145	34	92
2	144	34	96
1	145	32	92
1	146	31	92
1	146	30	90
1	146	29	88
2	148	28	86
1	148	28	87
1	149	28	86
0	149	28	86
1	148	29	86
1	149	28	86
1	148	28	86
1	149	29	85
1	149	30	86
1	148	32	87
2	147	33	88
2	148	34	88
3	148	35	87
4	148	35	90
4	148	35	89
4	147	37	89
4	148	37	88
8	148	35	89
9	149	35	88
11	148	33	88
11	149	33	88
13	147	33	89
14	149	32	88
15	148	32	88
15	149	32	88
16	148	31	87
16	149	32	87
16	149	32	87
16	150	32	88
17	150	32	88
16	149	32	88
16	150	33	87
16	149	33	87
17	150	33	87
16	149	34	87
17	149	33	87
17	149	34	88
16	149	35	87
16	150	36	88
16	150	37	87
16	149	36	88
17	149	36	88
18	149	35	88
18	150	34	88
18	149	34	88
18	151	35	88
19	151	36	87
20	151	39	88
19	151	41	87
18	150	45	88
18	151	47	88
16	150	51	89
16	150	52	90
15	149	53	89
19	150	48	89
18	150	48	89
19	150	48	89
20	151	50	89
21	150	51	89
19	151	54	89
21	151	53	89
22	151	51	89
22	152	54	89
23	151	53	90
23	151	52	90
25	152	49	89
25	153	50	89
26	153	50	89
28	153	48	89
29	154	49	89
30	155	48	88
31	154	48	89
34	155	45	89
35	155	43	88
37	155	41	88
39	156	38	87
40	157	37	87
41	157	37	87
42	159	36	87
43	159	36	86
44	159	36	87
44	159	36	87
46	159	37	88
46	160	39	87
47	159	41	89
47	158	44	90
48	158	46	91
49	159	47	90
50	160	46	90
52	161	44	90
54	161	41	90
54	160	39	90
56	160	37	90
57	160	36	91
58	162	36	91
59	163	37	91
59	163	37	92
60	162	37	92
61	163	39	91
61	162	40	93
62	163	41	93
63	162	41	93
63	162	42	93
65	163	43	93
66	164	42	93
68	165	40	94
69	166	38	93
71	165	37	93
71	164	37	94
71	164	38	95
71	166	38	94
73	167	39	95
73	168	39	95
73	168	40	95
73	168	40	94
75	169	39	95
76	169	38	94
76	168	39	95
79	169	37	96
78	170	38	95
80	172	38	96
82	173	37	96
83	173	38	96
84	172	37	96
84	171	38	97
85	171	38	97
85	172	39	96
87	174	39	97
87	174	40	97
87	174	40	96
88	175	41	96
89	174	40	97
90	174	41	97
91	173	40	98
90	174	42	100
91	174	42	99
93	175	42	99
93	176	43	99
95	177	42	99
96	177	43	98
98	176	42	99
98	176	43	100
100	176	42	99
101	177	41	101
103	178	41	100
104	179	41	101
104	179	41	101
106	180	40	100
107	180	40	100
108	179	41	100
110	179	40	102
111	180	40	102
112	179	41	102
114	181	40	103
116	182	40	103
117	182	39	102
118	183	39	101
119	181	39	102
120	180	38	104
122	180	38	103
122	182	38	103
123	182	38	104
123	183	38	103
124	183	38	103
124	183	38	103
124	183	38	103
125	184	39	103
126	183	38	103
127	183	38	104
128	182	38	105
128	184	38	104
128	183	38	105
131	185	37	105
131	184	37	106
132	184	37	106
133	184	37	105
133	184	38	106
134	185	38	105
135	185	38	106
134	185	39	106
135	184	38	106
134	184	38	106
134	183	39	107
135	185	39	106
134	185	38	106
134	184	39	106
134	184	38	106
135	184	38	106
134	184	38	106
133	185	38	106
133	184	39	106
133	184	38	106
134	185	38	106
134	185	38	106
134	184	38	106
133	185	39	105
133	185	38	106
133	185	38	106
133	184	38	106
133	184	38	106
133	185	38	106
133	185	39	106
133	185	39	107
133	185	38	107
133	184	38	107
133	185	38	106
134	185	38	105
134	185	38	106
134	184	38	106
135	185	38	106
134	184	38	107
134	184	38	106
135	184	38	106
136	185	38	106
136	185	38	106
137	184	38	106
138	185	38	105
140	185	36	105
140	184	37	106
143	185	36	104
144	186	35	105
145	186	35	104
147	188	38	110
147	187	37	112
148	188	45	119
146	188	48	120
144	187	50	119
145	187	50	120
142	188	52	119
144	189	53	115
146	189	50	115
168	190	39	108
169	192	38	108
166	191	41	109
168	191	42	108
169	191	41	106
172	190	41	108
178	190	38	108
179	189	40	109
179	189	41	110
180	191	45	110
179	193	47	108
182	194	46	107
183	195	47	105
185	193	47	108
189	194	47	108
190	195	47	108
191	197	47	106
195	198	50	108
196	199	51	107
198	199	50	107
201	199	49	108
203	199	48	107
206	199	47	109
207	199	47	111
209	198	46	111
211	200	47	113
213	200	46	112
214	202	46	110
216	205	47	109
217	204	48	111
219	204	48	111
220	204	48	109
220	204	48	110
222	206	48	110
225	207	46	110
227	208	44	114
229	208	43	112
229	208	43	114
229	208	45	114
233	207	43	113
232	208	43	114
233	209	43	115
233	210	43	114
233	211	43	114
230	214	46	113
230	213	47	114
228	215	50	114
228	215	51	113
227	215	53	114
226	215	57	114
225	215	60	114
224	217	64	115
226	222	65	113
227	222	63	112
230	225	59	110
233	226	53	109
234	226	53	109
234	227	53	109
234	227	52	110
234	227	53	112
234	229	55	112
234	230	56	112
235	231	56	112
237	233	56	111
238	234	55	111
242	233	54	111
240	232	56	112
242	235	57	113
248	236	53	113
246	240	57	112
249	241	58	111
249	238	58	114
252	235	57	116
253	236	55	116
254	234	54	118
257	236	53	119
258	236	53	123
258	237	52	123
260	238	51	122
263	241	50	122
264	239	50	124
265	240	49	125
265	239	50	125
266	239	49	126
267	239	50	127
268	242	50	128
268	243	50	128
270	245	48	128
269	244	50	130
268	243	54	130
267	243	53	130
267	244	54	132
265	245	57	134
264	246	58	133
264	246	59	133
264	247	57	130
264	247	55	133
263	247	56	132
262	246	56	134
262	247	55	134
265	247	51	136
269	248	49	137
269	249	48	138
264	252	53	137
262	253	55	136
261	253	56	136
257	252	62	136
256	250	66	138
259	251	66	137
266	252	62	137
267	251	62	138
272	251	58	139
276	252	55	139
278	252	55	138
280	253	54	138
282	253	54	138
283	255	55	138
283	254	56	138
283	253	57	138
280	253	61	137
279	252	62	137
280	253	63	137
279	253	66	137
279	253	67	137
281	254	66	137
283	252	62	138
284	250	60	138
284	250	57	137
283	249	57	136
282	248	58	136
280	248	59	136
280	247	59	136
280	248	58	136
278	248	59	137
277	248	61	137
274	247	62	136
274	246	63	136
274	243	61	134
272	244	63	134
272	244	63	134
272	242	62	134
271	242	62	134
271	242	61	133
271	242	60	132
270	243	61	132
268	243	60	132
266	242	59	133
264	240	60	133
263	238	59	134
261	239	62	132
258	237	61	132
256	237	63	132
253	237	64	132
253	237	66	131
250	237	64	130
247	237	65	131
245	238	67	131
246	236	66	132
247	234	64	131
255	231	55	130
256	231	53	130
255	231	53	129
253	232	54	129
252	232	54	128
251	231	54	129
250	230	54	128
250	230	53	128
248	230	53	127
248	227	54	127
247	225	53	127
245	225	53	127
243	226	55	128
241	226	56	127
240	226	56	127
238	225	56	127
235	224	56	125
234	222	54	125
232	221	56	125
230	221	57	125
229	221	56	125
225	220	57	125
225	221	55	124
226	221	53	124
224	220	51	124
221	220	52	125
218	219	54	124
212	216	57	123
207	215	62	124
205	214	63	124
204	216	63	123
204	216	61	122
205	215	58	123
207	215	55	122
209	212	51	121
209	212	50	120
207	212	51	120
205	213	51	120
203	213	53	119
199	213	54	119
198	212	53	119
197	212	52	119
195	211	52	119
194	210	51	119
192	208	51	119
191	207	51	120
190	207	50	119
189	207	49	119
188	208	50	119
187	206	50	119
185	205	51	119
182	204	54	120
177	202	59	118
178	202	56	117
178	203	55	116
177	203	55	116
176	203	55	116
178	202	52	117
178	203	51	116
180	201	49	117
181	201	48	117
179	200	50	116
178	199	50	114
178	199	50	114
178	201	48	113
177	201	49	114
176	200	49	115
174	198	49	115
174	198	48	112
175	198	46	110
172	198	46	111
175	201	43	107
171	202	46	107
177	204	42	104
171	197	45	111
172	197	46	106
169	195	49	106
97	172	44	103
99	171	42	104
101	171	41	103
103	171	41	103
104	172	41	103
106	172	39	103
108	173	39	103
109	173	40	103
110	173	41	103
111	174	41	103
114	174	41	102
115	174	42	103
119	174	41	100
121	173	40	101
122	174	41	104
125	176	40	101
128	177	40	103
126	177	39	104
129	177	40	100
127	179	42	101
128	178	40	100
131	179	46	106
131	177	52	103
136	177	44	104
137	177	42	103
140	177	39	103
142	177	39	106
145	179	37	105
145	179	38	105
147	179	37	105
147	179	37	105
145	178	38	104
145	179	38	104
142	180	42	105
141	180	43	105
139	180	45	105
138	179	45	106
137	178	47	107
131	178	51	106
129	179	54	105
129	179	54	105
127	178	56	106
127	178	56	106
126	178	57	105
128	178	56	106
131	178	55	106
131	178	54	107
128	177	56	107
127	177	56	107
129	178	56	106
129	178	56	106
128	178	56	106
128	178	57	106
128	178	58	106
127	178	59	105
126	178	60	106
128	178	57	106
124	179	61	105
124	178	63	106
122	180	66	104
124	179	64	104
123	180	65	103
127	180	63	104
129	180	59	104
129	179	56	105
128	180	56	106
130	179	52	105
129	181	52	104
133	181	48	105
132	182	47	106
135	182	45	105
134	181	44	106
135	183	45	106
133	182	46	105
134	192	45	99
137	212	39	78
141	211	36	80
141	202	36	89
139	185	42	108
140	185	44	108
139	185	47	108
138	185	47	108
137	184	51	109
138	184	54	110
138	183	58	111
138	184	61	111
138	184	62	113
139	185	61	112
139	187	59	111
139	187	57	112
140	186	53	111
142	187	51	112
141	187	52	112
141	188	54	113
142	188	54	114
144	189	54	114
145	190	54	113
146	191	53	114
148	191	52	116
151	191	51	115
153	191	50	114
155	191	48	115
158	191	48	115
159	192	46	114
162	192	44	115
163	195	44	115
164	195	45	115
166	195	50	115
167	195	55	115
172	197	63	114
173	195	66	116
175	196	65	116
176	196	64	118
175	194	60	122
175	194	59	122
175	194	57	122
176	195	69	122
175	195	77	124
174	196	74	122
175	195	69	124
175	194	72	126
178	193	72	128
180	194	67	128
181	197	59	127
182	197	58	127
183	197	59	126
186	199	61	124
189	201	57	122
190	206	62	119
192	207	62	120
194	208	64	119
195	208	65	121
196	214	68	118
196	214	71	118
195	215	69	118
197	214	75	119
196	214	74	117
195	215	72	117
193	217	77	118
192	216	79	119
186	217	86	118
185	218	85	118
183	219	86	118
183	219	90	118
187	218	90	121
194	220	87	119
193	218	91	121
192	218	93	122
189	218	99	123
190	220	99	123
199	223	90	122
202	226	88	121
205	230	82	117
212	232	75	117
219	233	67	116
231	236	55	113
236	237	51	111
240	240	51	109
240	242	53	108
241	244	53	107
242	250	53	102
243	255	53	99
244	265	52	91
246	269	51	88
246	273	52	83
246	278	54	78
247	282	55	75
247	283	56	74
248	279	56	79
248	275	56	82
248	272	56	84
249	264	55	93
250	258	55	98
249	253	55	103
249	244	56	111
246	240	59	114
246	235	62	119
246	234	63	120
246	233	65	124
249	232	65	126
250	233	68	127
252	232	70	128
253	232	71	129
262	231	66	130
266	231	64	130
271	233	59	130
273	233	61	131
276	235	59	132
277	236	58	133
275	237	60	133
276	240	62	131
277	240	63	132
278	241	63	130
281	242	62	129
282	241	63	129
287	244	59	131
291	245	57	130
294	247	58	132
296	249	59	131
297	248	60	132
301	248	58	131
303	249	58	131
305	248	59	132
306	248	61	133
306	248	62	136
305	251	66	136
306	251	66	136
305	254	68	137
309	254	65	137
312	254	63	138
313	254	63	137
313	253	65	138
315	253	65	139
316	254	66	140
318	256	66	139
321	259	65	138
326	260	62	139
327	259	68	141
329	261	68	140
333	258	79	144
332	257	86	145
330	258	87	145
332	258	84	147
334	261	79	148
338	263	71	146
339	266	70	147
341	266	70	148
342	266	73	150
344	266	75	150
347	265	74	149
351	267	70	149
353	268	67	149
358	270	64	149
360	272	65	148
362	275	67	149
364	275	69	150
366	275	69	150
374	275	64	151
382	275	58	150
385	276	55	152
387	276	57	153
389	278	58	155
390	279	57	153
393	282	60	154
396	284	60	156
397	285	63	157
402	285	66	158
401	285	67	157
404	284	63	158
404	285	63	159
401	285	70	160
399	286	75	159
398	289	80	159
399	291	81	157
407	294	73	160
410	294	69	161
423	295	56	160
430	295	52	161
432	295	52	159
438	294	54	160
439	295	56	160
441	295	59	160
442	297	60	160
445	299	58	157
445	298	59	159
443	298	63	159
441	297	65	159
435	297	78	160
426	296	93	159
425	296	102	160
426	297	110	160
424	297	113	158
437	298	98	158
438	298	93	159
439	298	89	159
442	299	81	158
442	299	76	158
444	298	68	159
446	299	65	158
442	299	68	158
436	299	77	158
433	299	82	157
425	298	95	157
423	297	101	158
418	295	111	159
417	295	114	160
416	295	115	160
416	293	110	162
415	293	107	161
416	295	91	161
416	294	84	159
419	294	78	159
419	294	74	162
413	294	77	163
410	292	79	163
393	290	99	164
387	289	111	163
383	287	130	162
387	288	129	159
397	289	118	159
396	287	115	161
394	289	118	160
379	288	129	160
371	287	125	160
398	287	77	161
366	286	97	160
389	282	67	159
376	283	75	156
385	281	63	155
386	280	57	158
384	281	58	157
379	281	61	157
377	281	60	156
374	280	62	157
370	278	64	158
367	278	65	157
361	274	66	154
357	273	66	152
357	272	62	151
358	272	60	152
355	272	63	152
353	272	70	152
352	271	72	151
352	270	72	151
352	270	72	151
356	268	68	153
357	267	66	152
355	265	61	147
353	264	58	148
351	263	59	148
344	262	63	147
341	262	65	148
336	262	66	149
334	263	65	148
331	262	60	147
328	261	61	147
326	260	62	146
323	258	62	145
318	257	66	143
305	255	86	144
286	254	114	144
289	252	113	146
294	252	107	145
294	253	101	145
290	253	106	144
289	251	107	146
277	248	114	145
279	248	88	141
288	248	73	140
287	247	70	140
297	247	54	140
297	248	50	142
297	247	50	141
297	246	47	141
293	245	49	141
287	243	53	139
277	243	64	137
261	241	96	136
256	238	107	141
253	238	111	140
259	238	104	139
263	239	97	139
266	239	89	140
262	238	92	139
254	236	99	139
252	233	95	137
254	233	84	136
254	232	76	134
262	232	59	136
261	234	53	132
261	232	52	137
260	231	51	137
257	230	53	138
255	229	51	135
248	228	52	133
248	227	52	133
247	226	50	133
246	227	49	133
243	228	49	131
243	228	48	131
241	227	49	131
240	224	50	133
237	222	49	132
234	224	50	128
230	222	53	128
230	222	51	127
229	218	49	132
228	222	49	127
226	221	49	129
225	218	48	131
223	217	51	131
218	217	48	127
217	214	48	127
216	215	48	126
214	215	47	127
213	215	48	128
212	216	48	126
210	216	49	126
206	214	50	127
205	213	51	128
201	212	52	124
200	210	52	124
197	209	49	123
195	209	50	123
191	210	49	127
194	209	48	125
191	210	47	128
188	207	48	126
186	210	49	133
184	206	50	150
183	204	53	165
180	207	57	143
180	206	59	136
178	203	56	144
174	204	57	119
174	203	57	118
173	203	56	116
171	202	55	118
172	202	52	117
172	201	47	117
171	200	46	117
169	199	47	118
166	198	50	118
163	198	53	119
159	199	55	117
157	198	56	118
154	199	55	118
153	198	55	119
150	197	57	118
147	195	57	117
145	195	58	116
141	193	59	118
138	193	62	117
137	194	63	115
135	195	62	115
134	196	60	114
134	194	59	114
134	192	56	115
133	192	53	113
133	190	48	113
132	191	45	112
131	191	43	114
128	190	44	113
124	190	46	112
123	190	46	112
118	189	51	113
105	187	66	112
106	185	70	113
103	185	77	113
104	185	78	113
101	186	80	112
102	186	78	113
104	186	73	112
99	186	79	113
107	184	63	112
112	183	52	109
115	183	47	109
117	182	42	109
119	183	39	109
118	182	38	109
118	183	39	108
117	182	40	109
115	182	42	109
109	181	54	109
103	179	66	108
97	178	80	109
103	177	75	109
98	178	79	108
99	177	76	108
106	178	70	108
103	177	73	109
110	178	62	109
112	178	57	106
113	176	48	109
111	177	45	114
113	175	42	114
110	174	43	117
111	180	43	131
110	177	46	135
108	175	49	120
108	172	49	129
105	171	47	107
104	171	47	105
104	172	45	103
101	171	46	103
101	172	46	102
100	171	47	103
97	171	50	104
97	170	49	103
96	170	48	103
96	170	44	101
96	169	43	101
97	168	42	102
96	169	41	102
96	169	41	102
93	170	41	101
93	169	41	101
89	168	42	100
88	167	42	100
85	166	44	100
82	166	46	100
80	167	49	99
79	166	50	99
77	166	50	100
76	165	50	100
75	166	48	99
75	164	46	98
74	164	44	98
72	163	43	98
71	162	42	99
71	163	42	99
70	162	41	100
64	158	43	103
65	159	43	101
63	158	42	101
61	159	44	99
58	161	45	96
56	160	46	97
53	160	48	97
52	159	48	98
51	158	48	98
50	157	47	98
51	156	43	96
51	157	41	96
51	156	40	96
51	156	40	96
50	157	39	95
49	157	39	94
47	158	40	95
47	157	39	94
42	155	41	94
41	155	41	94
38	155	43	94
37	154	43	94
36	154	45	94
34	154	45	94
34	154	45	94
34	154	44	94
33	154	44	93
32	154	44	94
31	152	41	92
30	152	40	91
28	152	41	92
28	152	40	92
26	152	40	91
25	152	40	92
24	153	40	92
23	152	40	92
24	152	39	92
24	152	34	90
22	151	33	91
21	151	33	90
19	152	32	90
18	151	32	91
16	151	33	91
16	152	32	90
15	153	33	89
14	152	33	90
13	151	35	90
11	152	37	91
9	152	39	91
7	152	41	91
6	151	43	92
6	150	43	93
7	150	42	93
9	151	41	92
9	151	41	92
11	151	40	91
12	152	39	90
13	151	39	91
13	152	39	91
14	152	39	90
14	151	39	91
15	151	38	89
14	152	39	89
16	152	39	89
17	152	40	89
18	152	40	90
18	152	41	91
20	151	40	92
22	151	41	91
24	151	41	91
26	151	40	91
27	151	39	91
27	151	41	91
27	152	42	92
28	153	44	91
30	153	45	90
32	153	42	88
34	153	44	90
38	152	41	91
39	152	41	92
42	153	40	96
43	154	41	112
41	153	44	126
42	155	42	107
42	156	42	111
44	155	40	95
48	155	38	93
50	154	37	92
52	154	38	93
53	155	39	94
54	156	40	93
55	155	42	93
56	156	42	95
57	157	44	95
59	157	43	95
59	157	43	95
60	157	42	94
63	157	39	95
65	158	38	95
66	158	37	95
67	159	37	96
68	158	38	96
69	159	38	97
71	160	39	95
72	159	39	97
72	159	41	97
73	159	42	97
73	161	44	98
73	161	45	98
73	162	45	98
75	163	45	98
76	163	45	98
79	163	42	98
80	164	41	98
83	164	39	99
83	165	39	98
86	166	38	99
86	168	38	98
88	168	38	98
89	168	38	99
90	167	40	100
90	167	42	99
90	168	45	100
91	169	46	100
92	170	48	100
93	171	47	101
95	171	47	101
98	171	44	101
98	171	44	101
101	171	41	101
103	171	40	102
104	172	40	102
107	173	39	103
108	174	40	103
110	173	40	103
113	173	42	104
115	173	44	104
116	174	47	106
117	176	48	105
119	176	48	105
120	177	48	105
120	177	47	105
123	177	45	106
126	177	43	105
128	178	41	106
129	177	41	106
132	179	41	107
134	181	41	106
136	181	42	107
139	179	42	107
142	179	43	108
143	180	46	108
144	181	45	108
146	182	46	108
147	183	43	106
150	183	41	107
152	184	40	107
153	184	37	106
157	183	40	108
158	184	41	112
159	184	43	117
159	185	43	116
158	186	45	115
160	187	47	112
144	189	52	111
171	186	41	114
172	186	41	112
175	187	42	112
179	187	44	111
181	188	47	110
181	190	49	110
183	192	50	110
184	192	49	110
186	192	48	110
186	192	47	110
187	192	46	110
190	193	44	110
191	194	43	110
194	195	44	110
195	196	44	110
197	197	43	111
199	196	44	111
201	197	44	111
203	196	47	111
204	197	47	111
204	198	49	113
207	199	51	114
208	200	51	113
209	201	51	114
210	200	50	114
211	201	48	113
213	201	47	115
214	203	45	113
216	205	45	114
219	208	44	113
220	208	44	115
222	208	44	114
224	208	47	113
225	209	48	113
225	209	49	113
226	210	50	115
227	211	51	114
227	211	51	115
227	212	51	115
227	213	50	114
227	214	50	114
228	213	48	115
228	214	48	116
228	213	47	117
230	215	46	117
230	216	46	118
230	216	47	119
231	216	48	121
231	216	48	120
231	217	50	119
231	217	52	120
231	218	53	121
231	219	53	121
232	221	52	122
233	221	52	122
232	223	52	121
232	223	52	122
233	222	51	122
234	222	52	124
235	223	52	126
235	223	53	126
237	225	52	127
237	224	52	126
240	224	52	128
241	224	52	127
243	224	54	128
243	225	54	129
244	226	53	129
245	227	53	130
245	229	54	129
247	231	53	131
247	231	52	129
248	231	51	131
248	230	53	131
250	230	52	132
250	230	53	133
252	231	51	133
253	233	52	134
255	234	52	135
256	235	52	133
257	236	54	135
258	236	54	134
259	236	57	135
262	237	57	134
263	237	57	136
263	239	57	139
265	240	56	138
268	242	56	138
270	242	55	137
272	241	54	138
275	241	54	139
277	242	53	138
280	243	53	139
283	245	54	138
286	247	53	138
289	248	53	140
291	248	54	141
295	247	54	141
296	248	55	141
298	249	55	141
300	250	55	142
303	251	55	143
305	252	54	142
306	254	56	143
309	255	56	144
314	255	55	144
317	256	55	144
319	256	54	144
324	257	55	145
326	258	56	144
330	261	55	146
332	262	56	147
334	261	56	146
338	263	55	146
341	264	56	146
343	264	55	149
345	265	56	150
348	266	55	150
349	268	55	149
352	272	55	150
354	270	54	151
357	272	55	149
363	271	54	150
367	272	53	150
367	273	55	150
372	275	59	151
372	278	59	149
375	279	58	153
376	280	58	154
379	282	59	153
381	282	57	151
385	281	54	153
385	280	54	152
389	280	52	153
389	280	52	152
391	281	52	153
393	280	55	152
394	280	56	155
395	281	56	154
396	281	57	153
396	282	58	152
399	282	56	153
402	282	54	153
407	281	53	152
409	282	55	152
409	281	60	152
409	281	61	153
408	281	62	152
406	281	63	152
404	281	60	152
401	281	60	152
398	281	58	152
397	282	59	150
394	282	59	152
389	280	59	152
387	277	57	150
383	274	56	148
379	274	55	147
368	274	64	148
363	271	68	149
357	272	72	148
357	270	73	150
355	271	70	148
349	268	65	147
346	267	58	148
343	265	54	147
337	265	52	148
328	267	55	146
326	268	57	146
320	266	60	147
