271	132	32	38
271	132	32	39
271	131	32	40
272	132	33	39
272	132	32	40
273	132	32	39
272	133	32	40
273	132	32	40
274	133	32	39
274	132	32	40
274	132	32	40
275	132	33	40
275	133	33	40
276	133	33	40
276	132	33	40
276	133	33	40
277	133	33	40
277	133	33	40
278	133	33	41
278	134	33	40
279	134	33	41
280	133	33	41
280	134	34	41
281	134	34	41
281	133	33	42
282	134	33	41
282	134	34	41
282	135	34	42
283	134	34	42
284	135	33	42
284	134	34	42
285	135	34	42
286	135	33	42
286	135	33	42
286	135	33	42
287	135	34	42
288	135	34	42
287	136	34	42
288	136	34	42
289	136	34	42
290	137	34	42
290	137	34	43
291	136	34	42
291	136	34	42
291	137	34	43
292	137	34	42
292	138	34	43
293	136	34	43
293	137	34	42
294	137	34	43
295	138	35	43
296	137	35	44
296	138	34	43
296	138	35	44
297	138	35	44
297	139	35	44
298	137	35	45
298	138	35	44
299	139	35	44
299	139	35	44
300	139	35	45
300	139	35	45
301	140	35	45
302	139	35	45
302	140	35	45
303	140	36	44
303	140	35	44
304	141	35	45
305	140	36	46
305	140	36	46
306	140	35	46
307	140	35	46
307	141	35	45
308	143	35	45
308	142	35	45
309	142	36	46
310	142	36	46
310	143	36	46
310	142	36	46
311	142	36	46
312	142	36	47
312	144	36	46
313	143	36	47
313	144	37	47
314	143	37	48
315	143	37	47
316	144	37	47
316	143	37	48
316	145	37	47
317	145	37	48
318	145	37	48
318	144	38	48
318	146	37	47
319	145	37	48
319	147	38	47
320	147	38	48
321	147	37	48
322	147	38	48
323	147	37	48
323	147	38	48
324	147	38	48
324	147	38	49
325	147	37	48
325	148	38	49
326	147	38	50
327	148	38	49
327	147	38	50
328	148	38	50
329	149	38	50
329	147	38	51
329	149	38	50
330	148	38	51
330	148	38	51
331	148	38	51
332	150	38	50
332	150	38	50
333	149	38	52
333	149	38	52
333	152	39	50
334	151	39	50
335	152	39	51
335	153	39	50
336	151	39	52
337	152	38	51
338	152	39	51
338	153	39	51
338	153	40	52
339	153	39	51
339	153	40	52
340	155	40	51
341	154	40	52
341	155	40	52
342	155	40	52
343	155	40	53
343	155	40	53
343	155	40	53
344	156	40	53
345	155	40	53
346	157	40	52
347	157	40	53
348	157	41	53
348	158	40	53
348	158	41	54
349	158	41	53
350	158	42	54
351	157	42	54
351	158	41	54
351	159	42	55
352	159	42	55
353	159	41	55
354	159	41	55
354	160	42	55
354	160	42	55
355	161	41	55
357	161	41	55
358	161	42	56
358	161	42	56
359	162	42	56
359	162	42	56
360	163	42	56
361	163	42	57
362	164	42	57
361	164	42	57
363	164	43	57
363	164	43	57
363	165	43	57
364	166	43	57
365	165	43	58
365	165	43	58
366	165	43	59
367	167	43	58
367	167	43	59
368	167	43	59
370	167	43	59
370	168	43	60
370	167	43	60
371	168	44	60
372	168	43	60
372	168	44	60
373	170	44	60
374	170	44	61
374	170	44	61
375	171	45	61
376	171	44	61
377	172	44	61
377	172	45	61
377	173	45	62
378	173	45	62
379	173	45	62
379	174	45	62
380	174	45	62
381	175	45	62
381	176	45	61
382	177	46	62
382	178	46	61
383	178	45	61
383	178	46	63
384	179	46	63
385	179	46	62
385	179	47	62
387	179	46	64
388	181	46	64
388	181	46	63
388	181	46	64
389	182	47	64
390	183	46	64
390	183	46	65
391	183	47	64
391	184	46	65
391	185	46	64
392	185	46	65
393	186	46	66
394	187	46	65
394	187	46	66
394	188	46	65
395	189	46	66
395	190	46	65
395	190	46	66
396	191	46	66
396	191	46	67
395	192	46	67
396	193	46	67
396	194	46	67
395	195	47	67
395	194	47	68
395	196	47	67
395	196	47	68
394	197	48	69
394	196	48	70
394	197	48	71
392	197	49	72
394	198	48	72
392	199	49	72
392	199	50	73
391	200	50	74
390	201	51	74
389	201	51	74
388	201	52	75
388	202	52	74
386	202	52	76
385	204	54	75
385	204	55	77
384	204	55	77
382	206	56	78
381	207	57	78
380	207	58	78
377	209	59	79
376	209	60	80
375	210	60	80
372	211	61	81
371	211	62	81
370	211	62	81
368	213	63	83
366	213	64	83
364	214	65	83
363	215	65	84
360	216	65	84
358	217	66	84
357	217	66	85
356	218	67	85
352	219	67	86
351	220	68	87
348	221	68	86
345	222	69	88
343	223	70	88
341	224	70	89
340	224	71	88
336	226	72	90
333	226	72	90
331	227	72	91
326	228	74	92
324	230	74	92
323	231	74	92
321	231	75	93
317	233	76	94
314	234	78	94
311	235	78	96
306	236	79	95
305	237	78	97
302	238	78	97
300	238	78	98
295	241	80	99
293	242	80	98
291	243	81	99
288	244	82	100
283	245	83	102
280	248	84	101
277	248	85	102
272	249	85	104
270	250	86	105
267	251	86	105
264	253	86	104
259	254	87	107
256	256	88	107
253	257	88	108
318	258	106	105
372	258	101	111
400	259	101	109
440	258	112	106
525	265	95	109
519	265	102	111
507	266	97	115
504	267	99	115
503	268	96	117
498	270	100	116
494	272	100	117
486	274	103	119
481	275	104	119
479	278	103	119
470	279	106	121
467	282	106	120
462	283	107	121
454	286	110	124
451	285	109	126
446	287	110	127
436	289	114	131
432	291	113	129
427	293	115	130
417	298	118	131
412	298	118	133
409	299	118	133
397	304	122	135
392	307	121	136
387	307	123	137
376	312	127	138
370	313	127	142
341	324	135	130
332	325	137	131
327	327	139	129
313	333	140	124
308	335	142	123
302	337	143	120
294	339	144	118
278	343	149	114
