333	90	30	30
333	90	28	31
334	90	28	31
335	90	28	31
336	90	27	31
337	89	27	31
337	89	27	31
338	89	26	31
339	90	27	31
340	90	26	31
340	89	26	31
341	89	26	32
341	89	25	31
342	89	25	32
342	88	25	32
342	89	25	31
343	89	24	31
344	89	24	31
344	89	24	31
345	88	23	31
345	89	23	30
345	89	23	30
345	88	23	30
345	89	23	30
345	89	23	30
346	90	22	30
346	89	23	30
346	88	22	30
346	89	23	30
347	89	22	30
347	89	23	30
347	89	23	30
346	89	23	29
347	89	23	29
348	89	23	30
348	88	23	30
348	88	22	30
348	88	22	31
348	88	22	31
348	88	22	30
348	88	23	30
349	88	21	31
348	87	22	31
349	87	22	32
348	86	22	32
349	86	22	32
348	87	22	32
348	87	22	32
348	86	22	32
348	86	22	32
349	86	21	32
348	86	22	32
349	86	21	32
347	86	22	31
348	86	22	31
347	86	23	31
348	86	22	32
347	87	22	31
348	87	22	31
347	86	22	31
347	86	22	31
348	86	22	31
347	85	23	31
347	86	21	32
347	86	22	31
347	86	22	31
347	86	22	31
347	86	23	30
347	86	22	29
347	86	23	30
347	86	22	30
347	85	22	30
347	86	22	30
347	86	22	29
347	85	23	29
346	86	23	29
347	86	22	29
346	86	23	29
346	85	22	30
347	85	22	30
345	84	23	30
345	84	22	31
345	85	22	30
345	84	22	30
345	84	23	29
344	83	23	30
344	85	23	29
344	84	23	29
343	84	23	29
344	84	23	29
344	84	23	29
343	84	23	28
343	84	23	29
342	83	23	29
343	83	23	28
343	83	22	28
342	84	23	28
343	85	22	27
343	85	22	26
341	84	23	28
342	84	23	28
341	83	23	28
341	83	23	27
339	83	24	27
341	85	22	27
341	84	23	26
341	84	23	27
342	84	22	27
342	83	22	27
341	83	22	27
342	84	21	26
340	83	22	26
341	84	22	26
340	84	22	26
341	84	21	26
340	83	22	26
341	81	22	28
340	81	21	27
339	82	23	27
339	83	22	26
340	82	22	28
340	82	21	27
339	83	21	25
338	83	22	25
337	83	23	26
336	82	24	26
337	83	23	25
337	83	22	25
337	85	22	25
338	91	21	22
338	93	21	22
337	92	21	24
337	95	21	23
337	99	21	24
335	100	23	25
337	108	21	21
336	107	21	23
335	110	23	24
336	110	22	26
336	117	21	22
334	117	22	24
336	123	21	22
335	122	22	25
334	124	22	24
335	130	21	22
334	131	22	24
334	137	22	22
333	136	22	24
333	138	22	25
334	144	20	23
334	144	21	24
334	146	21	24
333	151	20	24
332	153	22	25
333	155	21	24
332	157	21	25
333	160	21	25
334	163	20	23
333	167	19	23
333	169	20	23
333	173	19	23
332	174	20	24
331	179	20	22
330	180	21	23
331	181	20	25
329	185	21	23
329	187	21	23
330	191	20	23
331	193	20	23
330	195	22	24
330	197	20	25
331	203	19	23
332	203	19	25
331	208	18	24
329	210	21	24
330	212	20	29
328	215	20	27
330	218	20	26
329	220	21	25
329	222	20	24
329	224	19	23
329	224	19	25
328	224	20	25
328	223	20	25
328	224	20	25
328	224	20	24
329	224	20	24
327	225	21	25
327	223	22	25
327	224	22	25
327	224	23	25
327	224	23	24
326	224	23	24
326	224	22	24
326	223	22	25
325	225	21	24
324	224	21	24
324	224	21	24
324	224	20	24
324	224	21	24
324	224	21	25
325	224	20	25
323	224	21	25
323	224	20	25
323	224	21	24
322	224	21	23
322	223	21	24
322	223	20	24
322	224	20	24
322	224	21	23
322	224	20	24
321	225	21	23
321	224	21	24
320	223	21	24
320	224	20	23
320	224	21	24
320	224	21	24
319	224	21	24
319	225	21	23
319	225	21	23
318	223	21	24
317	223	20	24
318	223	21	24
317	223	21	24
318	223	20	24
318	224	20	24
317	223	20	24
317	223	21	25
316	223	20	25
316	222	21	24
315	222	20	26
316	222	20	25
315	222	20	25
315	223	20	25
314	222	21	25
314	222	21	26
314	221	20	25
314	222	20	25
313	222	20	24
313	222	21	25
312	222	21	24
312	221	20	25
312	221	20	25
312	221	21	25
311	221	21	24
311	223	21	23
310	221	21	25
311	222	21	24
310	222	21	24
310	222	21	24
310	222	21	24
309	220	21	25
308	220	21	24
310	220	21	25
309	220	21	25
308	220	21	24
309	221	21	24
308	220	21	25
308	220	22	26
308	221	22	25
307	220	22	25
307	220	22	24
307	219	22	25
306	219	22	25
306	219	22	25
305	219	22	26
305	219	23	25
304	219	22	25
304	219	22	24
305	219	22	24
304	218	22	25
304	219	22	25
305	219	24	24
303	220	22	25
303	219	21	24
303	220	23	24
302	219	22	24
302	219	21	24
302	219	22	23
300	219	20	24
301	220	21	23
301	219	21	24
300	219	22	24
299	219	21	24
300	219	20	24
299	219	21	23
298	219	21	23
299	218	20	24
299	219	20	23
298	217	20	25
298	218	20	24
297	218	21	24
297	218	20	24
297	217	21	25
296	218	21	23
296	217	21	24
296	218	21	24
