302	74	36	70
302	74	36	70
302	75	37	69
302	75	37	69
302	75	37	69
302	75	37	70
302	75	38	69
302	76	37	70
301	76	38	69
302	76	37	69
303	76	37	70
302	77	38	69
303	76	37	70
303	77	37	69
303	77	37	69
304	77	37	69
304	77	37	69
304	77	37	70
305	77	38	70
306	78	38	70
306	78	38	70
306	79	39	70
306	79	38	70
307	78	39	70
307	78	38	71
307	79	38	71
308	79	38	71
307	78	39	71
307	78	38	71
307	78	39	71
306	78	39	71
307	79	39	71
307	78	38	71
307	78	38	71
307	78	38	72
307	79	38	72
307	79	38	72
307	80	38	72
307	80	38	71
307	80	38	72
307	81	38	71
307	81	39	71
307	81	39	71
308	82	39	70
308	82	39	72
293	83	41	72
269	83	41	72
252	83	40	72
234	85	40	72
206	85	43	72
196	85	40	72
196	85	40	72
195	86	41	73
195	86	40	72
195	86	40	73
195	85	41	73
195	87	41	73
194	87	41	73
195	87	41	73
195	87	41	73
195	87	40	73
169	89	43	72
155	88	41	74
155	89	41	73
157	89	41	74
156	89	41	74
142	92	43	72
122	91	42	72
109	91	43	74
111	90	42	74
110	90	42	75
111	91	41	75
110	90	41	75
111	91	41	75
109	91	41	78
109	90	41	77
109	91	41	78
108	91	41	77
108	92	41	78
109	91	41	78
108	92	41	78
108	92	41	78
108	92	41	79
109	93	41	78
108	93	42	79
109	93	41	78
109	94	41	78
110	95	41	78
109	94	42	79
111	94	41	78
110	95	41	79
82	96	44	76
63	96	44	79
48	97	45	79
49	98	44	78
49	98	43	78
50	98	43	79
50	98	43	78
49	99	43	78
50	99	44	79
50	99	44	80
50	99	43	80
50	101	44	77
50	101	44	77
50	101	45	77
51	102	45	78
51	101	45	79
51	102	45	80
52	102	45	79
52	102	45	80
52	102	45	80
53	102	45	81
53	102	44	81
53	102	44	83
54	102	44	82
54	102	43	82
54	103	44	82
54	103	43	83
54	103	43	82
54	103	43	82
54	104	44	82
54	106	44	81
55	107	45	81
54	107	46	81
55	107	45	82
55	107	46	82
55	107	46	81
56	107	45	84
56	107	45	85
57	106	46	86
57	105	45	86
57	106	45	86
57	105	46	87
57	105	45	87
58	106	45	87
57	106	45	88
58	106	44	87
59	106	45	87
59	106	46	87
59	107	45	88
59	108	44	88
59	108	45	88
58	109	45	87
59	109	45	87
59	110	45	87
59	110	45	88
59	111	46	87
59	111	46	88
59	106	45	87
60	91	45	88
58	88	46	90
58	89	47	88
59	90	47	89
58	90	47	88
58	90	48	88
58	90	47	88
58	91	47	88
57	90	47	89
58	90	47	89
58	90	47	89
57	91	48	89
57	87	46	94
57	76	46	89
57	68	47	89
57	67	47	91
56	67	47	91
58	67	47	92
58	67	46	93
58	67	46	93
58	68	47	92
59	68	47	93
58	68	46	93
60	57	45	91
60	47	46	89
59	40	46	92
61	39	46	93
60	40	47	93
60	41	47	92
60	42	47	91
61	43	47	90
60	43	47	92
61	45	47	92
62	43	46	91
61	32	47	90
62	22	48	91
60	22	48	92
61	22	49	92
61	22	48	92
61	23	48	91
62	23	48	92
61	24	49	93
60	24	49	91
60	24	49	92
60	25	49	90
60	25	49	92
60	26	49	93
60	26	48	95
61	27	48	95
61	27	47	95
60	27	47	95
62	26	47	96
62	27	48	94
62	27	48	96
62	29	48	95
62	28	48	99
62	29	49	99
62	30	48	98
62	31	49	98
63	33	49	98
63	32	48	99
63	33	49	99
63	33	49	99
63	34	50	98
62	33	50	100
63	35	50	99
63	35	50	98
63	37	51	99
64	36	50	100
64	36	50	100
63	37	52	100
64	38	51	97
64	39	52	102
65	39	52	101
66	41	52	99
66	41	51	97
66	41	52	98
65	42	53	99
66	43	54	101
68	42	52	102
67	44	53	100
68	44	53	100
68	45	53	102
68	45	53	101
68	46	53	101
69	47	53	100
69	47	53	102
69	48	54	103
70	48	54	104
70	48	55	104
71	50	54	102
71	49	54	103
71	50	54	103
73	50	54	103
73	51	54	104
74	52	54	102
74	52	56	105
75	53	55	103
77	54	57	105
77	56	55	102
79	55	57	102
79	57	56	102
79	57	55	104
80	57	56	104
81	57	56	102
82	58	56	103
82	59	56	103
82	58	56	105
82	59	57	106
86	59	56	102
83	60	57	106
84	60	57	105
84	60	57	107
84	61	57	106
85	61	59	106
86	63	58	104
86	64	58	106
86	65	59	109
87	65	58	109
87	65	58	106
88	66	61	110
88	67	57	109
88	67	59	110
88	68	58	108
90	70	58	109
89	71	59	109
90	71	59	108
91	72	60	108
90	73	62	108
94	74	60	109
94	74	59	110
96	74	61	111
97	74	59	111
97	76	59	109
98	77	58	107
98	76	59	109
100	77	59	109
101	78	58	109
101	78	58	109
100	79	57	109
101	79	59	107
101	80	58	109
189	75	61	109
188	75	64	113
191	76	63	113
190	76	63	111
190	78	65	114
191	78	65	116
191	79	64	116
193	78	63	113
193	81	65	118
194	79	64	114
195	82	65	119
196	81	64	115
196	82	65	119
197	81	65	117
102	64	61	128
103	62	61	117
102	62	61	113
103	62	61	113
102	63	63	113
102	64	62	114
101	64	63	114
102	65	64	113
101	66	65	115
101	67	63	116
104	68	63	116
104	69	64	115
103	70	64	115
104	70	62	116
105	70	62	116
106	71	63	115
106	72	61	114
107	71	61	117
107	73	62	114
110	74	61	115
110	74	61	115
109	75	63	114
112	76	63	116
111	78	64	113
111	78	65	115
109	77	67	119
216	76	67	125
213	76	71	126
214	77	69	122
214	77	71	125
214	78	71	127
214	79	71	131
214	80	71	124
215	81	71	128
215	82	71	127
217	83	71	129
219	84	72	128
219	85	73	135
218	86	75	138
219	87	72	128
223	87	76	136
222	88	76	138
223	89	77	137
224	90	79	134
225	90	78	140
225	92	76	137
225	93	73	136
225	94	72	135
225	94	69	134
226	95	72	129
226	97	72	132
228	99	76	132
228	99	73	140
229	101	72	133
230	101	69	138
230	102	71	140
231	103	76	141
231	104	71	136
232	104	75	137
231	106	75	134
231	106	75	139
232	107	77	141
232	108	73	137
232	109	78	140
233	110	77	141
234	110	76	142
234	111	80	147
234	112	81	147
234	112	81	150
234	115	84	149
235	115	81	150
238	116	81	148
239	118	81	149
238	119	82	150
237	121	83	149
239	121	84	150
238	122	84	151
239	125	83	152
243	130	82	155
243	133	83	150
247	134	80	152
247	136	80	152
248	137	80	149
250	136	78	157
256	137	75	152
253	139	78	154
255	139	81	154
256	141	85	157
253	142	89	160
260	143	85	158
259	145	86	160
257	145	92	156
259	148	91	159
256	150	97	160
267	151	86	162
260	153	93	158
266	154	90	165
263	155	94	162
270	157	90	167
267	158	96	164
274	159	89	168
270	158	94	169
276	160	89	171
283	165	87	167
275	166	96	169
284	167	90	166
278	169	95	170
139	168	86	174
146	172	82	157
146	174	81	161
148	174	80	156
148	176	79	156
149	177	81	157
149	182	81	152
149	181	85	147
150	181	85	154
148	185	82	159
147	185	83	157
147	185	86	158
147	186	85	156
145	187	88	166
147	184	86	161
146	179	88	176
143	176	91	170
135	165	98	180
88	156	144	184
97	149	137	183
141	143	94	180
137	137	99	184
131	129	105	189
128	122	107	184
141	124	97	179
129	124	106	178
138	125	102	177
147	128	94	177
145	128	94	186
147	129	95	181
145	130	95	185
148	134	93	181
157	135	86	180
159	136	83	173
156	134	86	179
153	136	91	179
155	130	87	189
158	124	87	185
159	119	86	184
159	109	87	189
159	103	89	188
160	94	86	186
161	90	89	184
158	82	93	187
161	81	90	184
158	83	91	174
160	86	91	171
163	86	91	167
162	87	93	184
165	86	95	185
164	89	96	184
165	90	96	184
168	90	96	182
164	95	98	176
165	95	102	176
167	96	99	182
163	96	105	189
167	97	101	194
169	99	105	194
170	104	102	186
344	101	115	192
343	101	116	199
347	102	116	200
347	102	114	197
357	103	109	200
349	106	118	192
358	106	111	179
358	110	116	188
357	110	113	183
357	112	120	206
358	112	114	202
364	112	114	202
361	115	118	192
362	117	120	195
370	117	115	186
370	120	118	202
365	118	119	214
371	121	113	193
369	124	122	199
368	125	124	209
379	123	114	183
378	132	123	214
375	130	121	209
384	132	116	184
388	133	117	198
384	135	121	190
380	135	128	203
379	136	130	196
374	140	140	217
393	139	123	215
392	141	124	204
385	136	132	203
393	127	125	215
383	117	138	219
395	110	129	215
397	110	130	207
391	111	136	223
410	112	120	201
412	115	120	204
413	117	118	210
413	118	123	195
415	122	121	202
414	121	124	209
415	122	124	205
414	125	126	203
419	130	127	214
416	129	126	216
417	133	128	203
419	133	127	219
412	136	135	208
421	135	129	218
420	125	127	207
434	122	118	227
424	116	131	206
429	111	122	212
432	98	130	209
437	95	126	192
441	86	121	206
443	82	120	192
439	74	130	197
439	70	130	209
447	64	127	204
452	57	125	200
445	51	131	215
451	47	132	196
451	41	130	200
456	33	132	200
456	26	133	206
464	21	131	201
464	15	133	206
465	12	133	230
466	6	139	221
467	10	138	207
477	14	138	250
471	10	146	220
485	16	134	219
488	17	128	210
487	15	130	205
484	18	135	209
488	24	135	216
485	27	139	211
489	27	136	208
485	32	138	241
481	30	143	203
489	33	137	219
489	34	136	222
490	39	136	212
492	38	132	220
493	40	132	220
498	42	130	202
503	45	126	211
503	44	123	219
504	51	124	212
502	52	124	218
508	53	121	235
499	61	127	225
504	62	123	224
509	56	118	229
508	53	120	226
510	51	115	223
505	46	121	219
520	40	107	230
520	33	107	228
514	30	114	222
516	32	110	212
519	30	108	213
516	39	112	231
517	41	107	217
521	39	108	214
523	43	103	208
508	48	117	195
510	53	114	233
289	58	130	247
289	57	142	270
277	66	152	270
280	67	145	279
269	69	147	261
262	75	148	260
257	79	140	253
244	80	144	241
238	83	148	264
198	88	173	278
195	95	162	259
172	98	174	269
167	100	164	236
155	111	167	271
149	112	160	268
137	115	164	246
117	116	180	250
102	120	178	247
117	121	168	250
92	125	183	316
95	137	166	279
120	138	157	249
115	139	161	254
127	145	157	244
130	146	153	249
135	147	155	255
146	149	150	261
133	151	158	265
132	157	165	267
158	150	147	274
