393	324	105	134
395	320	101	136
396	319	103	137
400	318	101	137
401	316	99	138
403	315	100	141
406	313	99	141
407	311	99	143
410	311	98	142
412	309	98	143
414	307	96	145
416	306	96	145
418	305	95	146
420	303	95	147
422	301	94	148
424	301	94	139
426	300	94	128
427	300	95	131
429	299	94	127
431	296	94	133
433	296	93	124
435	294	94	133
438	294	92	124
439	293	91	135
442	291	89	126
443	291	91	125
445	289	90	125
447	289	90	121
448	288	89	124
450	287	88	120
452	285	88	122
454	284	88	124
456	283	86	126
458	282	85	125
461	281	84	126
462	281	84	126
463	280	83	122
465	278	82	125
466	277	83	123
467	276	82	122
470	275	81	123
472	273	81	122
473	275	79	122
475	272	78	121
477	272	80	116
478	272	79	119
480	269	79	121
481	268	79	120
473	268	77	120
460	268	78	119
453	266	76	118
440	267	77	117
430	265	76	115
421	265	78	113
406	263	79	117
401	262	77	113
388	261	76	114
376	261	80	113
370	261	79	111
360	260	79	107
364	258	76	107
366	260	74	106
368	258	72	104
368	257	71	105
370	257	72	105
371	256	71	104
371	254	73	105
373	255	72	104
374	255	71	102
373	253	70	102
375	252	71	102
376	251	73	102
376	251	72	101
377	250	71	100
380	249	73	99
379	249	70	100
380	248	71	99
381	247	70	98
382	246	72	99
382	247	70	96
384	244	73	99
383	244	70	97
383	243	72	97
384	243	73	96
382	243	67	95
385	242	69	96
384	241	72	95
385	240	75	95
385	241	72	94
387	240	71	94
385	238	69	94
386	240	66	92
388	237	65	93
387	238	63	93
390	236	66	93
390	234	70	94
391	236	66	92
390	234	65	93
391	234	65	91
391	232	64	92
391	234	63	91
392	232	63	91
391	232	61	89
394	231	61	90
393	232	60	90
393	230	61	89
393	231	58	88
394	230	57	87
395	229	57	87
395	229	58	88
397	229	58	86
396	227	54	87
398	227	57	86
398	226	58	88
397	226	60	87
398	224	63	86
401	225	71	87
401	226	77	84
414	227	75	83
425	223	72	86
441	226	84	85
446	221	71	86
451	223	70	82
458	221	62	82
458	222	60	83
459	221	56	82
457	219	57	82
457	220	56	81
460	220	55	82
459	218	56	81
461	219	53	80
460	220	55	80
460	218	56	80
459	216	54	80
461	219	55	79
459	216	55	79
460	216	54	78
460	216	52	78
461	216	55	78
462	216	50	77
462	217	52	75
460	216	51	75
459	216	53	75
458	216	53	74
460	217	55	73
460	217	53	72
459	217	52	70
460	217	51	71
459	216	52	72
460	212	52	74
459	211	51	75
460	207	54	78
457	208	55	78
459	207	55	76
458	205	54	79
457	208	54	75
459	201	54	80
456	202	57	81
456	200	62	79
453	201	64	78
453	199	62	79
455	201	61	78
454	200	59	77
456	199	59	79
454	201	58	76
454	200	59	77
455	198	55	78
453	201	59	75
451	198	59	79
453	199	59	78
453	199	61	77
451	199	59	77
453	195	62	81
452	195	62	80
452	192	66	81
451	195	65	79
451	192	65	78
449	193	66	77
449	193	64	78
450	194	68	74
451	177	68	86
449	184	66	81
446	188	60	74
447	188	58	73
444	186	57	74
446	191	57	70
445	189	56	70
444	187	58	73
445	186	59	77
445	189	63	74
444	188	61	75
445	190	63	74
444	188	65	75
444	184	62	77
442	185	61	76
442	186	61	74
441	186	63	73
441	182	65	76
441	184	62	74
440	182	59	76
439	181	64	76
439	182	61	75
437	181	62	74
435	181	62	76
436	183	60	73
437	185	57	71
436	185	56	71
435	188	54	67
435	187	54	68
434	188	54	66
432	186	54	67
433	187	53	67
432	186	54	67
430	186	53	67
430	186	53	67
429	184	53	67
427	186	51	66
426	182	53	68
426	184	53	68
425	183	53	67
425	184	53	65
424	183	54	67
423	183	54	66
423	182	53	66
421	183	54	66
420	182	54	66
420	180	54	67
419	182	54	66
419	182	54	64
420	183	52	63
417	182	54	64
417	182	54	63
415	181	54	64
415	183	53	62
415	183	53	62
414	182	53	62
413	183	53	63
413	182	52	62
412	182	53	63
412	182	52	63
410	178	53	67
408	180	54	63
409	179	54	64
409	179	53	65
407	180	54	64
407	179	52	64
406	178	53	64
406	177	53	65
405	178	52	64
404	177	52	64
404	176	52	65
402	176	52	65
402	177	51	64
403	176	51	65
401	176	51	64
401	175	51	64
400	175	51	63
400	173	51	66
400	173	51	65
398	173	51	66
398	171	50	67
398	174	49	64
397	170	49	67
395	171	50	65
396	169	49	67
396	170	49	65
395	172	48	64
395	169	49	65
394	170	49	65
392	168	50	66
391	170	48	64
392	170	48	63
390	168	48	65
390	168	49	64
389	168	50	63
390	169	48	63
388	170	47	62
388	167	49	64
387	170	47	62
387	168	49	62
385	168	48	62
386	167	46	62
385	167	47	61
384	170	47	59
384	168	47	60
384	169	48	59
383	169	47	58
382	168	47	58
382	170	46	57
381	168	46	59
381	169	46	57
380	167	46	57
381	170	47	56
380	167	46	57
379	168	46	57
378	169	47	57
378	168	46	56
379	167	46	57
376	166	47	58
377	166	47	57
376	166	47	57
376	166	48	56
375	166	47	56
376	166	48	57
375	166	48	56
374	166	48	56
374	166	48	55
374	164	49	56
373	165	49	55
374	164	48	55
372	167	46	55
373	164	47	55
371	166	47	55
372	165	46	54
370	164	47	54
371	165	46	54
369	164	47	54
370	164	46	54
369	165	45	53
369	163	46	54
369	163	45	54
369	163	44	54
368	162	46	54
366	164	45	53
367	164	44	53
367	165	44	51
366	165	43	50
367	168	42	47
367	168	41	46
367	168	41	46
366	168	41	46
367	170	40	44
366	169	40	44
365	166	41	47
364	168	41	46
364	165	41	46
364	165	40	48
364	166	40	46
362	167	41	44
362	166	41	45
361	164	41	47
361	166	41	45
361	163	40	47
361	162	40	48
359	165	40	46
360	166	39	43
361	167	38	42
359	167	39	43
358	166	39	43
358	163	40	46
357	165	40	45
357	163	40	45
357	163	40	45
357	163	39	45
356	162	39	46
355	161	40	46
357	166	38	42
354	163	39	43
355	162	39	44
354	160	39	46
353	161	39	45
353	161	39	44
353	164	38	43
352	163	38	42
353	164	38	42
352	160	37	44
352	164	37	42
350	157	38	47
349	158	39	47
350	158	38	46
350	161	37	43
348	158	39	45
349	157	37	46
349	157	37	46
345	124	42	62
343	120	40	57
346	114	39	49
346	116	38	43
347	119	37	42
346	116	36	43
345	118	38	41
346	118	37	42
345	116	37	43
344	114	36	44
343	113	38	45
343	114	37	44
343	113	37	44
342	113	37	44
341	114	37	44
341	112	37	45
342	114	36	44
341	114	36	42
340	110	37	45
339	114	37	43
340	115	36	42
340	111	36	44
340	112	36	43
340	111	36	43
339	112	36	43
340	117	35	39
340	117	34	37
338	112	35	42
338	113	35	41
336	110	36	43
337	112	35	42
337	108	35	44
336	108	35	45
337	110	33	45
336	108	34	43
335	109	35	43
335	109	34	43
334	108	35	44
334	110	34	43
334	110	34	42
334	108	34	43
334	109	34	42
333	111	34	41
334	107	33	43
332	109	35	42
334	110	32	41
333	107	33	42
332	108	34	42
332	108	35	42
331	107	34	42
331	105	34	44
331	105	35	43
329	99	36	58
303	66	51	69
302	88	61	68
306	93	75	67
324	151	45	63
306	121	52	63
326	186	41	61
327	198	38	45
328	198	35	42
329	200	34	41
330	201	32	40
330	203	33	38
330	203	33	36
329	202	33	37
329	199	33	40
329	196	33	42
327	201	34	39
328	198	33	40
327	201	33	38
327	197	32	42
327	197	33	41
326	197	33	41
326	197	33	41
325	199	33	39
326	198	33	39
325	198	33	39
325	198	33	38
325	196	33	40
325	196	33	41
324	196	33	40
324	195	33	41
324	196	32	41
324	194	33	41
324	196	33	40
323	195	33	41
322	197	33	39
322	194	33	41
322	197	33	39
322	196	32	38
322	194	32	41
321	193	33	41
321	198	33	39
320	194	32	39
320	193	33	41
321	197	31	39
