176	296	39	98
178	292	38	101
183	290	36	103
187	288	34	104
190	289	34	103
193	287	34	104
195	287	34	103
198	287	35	103
201	287	35	104
201	286	38	104
203	285	38	105
206	284	36	104
210	282	34	105
214	281	34	107
218	282	34	103
222	282	37	102
225	283	40	100
227	282	40	101
228	282	39	103
232	280	36	102
234	279	36	104
237	278	35	104
240	278	35	103
242	276	34	105
244	278	35	102
247	278	35	102
250	278	35	103
251	276	35	104
253	276	35	104
254	276	35	103
258	275	34	102
261	274	33	104
265	274	33	103
269	273	33	101
271	275	36	99
272	275	38	99
275	274	37	100
276	276	36	98
280	272	35	101
283	273	34	98
286	272	33	100
289	270	33	101
291	270	33	102
295	271	33	100
297	271	34	100
299	271	35	100
301	271	35	98
302	270	35	98
306	270	34	97
307	269	34	98
309	270	34	97
312	272	33	94
314	272	35	93
315	272	37	93
317	272	38	92
320	272	37	92
322	271	36	94
323	270	35	95
327	268	34	96
330	264	34	98
333	266	34	97
336	264	34	98
339	265	34	96
340	265	34	95
341	266	34	93
343	264	33	95
346	264	33	96
348	263	34	96
349	263	33	95
351	262	34	94
352	264	35	93
353	264	37	91
358	265	34	92
358	263	34	93
360	263	33	92
360	261	33	95
365	261	32	93
365	260	33	95
368	261	33	93
370	261	33	92
371	260	34	92
373	260	33	92
374	260	34	92
375	259	33	92
377	259	33	93
382	259	31	92
382	257	32	92
387	257	31	92
387	259	33	90
389	258	34	90
390	258	34	89
392	257	34	91
392	257	34	91
393	257	32	91
397	256	32	90
399	255	32	91
402	255	33	92
402	254	33	92
405	255	32	91
404	254	33	90
408	256	32	90
405	252	33	91
407	253	31	90
410	252	31	90
412	255	32	87
413	254	32	87
415	254	32	87
416	253	32	87
417	253	32	88
418	252	32	88
417	251	32	90
424	249	33	89
425	248	33	90
425	248	32	87
428	249	31	86
432	250	30	86
431	250	32	84
434	250	31	83
434	251	31	82
436	249	32	82
437	248	32	84
441	246	31	86
443	246	31	85
445	245	31	87
447	244	32	87
444	243	33	87
450	244	30	86
446	243	33	85
451	244	31	85
451	243	32	86
454	244	32	84
460	242	30	84
462	242	31	83
462	241	30	84
464	243	30	82
464	242	30	83
465	240	30	82
463	239	31	84
466	239	30	83
467	239	30	83
465	239	31	83
468	239	30	83
466	240	30	81
470	239	29	81
469	238	29	80
470	237	28	82
470	236	28	83
470	235	28	83
472	236	29	84
474	235	29	84
474	236	29	84
476	234	30	82
476	235	32	82
475	234	31	82
477	233	30	83
476	233	31	83
477	233	30	83
479	234	31	81
477	234	30	80
480	234	30	81
460	234	27	75
464	233	27	76
479	232	28	78
482	232	27	78
480	233	29	78
481	231	28	79
482	232	28	79
481	231	28	78
481	231	28	79
484	232	28	78
483	230	29	78
480	229	29	79
483	229	28	78
481	228	29	79
484	228	28	78
484	229	29	79
482	229	29	78
485	226	27	79
484	224	27	78
484	225	28	79
484	224	27	79
486	223	27	81
485	224	27	79
483	222	27	79
486	222	27	80
485	221	27	79
484	222	27	79
485	222	27	77
484	224	27	77
484	224	26	76
485	224	26	74
485	223	27	75
483	222	26	76
482	223	26	74
483	221	26	76
482	222	26	76
483	221	27	76
482	221	27	77
483	221	26	76
483	221	26	76
483	220	27	77
481	220	27	78
481	220	28	75
484	219	28	76
481	219	27	76
485	219	27	76
481	217	28	77
484	218	27	77
483	219	27	76
481	219	27	76
484	218	27	75
473	219	24	73
471	218	25	72
480	216	26	76
483	216	26	75
473	216	24	74
482	215	27	75
480	215	26	76
484	215	26	75
483	214	26	76
484	214	26	75
485	213	26	75
484	211	27	76
486	211	27	76
485	212	26	76
486	211	26	75
488	212	26	74
484	213	27	72
487	212	26	72
489	213	27	73
486	212	26	72
489	210	26	73
487	208	26	74
489	210	26	72
487	208	27	73
489	208	26	73
486	209	26	70
489	208	25	72
490	208	26	74
489	208	26	73
491	205	26	76
487	203	27	76
489	204	25	73
487	204	27	74
490	205	26	72
487	203	26	75
490	205	26	73
486	204	26	73
489	205	25	73
487	204	25	74
486	203	24	73
486	203	24	73
486	201	24	75
487	202	24	75
487	201	25	74
490	203	25	72
488	201	26	74
486	202	24	73
489	203	24	72
486	201	25	72
489	203	25	73
486	203	25	71
488	202	25	72
487	201	25	71
488	201	25	70
485	201	25	71
487	202	25	70
486	202	24	69
485	201	25	69
489	202	25	69
488	202	24	70
487	200	25	73
491	200	24	73
487	198	25	72
486	197	24	73
485	196	25	74
489	198	24	73
480	199	25	71
482	199	24	69
485	198	25	70
477	197	25	72
472	198	25	69
487	197	25	70
488	196	25	71
484	195	25	72
479	197	25	69
484	196	25	70
478	198	24	67
485	197	25	71
479	198	23	68
481	198	24	68
474	197	25	67
475	198	23	66
473	197	24	68
473	198	23	67
474	197	24	68
473	197	25	66
474	197	24	67
476	197	25	68
476	197	25	67
483	196	25	68
481	195	25	68
480	195	24	67
479	196	23	66
481	196	24	68
478	195	24	68
482	197	24	66
472	196	24	66
473	194	23	66
472	193	23	67
474	193	23	67
468	193	25	66
474	195	24	65
481	193	25	67
482	194	24	67
479	193	24	67
483	194	24	66
472	192	26	66
481	191	25	66
473	191	25	65
482	191	25	66
480	191	24	66
482	193	24	64
479	191	24	65
483	191	24	65
476	189	23	67
484	190	24	66
482	189	25	67
481	189	24	67
481	187	24	69
483	189	24	66
478	189	24	65
486	189	24	66
483	188	24	67
476	187	24	66
486	189	24	67
484	188	24	68
482	186	24	67
486	189	25	64
487	187	25	66
486	187	24	65
486	187	25	65
486	187	26	66
489	189	25	64
485	188	25	65
474	186	26	65
472	188	25	63
483	185	23	66
488	186	24	65
488	187	24	64
486	185	24	65
487	186	24	64
488	186	24	65
486	186	24	64
486	187	24	62
479	187	23	62
479	185	22	63
478	186	22	63
477	185	22	64
478	185	23	64
480	186	23	63
480	185	25	63
479	186	24	63
481	185	25	64
474	185	25	63
478	184	24	62
488	184	23	64
486	184	22	64
488	183	22	66
487	183	22	64
477	183	22	65
475	183	23	64
486	184	23	63
478	184	22	62
476	183	22	63
477	183	22	63
478	182	23	63
481	182	23	63
484	183	23	63
485	182	22	63
487	181	23	63
488	182	23	63
480	181	23	62
483	182	23	59
485	180	22	62
477	181	21	61
474	179	22	61
475	180	22	63
475	181	23	60
472	181	23	60
474	180	23	60
472	178	23	61
473	180	23	62
470	177	23	62
469	178	23	61
479	178	24	62
472	178	23	62
472	178	24	62
473	179	23	61
472	177	23	61
473	176	23	61
473	176	23	60
474	177	22	61
475	178	21	59
483	181	22	59
481	179	23	59
481	178	22	59
482	178	22	60
480	179	22	59
481	178	23	59
480	177	23	60
478	177	23	60
480	179	22	59
480	177	23	59
480	179	22	57
478	178	23	59
479	178	22	59
479	178	22	59
477	177	22	58
475	177	22	59
474	177	21	60
473	176	21	60
473	177	21	59
471	176	21	60
474	177	21	57
472	177	22	59
464	177	21	59
471	176	21	60
462	177	23	58
471	176	22	58
462	176	22	58
470	177	21	57
468	177	22	57
469	176	21	58
467	176	22	57
466	176	21	57
459	176	22	57
458	176	22	57
465	176	22	57
463	175	22	57
457	175	22	58
463	174	22	58
456	175	23	57
458	175	23	58
458	175	22	57
452	175	24	57
461	175	22	58
449	174	24	59
448	173	23	59
449	172	23	59
448	174	23	57
446	173	22	58
447	174	23	57
444	174	22	57
447	174	21	57
442	174	22	57
446	173	22	57
438	172	24	58
439	172	22	58
441	172	22	59
442	172	22	58
442	172	22	58
442	172	22	57
440	171	23	58
450	173	23	58
449	173	23	59
435	170	24	62
447	170	23	58
438	169	24	60
448	170	22	57
438	170	24	57
449	170	22	58
447	172	23	55
441	171	24	56
441	172	24	56
447	172	23	55
446	173	23	55
447	172	22	55
448	170	23	57
438	169	25	61
440	167	26	63
441	166	28	63
440	168	28	61
438	167	29	65
440	166	28	66
440	166	28	71
440	167	28	71
443	165	26	66
433	167	26	61
433	167	26	63
435	167	26	63
440	168	26	62
442	166	26	62
438	166	26	64
437	165	27	65
437	166	26	63
438	164	26	61
437	162	30	81
440	160	30	75
435	161	32	76
437	163	30	67
437	161	29	67
441	162	29	77
435	160	32	76
435	161	31	71
434	160	30	67
439	164	28	63
437	161	28	63
441	161	28	63
440	162	27	61
439	160	26	60
440	160	27	60
438	161	27	61
442	161	26	61
439	162	25	58
440	160	24	59
440	160	25	61
442	160	26	60
440	160	26	61
441	158	27	63
442	161	26	59
440	160	28	61
438	158	30	67
442	160	28	61
440	159	29	70
438	157	30	70
441	160	28	64
439	160	28	61
439	159	29	63
441	159	27	62
440	159	28	59
442	159	26	60
442	160	25	61
439	159	26	58
441	158	26	59
439	158	27	57
444	161	25	55
442	159	24	57
440	159	26	57
442	159	26	57
440	158	26	57
441	158	26	58
440	158	26	56
441	158	24	56
443	159	24	53
442	158	24	54
442	158	24	54
441	158	24	54
440	157	24	55
442	157	24	56
442	158	24	54
441	157	24	55
442	157	23	54
442	158	23	55
441	157	23	54
442	157	22	55
443	157	23	55
441	157	23	53
442	158	22	53
442	158	21	52
443	158	22	53
442	158	22	53
441	158	22	52
444	158	22	52
443	158	21	51
446	159	21	53
445	159	21	51
443	159	21	52
445	158	22	53
446	158	21	53
447	158	21	52
447	158	20	52
447	158	21	51
447	157	21	53
444	157	21	53
447	157	20	53
448	158	20	52
450	159	20	53
448	156	21	53
450	157	21	53
451	155	21	53
450	156	22	54
451	156	21	52
451	157	22	52
451	157	21	51
451	156	21	52
450	156	21	52
450	155	21	54
449	154	21	53
449	153	20	54
450	154	20	53
449	154	20	53
450	154	20	53
451	156	20	52
454	155	19	53
451	156	20	51
454	155	20	51
452	155	21	52
453	156	20	52
453	155	20	52
454	156	20	52
455	155	20	52
454	154	20	51
454	155	20	52
456	156	20	51
456	156	20	51
455	155	21	51
457	154	20	51
456	155	20	51
456	153	20	51
455	154	21	51
456	154	20	51
454	153	20	51
457	154	19	50
456	155	20	50
457	155	20	50
458	154	20	50
456	153	21	51
457	153	20	51
457	153	20	50
459	154	19	49
458	154	20	49
457	154	20	50
456	154	20	50
458	153	20	50
457	154	20	50
456	153	20	51
457	153	19	50
456	153	20	50
448	152	20	49
457	154	20	48
455	153	20	49
457	155	19	47
458	152	19	50
456	152	20	49
459	153	19	48
459	152	19	49
460	153	18	48
458	152	19	49
451	150	19	50
458	150	18	50
460	151	18	49
454	150	19	49
460	152	20	48
461	152	19	48
462	151	18	49
461	151	18	48
462	150	19	49
461	150	19	48
461	150	20	49
461	151	19	48
462	149	19	49
463	151	19	47
462	152	19	47
463	151	18	47
463	150	18	48
460	150	19	47
462	151	18	48
463	152	18	47
462	151	18	47
462	150	18	47
461	150	18	48
461	149	17	47
463	150	18	48
464	151	17	46
463	150	18	47
464	150	18	47
464	150	18	46
464	148	18	48
464	149	18	48
464	149	18	47
466	150	18	47
464	150	18	47
466	149	18	46
463	147	18	48
465	148	19	48
466	149	18	48
466	149	18	47
466	148	19	47
466	149	19	47
467	148	19	47
467	147	18	48
467	147	18	48
468	147	18	48
466	148	19	48
467	148	18	47
467	148	18	48
466	148	18	47
467	148	18	47
466	147	18	47
465	147	19	47
467	147	17	47
468	147	17	46
468	148	18	46
468	147	17	46
469	148	17	46
470	148	17	47
469	148	18	46
470	147	17	46
471	149	17	46
471	147	17	46
473	147	17	46
472	147	17	46
472	148	17	45
472	147	18	45
474	148	17	45
471	148	19	46
474	147	17	46
473	148	18	45
474	147	18	46
473	147	18	45
475	147	18	45
474	147	19	45
474	147	19	45
474	147	19	45
475	147	18	45
477	148	18	45
479	149	17	43
477	147	18	44
479	147	18	45
476	146	19	45
478	145	19	46
479	146	18	46
477	146	18	46
479	147	18	44
479	147	18	45
469	146	19	46
479	147	18	45
476	145	19	46
480	145	18	45
477	145	18	46
479	145	18	45
481	144	17	46
480	145	17	46
481	144	17	47
481	145	18	45
481	145	18	46
481	144	18	46
482	144	17	46
482	144	17	46
484	145	17	46
482	144	18	46
480	144	18	45
483	144	18	47
482	144	18	45
485	145	16	45
483	144	17	46
484	144	17	46
484	143	17	45
482	143	18	45
484	143	18	46
484	143	17	46
485	142	16	45
484	142	17	45
484	143	17	46
484	143	17	45
485	143	16	45
488	143	17	45
488	142	17	45
487	142	17	45
488	143	16	44
487	141	17	45
486	142	17	44
487	142	17	45
487	141	17	46
485	140	17	46
485	141	17	47
487	142	18	46
486	141	18	47
487	141	18	46
486	141	18	47
488	141	17	47
486	140	17	47
487	141	17	47
489	141	17	46
488	141	17	46
488	142	16	46
488	141	16	46
489	142	16	44
487	142	16	45
487	142	16	44
488	143	16	44
488	141	17	45
486	141	17	46
487	142	17	45
485	141	17	45
487	142	16	45
481	140	17	45
486	141	17	46
488	142	16	44
488	141	16	45
486	142	17	45
490	142	16	44
482	139	18	47
487	140	18	45
489	140	16	45
490	141	16	45
488	140	17	45
491	141	16	45
488	141	17	43
490	141	17	44
489	141	17	45
489	140	17	45
489	140	16	44
490	141	16	45
478	136	19	47
488	138	18	47
490	139	17	45
488	139	17	47
491	139	16	46
489	139	17	45
491	140	16	46
481	138	18	46
489	137	17	47
489	138	17	46
489	137	17	46
491	139	17	45
483	137	17	46
484	138	18	46
483	138	18	45
484	139	17	45
485	140	18	44
485	139	17	45
485	138	17	44
484	138	18	45
484	138	18	45
486	138	18	46
487	138	17	45
487	138	17	46
488	139	17	45
490	140	16	44
485	138	18	44
486	139	18	45
485	138	17	45
484	138	17	45
483	137	17	46
485	137	18	44
480	136	19	45
481	135	19	46
483	134	19	46
492	138	18	46
486	137	17	45
484	137	17	45
487	137	18	45
481	133	20	46
491	136	17	47
489	136	18	47
480	132	19	46
490	135	18	51
491	137	18	47
491	137	18	46
485	137	19	45
489	137	18	46
490	136	18	46
488	135	18	46
489	134	18	48
490	135	19	48
490	134	19	47
483	133	20	48
489	135	22	54
488	133	21	53
488	133	20	47
495	137	19	49
493	134	20	52
495	134	20	48
490	132	20	46
497	134	19	46
498	134	19	44
498	134	20	45
