458	307	39	52
461	298	30	69
460	298	29	70
460	300	29	68
459	300	28	67
458	300	28	72
455	300	31	67
454	295	29	75
452	294	30	77
448	298	31	76
448	297	30	78
448	298	30	74
446	299	30	70
445	299	29	71
443	295	28	74
442	295	28	76
439	297	30	71
438	293	28	77
436	294	29	75
434	296	31	72
432	296	30	75
432	292	30	82
430	296	30	74
428	294	30	71
429	291	28	74
426	291	29	73
425	289	29	77
422	292	30	74
419	293	30	73
419	295	29	67
417	293	29	71
415	293	29	70
414	293	29	67
412	291	29	74
410	289	29	77
410	290	29	76
409	290	29	79
406	290	30	81
405	292	29	80
405	291	28	80
401	288	29	82
401	289	28	78
399	287	28	81
399	284	28	82
395	283	30	87
395	283	30	89
393	286	31	85
391	289	30	82
389	287	33	85
387	286	32	82
386	289	32	80
385	287	32	81
382	285	33	84
383	285	32	86
381	285	31	85
380	286	31	87
378	285	32	85
380	284	30	84
379	282	30	87
378	281	30	83
377	281	28	77
377	281	28	79
375	281	27	75
374	281	27	77
374	280	28	81
373	280	28	79
373	279	28	81
374	277	27	85
371	276	28	84
370	277	29	82
368	279	29	80
368	278	29	78
366	278	30	79
364	278	30	76
362	277	30	75
362	275	29	76
361	274	29	77
360	275	28	71
358	274	27	73
357	274	27	73
355	276	26	71
354	276	26	70
353	274	26	75
353	273	26	71
352	271	26	77
350	270	27	77
347	273	28	75
346	273	28	73
345	274	28	73
342	272	28	75
341	271	28	72
340	270	27	74
339	269	28	76
336	269	29	76
334	268	29	76
332	270	31	74
330	271	31	73
329	270	31	75
327	268	30	75
326	266	29	76
325	266	28	77
325	267	27	75
323	267	27	75
322	268	28	74
320	268	28	73
318	267	29	74
317	265	29	73
317	265	28	72
315	264	29	74
313	265	30	75
312	265	30	73
310	266	31	73
309	266	30	72
307	265	30	74
308	265	30	74
306	264	30	74
304	260	31	76
303	261	32	75
302	262	33	75
300	264	34	72
300	263	34	72
298	263	34	71
297	261	34	71
296	261	32	72
296	259	31	74
293	260	34	73
293	260	34	73
291	261	34	71
291	260	34	71
287	260	35	71
288	261	34	69
287	259	34	72
286	258	35	72
284	258	35	72
284	257	34	74
283	258	35	71
283	259	34	70
283	259	33	70
283	258	30	70
282	257	30	71
280	256	30	70
280	256	30	71
280	256	30	71
278	257	30	68
279	256	29	71
276	257	30	69
276	254	28	73
275	254	29	72
275	255	30	70
272	254	30	71
272	254	30	70
271	254	31	69
272	254	30	69
269	255	32	69
269	256	31	67
270	254	29	61
267	253	30	64
268	252	28	66
268	252	28	66
267	251	28	68
267	251	27	67
265	253	28	64
264	253	28	67
264	250	27	67
264	251	27	64
260	250	29	68
261	250	29	68
260	250	30	67
259	250	31	68
258	251	32	66
258	251	31	69
259	251	30	66
258	251	28	63
257	250	28	63
256	250	28	63
255	248	28	65
255	249	29	66
254	249	29	63
253	249	28	62
251	248	28	60
251	248	27	62
250	247	27	61
248	246	28	66
249	246	27	65
249	242	27	66
246	245	29	65
246	244	28	64
246	245	28	63
245	245	28	63
245	245	28	65
245	244	27	64
242	244	28	64
243	244	27	64
242	244	27	64
242	245	28	63
239	245	28	63
238	246	28	62
237	244	27	63
237	244	27	62
236	243	27	62
235	243	28	65
233	242	30	64
232	243	30	64
231	244	31	63
231	243	30	63
231	244	29	62
231	243	29	62
231	243	28	62
229	241	27	64
229	242	27	63
227	241	28	65
227	241	29	65
226	242	29	64
225	242	29	64
224	242	30	64
224	241	29	64
222	240	28	65
223	239	28	66
221	240	29	66
220	241	30	64
220	241	30	65
218	241	31	63
220	241	29	63
218	240	29	63
218	240	28	63
217	239	28	63
216	239	27	62
216	240	28	61
213	240	29	61
213	241	28	61
213	240	28	61
212	240	28	61
211	239	27	61
210	238	26	61
210	238	26	63
209	237	27	62
208	238	28	62
208	238	28	61
207	238	28	61
206	238	27	61
205	237	27	62
205	236	26	61
205	235	26	62
203	235	26	63
204	235	25	65
201	236	27	65
200	237	28	63
201	238	27	62
198	236	27	63
197	237	28	64
196	235	27	68
195	234	28	68
194	233	28	71
194	234	28	70
192	234	30	69
192	234	30	70
191	235	29	70
192	235	28	69
192	234	28	69
191	232	27	70
190	231	28	68
189	232	29	68
189	234	29	67
189	235	28	66
189	234	28	67
187	234	29	66
185	233	29	68
185	231	28	67
185	230	28	67
184	230	29	67
183	231	30	67
183	231	30	67
182	231	30	65
181	231	29	64
181	231	28	63
182	230	27	61
180	228	28	59
180	228	27	61
179	227	26	61
178	228	26	59
178	229	25	58
177	229	25	59
176	229	26	59
175	229	26	58
175	228	26	59
173	227	26	61
172	227	27	60
172	227	27	60
171	227	28	60
170	227	28	61
169	228	28	60
169	226	28	60
168	226	27	60
168	225	26	59
168	224	25	60
167	225	25	61
167	225	25	57
166	226	25	58
167	226	24	55
165	226	24	55
165	225	24	56
164	224	26	58
164	224	26	56
164	223	27	55
163	224	28	56
162	224	28	57
162	225	28	58
162	225	27	59
161	224	27	58
161	223	26	57
160	222	25	58
159	222	24	56
159	222	24	57
159	223	24	57
158	223	24	58
157	224	25	56
156	223	25	56
155	223	25	56
156	223	25	56
155	221	26	58
155	222	26	58
154	222	27	57
154	223	26	56
153	223	26	55
153	223	26	55
152	223	26	55
152	222	25	54
152	220	25	55
151	220	26	56
150	219	25	55
150	221	24	55
149	222	25	54
147	221	25	55
146	220	25	51
145	219	24	49
145	218	24	51
144	216	24	51
142	215	27	52
138	215	28	54
135	212	31	56
131	198	33	67
132	208	34	66
131	206	33	69
128	199	33	68
126	196	34	72
125	194	34	75
124	193	34	74
124	192	35	71
122	190	35	71
