571	334	35	62
564	329	33	70
552	328	34	71
545	327	35	72
532	327	35	74
519	326	35	73
511	326	35	73
497	327	35	71
490	326	34	71
475	325	36	70
469	324	35	72
455	323	36	72
450	322	35	74
444	321	35	76
431	321	40	82
426	321	40	83
412	320	40	80
407	321	38	75
400	321	38	74
388	318	38	79
378	316	39	86
366	314	38	88
361	315	38	87
354	314	38	85
340	315	39	87
336	315	37	82
329	317	36	80
315	317	37	76
309	315	37	78
296	314	37	80
291	312	37	79
278	312	38	78
271	311	38	77
262	312	37	76
259	312	35	76
257	311	36	79
255	311	34	80
253	311	36	83
251	310	35	86
250	309	36	89
248	309	34	83
244	307	35	88
242	307	35	92
236	309	38	88
231	311	41	101
189	305	56	116
226	305	44	114
224	305	41	100
226	299	37	85
225	295	35	79
222	289	36	77
220	287	35	77
214	279	35	76
212	278	37	74
209	273	38	74
209	270	37	74
209	266	36	78
204	259	37	82
204	256	35	83
201	250	35	84
200	247	34	81
195	242	36	90
192	240	41	102
189	237	42	104
186	232	42	105
183	229	42	105
179	223	42	104
180	218	41	106
175	213	41	103
173	207	43	108
171	205	42	106
170	200	41	105
167	198	42	104
162	192	44	104
161	190	42	103
159	183	41	104
156	176	41	106
153	172	43	106
154	170	41	103
150	163	40	106
147	160	42	105
141	154	44	105
140	151	44	105
136	145	45	104
136	142	44	104
133	136	43	103
132	132	42	105
130	126	41	103
128	124	41	104
128	121	41	105
125	119	40	102
123	118	40	102
118	119	43	100
118	117	42	101
116	115	44	101
119	115	42	100
114	113	41	102
114	114	41	101
108	113	41	102
107	112	41	100
106	112	39	100
103	112	40	103
102	112	38	101
102	113	40	99
99	113	40	98
99	117	37	94
97	118	36	86
94	123	36	76
94	125	35	78
91	133	35	74
86	131	36	77
88	138	37	73
86	142	36	69
80	140	35	77
80	145	35	71
81	149	33	72
83	158	32	74
78	157	32	73
79	166	31	70
75	168	32	76
72	168	32	76
71	175	30	73
68	175	30	72
65	180	32	71
63	185	33	69
61	192	32	70
59	192	32	75
60	201	33	72
55	201	33	82
51	203	35	84
49	208	34	80
46	212	34	78
43	213	35	72
46	216	35	71
42	215	36	87
43	215	35	86
40	215	34	92
38	216	37	92
38	216	37	94
35	217	40	99
35	217	39	96
32	216	40	96
31	215	40	95
29	214	40	97
26	214	41	97
26	213	40	96
24	214	39	94
24	214	37	93
21	213	38	92
19	212	35	91
17	212	35	91
13	210	35	93
21	210	38	91
31	211	39	91
32	212	38	90
35	210	35	92
40	210	38	91
50	210	34	88
50	209	34	89
52	207	31	90
60	208	34	89
34	203	42	95
38	203	43	97
38	202	46	98
71	205	39	89
52	202	46	96
51	200	48	97
87	203	39	89
91	202	34	90
101	205	30	85
109	202	30	87
81	199	39	94
81	198	46	94
110	200	40	91
92	198	41	93
98	199	42	91
105	197	42	92
114	198	39	90
117	195	38	92
142	198	33	87
121	195	39	93
122	194	47	93
130	193	45	92
157	195	38	87
143	194	39	90
170	196	37	88
171	194	36	88
156	193	38	89
186	194	34	87
188	193	32	86
195	194	31	86
180	191	38	88
182	191	38	90
206	192	38	88
208	191	36	89
216	193	35	86
220	192	32	86
222	189	32	88
204	187	36	91
231	187	36	88
207	186	40	89
208	184	44	92
214	184	43	93
248	188	35	87
254	187	32	88
257	186	32	88
266	187	31	85
240	183	36	89
241	181	38	91
278	184	32	87
279	183	32	87
259	181	41	87
267	182	40	90
292	184	35	86
280	183	36	85
284	182	38	86
302	183	33	85
310	182	33	85
314	182	31	85
315	182	31	84
323	180	32	86
301	180	40	82
305	177	40	88
314	178	39	87
333	178	34	87
342	178	34	85
344	177	33	85
343	177	34	85
353	178	33	84
346	175	33	83
358	176	33	86
357	176	36	85
368	176	36	85
368	177	36	84
380	177	36	83
384	176	35	84
386	175	33	83
393	174	32	82
401	173	31	82
386	172	35	84
399	172	33	84
409	172	31	84
416	173	30	81
419	172	30	83
418	173	29	80
417	174	30	80
414	173	31	81
413	172	30	82
411	172	29	78
410	172	29	77
411	171	29	76
406	171	31	80
405	170	33	81
403	171	32	81
402	171	31	80
399	171	31	79
400	173	29	78
402	175	27	79
400	178	28	81
398	183	28	79
396	186	29	78
394	191	28	78
395	195	28	77
392	198	27	74
390	204	26	75
392	205	26	76
389	207	26	77
388	212	27	72
388	214	26	74
385	222	27	74
385	223	27	75
383	230	29	77
382	232	29	76
381	239	29	77
380	241	29	76
378	243	29	74
377	248	27	70
376	248	25	70
374	254	26	70
375	257	26	70
373	258	25	69
369	259	26	69
369	259	26	67
368	258	25	70
368	259	25	65
366	259	24	68
365	259	24	66
363	258	24	66
362	259	23	64
360	258	24	61
358	257	25	64
355	257	24	67
355	256	24	69
352	258	27	72
349	257	27	68
351	257	25	69
349	258	24	69
348	257	25	69
347	256	24	66
347	256	24	63
342	255	26	68
342	256	25	69
341	256	26	72
339	256	26	71
338	255	26	73
338	255	25	70
338	254	26	70
337	254	25	67
339	253	27	71
347	253	26	69
350	252	26	65
356	251	27	68
362	252	25	67
359	253	26	69
360	253	26	69
360	253	24	65
359	252	24	66
359	251	25	67
356	251	23	65
355	250	24	68
355	250	25	69
353	250	24	68
352	250	26	69
348	249	26	73
330	249	26	69
350	249	25	73
348	250	24	67
346	248	25	67
345	248	24	66
323	245	31	73
345	246	25	75
322	247	29	72
321	246	29	73
318	246	29	74
340	247	26	71
338	248	24	65
338	248	24	64
337	247	24	65
334	247	24	64
336	247	22	61
333	245	23	62
332	245	24	66
328	246	25	66
330	247	24	64
327	246	25	67
327	245	24	68
324	245	25	64
325	245	23	64
323	244	24	65
324	245	24	64
321	244	25	68
319	245	26	67
318	246	25	68
317	245	23	59
317	245	23	65
314	245	23	58
314	243	22	53
312	243	21	52
311	244	23	50
310	245	24	51
310	244	22	49
306	244	23	50
303	243	25	54
304	242	24	60
302	242	25	58
302	241	23	61
302	242	22	60
301	240	22	59
299	241	23	59
298	241	24	64
297	241	23	65
296	242	24	63
293	242	23	66
292	241	23	61
291	241	22	63
289	240	23	60
287	240	24	65
289	237	24	68
294	240	24	60
301	240	24	58
306	240	23	61
312	238	25	67
315	237	25	61
320	235	24	61
324	234	26	66
331	234	28	71
334	235	28	70
341	236	28	63
318	232	31	66
325	232	31	68
355	234	26	67
360	233	27	64
368	233	26	61
366	233	26	64
363	232	27	65
365	233	24	62
343	231	26	69
342	231	28	63
342	231	26	61
363	231	24	61
362	231	23	61
361	232	24	66
338	230	29	67
335	230	27	63
337	230	27	68
358	233	24	61
357	232	23	59
358	233	23	62
356	232	24	57
354	232	23	59
354	231	23	57
352	231	23	54
352	230	23	54
352	231	23	54
350	232	24	62
350	231	24	58
348	231	25	64
348	232	25	65
347	231	26	63
347	231	24	61
346	230	24	60
347	230	22	56
345	229	23	58
344	229	23	55
344	229	23	59
342	230	24	58
341	230	24	58
341	230	22	59
337	228	23	60
338	229	23	58
336	228	23	59
335	228	24	61
333	228	25	61
332	228	23	59
331	228	23	61
332	228	23	60
329	227	25	60
330	227	23	60
330	229	22	60
327	227	23	55
328	225	22	60
328	226	22	60
327	227	23	55
324	226	24	59
322	228	24	57
287	224	25	65
288	224	25	63
288	223	25	67
287	224	26	67
285	223	26	69
285	224	27	67
285	223	26	66
284	224	27	66
283	223	27	64
283	222	26	65
281	223	27	62
279	222	27	66
278	222	29	65
280	222	30	65
277	222	28	66
277	222	30	68
277	221	30	66
275	220	30	65
278	221	29	63
302	221	26	66
302	223	25	62
301	226	25	60
300	224	25	61
299	224	24	60
297	222	23	61
296	222	24	57
295	222	24	58
295	222	25	59
294	222	25	59
293	221	26	60
293	222	25	59
292	222	25	60
291	222	26	59
292	221	24	59
292	221	22	56
290	220	23	59
289	221	24	61
288	221	24	59
287	221	23	60
287	221	22	58
286	221	23	59
286	221	23	60
284	220	22	59
283	220	23	60
282	219	23	60
280	219	24	61
280	219	23	60
281	219	23	61
279	219	23	61
278	220	23	58
275	219	24	60
274	218	23	61
252	216	33	65
275	218	23	59
274	218	24	61
274	217	24	62
275	217	22	60
272	217	23	61
273	219	23	59
271	218	22	60
271	218	22	58
271	218	23	59
274	217	23	59
275	215	24	61
280	217	23	59
