381	94	30	71
380	93	29	72
381	92	30	72
381	91	29	71
380	92	30	73
381	91	29	71
381	90	30	71
380	90	30	72
380	89	29	72
379	89	29	73
379	88	29	73
380	88	29	73
379	87	28	71
379	88	28	71
378	87	28	71
379	87	28	71
377	87	29	70
377	86	29	72
377	85	29	71
377	85	29	71
376	84	29	71
376	85	29	70
375	84	28	69
375	84	29	70
375	83	28	69
375	83	26	69
374	82	26	69
370	80	26	68
369	80	27	67
367	78	27	68
367	80	27	65
366	80	26	65
366	78	26	67
365	78	26	65
364	76	26	68
363	76	26	67
363	78	26	65
363	74	26	67
362	78	26	63
361	75	26	65
361	75	26	66
360	73	26	65
359	76	26	63
359	74	25	65
359	75	25	63
358	74	25	64
358	74	25	64
357	73	24	63
358	74	24	63
357	72	24	64
357	72	24	63
357	71	24	63
357	71	24	63
356	73	24	61
355	70	24	63
355	72	25	60
354	68	25	62
354	71	25	59
353	69	25	60
351	69	25	56
351	69	25	54
351	68	24	52
348	68	26	54
346	67	28	57
346	66	26	58
347	66	26	58
347	66	25	53
346	64	25	55
346	66	26	55
345	64	26	58
345	63	25	56
341	62	27	59
341	64	27	54
342	58	25	53
343	59	25	50
342	61	26	53
341	63	25	50
340	61	26	51
341	59	25	54
338	59	25	56
338	61	26	53
337	63	25	51
336	61	28	52
336	60	27	51
336	59	26	57
335	59	26	57
334	58	26	60
333	57	27	59
332	57	26	59
332	56	26	60
332	57	26	61
330	56	26	61
330	57	26	61
329	56	26	61
323	56	26	61
320	55	26	61
314	55	27	61
304	55	26	60
295	55	26	60
290	55	26	61
287	55	25	60
276	55	26	59
269	55	25	59
270	54	25	59
269	53	24	60
269	54	24	58
268	54	24	58
269	52	24	59
267	53	24	58
268	52	24	58
268	52	24	57
267	52	24	57
267	52	24	57
267	52	24	57
266	51	24	57
267	51	24	56
266	51	23	56
266	50	24	57
265	50	24	57
265	50	24	58
265	50	24	56
264	50	24	57
265	52	23	57
264	55	23	57
264	59	24	57
264	65	23	57
263	69	23	56
263	75	23	56
264	77	23	56
264	81	23	56
264	85	22	55
263	88	23	55
263	93	23	54
263	96	23	54
263	99	23	53
263	98	23	55
263	98	23	54
263	98	23	54
263	98	23	54
263	96	23	54
264	99	23	54
263	104	23	53
264	110	22	53
264	115	23	52
264	115	22	52
263	115	23	53
264	114	23	53
263	114	23	53
264	115	23	53
263	114	23	54
264	117	23	53
264	121	23	53
265	127	22	53
265	129	22	52
265	134	22	53
265	139	23	54
264	144	22	53
265	150	22	53
265	155	22	52
265	157	22	52
274	217	23	33
275	226	21	49
276	231	22	51
276	233	22	49
277	237	22	50
277	239	22	50
279	237	22	49
280	238	22	49
280	238	21	49
281	238	21	49
282	237	22	50
283	238	21	50
284	237	22	50
284	237	22	49
285	238	21	50
286	237	21	50
288	237	21	49
289	237	22	49
290	236	21	48
291	236	21	48
293	235	21	48
294	236	21	48
295	235	21	48
297	236	20	48
298	235	19	48
299	235	20	49
301	235	21	48
303	235	21	48
305	234	20	50
306	234	21	49
307	234	22	50
307	234	22	50
309	235	22	50
314	236	23	49
312	236	21	53
313	236	22	50
312	236	22	52
314	232	21	50
315	233	23	48
316	232	22	52
316	233	22	53
317	233	22	54
318	233	22	52
325	229	21	46
326	230	19	46
326	231	19	46
328	232	22	49
328	231	21	53
330	232	20	54
331	232	22	54
333	228	20	34
333	231	19	40
335	230	19	41
335	231	19	38
337	229	19	40
339	229	18	32
339	230	16	30
341	229	17	29
342	228	17	31
344	229	17	29
345	229	16	28
346	228	17	29
346	227	16	31
348	228	17	28
349	226	17	30
350	225	16	31
353	224	16	32
353	228	17	32
354	228	17	30
354	227	17	28
355	230	17	32
356	228	19	33
358	227	18	34
359	227	19	32
360	226	20	34
360	225	21	35
361	225	21	33
398	230	20	49
398	230	23	50
398	229	22	53
431	215	23	53
432	215	22	52
432	216	21	51
433	217	22	48
432	215	20	51
433	216	21	49
433	216	20	49
434	216	20	49
434	215	20	53
434	215	20	52
434	215	21	53
435	214	19	43
435	214	20	46
435	215	20	49
435	214	21	51
435	213	20	52
436	213	20	51
435	214	20	49
436	214	21	52
435	214	22	55
428	215	25	57
422	213	25	59
417	214	27	61
413	213	24	49
406	214	23	52
400	214	32	55
398	225	35	58
403	262	28	66
389	259	32	67
324	289	36	71
289	287	33	75
277	287	32	74
305	289	36	70
301	288	33	70
296	287	35	71
294	287	34	71
278	286	38	71
276	286	37	72
240	286	31	73
230	288	31	72
227	285	30	74
219	285	32	73
215	283	33	75
212	284	33	74
201	285	32	74
192	285	36	74
186	284	32	73
177	285	34	72
175	285	30	73
169	283	36	74
160	284	30	74
155	284	33	75
153	285	31	72
151	285	30	73
149	286	31	72
147	285	33	70
149	286	32	73
149	287	31	70
149	287	29	69
148	286	28	70
147	286	28	69
146	285	29	68
144	284	32	67
144	284	33	68
144	283	32	69
145	283	31	69
144	282	33	66
148	283	28	68
148	283	27	69
147	282	27	69
147	283	27	68
148	284	26	68
149	283	27	68
148	282	28	68
149	282	27	68
149	281	29	67
149	280	31	64
149	282	29	65
150	280	29	69
150	282	34	65
151	281	29	68
151	281	29	68
150	281	28	69
150	281	29	67
150	281	28	69
150	281	27	67
151	279	27	66
151	280	26	69
150	280	26	65
150	280	26	66
151	280	26	67
150	279	27	67
150	279	27	67
151	278	26	67
151	278	26	67
151	278	25	66
152	278	25	68
149	278	28	65
150	278	28	66
150	278	28	66
149	277	27	70
149	279	27	67
148	278	26	68
148	277	27	67
148	276	26	67
147	276	27	68
147	276	27	67
147	276	26	68
146	275	26	67
146	276	26	66
145	276	27	67
145	276	26	67
145	276	26	66
144	277	25	65
145	275	25	66
144	274	26	68
144	275	27	66
144	274	27	66
142	275	26	67
142	276	27	66
142	275	29	64
141	275	27	65
141	274	27	65
140	275	27	63
140	273	29	59
170	272	30	66
169	273	31	65
169	273	32	65
169	273	32	65
170	273	32	66
169	274	32	65
170	274	31	65
169	275	32	63
169	274	32	63
169	272	31	64
167	272	30	64
164	270	33	63
167	271	30	63
166	271	29	63
166	271	30	62
