175	81	12	27
174	81	13	26
174	80	14	26
175	79	14	27
176	80	14	26
177	80	14	27
178	81	14	27
179	80	16	29
180	79	16	29
182	79	16	29
183	80	14	27
184	80	14	27
187	79	14	28
187	79	14	28
188	79	14	28
189	80	15	27
190	79	15	29
190	80	16	28
192	79	16	29
194	78	14	30
195	79	14	28
198	78	13	29
199	78	14	28
199	79	15	29
199	78	15	30
201	78	16	30
201	79	17	29
201	79	16	30
204	78	15	29
205	78	15	29
205	79	14	28
206	78	15	28
207	79	15	28
208	77	16	29
209	77	15	29
209	78	16	29
210	77	17	30
211	77	17	29
212	76	16	30
216	77	16	27
218	76	14	29
219	76	14	28
220	76	14	27
221	75	14	30
221	76	16	30
221	76	17	30
221	75	18	31
222	76	18	31
224	75	18	31
227	75	16	30
229	76	14	28
229	75	15	28
231	75	14	29
232	75	14	28
231	75	16	30
232	76	16	30
233	76	16	29
234	74	16	30
234	74	17	30
237	72	15	30
237	72	15	28
239	73	14	29
238	72	15	29
240	71	15	31
239	71	16	31
241	71	17	32
241	74	18	30
242	74	17	30
243	76	16	30
244	79	16	30
247	91	16	28
247	97	17	26
249	103	16	27
250	105	16	28
251	113	15	27
252	113	15	29
253	120	15	28
253	126	16	28
254	127	15	29
256	134	15	29
256	135	15	29
257	142	15	31
259	149	15	31
259	153	16	28
258	159	17	31
260	166	17	30
262	171	17	32
262	177	17	29
264	183	15	28
266	194	15	26
267	197	15	29
268	197	15	29
268	196	15	30
269	197	16	30
270	197	16	29
270	197	16	29
270	196	16	30
271	194	16	30
272	196	16	27
272	196	16	27
274	196	14	28
276	195	15	28
275	194	15	28
277	195	15	28
277	195	15	28
277	195	16	29
278	194	16	31
277	194	18	33
276	193	19	34
277	193	18	35
279	192	17	31
281	193	17	28
282	194	16	29
282	193	17	31
283	193	16	29
284	193	16	28
286	193	15	28
286	193	16	28
286	193	15	28
286	191	16	30
286	191	16	30
287	191	16	30
287	191	15	30
289	191	15	28
290	191	15	28
291	190	15	28
291	190	15	27
291	189	15	28
292	190	15	27
293	189	14	29
294	190	15	28
294	189	15	29
294	189	16	28
295	188	16	29
295	189	16	29
299	187	17	28
303	187	15	28
302	187	16	28
304	186	15	28
305	186	15	28
305	185	15	28
306	185	14	27
307	185	15	28
307	185	15	28
307	184	15	28
308	184	14	27
308	184	14	26
309	184	14	27
310	184	14	28
310	183	16	29
310	183	16	28
310	183	17	29
310	183	18	29
312	183	17	29
312	183	17	29
313	183	16	29
314	182	16	29
315	182	16	28
316	181	15	27
318	182	15	27
317	180	16	29
319	181	15	28
318	180	17	29
319	180	17	29
319	179	18	29
320	180	17	28
320	180	17	30
321	179	18	29
322	177	17	30
322	177	17	29
324	177	16	29
324	178	16	29
325	177	15	29
325	177	16	30
326	176	15	29
325	176	15	29
326	176	16	29
327	177	15	28
327	176	16	29
327	175	16	30
329	175	15	29
330	175	16	29
330	175	16	30
331	174	15	29
331	174	15	30
331	174	15	29
333	175	15	29
333	175	15	29
334	174	15	30
334	173	15	30
334	174	15	28
336	174	14	28
336	173	15	29
336	174	15	28
338	173	15	28
338	172	15	29
339	171	15	29
339	171	15	27
340	172	14	27
341	173	14	26
340	171	15	27
341	172	15	27
341	171	15	28
341	171	15	28
343	171	15	29
342	172	16	29
343	171	15	29
344	171	15	28
344	170	15	28
346	168	15	28
346	169	15	28
346	170	15	28
344	168	16	29
335	169	18	28
324	167	17	29
317	167	17	27
307	169	16	26
301	169	16	26
293	169	18	27
286	167	16	28
275	167	18	27
272	167	19	28
259	166	20	29
252	166	21	30
233	168	23	32
221	166	20	36
212	167	21	34
206	166	20	35
214	159	20	36
196	166	23	32
198	166	16	29
191	165	17	26
192	168	16	27
193	165	14	26
195	165	13	25
196	167	14	25
196	166	15	25
198	167	14	26
198	166	15	26
198	165	15	27
198	166	16	25
199	165	15	27
200	165	16	27
201	165	16	27
201	164	16	28
202	164	17	26
204	164	17	27
205	165	16	25
204	165	16	24
205	164	17	25
205	163	16	25
205	164	16	24
206	165	15	25
206	164	15	25
207	165	16	26
207	164	17	25
207	164	17	25
207	163	17	26
207	164	17	26
208	163	16	27
209	164	15	26
209	163	17	28
210	163	15	27
209	163	16	25
210	164	16	25
210	164	16	27
211	163	16	27
211	162	16	28
212	161	16	29
213	161	17	29
214	161	16	28
215	162	16	28
215	161	16	28
216	161	17	29
215	161	16	28
216	160	16	30
217	161	16	29
218	161	15	28
218	160	16	30
218	160	16	29
220	160	15	30
220	161	16	28
220	161	15	28
220	159	15	30
220	159	17	29
222	159	16	29
223	160	14	29
224	160	14	29
224	158	14	30
225	159	14	30
225	159	15	30
227	158	14	29
226	159	14	29
227	160	14	29
227	160	13	27
227	160	15	29
228	159	15	30
227	159	15	29
227	159	15	30
228	157	15	32
220	159	16	31
211	159	16	30
205	159	17	31
194	160	17	30
195	159	17	31
190	160	17	30
183	160	19	30
179	159	17	32
172	156	18	32
166	159	16	30
170	159	14	30
171	160	14	29
171	160	14	29
172	159	14	31
172	160	14	30
173	159	14	30
172	159	14	29
172	159	14	29
172	158	14	31
161	159	18	31
163	158	15	31
155	158	16	31
149	158	18	32
146	159	18	33
145	160	17	30
144	159	17	30
144	159	16	33
146	159	15	31
146	161	16	31
148	160	15	30
148	158	17	34
149	158	16	32
149	158	15	31
148	158	17	33
149	158	16	33
142	158	16	31
135	158	15	30
129	159	16	29
127	158	16	32
125	158	16	32
125	160	16	30
126	159	15	32
125	158	16	32
125	159	16	33
126	158	15	32
127	159	15	35
127	159	16	33
127	159	16	34
127	158	17	34
128	158	15	32
122	158	16	30
113	159	16	30
112	157	16	30
108	159	15	31
97	159	15	31
94	158	15	31
84	161	17	30
79	161	16	31
81	160	15	31
80	159	15	31
79	159	15	32
80	158	15	32
80	161	15	32
80	160	15	32
80	160	16	33
81	160	15	32
81	160	14	32
82	161	14	31
81	160	15	32
81	160	15	32
82	159	15	32
83	160	15	33
83	162	16	32
83	161	16	33
82	160	16	33
83	160	16	34
84	161	15	32
84	160	15	32
84	162	15	30
84	161	15	31
85	160	14	32
85	160	14	31
85	163	14	31
86	162	14	31
85	162	14	32
86	161	14	31
87	161	14	32
88	161	14	32
88	161	14	31
89	162	14	31
89	162	15	33
91	162	16	33
92	161	15	32
91	161	15	32
92	162	15	33
92	162	16	33
92	161	16	34
92	162	16	33
93	161	15	32
93	161	14	33
94	161	14	33
94	162	14	33
94	161	14	34
94	161	15	33
95	162	14	32
95	162	14	32
95	162	15	33
95	162	15	33
95	162	16	33
96	161	16	33
96	160	16	33
97	162	16	32
97	162	15	32
98	163	15	31
97	162	16	33
96	162	16	34
98	161	15	33
97	162	15	33
