361	217	49	168
359	217	54	166
365	219	54	165
365	220	53	166
373	217	54	170
378	218	52	170
382	218	53	172
387	220	56	168
391	222	59	166
396	225	61	162
400	227	59	165
405	224	55	167
408	224	54	167
414	223	52	171
416	223	52	170
410	226	57	168
404	226	58	168
391	231	66	165
382	229	62	166
376	226	58	169
368	227	57	169
355	224	56	171
352	226	55	174
341	227	56	172
325	229	62	170
317	232	67	169
305	233	71	166
296	232	66	165
286	229	59	167
271	230	54	173
262	232	56	171
249	232	62	171
234	235	69	170
224	233	66	171
212	232	59	172
204	231	60	174
192	230	55	175
179	234	59	173
163	236	67	170
146	239	77	166
137	237	74	170
120	236	65	171
109	234	58	175
100	235	59	172
87	237	66	173
73	240	74	170
60	240	77	168
55	238	70	167
43	237	62	169
31	236	56	171
25	238	58	171
21	239	64	173
28	237	67	169
33	233	66	171
38	233	62	167
43	229	58	173
46	229	57	172
52	229	61	170
55	231	62	165
61	229	65	167
68	231	63	163
73	226	58	166
75	224	56	169
82	221	57	173
87	222	66	174
86	224	80	171
96	226	80	169
101	227	78	169
105	226	72	170
113	225	60	170
112	218	60	178
122	224	60	173
123	223	65	174
124	226	76	169
131	227	78	168
138	225	72	170
140	225	62	169
144	219	62	175
150	220	56	174
158	218	56	176
157	215	66	179
161	218	74	173
168	218	78	173
172	222	73	169
179	222	69	169
182	221	60	169
188	216	55	176
193	215	55	175
192	211	59	178
193	213	68	172
198	216	68	173
192	217	66	169
179	214	59	173
166	218	55	170
158	215	59	177
150	222	61	170
138	223	66	166
137	224	68	164
142	221	68	169
144	205	66	186
151	214	63	178
151	214	61	179
160	212	57	176
163	219	58	170
170	218	60	168
178	221	61	162
181	205	60	177
185	200	59	187
191	201	61	182
199	197	56	184
207	191	53	192
209	198	56	185
218	203	56	178
213	204	63	176
206	190	64	190
196	202	67	178
188	195	63	179
178	207	62	165
172	206	61	168
163	208	58	164
157	204	59	166
153	192	64	180
140	197	67	177
133	197	65	172
130	195	66	173
135	201	55	165
139	206	55	160
147	207	62	160
153	208	71	155
158	208	73	156
166	206	69	158
173	205	59	160
178	202	54	163
184	201	52	163
191	202	51	162
196	203	54	161
202	203	58	159
207	203	61	160
215	200	58	161
218	199	56	160
217	198	56	162
212	197	54	163
204	196	56	165
195	198	59	164
188	200	59	161
179	199	60	159
175	200	57	157
174	198	57	158
183	196	52	161
191	194	53	164
207	194	55	163
221	195	55	160
231	193	52	162
243	193	55	161
255	193	55	158
263	189	54	159
276	189	54	158
285	188	54	159
297	189	54	158
310	189	55	158
320	185	52	163
331	189	53	159
341	185	53	163
353	189	54	156
360	186	54	159
359	186	55	158
352	186	57	156
348	187	57	157
344	187	58	156
326	185	58	157
312	183	56	163
308	184	59	153
310	180	56	156
300	179	56	157
290	179	60	156
285	179	61	158
282	178	60	157
277	177	59	153
273	178	58	155
270	178	54	157
269	177	53	159
264	179	55	159
260	179	54	160
255	179	54	157
250	178	55	157
254	176	54	156
264	176	55	155
278	174	52	151
285	172	51	154
295	172	51	152
287	171	55	155
280	169	54	154
276	170	55	153
270	170	57	151
264	171	56	151
259	169	58	150
255	166	52	151
250	165	49	151
244	165	50	154
240	165	51	156
236	165	52	152
230	166	54	150
226	166	55	151
221	165	53	151
216	164	53	153
212	163	54	151
207	161	52	150
202	162	51	151
200	161	49	149
194	161	51	150
190	162	52	150
180	164	58	146
174	164	61	148
169	163	62	147
165	162	60	150
162	161	58	148
157	160	54	149
153	159	50	150
147	159	50	152
141	159	53	150
135	160	54	150
131	159	53	149
126	157	53	151
121	155	52	147
117	154	51	144
112	153	50	146
107	153	50	145
103	154	51	145
97	154	54	146
93	154	55	145
88	155	58	143
84	154	60	145
79	152	59	144
74	150	59	143
69	149	52	145
67	150	51	145
63	149	51	146
60	149	50	144
55	151	51	145
52	149	51	143
49	150	50	143
47	149	50	142
49	146	50	141
54	143	50	141
59	144	50	139
63	142	50	143
69	142	51	141
73	143	55	138
76	143	56	138
84	143	58	137
87	142	60	138
95	140	58	139
98	138	58	140
102	138	55	140
105	136	53	139
110	135	50	139
118	134	50	141
122	134	50	139
125	134	50	137
134	133	51	137
135	132	55	138
140	133	54	135
145	132	53	135
150	131	52	135
155	130	49	134
162	129	48	133
168	128	51	137
169	128	54	134
173	129	59	133
176	127	61	135
181	126	60	136
187	125	56	135
191	124	53	134
195	122	49	135
198	121	51	137
206	121	48	136
212	121	48	133
215	120	48	135
222	121	47	132
226	118	47	136
231	116	46	137
237	114	46	133
243	114	48	129
249	114	46	122
255	116	47	111
261	115	47	104
268	112	45	89
273	107	44	112
276	108	49	100
278	106	50	103
259	102	60	106
264	106	64	104
289	110	59	103
273	102	58	99
309	103	47	100
312	98	49	106
303	98	57	104
324	97	49	102
338	98	45	99
343	96	46	106
347	94	50	106
351	94	53	105
322	95	54	106
324	95	50	111
339	96	59	107
374	95	55	114
373	94	59	114
388	85	61	114
356	88	65	96
361	89	66	92
401	87	55	94
407	85	51	98
414	85	47	102
420	87	49	107
424	89	60	92
433	87	52	91
439	86	53	88
443	86	54	91
451	84	55	100
458	85	53	108
466	84	50	112
471	84	53	116
474	85	52	120
480	85	53	120
490	83	50	121
495	82	51	122
501	80	49	123
507	80	50	127
523	80	50	130
530	80	51	122
540	78	49	124
551	78	46	122
558	75	46	124
558	75	46	126
556	75	48	127
554	72	47	132
552	72	45	124
547	75	48	122
543	74	48	121
542	75	46	118
589	62	39	142
584	67	42	134
523	70	45	124
519	69	49	122
521	65	52	125
558	56	50	137
550	59	53	136
538	63	46	125
534	54	51	131
532	48	49	136
531	44	49	138
529	43	49	140
528	41	49	141
527	42	49	138
461	59	50	114
526	43	45	133
517	44	50	137
515	43	48	136
513	47	48	131
509	44	48	132
506	39	48	136
502	39	50	136
485	50	47	125
490	39	46	131
481	40	49	125
481	36	50	128
476	35	51	129
480	35	47	128
474	35	49	129
471	35	48	129
467	36	47	130
468	38	48	132
463	44	46	131
465	49	44	127
465	54	44	128
462	60	44	125
442	75	44	123
444	79	44	120
449	77	44	128
434	96	45	115
460	89	42	124
456	90	41	122
455	97	38	121
454	101	39	121
448	109	40	121
445	114	42	122
427	127	44	118
429	126	44	124
428	129	44	126
427	133	46	127
426	145	43	120
424	153	43	115
422	149	44	124
413	157	50	126
384	178	43	117
415	185	41	114
412	183	41	117
409	194	41	111
408	197	39	112
405	194	39	118
401	208	41	116
400	215	41	117
398	223	41	111
394	228	42	115
391	231	43	117
389	238	41	120
387	244	41	119
383	261	39	108
377	250	43	121
375	253	41	119
374	253	41	116
372	252	42	118
372	249	41	121
369	251	42	118
368	253	39	115
367	254	38	111
364	257	38	109
364	251	38	113
357	261	37	105
355	256	41	108
360	264	38	102
366	251	38	112
378	254	39	109
379	253	38	111
395	248	41	116
393	258	39	105
399	257	40	106
403	257	43	106
436	251	45	108
455	249	41	106
467	256	49	101
476	252	44	105
494	242	45	107
501	242	43	111
505	244	40	111
516	240	41	115
519	248	41	108
529	237	45	112
530	249	42	107
536	247	42	108
542	252	40	104
547	247	43	107
551	247	45	107
523	246	43	106
557	242	44	109
553	244	46	107
551	243	46	108
557	234	42	113
548	243	41	104
546	237	40	109
544	238	38	107
539	240	43	106
514	240	40	104
541	229	45	114
538	235	38	110
535	235	40	109
534	234	41	109
532	239	41	105
528	237	40	104
501	239	36	100
526	231	42	107
523	232	40	107
523	235	37	105
520	229	41	108
519	230	39	106
517	228	38	105
516	232	40	101
486	234	39	99
485	229	44	103
510	233	41	101
511	230	40	103
512	232	37	101
510	231	36	102
507	230	35	101
507	227	36	101
506	230	34	97
503	226	35	102
473	231	36	97
473	231	40	95
498	223	40	104
497	227	39	101
495	228	39	100
494	228	38	98
490	222	40	101
488	226	38	98
484	224	39	100
483	221	39	103
485	223	39	101
482	219	38	103
482	221	37	99
482	219	38	100
479	221	38	98
480	220	40	99
456	224	37	93
457	223	40	95
456	225	39	96
452	226	40	92
449	225	38	93
479	216	34	98
475	221	35	95
475	215	39	98
476	217	36	96
443	222	36	92
441	221	37	92
