330	193	14	38
330	191	14	39
330	192	14	39
329	191	14	39
329	191	14	39
329	192	14	39
330	192	14	39
328	192	14	39
328	191	14	39
328	192	14	39
327	191	14	40
327	192	14	39
327	193	14	39
327	192	14	40
328	192	14	39
328	192	14	40
327	192	14	39
326	192	15	40
327	192	14	39
327	192	14	39
326	192	14	39
326	192	14	40
326	193	14	39
326	193	14	40
326	194	15	39
326	193	15	39
324	193	15	40
325	192	14	40
325	192	14	40
325	193	14	39
325	193	14	40
325	193	14	40
324	192	15	40
325	192	14	40
324	192	14	40
325	193	14	39
325	194	14	39
325	193	15	40
325	193	15	40
325	192	14	40
325	192	14	40
325	194	14	40
325	194	15	39
325	194	15	40
324	193	15	40
325	194	14	39
324	193	14	39
325	193	14	40
325	194	15	39
324	194	15	40
324	194	15	41
324	193	14	40
324	194	15	40
324	194	15	41
324	194	15	40
324	194	15	40
324	194	15	41
325	194	15	41
325	194	14	41
325	193	15	40
325	195	15	40
325	194	15	40
325	195	15	40
325	194	15	40
325	194	15	41
324	194	15	40
324	195	15	40
325	194	15	40
325	194	15	40
324	195	15	40
324	195	15	41
323	195	16	41
323	195	16	41
324	195	16	41
323	195	16	40
324	194	17	41
324	195	16	40
324	195	16	41
324	195	16	41
324	195	15	41
324	195	15	41
323	195	15	41
324	195	15	41
323	196	15	41
324	196	15	41
323	196	15	41
322	195	15	41
322	195	15	41
322	195	15	41
322	196	15	41
323	196	15	41
322	196	15	42
322	196	15	42
322	197	15	41
322	196	15	41
323	196	15	40
322	196	15	41
322	196	15	41
321	197	15	41
321	196	15	41
321	195	15	41
320	196	15	42
321	197	15	40
320	197	15	41
319	197	15	41
319	197	15	41
319	197	15	41
320	196	14	41
319	197	15	40
319	197	15	42
320	198	15	41
319	197	15	41
318	197	15	41
319	197	15	41
319	198	15	40
319	198	15	41
319	198	15	41
318	198	15	40
317	197	15	41
317	197	15	42
317	197	15	42
316	198	15	42
316	198	15	41
315	198	16	41
314	198	16	42
314	198	16	42
314	198	15	43
314	199	16	42
313	198	15	42
313	198	16	42
313	198	15	42
313	198	15	43
313	198	15	43
312	199	15	43
312	199	15	42
312	199	15	43
310	198	15	43
310	198	15	43
311	199	15	42
310	200	15	43
310	199	15	43
309	199	16	43
308	200	16	43
308	199	15	43
307	199	16	42
307	200	16	44
307	200	16	43
306	199	16	43
305	200	16	42
306	200	15	42
305	200	15	42
305	200	15	43
304	200	15	43
304	201	15	42
304	201	15	42
304	201	16	42
304	200	16	43
304	201	15	42
304	201	16	43
303	200	16	42
303	201	16	42
302	201	16	43
304	202	15	41
302	201	16	42
303	200	15	42
303	200	15	42
303	200	15	41
302	199	15	43
303	200	14	42
302	201	15	43
302	201	15	42
303	201	15	43
302	201	15	42
302	202	15	42
302	202	15	43
303	201	15	43
303	201	15	44
302	201	16	45
302	202	16	42
301	202	16	42
302	201	16	43
302	201	16	44
301	202	17	43
301	201	17	45
302	202	16	42
301	202	17	42
302	202	16	44
301	202	16	43
302	203	16	44
302	202	16	44
302	203	16	44
302	203	16	45
303	203	15	44
303	203	16	45
303	203	16	45
304	203	16	45
304	203	16	45
304	202	16	46
304	202	16	46
304	204	16	44
305	203	16	45
305	203	16	46
305	204	16	45
305	203	16	45
305	202	17	46
305	203	16	46
306	203	16	45
306	204	16	46
307	203	16	46
307	204	17	46
308	204	17	46
309	205	17	45
310	205	16	45
310	205	17	46
311	204	16	46
311	204	16	46
312	204	17	45
311	204	18	46
313	205	18	46
312	205	18	46
312	205	18	46
313	205	17	46
313	205	18	45
313	205	17	45
313	205	17	45
314	206	17	45
315	205	16	45
315	205	16	45
315	205	16	45
315	206	16	45
315	206	16	46
316	207	16	45
315	206	16	44
316	207	16	45
315	207	17	44
315	206	17	45
315	206	18	46
314	206	18	46
313	206	18	46
313	206	18	45
312	206	18	46
312	207	18	46
312	207	18	46
312	206	18	46
312	206	17	46
312	207	17	45
312	206	17	46
313	207	17	46
313	207	17	46
312	207	17	45
312	208	17	46
313	208	17	45
312	207	17	46
311	208	18	45
312	207	18	45
311	208	18	46
312	207	17	46
311	208	18	46
311	209	18	46
310	208	19	47
309	209	18	46
309	207	18	46
308	207	18	46
308	208	18	44
308	209	18	46
307	208	18	47
306	209	18	46
306	208	18	47
306	208	17	48
305	209	18	48
305	209	17	48
305	209	18	49
304	209	18	48
304	209	18	48
303	209	17	47
302	208	18	49
302	208	18	48
301	210	18	46
301	211	18	46
300	212	18	45
300	211	18	46
298	211	17	46
298	210	17	47
298	210	18	46
297	211	18	48
296	210	17	48
297	211	18	47
295	211	18	48
296	211	17	47
295	211	18	47
294	212	17	47
294	211	17	48
293	212	17	47
293	211	17	46
293	212	17	48
292	212	17	47
293	213	17	47
291	213	17	47
292	213	17	47
291	212	17	46
290	212	18	48
290	212	18	48
290	212	18	47
290	213	18	48
289	213	18	47
290	212	18	47
289	213	18	47
289	214	18	47
290	213	18	48
290	213	18	47
290	212	19	48
290	213	18	47
291	213	19	48
291	213	18	48
290	213	19	48
291	213	19	48
290	213	19	47
290	214	19	46
290	214	20	49
289	214	20	48
290	213	20	49
290	213	19	48
290	214	19	47
291	213	19	48
290	214	20	47
290	214	19	47
291	214	19	47
290	214	20	47
290	216	19	48
290	215	20	47
291	215	19	48
290	215	20	48
289	216	20	48
289	215	20	49
290	216	20	48
290	216	20	48
289	216	20	47
290	217	20	48
289	216	20	49
289	217	20	47
288	217	20	48
288	217	20	48
288	217	20	47
289	217	20	47
289	217	20	48
288	218	20	48
288	218	21	48
288	219	20	47
289	219	19	46
288	219	20	48
286	220	21	49
287	219	21	49
286	219	21	50
284	220	22	49
284	220	21	50
283	219	21	50
282	220	21	50
282	220	20	50
281	219	19	49
282	220	19	50
281	220	19	50
282	220	18	50
280	221	18	48
280	222	18	49
280	221	18	49
279	221	18	49
278	221	18	49
278	222	18	49
278	221	18	48
278	221	17	49
279	221	17	49
277	221	18	50
277	222	17	51
277	223	17	50
277	223	17	50
276	222	17	50
275	222	17	51
274	222	17	51
275	221	17	51
275	222	17	51
275	222	17	50
275	222	17	51
276	223	16	51
276	223	17	50
275	223	17	50
276	223	16	51
276	223	16	50
277	223	16	51
276	222	17	50
276	223	16	51
276	223	16	50
277	223	17	50
277	223	17	52
276	224	17	51
276	224	18	51
277	224	17	51
276	223	17	51
278	223	17	51
277	224	17	51
277	224	17	51
277	224	17	50
277	225	17	52
278	225	18	52
278	225	18	51
278	225	18	51
278	225	18	51
279	225	17	51
278	225	18	52
279	225	19	52
279	226	19	52
279	226	19	52
279	225	19	52
279	225	19	51
279	225	19	52
279	226	19	51
279	226	18	52
279	226	18	52
280	227	18	51
279	227	17	50
281	227	17	52
280	227	18	52
280	227	18	52
281	228	18	51
281	227	19	50
280	228	18	49
280	227	19	53
282	228	18	50
281	228	19	50
280	228	19	52
282	228	19	51
281	228	19	50
281	227	18	52
281	228	19	52
282	228	19	52
282	228	19	50
282	228	19	51
282	229	19	49
283	229	19	52
283	229	19	53
283	229	19	53
284	229	19	53
284	229	19	53
284	229	20	52
285	229	20	54
286	230	20	54
285	231	20	52
286	230	20	53
286	230	21	53
286	230	21	54
286	230	21	53
286	230	21	53
286	231	21	54
286	230	20	53
286	230	20	52
287	231	20	53
287	230	20	53
287	230	20	53
287	230	20	54
287	230	20	54
287	231	20	55
287	231	20	53
288	230	21	54
288	231	20	54
287	230	21	55
287	229	21	54
287	230	21	55
287	230	21	55
287	231	21	55
286	231	21	56
286	231	21	56
286	231	21	55
286	231	20	55
285	231	21	56
284	232	21	57
285	231	20	57
285	232	21	57
283	231	21	57
284	232	21	57
283	232	21	57
284	233	21	57
284	232	21	57
283	233	21	56
284	232	21	57
283	232	21	58
284	233	21	57
283	233	21	56
283	233	21	56
282	233	21	57
282	233	21	56
281	233	22	56
281	234	22	57
282	234	21	56
281	234	21	56
280	234	22	57
279	234	22	54
280	233	22	56
280	234	23	56
278	235	23	55
279	235	23	55
279	235	23	54
278	235	23	55
278	234	23	55
278	235	23	55
278	234	23	56
277	234	23	56
277	235	22	55
276	235	23	56
276	235	23	56
276	236	22	56
275	235	22	56
275	235	22	57
274	234	22	57
274	234	22	58
274	235	22	57
274	235	21	56
273	236	21	57
273	236	22	58
274	235	21	58
273	236	21	57
273	236	22	57
273	236	21	57
273	236	22	56
272	236	22	58
273	235	22	58
273	235	21	57
273	235	21	57
273	236	21	58
273	236	21	57
273	236	21	57
273	236	21	58
273	236	21	58
274	236	21	59
275	236	21	58
275	236	21	58
275	236	22	58
275	236	21	58
276	237	22	58
276	237	21	57
276	237	22	58
277	237	21	58
277	236	22	58
277	237	22	58
277	237	23	58
278	237	23	58
278	237	23	58
278	238	24	58
278	238	24	59
279	237	24	59
280	238	23	58
280	239	23	57
280	239	23	57
280	239	23	58
281	238	23	57
282	239	23	57
283	239	23	58
283	238	23	59
284	239	23	59
285	240	24	59
284	239	24	59
284	239	25	59
285	240	24	60
286	240	24	60
286	240	24	60
287	240	24	58
287	239	24	60
286	240	24	59
287	241	24	59
286	240	24	60
287	241	24	59
286	240	24	59
286	240	24	60
286	241	24	59
287	240	24	60
287	239	23	61
288	240	23	60
288	240	23	61
288	241	23	61
288	241	23	60
289	242	23	60
289	241	23	61
289	241	24	61
290	241	23	61
290	241	23	61
290	241	23	60
290	242	23	62
289	242	23	61
289	242	23	61
290	242	23	61
289	242	22	60
289	242	23	60
289	243	23	60
290	243	23	60
290	242	23	61
290	242	22	61
290	244	23	61
290	244	24	62
291	243	23	63
291	244	24	61
291	244	23	61
291	243	23	61
290	245	23	61
291	244	23	60
291	245	23	60
290	246	24	58
290	245	23	62
291	245	23	61
290	246	23	60
290	246	22	60
290	245	23	61
290	245	23	61
290	245	23	60
290	245	23	59
290	245	23	61
290	246	23	62
290	248	23	63
290	247	23	63
291	246	23	61
290	247	23	61
291	247	23	61
290	249	24	59
290	248	23	61
290	248	23	61
290	248	23	62
290	249	23	63
289	249	24	63
289	250	23	63
289	250	23	63
289	252	23	61
289	254	23	61
290	255	23	56
289	255	25	61
289	255	26	61
290	255	26	60
291	253	26	61
295	254	24	54
295	255	23	53
296	255	27	56
294	255	30	56
293	254	31	59
296	254	30	58
294	255	32	59
297	254	29	59
299	255	27	58
301	254	26	59
302	254	25	61
303	254	25	63
304	252	26	63
304	253	25	63
305	253	25	62
306	252	25	65
305	252	26	64
307	252	25	62
304	252	27	59
306	253	26	63
307	253	26	63
306	253	26	63
306	255	26	61
307	254	26	59
307	255	25	57
307	255	24	58
308	256	23	60
308	258	25	57
309	256	24	65
310	256	24	64
310	258	24	62
310	258	25	60
309	258	25	58
310	257	25	60
310	257	25	64
309	259	25	58
310	257	25	64
310	256	25	64
311	258	25	64
310	259	26	61
310	255	25	67
310	258	25	65
310	257	25	66
310	259	25	65
311	258	25	66
311	258	25	67
311	258	24	68
311	260	24	68
312	260	24	66
311	259	24	66
312	260	25	66
311	260	26	68
311	261	26	68
312	261	26	65
311	259	27	67
311	261	27	66
312	263	26	64
311	263	27	66
312	261	26	68
312	262	25	66
313	261	25	67
313	263	25	68
313	264	25	66
313	264	25	67
314	265	25	68
314	265	25	66
315	266	24	65
316	267	24	65
317	266	25	66
317	265	25	67
316	265	26	69
316	266	26	66
316	266	26	68
317	266	26	69
316	267	27	69
316	268	26	68
316	269	26	68
316	268	26	67
315	267	27	68
315	268	27	68
313	267	28	68
313	268	29	70
314	269	28	71
313	268	29	70
313	269	27	68
313	269	28	68
312	268	29	67
313	269	28	69
313	269	28	71
312	268	28	69
312	269	27	69
312	270	28	69
311	270	27	69
309	272	28	67
310	269	28	71
312	271	25	69
311	272	25	67
311	271	26	70
312	271	26	70
314	270	27	74
314	271	28	67
342	236	22	53
344	235	21	57
344	235	21	57
345	235	21	56
344	236	22	55
344	236	22	55
345	237	22	55
345	237	21	55
345	236	21	55
345	236	22	55
345	236	21	55
346	236	21	55
346	235	21	57
346	236	21	57
346	237	21	56
347	237	21	56
348	237	21	55
348	237	22	57
349	237	21	57
350	237	21	57
349	236	21	57
350	236	21	57
350	237	21	56
351	238	21	54
350	238	21	54
351	238	22	55
351	238	21	55
351	238	22	56
352	238	21	57
352	238	21	56
352	237	21	57
352	237	21	56
352	237	21	57
352	238	22	58
353	239	23	56
354	238	22	58
354	238	22	57
354	238	22	57
355	237	22	57
355	238	22	57
356	238	22	57
356	238	22	57
356	237	22	58
356	238	22	56
356	238	22	56
357	239	22	56
357	240	22	55
357	239	21	57
357	239	22	56
357	239	22	57
357	238	23	58
357	238	23	60
358	239	22	58
358	239	23	61
358	239	23	60
358	240	24	58
359	240	24	59
359	241	23	59
360	240	23	59
360	241	22	58
361	238	22	61
361	240	23	58
361	242	23	58
360	241	25	58
360	241	24	57
361	241	23	59
360	242	23	58
361	241	23	60
362	241	22	59
362	242	22	58
362	242	23	59
362	245	23	58
362	242	24	61
362	242	24	59
363	246	23	59
364	246	23	58
364	245	22	58
364	246	23	58
365	245	22	58
364	246	23	58
364	244	23	62
365	245	23	60
365	247	23	58
365	247	23	59
366	245	23	60
366	247	23	59
366	246	22	60
367	247	23	59
367	248	22	57
367	246	22	59
367	245	23	61
368	245	23	63
368	246	24	63
368	247	25	61
368	248	26	60
369	249	25	60
370	250	24	59
371	250	24	58
371	250	23	59
372	250	23	59
372	250	23	59
373	249	24	59
373	249	23	58
373	250	23	58
374	251	23	58
374	251	24	58
373	251	24	58
374	253	23	57
374	250	23	60
374	251	23	58
375	251	23	58
375	251	24	59
376	251	24	60
377	251	25	61
377	250	25	62
377	250	25	62
377	250	25	62
377	251	25	62
378	250	25	63
378	249	25	65
380	249	25	64
380	249	24	64
381	250	24	64
381	251	23	64
383	251	23	63
381	252	25	63
382	252	24	63
381	253	24	62
381	253	24	62
383	253	24	63
384	253	23	61
383	253	25	62
383	252	25	63
384	252	25	64
384	252	27	65
386	253	25	65
386	253	25	64
386	253	25	65
387	254	26	65
386	256	25	63
388	255	25	63
389	255	25	64
390	255	25	63
390	254	25	65
390	254	24	65
391	255	24	64
391	255	25	65
391	256	25	65
392	257	25	65
392	256	25	65
392	257	24	64
393	257	24	64
394	256	25	64
395	256	24	64
394	257	26	65
395	257	25	65
395	258	24	64
396	258	25	64
397	257	25	65
398	259	26	65
397	258	28	66
398	259	26	65
397	260	30	65
399	259	27	66
399	262	29	64
400	261	27	66
400	261	28	65
402	260	25	66
402	261	25	65
403	261	24	64
403	261	26	65
403	261	27	64
403	262	27	66
404	262	27	66
406	262	25	66
406	263	26	66
406	265	26	66
365	293	28	80
365	291	28	84
366	291	29	84
368	292	29	84
368	294	29	82
369	295	29	81
370	295	29	82
371	294	28	81
372	295	29	77
371	293	29	77
375	295	27	78
373	295	29	74
375	296	29	78
375	295	30	80
375	294	31	84
374	294	31	82
377	294	30	80
377	295	31	79
379	295	28	78
378	295	31	82
376	294	31	84
377	295	30	83
377	295	29	86
377	294	29	86
378	296	29	81
379	297	29	83
380	298	28	83
379	297	30	81
381	297	32	84
424	270	26	67
424	270	27	68
424	270	26	68
425	269	27	68
425	269	27	68
426	268	26	68
426	269	27	68
426	269	27	70
426	270	27	70
426	269	27	71
427	271	27	70
428	272	27	69
428	272	27	69
429	272	27	69
430	272	27	70
430	272	27	70
431	271	27	71
431	271	28	71
431	272	28	71
431	272	28	71
433	273	27	70
433	273	28	70
432	275	27	70
433	275	28	70
434	275	27	69
434	275	27	69
435	274	27	70
435	274	27	69
436	273	28	72
436	274	27	72
436	274	27	73
437	275	27	72
437	275	28	72
439	276	28	72
439	277	28	72
440	276	27	73
441	275	27	73
442	274	27	74
443	274	27	74
443	274	28	74
444	275	28	75
444	275	28	74
444	276	28	74
445	276	28	74
445	279	27	71
446	276	27	73
446	277	27	72
447	276	27	72
447	277	28	72
448	276	27	74
448	277	28	75
449	280	28	73
449	280	28	73
450	280	28	72
451	280	28	73
452	280	28	74
452	280	28	73
453	278	27	75
454	279	27	75
455	280	27	74
455	279	27	75
456	281	27	74
456	281	27	73
457	283	27	72
457	284	28	71
458	284	27	72
458	284	27	72
459	283	27	72
460	283	27	71
460	283	28	73
460	283	27	73
462	283	27	74
462	285	27	73
464	286	26	73
464	285	27	73
466	286	27	72
467	286	27	73
467	285	27	75
468	285	27	74
470	284	27	75
471	285	28	75
471	286	27	74
472	288	27	73
473	288	26	72
474	288	26	72
474	288	26	73
475	288	27	73
475	288	27	73
475	288	28	73
477	287	27	75
477	287	28	76
478	288	27	76
479	291	27	74
480	291	27	74
481	290	27	75
482	291	27	75
483	289	27	77
483	289	28	77
486	288	27	78
486	289	27	77
487	291	27	76
487	291	27	76
487	293	27	74
488	292	27	75
489	293	28	75
490	293	27	75
491	292	28	76
491	292	29	76
492	292	28	76
492	293	29	77
493	292	29	78
493	294	29	79
495	295	30	78
495	296	30	77
496	295	31	78
498	296	31	79
498	296	31	78
499	296	31	79
502	295	30	80
503	295	30	81
504	294	29	80
504	295	30	80
505	297	29	78
505	297	30	79
506	298	30	79
507	299	30	78
508	299	29	76
508	299	30	77
509	298	30	77
510	298	29	78
510	299	30	79
511	298	30	81
512	299	30	81
512	299	30	81
514	302	30	79
514	302	31	79
516	301	30	80
516	299	31	81
519	299	31	82
520	300	32	82
522	300	31	82
523	301	31	82
523	302	30	81
524	302	30	81
524	304	31	80
525	304	30	81
526	302	30	82
528	302	30	81
529	302	29	81
530	303	29	82
530	303	30	83
532	303	30	83
532	304	30	83
534	305	31	82
535	305	30	83
536	305	30	84
538	307	31	83
539	305	31	84
541	305	31	85
542	304	30	86
542	306	31	85
544	307	30	86
545	307	30	84
546	308	30	84
548	307	30	86
548	308	30	85
550	307	30	86
551	306	30	86
552	306	30	87
553	306	31	87
554	307	31	89
555	308	31	88
557	311	30	86
559	312	31	85
560	312	31	86
562	312	32	86
562	312	33	86
564	311	33	88
565	310	32	90
567	311	32	89
568	312	32	88
570	313	33	88
570	315	33	87
570	316	33	86
572	316	33	87
573	318	32	87
574	317	32	88
575	317	33	89
576	315	33	89
577	316	34	90
577	318	33	89
580	318	33	90
582	320	35	89
583	320	35	89
585	321	36	90
587	321	35	91
587	320	35	91
591	320	33	92
592	320	33	92
595	321	31	92
596	322	31	91
595	323	31	90
599	324	29	91
600	325	29	89
601	326	28	90
603	326	26	90
604	325	25	91
604	325	25	92
606	326	23	91
606	326	23	90
604	328	25	90
604	330	25	89
606	330	23	88
602	330	25	87
603	331	25	90
600	331	28	91
600	332	29	91
600	333	28	91
602	335	27	92
604	337	25	90
605	335	24	91
606	334	23	91
607	330	22	79
610	330	19	80
609	334	19	72
612	332	17	73
613	334	16	63
614	339	15	59
613	336	15	58
615	328	14	66
615	325	14	64
613	328	16	59
612	319	17	65
609	320	19	67
609	317	19	71
607	312	22	76
600	313	27	73
596	310	32	74
585	309	40	71
599	318	30	81
594	302	34	81
587	314	39	76
582	321	45	75
583	321	46	75
581	315	47	78
497	327	37	94
449	330	33	99
449	330	34	98
450	330	34	99
448	330	34	99
450	330	31	98
448	331	32	97
448	331	32	98
448	331	33	98
447	331	32	98
449	331	33	98
449	332	33	98
447	333	32	96
448	332	33	97
448	332	32	96
448	333	33	96
447	333	33	96
447	334	34	96
446	334	33	95
447	334	34	95
446	334	34	94
445	335	34	94
446	335	34	95
445	335	34	95
445	335	34	95
445	335	34	93
445	335	35	93
444	335	35	94
445	336	34	93
445	337	34	92
444	335	35	92
443	336	35	94
445	336	35	93
444	335	36	93
444	336	34	93
444	337	34	93
444	336	35	93
444	335	34	94
444	336	35	93
445	335	35	94
445	334	35	94
445	335	34	96
446	336	34	93
446	335	35	94
446	333	35	95
447	335	35	95
446	335	33	94
447	335	34	94
446	334	34	95
447	334	35	96
447	334	32	95
447	334	35	95
448	333	35	96
447	332	33	97
448	332	35	96
450	331	35	97
448	332	34	96
448	332	34	97
448	333	37	96
449	332	35	98
447	332	35	98
448	332	35	97
451	331	35	98
446	332	35	98
447	333	34	97
450	333	34	97
449	332	35	97
450	332	34	97
450	333	36	98
451	332	35	98
452	331	36	99
451	331	37	99
453	331	36	99
456	330	36	100
456	330	36	99
456	330	36	100
459	329	36	101
460	329	36	100
462	331	35	100
461	330	35	100
471	330	37	100
460	331	36	99
461	331	36	99
461	330	36	100
458	331	38	100
463	329	37	101
461	332	37	100
458	331	36	100
461	331	36	100
459	332	36	100
460	331	35	99
460	331	34	100
471	330	36	100
460	332	35	99
461	332	34	99
462	331	35	99
459	331	35	100
463	330	36	100
461	332	36	100
460	332	34	100
461	331	35	99
461	331	34	100
460	331	33	99
471	330	36	101
461	331	36	100
460	331	35	100
460	331	36	100
459	330	36	100
458	330	36	100
459	330	36	100
462	330	36	100
460	331	36	100
461	330	35	99
459	331	36	99
459	330	35	99
469	330	36	99
459	332	35	99
464	331	34	99
460	332	35	98
471	331	34	98
474	330	35	99
463	332	35	98
469	332	38	97
458	334	37	97
465	332	36	99
457	334	37	97
461	333	36	99
459	334	36	97
463	331	38	100
474	331	40	101
483	329	35	103
456	337	35	95
459	335	35	97
460	334	36	97
458	336	36	97
458	336	35	96
484	333	41	102
458	336	35	97
456	337	35	93
456	337	38	95
456	337	37	96
456	337	38	96
455	338	39	94
455	338	39	95
454	337	40	94
455	339	40	93
455	339	40	93
456	338	38	93
455	338	38	93
456	338	37	94
456	338	36	94
457	339	36	94
458	340	36	93
459	340	36	93
460	339	35	94
460	339	36	95
461	338	36	96
461	338	37	96
462	338	37	97
463	337	37	98
462	338	39	98
463	338	39	99
462	339	41	100
463	340	40	100
463	340	40	99
464	340	37	100
464	340	36	100
464	339	36	100
464	339	35	99
465	340	36	100
466	340	36	100
466	341	35	100
466	342	36	100
467	342	36	101
467	342	36	99
468	343	36	100
469	343	37	100
469	343	38	101
468	343	38	101
469	343	39	103
469	344	39	104
469	345	39	104
469	345	40	104
469	345	40	104
469	345	40	103
470	346	39	103
471	345	39	103
472	347	39	102
474	347	38	102
475	348	38	102
477	348	37	102
478	348	37	103
478	350	38	103
480	350	37	103
481	351	38	103
482	350	37	104
482	350	38	104
482	351	41	104
481	351	42	103
481	352	44	102
482	353	43	101
483	354	42	100
486	354	40	100
489	353	40	103
492	354	38	102
494	353	37	101
497	354	36	102
497	355	37	101
498	355	39	102
499	356	38	102
502	357	39	101
502	358	37	100
504	358	37	100
505	359	38	99
506	359	38	99
507	359	39	99
509	360	38	96
509	360	38	97
510	361	39	96
510	361	39	96
511	361	40	96
512	362	40	96
513	362	40	95
515	362	40	95
516	363	40	95
518	363	40	94
521	364	38	93
522	364	39	93
525	366	39	92
526	367	40	91
527	368	41	91
529	367	41	91
531	367	42	90
534	367	40	92
536	367	41	91
540	368	43	90
541	370	43	88
543	370	43	88
547	372	44	87
549	371	43	87
552	371	41	87
557	371	42	86
559	371	40	87
563	371	41	87
566	373	39	86
571	374	39	85
574	375	37	83
580	377	35	82
583	377	35	81
586	378	34	81
