575	233	25	76
573	231	27	73
572	230	27	74
569	229	28	76
568	227	28	75
564	227	27	75
563	229	27	74
560	227	28	76
555	228	30	74
554	229	30	74
550	227	29	76
550	229	29	76
547	227	28	77
544	227	27	77
542	226	28	77
541	226	28	77
538	227	27	76
536	227	28	75
535	228	27	74
533	227	28	76
531	226	28	75
528	227	28	74
527	226	28	74
525	225	27	74
523	224	27	76
522	225	27	74
520	225	27	74
517	226	29	74
512	225	31	74
509	225	32	74
508	226	30	73
507	224	30	75
504	224	28	75
503	223	28	75
501	224	27	73
498	222	28	75
498	225	28	73
494	223	28	74
493	227	28	71
491	224	28	74
489	223	29	74
488	223	29	74
485	221	28	75
484	222	27	73
481	221	26	74
479	221	26	73
476	220	28	74
471	221	31	73
470	221	33	73
466	222	34	73
465	223	34	73
464	223	33	72
462	222	29	72
461	221	29	73
459	220	28	74
458	221	28	73
456	221	28	73
454	221	27	73
452	220	27	73
450	221	28	72
449	221	28	71
446	219	27	73
446	220	26	72
443	220	26	72
441	218	26	71
439	218	26	72
435	220	29	72
432	219	30	73
429	219	32	73
428	219	32	72
429	219	30	72
425	219	28	72
425	219	28	72
424	219	27	71
421	217	26	73
420	219	26	72
417	218	27	74
415	218	27	72
413	218	28	71
411	219	27	71
410	219	28	71
408	218	26	71
406	218	26	70
404	218	26	70
401	217	26	72
400	217	26	71
395	216	30	72
392	217	31	70
389	217	30	70
389	218	29	69
387	218	28	68
386	219	27	69
384	217	26	70
383	217	26	70
381	216	26	71
380	215	27	71
377	215	27	71
375	216	27	70
373	216	27	70
371	217	27	70
371	217	28	69
368	215	26	70
367	216	26	69
366	215	26	70
363	214	26	71
361	215	26	70
357	214	29	70
354	215	30	70
353	216	30	68
352	215	30	69
351	216	30	69
350	215	30	69
349	215	28	69
347	214	29	70
345	213	27	70
344	212	28	71
342	212	28	71
340	213	28	70
339	213	28	70
338	213	28	70
336	213	29	70
335	212	27	70
334	211	27	70
334	211	27	70
331	210	26	70
330	211	26	70
330	211	27	69
327	210	27	70
326	211	28	69
325	211	29	69
324	211	30	69
324	211	29	69
322	210	28	70
321	210	28	70
318	209	27	70
318	209	27	70
317	208	27	70
315	208	27	70
315	210	27	69
314	209	27	69
313	209	27	69
312	208	27	69
311	207	27	70
311	208	27	69
309	207	27	69
308	207	26	69
307	206	27	68
306	207	28	68
305	207	28	68
304	207	29	68
303	207	29	68
301	206	28	68
301	207	28	68
300	205	28	68
298	206	27	68
297	205	27	68
297	205	28	69
295	205	27	69
295	206	27	68
293	205	26	67
293	206	27	67
293	205	26	68
291	204	27	68
291	204	26	68
288	203	25	67
288	202	26	68
287	203	27	67
286	203	27	68
285	204	27	67
284	204	27	67
283	204	27	67
282	202	27	67
280	201	27	68
279	202	28	67
278	201	27	68
276	201	27	68
276	201	28	68
275	201	28	68
275	202	28	67
274	202	27	67
274	201	27	66
272	200	27	67
271	200	27	67
271	199	26	66
270	199	26	66
269	199	26	67
268	199	27	67
266	200	27	66
267	200	27	66
265	200	27	66
264	200	27	65
264	200	27	66
261	199	26	67
260	198	27	66
259	198	27	66
258	198	27	67
257	198	26	66
257	198	27	67
256	198	27	66
254	198	26	66
254	198	26	66
253	197	26	65
253	198	26	66
252	197	25	65
250	196	25	65
250	196	26	66
250	197	27	66
248	197	26	66
247	196	27	66
247	197	26	64
245	197	26	64
244	197	27	64
242	197	27	65
241	196	27	65
240	195	26	66
240	196	26	65
238	195	27	66
237	195	27	66
237	196	26	64
235	195	27	65
236	196	27	64
235	196	26	64
233	195	26	65
233	194	26	65
232	195	26	65
231	194	27	65
230	194	26	65
230	194	26	65
228	194	26	64
229	195	26	64
227	194	26	65
225	194	27	64
226	194	26	64
223	193	26	64
223	193	26	64
222	193	27	64
221	193	27	64
221	193	28	65
221	194	27	64
219	193	27	64
220	193	27	64
218	192	26	63
218	192	26	64
218	191	26	65
217	191	26	64
218	191	26	64
216	190	26	64
216	191	26	64
216	191	26	64
214	191	26	63
214	192	26	63
213	191	26	63
213	191	27	64
211	190	26	63
211	190	27	63
210	189	26	64
209	190	26	63
209	190	27	63
209	190	26	63
209	190	26	63
208	190	26	63
207	190	26	63
207	189	26	63
207	189	26	63
207	188	25	63
206	188	25	63
206	188	25	63
206	188	26	63
206	188	26	62
205	189	26	62
204	189	26	62
203	189	26	62
203	189	27	62
202	188	26	61
201	188	27	62
201	188	26	62
201	188	25	62
200	188	25	61
200	189	26	61
200	188	26	61
200	188	26	60
200	188	26	60
199	186	25	61
200	187	24	61
200	186	24	61
200	186	24	62
198	185	24	61
198	186	24	61
198	186	24	61
197	187	24	60
197	186	24	61
195	186	25	60
196	186	25	60
195	185	25	60
195	186	25	60
194	185	25	61
194	185	25	60
194	186	25	60
194	186	25	60
193	185	26	60
193	185	25	60
193	185	25	60
193	185	24	59
192	183	24	60
193	183	24	60
192	183	23	60
192	183	24	60
192	183	24	60
191	185	23	59
191	184	24	60
191	183	25	59
189	183	24	59
189	184	25	59
188	182	25	60
188	183	25	59
187	182	25	59
188	183	25	60
187	183	25	60
188	183	26	60
187	183	24	59
187	183	25	59
186	182	25	59
187	182	24	59
186	181	25	60
187	181	24	60
187	180	25	61
185	181	24	60
186	181	24	60
185	182	24	59
185	181	25	60
183	181	24	59
184	180	25	60
183	180	25	60
182	179	25	61
182	180	25	61
181	180	25	60
182	179	26	61
181	180	25	60
181	179	25	60
182	180	24	60
181	179	25	61
182	179	25	60
181	178	25	61
181	178	24	60
181	177	24	61
181	178	23	60
180	178	22	58
182	179	23	59
180	179	23	58
180	178	24	59
178	177	23	59
178	177	24	59
177	177	25	59
176	177	24	59
177	176	25	59
176	177	24	58
177	176	25	59
176	177	24	58
175	177	24	58
176	176	25	59
176	176	24	59
175	176	24	59
174	175	24	58
176	176	23	57
175	176	23	57
175	176	23	58
174	176	23	57
173	176	23	57
173	176	22	57
173	176	22	57
171	176	23	57
171	176	22	57
170	175	23	56
169	176	23	56
169	174	23	57
168	175	23	56
168	174	23	57
167	175	23	56
167	175	23	56
166	176	22	56
165	175	23	56
165	175	23	56
163	174	23	56
164	174	23	56
162	174	22	56
163	174	22	56
161	174	22	56
160	174	22	56
160	174	22	55
159	175	22	54
159	174	22	55
158	174	23	55
157	173	23	56
155	173	23	56
155	173	22	57
153	173	23	57
152	172	22	57
152	173	22	55
151	172	23	56
152	172	23	55
148	172	24	56
149	172	23	56
149	171	23	55
147	172	23	55
148	171	22	55
148	171	22	54
145	173	23	53
146	172	22	54
145	172	23	55
143	171	24	54
141	171	23	55
140	170	23	54
140	170	22	55
138	170	23	55
138	170	23	55
137	170	24	55
136	170	23	55
135	170	23	55
135	170	22	55
135	169	23	55
134	169	21	54
132	169	21	54
132	169	25	55
130	168	23	55
131	169	24	56
141	170	24	55
140	170	24	53
136	168	25	53
138	165	23	56
129	164	23	55
131	164	24	58
131	164	25	56
131	166	25	55
129	164	27	58
129	165	27	57
128	164	27	54
126	165	28	54
126	163	26	56
125	164	27	52
125	166	26	51
122	166	26	53
120	164	26	55
118	164	28	56
115	164	30	56
114	164	30	56
113	164	29	57
111	165	29	55
110	164	28	57
109	164	27	55
108	163	26	58
107	163	27	60
106	164	27	58
106	163	26	58
106	163	26	57
105	164	25	58
106	163	26	58
104	161	27	59
101	164	27	57
100	161	26	61
98	163	27	59
96	162	26	59
93	162	26	56
93	163	25	54
92	163	25	55
91	162	24	53
90	162	22	53
89	163	22	53
86	165	22	50
86	163	21	49
85	163	21	46
84	164	21	47
83	163	21	47
82	164	21	47
82	163	20	48
80	164	20	47
79	165	21	46
79	164	21	48
79	164	22	48
78	164	21	50
77	164	22	50
76	164	22	50
75	163	22	52
75	163	22	54
73	164	22	54
73	163	23	55
71	163	23	55
71	164	24	53
71	164	24	53
70	163	23	54
70	163	23	55
68	163	23	55
68	163	23	54
69	163	23	53
68	164	23	53
68	162	24	55
67	162	23	54
66	163	24	54
65	162	24	53
66	163	24	53
65	162	23	53
65	162	23	52
65	162	22	52
66	162	21	51
66	161	22	52
69	162	21	52
67	161	22	53
67	162	23	53
67	162	22	53
68	161	23	54
66	162	22	53
68	162	23	52
61	161	24	52
61	162	23	51
61	162	23	52
59	161	23	51
58	160	23	52
60	161	24	52
58	161	24	52
57	161	24	53
57	161	24	52
57	161	23	51
57	160	22	51
57	160	22	51
57	160	22	52
55	160	21	52
57	160	22	52
55	160	22	53
55	161	23	52
55	161	23	52
53	160	24	52
54	161	24	52
51	160	24	52
52	160	23	51
51	160	22	52
52	159	23	52
49	160	23	53
49	160	23	52
48	160	23	52
49	160	23	52
48	160	23	52
49	160	24	52
48	159	22	51
49	160	22	51
47	160	21	52
48	160	23	52
47	159	22	51
47	160	22	51
45	161	21	50
45	160	22	51
45	161	22	51
43	159	23	52
43	159	23	51
44	159	23	52
42	159	22	51
44	160	23	51
43	160	23	51
42	160	23	51
41	159	22	51
43	160	23	51
41	159	22	50
42	159	22	50
43	160	22	51
42	158	22	52
41	160	22	51
41	159	21	52
39	159	22	51
40	159	22	51
38	159	22	51
37	158	23	51
37	158	23	51
37	157	23	51
37	158	23	50
37	158	23	51
36	158	23	51
36	159	24	50
36	158	23	51
36	158	24	51
35	157	22	52
36	157	22	50
35	156	22	50
34	157	22	50
34	157	23	51
33	156	22	51
34	157	23	51
33	157	23	52
31	157	22	51
31	157	23	50
29	156	23	51
29	156	24	50
26	155	23	51
28	157	23	49
29	157	23	50
26	157	22	50
26	156	24	49
27	156	24	50
27	157	23	49
26	156	22	49
26	155	21	49
25	155	21	49
26	155	21	49
24	155	20	49
25	156	20	49
23	156	20	48
24	156	20	48
23	156	21	48
23	155	21	48
21	155	22	49
22	155	22	48
19	155	20	49
18	154	20	48
20	154	22	48
18	154	22	49
19	154	23	50
17	154	23	50
19	154	23	51
15	152	23	53
15	153	23	53
31	153	24	50
14	153	25	52
12	152	24	53
27	153	23	50
27	152	22	49
25	152	24	49
25	152	23	50
23	152	24	49
21	153	24	49
8	152	21	53
7	152	22	52
5	150	22	53
7	150	22	52
5	153	22	51
4	151	20	52
3	149	20	54
3	150	20	53
1	149	21	52
1	151	20	52
1	152	19	50
0	148	19	53
0	147	18	52
0	149	18	51
0	148	17	52
1	147	17	52
0	148	18	53
0	145	18	56
0	145	17	55
