533	158	15	29
532	159	15	29
529	157	16	29
528	158	16	29
526	159	15	28
525	158	15	30
523	158	16	30
521	159	17	29
520	157	17	30
520	158	16	30
518	158	15	30
517	157	15	30
515	157	15	31
513	157	15	31
510	158	16	29
510	158	16	30
508	158	18	29
507	158	17	30
505	157	17	30
504	157	16	30
502	156	15	31
502	156	15	30
501	157	15	29
499	156	15	29
498	156	16	29
495	156	17	29
491	155	18	30
490	155	18	31
489	154	18	31
485	154	19	32
486	153	19	33
467	157	21	37
488	150	19	35
483	161	20	40
480	156	20	33
477	157	21	41
476	154	23	36
476	159	22	40
475	153	22	36
473	156	23	43
474	155	24	45
474	158	24	43
474	159	23	45
468	158	23	42
483	157	23	40
474	154	25	44
485	158	22	40
472	161	25	42
472	161	24	45
474	162	24	43
482	164	25	49
483	163	24	43
475	160	25	42
483	161	22	41
470	158	24	39
473	155	24	40
481	159	23	42
466	158	24	40
472	154	25	45
483	159	23	41
481	157	23	39
467	155	22	40
472	156	24	41
463	154	25	42
441	158	22	42
438	156	21	40
437	160	20	34
438	160	18	33
437	159	18	31
434	157	19	34
428	154	21	37
427	158	21	34
428	158	19	32
427	158	18	30
427	156	16	30
425	155	17	32
424	162	17	31
420	160	18	34
400	161	20	37
400	160	23	38
398	159	23	45
397	158	23	46
397	158	27	47
