423	158	22	57
420	157	23	56
420	158	23	55
419	157	23	56
419	157	24	56
418	157	24	56
417	157	24	56
418	157	23	56
417	156	24	56
417	156	24	57
417	156	24	57
415	155	24	57
416	156	24	57
415	155	24	56
415	155	24	56
415	156	23	56
414	156	24	57
413	156	23	57
412	155	24	56
413	156	24	56
412	155	24	56
411	154	25	56
412	154	24	57
410	154	24	57
411	155	24	56
410	154	24	57
410	154	24	56
410	154	24	56
409	155	24	56
409	154	24	56
408	154	25	56
408	153	25	56
408	154	25	56
408	154	25	56
408	153	25	56
407	153	25	56
407	153	25	56
406	153	25	57
407	154	24	56
406	153	24	57
405	153	24	56
405	153	25	56
404	153	24	55
403	153	24	55
402	152	25	55
403	153	24	55
402	153	24	55
401	152	24	56
402	152	24	56
401	152	24	55
401	153	23	55
400	152	24	55
399	152	24	55
399	152	23	55
399	152	24	55
399	152	23	54
398	152	23	54
398	152	23	54
397	151	23	55
397	151	23	55
397	151	23	54
397	151	23	55
396	151	23	55
395	151	23	54
396	151	23	54
395	151	23	55
395	151	23	54
395	151	23	55
394	151	23	54
393	151	23	55
392	150	23	55
392	151	23	54
392	150	23	55
391	150	24	54
391	150	23	54
391	150	23	54
390	151	23	54
390	150	23	54
391	150	23	54
390	151	23	54
390	150	23	54
390	150	24	53
390	150	23	54
390	150	23	54
390	149	23	54
389	149	24	54
389	149	23	55
389	149	23	54
389	149	23	55
388	149	23	55
388	149	24	55
388	149	24	54
387	149	24	54
386	149	24	54
386	149	24	53
385	148	24	54
384	148	24	53
384	148	24	53
384	148	24	54
384	148	24	54
383	148	24	54
383	148	24	54
383	148	23	54
382	147	24	54
381	147	24	55
381	148	24	53
381	148	23	52
380	148	24	53
380	147	23	53
380	147	23	53
380	147	23	53
379	148	23	53
379	148	23	53
378	147	23	53
379	148	22	53
378	147	23	54
378	147	23	52
376	147	22	57
376	148	22	56
375	147	23	61
374	148	24	60
373	148	24	60
372	147	24	57
372	147	26	59
373	146	26	61
373	146	25	60
372	146	24	61
370	146	25	61
370	146	25	66
371	145	24	62
372	145	22	62
372	145	22	61
371	145	22	54
372	145	21	57
371	145	21	53
371	145	21	51
371	145	22	53
370	145	22	54
369	145	22	52
369	145	22	52
368	145	22	51
368	146	22	50
367	145	22	51
367	145	22	52
367	145	22	52
366	145	22	52
365	144	23	53
366	144	22	54
366	144	22	52
365	144	23	53
365	144	22	52
365	144	22	53
364	144	22	55
365	144	22	53
364	144	22	53
364	144	23	54
364	144	23	55
364	143	23	53
364	143	22	52
363	143	23	52
363	142	22	53
363	143	23	51
363	143	22	51
363	143	22	50
362	142	22	50
362	143	23	51
361	142	23	51
360	142	23	51
360	143	22	51
360	143	23	50
359	143	23	50
359	143	23	51
358	142	23	50
358	143	22	50
358	143	22	51
358	143	22	51
358	143	22	51
357	143	22	52
357	142	22	52
356	142	23	53
356	142	23	52
356	142	23	51
355	141	23	52
355	142	23	51
354	141	23	51
354	141	23	50
355	141	22	49
353	141	22	49
354	141	22	49
353	141	22	50
353	141	22	47
353	142	22	49
351	142	22	47
351	141	22	48
351	140	22	49
350	141	22	48
349	140	22	50
349	141	22	49
348	141	22	49
348	140	22	51
347	140	22	52
347	140	22	50
347	141	21	49
346	140	22	50
346	140	22	52
344	140	22	53
329	143	23	57
326	142	24	58
312	143	23	54
313	142	21	47
311	142	22	46
310	140	22	48
311	139	21	48
311	140	21	48
309	139	23	51
309	139	22	51
308	140	22	53
308	140	22	50
307	139	22	51
306	140	21	50
306	140	21	48
306	139	21	48
306	140	21	48
304	140	22	51
304	140	21	53
301	140	23	55
302	138	22	57
303	139	21	56
301	139	22	57
300	139	24	60
300	139	23	58
299	139	24	62
299	139	24	59
298	138	24	60
283	131	27	64
296	139	23	64
291	145	26	66
326	181	34	80
329	183	36	78
329	182	35	79
330	181	35	80
331	180	35	80
334	184	34	77
334	181	33	79
334	183	31	77
334	184	32	76
337	187	32	75
349	186	32	73
386	186	34	77
394	183	36	80
402	183	36	80
385	185	34	74
399	184	35	79
429	182	36	79
419	183	33	77
437	185	35	77
438	185	34	77
438	184	33	78
439	184	34	78
440	185	33	78
439	185	35	78
440	185	34	78
439	184	36	79
443	186	34	77
443	185	34	77
445	185	32	78
447	185	32	79
461	185	32	77
465	186	32	76
472	186	31	73
484	187	32	79
503	186	36	78
505	188	36	78
506	188	35	76
508	187	34	78
509	188	34	78
510	188	33	79
510	187	33	79
512	186	32	80
511	187	31	78
513	187	31	77
517	192	31	73
532	189	31	76
545	189	32	78
552	189	36	80
558	189	35	78
556	188	37	79
564	190	33	79
564	189	35	80
565	188	35	80
566	189	34	79
568	188	33	80
568	189	33	79
570	188	32	79
571	190	32	78
572	191	30	77
572	190	32	78
573	192	32	75
575	192	32	75
576	191	31	74
577	192	31	76
578	191	31	76
579	190	31	75
581	191	31	75
580	192	32	78
581	194	31	75
584	195	31	76
586	194	32	80
588	194	32	79
590	194	32	79
592	194	31	78
594	193	29	79
595	194	28	77
596	192	28	80
597	193	27	80
598	194	27	78
597	194	28	78
598	196	27	77
599	197	27	75
599	201	26	72
600	201	25	71
601	203	24	68
603	201	23	67
603	201	24	64
604	202	24	66
604	199	24	71
605	199	23	73
603	199	25	64
602	150	25	60
604	155	25	66
605	195	22	73
596	199	28	64
597	198	28	72
592	198	33	74
592	199	30	74
594	199	29	79
594	200	30	74
597	199	29	81
598	198	29	75
598	201	29	80
599	198	28	82
596	198	31	84
593	199	32	84
594	199	32	82
575	198	35	84
574	202	35	78
570	201	35	77
570	200	32	76
572	199	33	74
574	200	33	75
575	201	31	72
576	202	32	71
575	202	33	74
576	202	33	73
574	202	34	74
575	203	34	74
578	202	33	73
580	204	32	73
582	205	33	72
583	203	34	76
585	205	32	74
585	204	33	77
589	205	32	75
589	205	33	76
590	205	33	71
591	203	33	71
590	205	33	73
590	206	34	74
590	206	33	76
592	207	33	77
592	206	33	80
594	206	30	81
595	206	31	82
595	206	30	78
592	206	33	82
584	205	38	91
581	210	37	83
581	211	38	83
577	212	37	83
573	212	37	82
576	211	35	83
575	212	35	84
576	211	35	84
579	210	34	85
578	210	36	86
579	210	36	85
579	211	37	86
580	211	38	86
581	212	37	83
583	211	36	85
584	212	36	85
584	211	36	87
585	211	35	87
585	212	35	87
585	213	35	84
586	213	35	85
585	214	35	83
585	213	35	85
588	212	32	84
587	214	34	83
588	214	34	83
588	215	34	84
589	216	33	83
591	216	32	81
592	218	32	80
593	219	32	78
594	220	31	75
597	220	29	74
598	220	28	73
600	218	27	75
601	216	26	79
602	217	25	77
603	216	25	80
603	215	25	77
604	215	24	75
603	219	24	76
604	219	22	78
606	219	22	76
606	217	21	79
605	218	21	74
606	220	21	78
608	220	20	70
609	220	18	73
610	222	17	70
611	221	17	69
610	235	17	59
612	236	16	59
612	227	15	73
606	228	22	61
577	185	34	56
583	139	38	75
512	155	29	61
510	158	28	52
510	156	26	53
509	157	29	52
510	156	29	56
450	140	27	62
447	139	27	63
447	140	27	63
448	139	27	63
449	139	26	64
451	141	25	64
452	140	25	63
452	139	24	65
453	140	23	64
454	140	24	63
454	141	24	63
454	141	25	64
455	141	25	64
455	141	25	64
455	140	25	64
455	141	26	64
456	140	27	63
457	141	27	64
457	140	26	64
457	141	27	63
458	141	27	64
459	141	27	64
459	141	27	64
460	142	27	64
460	142	26	63
461	142	27	63
461	142	27	63
462	142	26	63
462	143	26	63
463	142	26	63
463	142	27	63
464	141	26	63
464	142	27	64
465	143	26	64
467	142	25	64
468	143	25	64
469	142	25	63
469	143	24	62
470	143	25	65
470	143	24	64
470	144	25	64
470	144	25	63
470	145	25	63
472	145	25	64
472	146	25	62
472	145	25	61
472	148	25	60
474	146	24	61
475	146	26	63
474	145	26	62
470	144	27	65
459	143	29	65
449	144	31	67
448	144	30	66
450	145	28	66
451	148	28	64
451	147	27	64
451	146	27	64
452	146	28	65
452	145	27	65
453	146	27	64
453	145	26	65
454	145	26	65
455	145	25	65
456	145	25	65
457	145	24	67
457	147	24	64
447	145	27	69
440	147	25	63
431	147	26	63
436	146	25	62
436	147	25	65
436	146	25	62
437	146	25	66
436	149	26	63
437	148	26	65
436	147	27	66
437	146	27	66
437	146	29	66
437	148	29	64
439	149	29	64
439	150	28	63
439	149	31	63
438	150	29	61
440	151	28	62
440	150	28	63
440	150	27	59
443	151	28	62
442	149	27	62
444	150	28	60
444	148	27	61
445	148	26	61
445	148	25	63
445	149	26	64
448	149	25	61
449	151	26	63
451	151	24	63
451	152	26	64
459	153	25	62
456	154	26	61
453	153	28	63
454	151	28	65
453	150	27	66
453	149	28	67
454	150	29	66
455	149	27	67
456	149	26	67
456	151	27	68
459	150	25	67
458	150	26	67
458	153	26	63
459	156	25	61
461	154	25	64
459	156	26	61
457	154	28	64
445	151	32	66
440	151	31	68
430	152	30	65
425	152	28	62
426	150	28	65
425	151	29	63
425	151	27	63
425	151	27	65
425	156	30	65
425	153	30	66
427	154	29	65
427	155	28	65
426	155	28	64
427	155	28	65
429	154	28	61
429	154	29	67
430	153	29	66
429	153	30	67
428	154	31	66
429	154	32	68
430	154	31	69
428	155	33	67
430	153	32	67
434	155	30	64
435	155	28	64
440	157	27	62
439	156	28	64
440	156	28	61
441	157	26	63
442	157	26	62
441	156	26	62
444	156	25	60
448	154	23	63
448	155	23	63
448	154	22	64
450	155	23	63
449	155	24	66
451	156	23	64
450	156	23	66
451	156	24	67
452	156	24	69
454	155	23	64
452	156	24	62
440	155	27	66
431	155	30	67
425	156	28	65
424	156	28	64
424	156	29	64
425	158	30	67
426	158	30	64
427	157	30	66
427	157	30	69
428	158	29	64
