327	203	29	89
328	203	30	87
331	203	30	87
335	203	31	86
339	202	32	86
342	203	31	85
346	202	31	85
350	200	32	87
355	201	33	88
357	200	34	87
360	198	35	89
363	199	36	87
365	199	35	88
369	199	35	88
372	200	36	85
378	200	33	86
382	197	31	87
385	198	31	87
388	198	30	86
393	198	30	85
396	197	31	84
401	197	32	86
403	198	31	83
407	198	33	83
413	196	33	82
419	195	34	85
422	193	37	88
426	190	36	91
431	188	36	93
436	185	35	94
440	185	38	93
443	186	38	94
447	189	38	89
451	186	39	92
455	189	37	90
458	190	35	89
463	188	35	88
468	185	37	91
473	187	36	83
477	186	36	86
484	182	35	88
489	181	35	90
492	181	36	89
492	185	37	86
496	180	38	94
499	184	38	87
504	180	40	95
507	180	41	96
512	178	40	97
517	174	40	88
519	182	41	103
517	186	46	115
519	186	43	104
519	188	37	93
520	182	35	90
515	178	36	93
513	176	32	96
514	175	33	94
507	171	35	77
503	169	28	81
503	180	31	74
502	172	31	82
503	179	31	82
501	171	31	88
492	167	30	90
480	170	31	81
478	172	30	77
477	171	31	77
477	175	33	83
470	183	34	75
474	181	29	73
473	177	29	80
477	178	29	77
466	175	30	79
463	180	31	83
468	176	32	81
458	175	34	81
472	173	29	83
470	172	28	81
460	175	30	80
460	171	31	83
452	170	33	85
454	170	32	85
450	170	35	87
455	173	33	84
456	169	34	85
454	170	34	82
439	172	34	86
443	170	36	83
440	169	38	84
438	170	35	84
433	169	37	90
429	171	36	83
428	170	34	86
428	169	33	87
426	171	33	86
425	164	34	91
425	170	33	88
424	165	35	91
421	170	36	86
419	168	35	89
416	169	35	88
415	167	35	89
410	167	36	91
411	171	34	86
405	170	36	90
404	170	36	96
402	173	37	96
400	166	38	100
399	169	36	85
395	167	39	93
395	175	35	94
395	165	39	98
393	166	37	102
389	168	36	94
386	166	36	99
383	169	33	93
384	167	32	91
380	168	32	90
378	166	31	95
378	170	30	88
376	168	29	82
375	169	29	83
373	168	29	83
372	169	27	83
367	169	31	90
366	169	34	94
363	168	35	92
362	168	34	94
363	168	35	92
360	169	34	91
365	168	34	90
361	163	34	90
345	161	31	82
342	160	30	84
342	160	28	84
342	163	29	77
341	159	30	83
334	163	32	81
352	165	27	78
337	164	28	84
327	162	32	89
325	161	30	83
323	160	32	80
327	160	32	81
329	164	32	80
317	159	32	85
315	157	32	82
313	156	33	81
312	158	32	81
311	158	31	79
313	158	32	80
325	157	30	79
312	159	31	78
304	160	31	77
323	163	28	75
300	161	29	76
300	162	29	75
311	163	28	78
307	163	29	75
304	163	28	75
289	161	29	76
287	161	31	74
289	161	34	78
284	158	34	78
283	159	35	78
282	160	35	79
283	161	32	79
279	160	33	79
281	162	32	78
278	161	32	79
277	161	29	76
268	160	32	78
271	159	33	78
267	160	33	80
266	160	35	81
261	160	36	81
262	159	37	82
255	160	39	83
253	154	39	89
252	154	39	88
252	154	37	86
250	149	36	89
246	147	37	90
212	129	37	77
216	130	34	80
220	128	33	76
222	126	33	80
232	149	34	76
246	156	31	72
233	155	31	72
233	152	32	71
233	147	35	77
225	151	37	80
224	148	35	76
226	143	38	81
224	148	39	81
226	138	40	89
256	127	35	74
261	127	32	73
263	129	35	71
220	147	33	79
221	146	36	74
215	147	31	79
279	129	35	71
285	129	30	72
289	133	28	66
292	136	29	64
296	130	29	68
298	133	34	67
301	131	35	67
305	131	32	68
309	130	32	70
314	131	29	68
317	132	28	66
321	131	29	66
323	134	28	64
329	130	30	66
332	127	32	67
336	127	31	71
337	122	33	68
341	131	32	64
343	123	31	68
344	124	31	68
348	123	30	69
361	129	32	67
361	118	33	66
357	118	35	66
368	114	41	67
389	74	38	83
402	86	39	79
408	88	37	79
414	94	37	73
418	71	42	88
388	75	50	88
402	118	53	65
447	89	40	83
450	89	38	78
455	95	39	77
461	88	35	75
487	87	33	73
496	89	36	73
541	146	35	74
494	157	33	79
492	156	33	77
489	158	33	77
488	156	32	80
488	154	32	82
486	154	31	84
487	152	35	84
516	133	34	83
523	144	37	88
524	150	35	86
520	146	36	86
519	143	34	85
517	144	38	84
514	141	37	88
512	142	37	91
521	145	37	86
495	146	36	82
507	143	41	88
533	143	41	84
502	152	40	83
455	119	34	66
460	126	33	67
496	147	31	79
504	149	34	73
541	142	34	84
539	146	33	82
538	145	32	83
537	149	32	82
534	150	30	79
531	145	29	80
530	145	29	81
528	145	30	78
527	148	31	77
529	148	30	75
497	149	29	72
519	150	30	74
519	149	31	74
518	149	30	74
515	150	31	71
514	148	30	75
503	146	30	73
506	144	30	80
495	143	31	79
495	142	31	80
486	141	32	81
488	143	35	82
493	148	33	78
483	144	34	81
483	143	33	78
480	144	32	78
478	143	32	84
473	148	34	86
470	149	35	84
480	148	33	88
476	145	37	92
464	142	35	86
469	125	36	78
462	149	37	78
470	130	40	89
464	142	39	85
470	144	35	83
472	143	36	89
506	142	35	80
479	148	40	79
484	143	37	84
489	147	35	81
493	142	34	80
498	146	33	80
503	145	35	79
506	143	37	82
505	149	37	79
508	147	38	83
512	146	39	84
519	145	39	83
524	144	35	85
528	141	36	84
530	138	38	86
587	128	33	73
590	132	31	67
587	131	32	71
589	132	30	68
586	131	31	66
587	127	31	69
584	122	32	65
586	122	35	68
585	120	33	72
586	125	33	69
583	125	34	69
586	124	33	70
584	126	34	66
585	122	34	69
586	122	32	68
586	121	33	71
586	122	33	67
587	122	32	64
586	122	30	67
588	121	30	70
587	122	30	66
587	119	29	70
591	113	30	64
585	118	27	62
589	116	27	64
582	117	26	60
586	117	26	67
589	114	27	58
586	117	29	60
586	116	28	66
585	115	27	66
586	116	26	65
585	116	27	65
586	116	26	67
573	119	27	60
583	119	27	66
574	120	29	68
576	119	29	66
578	119	27	66
569	118	29	68
570	119	29	68
570	121	29	69
572	123	28	67
574	122	28	64
573	121	28	67
567	121	29	64
569	122	29	64
571	121	27	62
573	121	26	64
572	121	26	66
571	122	27	62
565	121	28	63
566	121	29	62
564	118	29	63
563	116	32	63
560	116	31	65
563	117	32	65
561	116	31	66
560	117	31	63
557	115	31	64
557	117	31	62
557	116	31	62
559	115	30	65
560	115	28	66
555	116	29	64
558	117	29	63
561	121	26	60
564	120	25	60
568	118	27	62
573	116	28	62
579	116	29	64
585	118	28	62
591	117	27	61
596	119	26	60
604	118	23	60
607	116	21	64
607	117	20	68
603	122	21	74
597	121	27	74
592	113	33	76
564	116	43	82
555	122	43	84
535	116	38	74
551	114	37	76
564	120	35	71
573	118	34	75
569	120	33	68
581	117	33	71
586	121	34	73
596	125	32	72
596	124	31	65
600	113	28	76
605	124	24	74
580	131	36	65
575	145	38	60
574	130	43	72
550	120	47	70
557	127	46	79
485	146	50	90
484	111	52	98
486	115	56	98
413	105	55	111
418	106	51	119
421	112	56	115
433	109	50	111
436	107	51	106
443	107	53	114
460	100	57	108
450	106	51	109
453	114	65	109
464	109	55	113
460	109	55	106
475	105	52	94
458	101	42	98
444	101	44	90
449	100	44	88
498	115	41	92
500	121	35	88
497	110	33	83
492	121	34	82
491	121	33	85
487	121	34	83
496	111	36	95
486	123	37	93
490	121	35	91
479	125	35	93
480	124	33	89
488	119	35	87
491	115	35	91
496	101	39	94
495	112	39	97
495	117	37	96
498	112	37	98
498	116	36	93
498	111	35	99
499	102	35	88
493	102	37	87
497	98	37	91
495	109	36	87
494	104	36	92
492	104	36	95
489	116	37	94
488	89	44	95
484	113	41	95
493	109	38	85
489	92	42	91
481	94	50	96
408	87	41	72
401	87	35	66
405	89	34	63
398	90	32	60
399	88	32	59
396	86	32	61
395	89	32	61
392	91	31	58
391	88	32	59
389	85	32	62
388	80	32	63
385	83	31	60
385	80	32	62
385	77	34	68
383	79	33	66
383	76	35	71
382	74	35	70
382	73	36	74
381	73	34	69
378	78	35	69
377	81	35	74
373	78	37	74
373	85	36	68
371	90	36	62
371	83	31	68
364	86	33	61
364	87	32	59
363	86	31	59
361	87	30	59
361	85	29	60
357	84	30	57
357	86	28	55
357	85	27	56
357	86	30	61
361	86	28	54
365	86	27	53
371	86	25	51
375	80	29	53
379	81	29	55
384	82	30	52
388	83	31	57
392	82	32	65
396	82	34	71
405	95	34	70
407	94	34	74
417	91	35	72
418	84	35	73
419	77	37	69
425	77	36	64
429	72	36	60
434	74	36	64
441	74	33	68
444	73	36	62
450	73	33	66
458	77	36	66
461	79	35	71
463	76	34	65
466	75	33	66
464	75	34	68
465	77	33	68
465	79	30	68
465	80	29	65
465	80	27	65
463	80	26	61
464	84	26	56
462	85	24	54
462	87	24	50
458	83	24	55
458	86	24	57
446	69	31	58
450	72	29	62
449	70	27	65
449	72	26	61
446	70	25	60
447	71	25	60
443	71	26	63
445	74	26	62
442	73	26	65
439	75	28	64
439	77	28	64
438	76	28	64
435	72	28	59
435	74	26	57
434	71	25	60
431	72	25	59
433	72	27	60
430	71	26	59
428	71	26	56
425	70	27	61
425	71	28	59
422	70	27	60
419	69	26	60
420	71	28	57
428	78	29	62
412	65	26	67
410	70	25	62
409	71	26	61
408	70	27	64
404	65	29	68
403	66	28	70
401	68	26	66
398	67	28	66
397	68	29	67
399	71	29	64
397	67	34	67
