433	315	186	113
422	302	186	116
419	300	183	114
408	294	178	114
406	292	174	114
395	287	172	111
394	286	167	109
391	284	165	108
382	278	160	106
379	276	156	106
376	274	154	103
368	268	151	102
367	267	147	101
361	262	145	100
358	260	144	99
352	258	140	97
349	255	139	96
346	253	138	97
340	250	137	95
338	250	134	92
331	243	133	93
329	244	130	90
326	242	129	89
321	237	127	90
320	237	126	87
313	233	124	87
312	232	122	85
309	232	121	84
305	228	121	82
302	227	118	82
296	224	118	81
295	224	116	80
289	219	114	80
288	219	114	78
284	216	112	77
282	215	111	77
280	214	110	76
275	212	108	75
273	211	107	73
269	208	106	73
267	208	106	72
265	207	105	71
262	204	104	71
260	204	102	70
256	201	101	69
255	200	100	69
253	199	99	69
250	196	97	68
250	196	96	67
248	195	96	68
246	192	94	67
244	192	93	66
243	189	91	66
242	188	91	65
240	188	90	65
239	185	88	65
238	185	88	64
237	183	85	63
236	182	86	63
236	180	86	62
235	180	84	62
235	179	83	61
234	177	81	61
234	176	82	61
233	174	79	60
234	174	79	60
233	173	78	59
233	172	78	58
235	170	77	59
234	169	75	59
235	168	75	58
234	168	75	58
235	167	74	57
236	166	74	56
235	164	73	56
237	164	72	55
236	164	72	55
239	163	72	54
239	163	72	54
240	161	71	54
241	160	71	53
241	160	71	53
243	158	70	52
243	157	70	51
244	158	71	51
247	156	69	51
247	156	70	50
249	154	69	49
249	154	70	50
251	153	69	50
252	152	69	49
253	152	68	49
255	150	68	49
256	150	68	49
258	149	68	48
260	148	67	47
260	148	67	47
262	148	67	47
265	147	68	46
266	146	67	46
268	145	67	46
270	144	67	46
271	143	66	46
273	143	67	45
274	143	66	45
277	142	67	45
278	141	66	45
280	142	67	45
283	140	66	44
285	140	66	44
287	139	65	43
288	138	66	44
291	137	66	43
293	137	66	43
294	135	65	43
295	135	65	43
298	135	64	43
300	134	64	42
301	134	63	42
304	134	65	42
305	132	63	42
308	131	64	42
309	132	63	42
311	131	63	41
313	131	64	41
315	130	63	41
319	129	62	41
320	128	63	42
322	128	63	42
325	126	62	41
325	126	62	41
329	126	61	40
333	126	59	40
333	126	61	39
336	126	60	38
337	125	60	39
340	124	61	39
342	124	61	39
342	124	62	38
347	123	61	38
348	122	60	38
353	121	60	38
354	122	60	38
355	121	60	38
359	120	59	37
360	120	60	38
365	120	57	36
365	119	59	37
367	119	59	36
371	119	59	36
372	118	62	36
376	117	61	37
377	117	58	36
380	116	57	37
384	116	55	35
385	116	53	35
387	116	52	34
391	115	53	34
391	115	56	35
396	115	55	34
396	114	55	34
397	113	56	35
401	113	55	34
401	112	57	35
404	111	56	35
407	111	55	34
407	110	55	35
411	109	54	35
411	109	54	35
416	110	52	34
416	108	53	35
418	109	52	34
423	108	50	33
423	108	51	33
425	106	49	34
428	106	49	34
431	107	47	32
435	106	45	32
435	106	46	32
437	106	46	32
438	104	47	33
438	105	48	32
