369	140	14	34
369	137	12	37
366	138	13	37
364	138	13	36
364	139	13	36
362	139	13	36
360	140	13	36
356	139	13	37
355	140	14	36
354	141	14	37
354	140	14	37
353	140	14	38
352	140	14	38
350	141	14	38
345	140	15	39
341	141	14	39
342	141	14	39
341	141	14	38
341	142	14	38
339	143	15	38
338	142	14	38
338	143	14	38
338	141	14	39
336	143	14	38
325	144	14	40
325	144	15	40
320	146	15	39
319	145	16	39
318	145	16	41
313	143	17	42
315	144	16	42
314	145	16	41
314	144	17	43
313	144	16	43
309	145	16	42
308	145	16	42
307	145	16	43
306	146	16	43
304	144	17	44
307	145	15	43
305	146	16	42
305	148	16	41
305	148	15	41
303	149	17	41
303	150	16	41
302	150	16	40
301	148	16	42
300	149	17	42
297	149	16	43
295	151	16	42
296	151	16	43
293	151	16	44
294	152	16	43
293	154	16	42
291	151	17	45
291	151	16	45
290	152	16	44
289	153	17	44
289	153	16	44
288	152	16	45
287	153	17	44
287	151	17	46
285	152	17	46
279	153	18	46
279	154	17	47
278	152	17	47
277	153	17	48
279	153	17	47
277	153	17	48
275	156	17	45
274	155	16	47
273	156	17	47
271	154	17	49
273	156	17	47
271	155	16	49
270	157	17	46
267	156	17	48
267	157	17	48
266	157	16	48
265	159	16	46
264	159	17	45
261	160	17	46
258	160	18	46
259	161	18	45
258	160	16	47
257	157	17	50
257	160	18	50
256	160	18	49
255	160	18	50
255	159	18	49
253	159	18	49
253	160	18	51
252	161	18	49
251	161	18	48
251	162	17	46
249	160	18	51
248	162	19	49
244	164	20	48
245	165	18	47
244	164	18	49
242	165	19	47
241	165	18	48
241	163	19	50
240	163	18	50
238	164	19	52
236	164	21	53
236	166	20	52
237	166	21	49
234	165	22	53
236	165	21	52
233	167	20	53
233	167	21	51
230	169	20	50
230	168	21	51
245	168	19	54
246	169	21	54
244	167	19	54
226	171	20	52
225	172	19	50
225	170	21	50
244	169	20	53
226	172	21	52
226	169	21	55
221	174	20	51
223	173	20	54
239	172	21	54
240	173	19	53
220	174	20	53
219	176	20	54
218	177	22	52
217	177	21	52
235	175	19	53
216	175	21	55
216	176	20	55
213	177	22	55
232	172	19	59
231	177	20	54
230	175	20	56
230	176	20	56
229	176	20	55
229	176	20	56
229	178	19	54
209	177	21	56
209	178	22	56
227	174	20	60
227	174	20	60
226	177	20	57
226	175	20	59
205	178	22	57
223	174	20	61
223	176	19	60
221	175	20	61
221	174	20	63
219	177	21	62
216	175	21	62
220	179	20	59
216	176	21	58
217	183	22	55
215	178	20	60
215	178	21	61
216	178	20	62
216	182	20	59
201	183	21	59
201	182	24	60
196	183	22	62
197	183	21	61
193	183	22	63
193	181	25	64
196	188	26	60
189	182	27	62
190	191	23	58
193	186	25	63
188	184	26	67
189	181	23	70
191	182	25	66
187	185	23	69
187	184	25	67
192	189	26	65
194	188	25	63
189	191	22	64
190	187	23	62
188	191	26	64
188	198	22	60
188	195	22	63
190	196	21	62
189	185	22	67
188	185	23	66
188	186	22	60
192	192	21	56
187	187	18	54
188	201	21	62
188	198	22	67
189	199	22	66
187	196	21	69
188	197	23	69
188	199	22	69
184	195	24	73
184	193	24	74
186	197	24	70
187	199	23	71
186	199	23	71
185	194	24	72
186	192	23	76
186	199	23	73
186	201	24	71
188	204	23	70
188	207	23	69
188	202	23	73
187	207	23	69
187	202	23	75
187	200	24	76
187	207	21	73
188	212	21	67
187	214	21	67
186	209	23	71
186	214	24	70
187	214	24	71
184	214	26	74
183	212	26	77
175	202	27	87
178	204	26	79
184	217	30	74
185	213	30	79
186	214	29	83
185	215	28	81
184	216	24	74
184	214	24	77
184	205	23	84
184	220	24	69
184	221	24	71
184	221	25	73
183	219	25	75
184	217	25	75
183	218	25	76
183	221	26	74
183	220	27	76
184	221	26	76
184	222	25	74
183	222	26	75
182	225	25	72
180	224	27	75
179	221	28	78
178	225	28	78
178	227	27	75
178	228	27	75
178	229	26	74
178	229	26	75
176	231	27	73
176	233	26	73
176	233	25	73
176	230	27	76
176	232	27	75
175	232	29	76
175	233	29	75
177	234	30	75
202	236	29	73
203	238	28	72
203	239	28	72
201	238	29	73
175	236	28	75
172	237	29	76
172	236	30	77
170	237	29	79
169	239	30	77
169	238	30	77
168	238	28	79
169	241	28	77
165	242	28	78
164	245	30	77
166	246	29	77
165	247	30	78
165	247	35	78
165	245	31	80
