18	143	25	89
17	142	27	87
19	141	27	89
20	139	27	90
21	140	27	86
22	139	27	87
23	138	28	88
25	138	30	89
28	138	30	87
29	139	30	87
31	138	29	86
32	138	30	86
35	136	29	89
36	136	29	87
37	135	28	87
39	134	28	90
40	133	28	90
42	135	27	88
43	134	28	88
45	135	28	85
45	134	28	88
47	133	29	89
48	134	28	87
50	133	28	86
52	130	30	90
53	132	28	86
54	132	28	87
56	128	28	90
56	129	29	87
59	130	30	87
61	125	28	90
62	126	28	89
64	128	27	86
65	126	28	90
67	127	28	88
69	117	28	97
70	118	29	97
72	117	30	97
74	115	31	98
74	119	30	96
74	123	29	92
77	128	29	91
76	135	29	93
77	140	31	90
82	144	32	91
85	146	29	89
87	148	27	88
90	144	26	92
89	147	26	89
90	148	27	85
91	150	26	83
93	150	25	83
93	149	25	83
93	150	25	83
96	150	25	83
96	154	25	81
95	158	27	81
97	165	26	80
99	168	26	80
99	169	26	82
102	168	26	82
103	169	25	82
104	167	25	83
105	168	26	82
106	167	26	83
107	168	26	83
108	167	26	84
109	166	27	82
110	164	25	84
110	165	25	83
113	166	25	82
114	166	24	78
114	165	24	77
114	162	25	80
114	161	25	81
115	162	26	81
115	162	25	81
116	160	25	83
118	161	25	80
118	161	24	79
119	163	23	78
122	162	27	80
134	159	29	82
143	160	26	80
146	158	28	83
156	158	27	78
166	159	26	81
176	158	27	76
178	158	29	75
194	160	27	73
205	156	25	77
214	156	25	79
213	155	24	79
214	155	25	79
214	156	26	79
214	156	27	79
225	155	27	78
228	157	26	76
235	155	28	79
250	153	28	80
254	152	27	81
264	152	28	82
280	150	29	83
288	151	29	80
303	150	28	82
313	151	28	81
318	151	28	79
333	150	27	79
337	149	25	78
342	149	25	74
343	148	25	76
343	149	25	74
343	149	24	76
344	150	24	74
344	150	24	73
344	149	24	75
345	149	25	75
344	147	25	77
345	148	25	76
346	146	26	77
347	147	25	75
347	148	25	76
348	147	25	76
348	148	25	75
349	148	25	76
348	147	26	77
349	147	25	73
350	146	25	74
351	146	24	73
350	145	24	74
351	147	26	73
352	147	25	73
353	146	25	73
353	147	25	73
354	145	25	75
355	146	25	72
356	143	25	73
356	143	25	73
357	143	25	73
358	142	25	72
357	143	25	72
359	143	23	73
359	144	23	72
359	143	23	73
359	143	23	70
359	142	23	71
360	141	23	72
360	141	23	71
360	141	24	72
360	142	23	72
360	142	23	72
361	142	23	70
362	139	24	72
362	139	24	72
363	139	23	72
362	139	23	73
363	139	23	71
362	137	24	72
363	138	24	70
364	136	24	72
364	138	24	71
364	137	24	72
364	138	24	71
366	137	22	70
365	136	23	72
366	136	23	69
366	135	22	72
366	136	22	71
367	135	22	72
367	135	21	70
367	135	22	71
367	134	21	71
367	136	22	69
367	133	22	72
367	133	23	71
368	133	22	70
368	133	23	70
368	133	23	71
368	134	23	71
367	131	24	72
367	134	24	70
366	133	25	71
366	133	25	71
366	132	26	71
364	132	25	72
365	130	25	72
364	131	26	70
363	131	26	70
364	132	25	70
364	133	26	69
365	130	25	69
366	131	25	70
366	131	25	69
367	131	24	69
367	131	23	69
367	131	22	69
367	131	23	67
368	132	22	67
368	131	22	68
367	132	22	67
367	129	23	69
367	128	23	70
367	127	23	71
368	128	23	70
368	128	25	69
367	129	25	69
368	129	25	69
369	130	25	67
369	128	25	69
369	128	25	69
370	128	25	67
369	127	25	69
369	127	26	69
370	128	24	67
371	127	24	68
372	128	24	66
373	128	23	66
373	129	23	66
374	129	23	65
374	128	23	66
375	127	23	64
374	125	23	65
375	126	23	64
375	125	23	65
376	126	23	65
376	125	23	64
376	126	23	64
378	126	22	64
378	125	22	66
379	125	22	65
379	125	22	65
379	124	22	66
379	122	21	66
380	124	20	65
380	123	20	65
380	123	21	65
379	123	21	65
379	123	22	65
379	122	21	64
379	120	21	64
379	120	21	63
378	120	22	61
379	120	21	63
380	121	20	63
380	122	21	62
380	122	21	62
380	122	21	60
381	120	20	62
381	119	21	62
380	116	22	67
380	118	23	64
378	116	23	68
378	118	24	65
377	117	24	67
378	118	23	67
379	119	23	67
378	120	23	64
378	119	22	65
377	117	22	65
378	117	23	66
377	117	23	66
378	117	23	66
378	118	22	64
380	118	22	63
377	119	23	63
379	118	22	65
379	118	22	62
380	116	22	62
381	115	21	63
380	116	23	62
380	116	22	63
381	116	22	64
382	118	21	63
383	117	21	64
384	117	20	63
383	114	19	64
383	116	19	62
384	114	20	61
384	115	19	62
384	113	19	63
385	114	19	61
385	115	19	62
386	114	20	63
386	114	19	62
387	113	20	62
388	113	20	59
388	112	20	61
388	112	20	61
389	112	20	62
390	113	19	62
390	113	19	62
391	113	19	60
391	113	19	60
391	110	20	61
391	113	19	60
384	111	21	60
368	112	21	62
361	113	21	62
357	113	21	62
344	113	21	60
339	113	21	59
330	111	19	58
325	112	20	60
314	112	20	60
310	112	20	62
297	113	20	59
288	113	19	60
283	114	20	60
271	112	20	59
261	113	19	58
248	112	20	58
243	113	19	59
228	112	20	60
216	113	21	60
201	111	21	60
193	112	21	58
186	111	20	58
182	111	20	59
170	111	19	59
165	111	20	59
155	112	19	59
148	112	20	58
138	113	19	59
128	113	19	57
114	112	20	58
108	112	21	56
99	111	20	58
84	112	21	58
81	112	20	60
75	113	20	58
65	113	20	58
59	113	21	59
50	112	19	57
43	112	20	56
40	112	19	57
41	112	19	58
41	112	19	57
42	111	19	59
42	112	19	58
42	112	19	58
42	112	20	58
42	112	20	58
42	111	20	57
42	111	20	57
43	111	20	56
43	110	20	58
43	111	20	58
43	110	20	58
43	111	21	57
44	111	20	57
44	110	20	57
44	110	19	56
45	110	20	56
45	109	21	57
45	109	20	57
45	109	20	58
45	109	21	57
45	109	20	57
45	109	21	57
46	109	20	56
46	109	20	56
46	108	19	56
46	109	19	55
46	108	19	56
46	108	20	57
46	108	20	57
47	108	19	57
48	109	20	56
48	108	19	56
48	108	19	56
49	107	19	57
49	107	19	57
50	106	19	57
50	106	20	56
51	107	20	56
51	106	20	57
51	108	20	56
52	108	20	56
52	107	19	56
53	106	19	55
52	107	18	54
53	106	18	55
54	106	19	55
54	106	19	56
54	106	20	55
55	106	19	55
72	107	19	52
56	106	19	55
57	105	20	56
58	104	20	56
57	104	19	56
58	104	20	55
58	104	20	56
58	105	20	55
58	104	19	55
58	104	19	55
58	103	19	55
59	103	19	54
58	103	20	55
59	103	20	55
59	103	19	55
60	104	19	54
61	103	19	54
61	102	19	56
62	101	19	55
62	101	19	55
62	102	19	55
62	102	19	55
63	103	18	54
63	101	19	54
62	101	18	54
63	101	19	54
63	101	19	53
63	101	19	55
63	100	18	55
63	101	19	55
63	101	19	54
64	100	18	53
63	100	18	54
64	99	18	54
63	99	19	53
61	98	19	54
62	97	19	54
62	98	19	55
62	98	20	54
63	98	19	54
62	99	19	53
63	98	18	53
63	98	20	53
62	97	19	54
63	98	19	53
62	98	19	53
63	98	19	53
62	98	19	53
63	98	19	52
63	97	18	53
62	97	19	52
62	96	19	54
62	96	19	54
62	96	19	54
62	97	19	54
63	96	19	54
64	96	18	53
63	96	19	52
63	94	19	53
64	96	18	53
62	95	18	53
64	94	19	54
63	95	18	53
63	94	18	54
63	95	18	54
63	95	19	53
63	95	19	53
60	93	19	53
61	93	19	54
61	95	19	53
61	94	19	53
61	95	19	52
61	94	19	52
62	94	19	52
62	94	18	53
61	93	18	53
62	94	19	52
61	93	19	53
61	94	20	53
61	93	19	53
61	93	19	51
60	92	20	52
61	92	20	53
61	93	21	53
60	92	20	52
60	93	21	52
60	92	20	53
62	92	19	53
62	91	20	52
60	91	19	53
61	91	20	53
60	90	19	53
60	91	20	52
60	91	20	54
60	90	20	53
61	89	19	53
60	89	21	54
59	89	21	55
60	89	21	54
60	88	20	55
61	87	20	54
61	87	20	56
62	87	20	56
61	87	20	55
61	88	19	55
62	87	20	55
60	85	21	54
60	84	22	57
60	84	21	57
60	84	22	57
60	85	20	55
60	85	21	56
60	85	21	57
59	84	21	59
60	84	21	59
60	84	20	57
60	84	19	56
61	85	23	54
62	85	22	52
59	88	20	50
59	86	20	54
58	86	20	52
57	84	23	54
57	85	23	52
57	82	25	56
55	82	23	55
56	79	23	58
59	61	24	74
56	83	24	56
56	78	23	59
57	80	24	58
56	80	25	59
56	77	24	61
56	79	23	58
57	78	22	60
59	80	23	58
58	82	23	57
57	84	24	52
57	85	21	51
57	80	23	56
56	82	23	55
57	62	25	73
54	80	24	57
54	75	26	60
54	73	27	61
54	79	27	56
54	64	23	70
54	76	25	62
55	77	26	58
52	75	22	61
53	81	25	57
51	82	23	54
68	84	21	50
48	84	24	53
65	83	23	50
50	82	22	51
50	80	22	54
61	80	21	54
61	81	20	52
59	80	22	53
44	83	21	51
43	83	19	50
43	83	19	50
42	83	20	50
42	83	19	50
42	83	19	51
42	82	20	51
41	80	20	53
42	79	19	52
43	80	19	52
42	81	19	52
41	81	19	51
42	81	19	51
41	80	19	53
40	81	19	51
41	81	18	50
40	80	19	51
40	80	19	50
40	81	18	50
39	81	19	50
40	81	20	51
40	81	19	49
40	81	19	51
41	81	20	49
39	80	18	50
41	79	19	51
40	80	19	50
41	81	19	50
40	80	19	48
40	80	19	50
40	79	19	49
40	80	18	50
40	79	19	50
