268	200	35	95
268	198	35	96
268	197	35	97
267	196	35	98
267	196	35	99
268	196	35	98
267	196	35	98
267	196	35	97
268	196	35	97
269	196	35	96
268	196	35	96
269	196	35	95
269	195	35	95
268	194	36	95
268	193	36	96
269	192	36	97
269	192	36	96
268	192	36	97
269	192	36	96
270	193	36	95
268	193	36	95
269	193	36	95
269	192	35	95
268	193	35	94
268	192	35	94
268	191	35	93
268	190	35	94
268	190	35	95
269	189	35	95
268	189	36	95
269	189	36	95
269	189	36	95
268	188	36	95
269	189	36	94
269	189	35	94
269	189	36	93
270	190	36	93
270	189	35	93
271	188	36	93
270	187	36	93
270	186	36	93
271	186	36	93
270	185	37	94
270	186	37	93
270	186	37	92
270	185	36	93
271	186	36	93
270	187	35	92
271	186	35	93
271	186	35	92
270	186	35	92
270	185	35	91
270	184	34	91
271	183	34	92
269	183	35	92
270	182	34	92
270	182	35	93
270	182	35	92
270	183	35	92
270	183	35	92
271	183	35	91
270	183	35	90
272	183	34	91
272	183	34	91
272	182	35	91
272	180	35	91
271	180	36	91
272	180	36	90
271	179	36	91
271	180	37	90
272	179	37	90
272	180	36	90
272	180	36	89
272	180	36	89
271	180	35	89
270	180	35	89
271	179	34	89
271	179	34	89
270	177	34	89
271	177	34	89
270	176	34	89
270	177	34	89
269	176	34	89
269	177	35	89
270	176	34	89
269	176	35	88
270	176	34	88
269	176	34	88
269	177	35	88
268	175	35	88
268	175	36	88
267	174	36	87
267	173	37	88
267	173	37	88
266	173	39	87
266	172	39	87
266	173	39	86
266	174	38	86
265	174	38	86
265	174	38	87
265	173	36	86
264	172	35	85
264	171	35	86
263	171	35	86
263	169	35	87
263	170	34	87
263	170	35	87
262	170	34	86
263	171	34	86
263	171	34	86
262	171	33	85
262	171	34	85
262	170	34	85
262	170	35	85
261	168	34	85
261	168	35	85
261	167	35	86
260	166	35	85
259	166	36	85
260	167	37	84
259	167	37	84
259	167	36	84
258	168	36	84
259	167	36	84
258	167	35	84
258	166	34	83
257	165	34	84
255	164	34	84
255	163	34	85
254	164	34	85
255	164	34	85
254	165	34	84
254	164	33	83
253	165	33	83
254	165	33	83
252	165	33	83
252	164	33	82
253	163	33	83
252	162	32	83
250	161	33	83
250	160	33	84
249	160	33	83
249	161	34	84
248	162	35	82
247	161	34	82
246	161	35	82
247	161	34	82
246	161	33	82
245	161	33	81
245	160	33	82
244	160	33	81
243	158	32	82
243	158	33	83
242	159	33	83
243	158	33	81
242	159	32	82
241	158	33	81
243	159	32	81
240	159	32	80
241	158	33	81
240	158	33	80
239	157	33	80
239	156	34	81
238	155	34	81
237	155	34	82
237	155	34	82
237	156	33	81
238	156	34	81
236	157	32	81
237	157	33	79
235	156	33	80
236	155	32	80
236	155	32	79
234	155	31	79
235	154	31	79
234	154	31	80
235	153	30	80
235	153	31	81
234	153	31	80
233	153	31	80
234	153	31	80
233	154	31	80
234	154	31	79
234	153	31	79
233	153	32	79
234	151	32	79
234	151	32	79
234	150	32	80
233	150	32	79
234	150	33	79
233	150	33	79
235	151	32	79
233	151	32	78
234	151	31	78
234	151	31	78
233	151	31	77
234	150	31	77
233	150	31	77
233	149	31	78
233	148	30	79
232	148	31	78
232	148	31	79
233	148	31	79
232	148	31	79
232	149	31	78
233	148	31	78
233	148	31	77
232	148	31	77
233	147	31	77
234	146	31	77
234	146	31	77
233	145	31	77
232	144	32	78
233	145	32	77
232	145	32	77
233	145	32	77
232	145	31	77
232	145	31	77
231	145	31	77
232	146	31	76
230	146	30	76
231	145	30	76
230	144	30	76
230	143	29	77
230	142	30	77
230	143	30	77
229	142	30	77
230	143	30	77
229	143	30	76
230	144	30	75
229	143	29	75
230	143	30	75
230	143	30	75
230	142	30	74
229	142	30	74
228	141	30	75
229	140	30	75
228	140	31	75
229	141	31	75
228	140	31	75
228	141	31	74
228	142	32	74
228	141	31	75
226	141	31	74
227	141	29	74
226	139	30	74
226	139	29	74
225	138	29	75
225	138	29	75
225	138	29	75
225	138	29	74
225	138	29	74
224	139	29	73
223	140	29	73
224	139	28	73
223	139	29	72
224	138	28	72
223	137	28	72
223	137	29	73
223	135	28	74
223	137	29	73
222	136	28	73
223	136	28	73
222	136	29	73
222	136	28	72
221	137	29	72
221	137	29	71
220	137	29	71
221	136	29	72
220	135	29	72
220	135	28	72
220	134	28	73
220	134	29	73
219	134	29	72
219	134	29	72
219	134	29	72
218	135	29	71
219	136	29	71
218	135	29	71
219	134	29	70
218	134	29	70
219	132	28	71
219	132	29	71
218	131	29	71
219	131	29	72
218	131	29	72
201	132	31	72
177	135	33	73
188	133	31	72
159	135	33	73
161	133	33	74
140	136	35	71
151	132	30	73
138	132	31	72
134	131	30	71
108	133	33	73
107	133	31	75
109	132	31	72
108	131	30	72
121	132	30	71
125	132	31	72
135	131	31	71
150	131	33	73
154	132	32	71
166	130	31	72
170	129	31	71
183	130	31	70
189	129	31	71
199	128	32	71
207	127	31	71
209	129	32	70
217	128	30	69
203	129	29	70
178	131	34	70
189	128	30	71
179	128	29	70
172	128	29	69
163	126	29	70
153	128	28	69
141	127	30	71
137	126	28	71
127	127	29	70
115	128	30	70
110	128	30	71
108	128	28	70
126	131	33	71
131	132	33	70
141	131	31	68
151	129	32	70
157	130	32	69
164	128	29	67
175	127	29	68
183	124	28	69
190	125	30	69
196	124	29	69
210	126	30	68
210	126	30	73
198	127	31	72
190	129	31	69
182	129	31	69
173	128	32	68
163	126	32	68
155	127	34	67
147	125	36	69
139	124	36	70
146	122	31	70
137	123	30	69
113	126	34	68
107	125	34	68
111	124	30	69
109	125	28	67
119	125	30	67
124	124	29	68
138	126	31	65
142	123	30	68
156	122	31	67
161	122	30	67
170	121	30	68
180	122	30	68
191	120	31	68
195	121	31	67
207	122	29	67
209	122	31	66
218	121	26	66
214	121	26	66
205	120	27	66
194	121	27	66
164	121	32	66
175	121	29	66
167	119	28	68
158	119	29	67
149	118	29	67
140	120	29	67
132	119	29	67
123	120	28	68
111	121	30	66
108	122	31	65
111	121	30	66
124	121	30	65
131	120	31	65
137	118	30	68
150	119	31	68
156	118	31	68
163	118	30	69
174	117	30	69
185	118	30	69
190	118	29	67
204	118	29	67
208	118	29	64
214	119	27	64
214	118	27	65
202	118	27	64
191	117	29	65
183	117	30	65
156	119	33	64
148	120	35	65
141	120	36	62
130	118	34	65
123	121	33	66
114	121	35	65
104	120	34	64
105	119	33	64
109	118	30	62
110	120	32	64
125	119	31	66
129	120	33	68
139	116	32	66
149	117	33	68
156	117	32	64
167	117	32	67
175	118	32	66
184	118	33	68
192	116	33	64
203	116	33	69
209	115	30	65
207	117	31	64
195	116	39	66
187	115	38	68
188	114	37	70
175	115	38	69
161	115	39	71
153	117	37	70
145	116	37	69
137	118	36	69
128	119	38	72
120	118	38	66
109	118	38	67
111	115	33	68
112	115	32	66
113	113	29	67
126	115	32	71
132	114	37	74
140	112	32	67
150	114	33	69
159	113	34	70
167	112	33	70
178	113	31	65
183	112	31	64
194	112	31	67
203	112	32	67
212	111	30	66
214	111	30	65
219	110	29	63
196	110	34	65
184	112	36	68
176	113	36	70
168	115	38	76
165	119	37	80
152	112	36	71
140	114	37	75
139	113	37	71
127	113	37	69
115	113	37	67
112	113	31	66
117	112	30	72
117	111	30	69
128	111	28	69
135	110	29	71
144	110	30	67
148	109	30	67
161	111	29	66
170	109	30	69
178	109	29	68
188	110	28	66
193	109	29	67
203	108	29	66
215	109	28	66
219	108	28	66
226	107	26	63
224	107	27	64
213	107	27	66
206	107	26	64
197	108	26	64
190	107	27	68
180	108	26	64
173	107	26	62
162	109	26	61
154	107	27	63
149	107	25	62
137	107	25	62
123	108	28	62
122	106	28	62
124	105	29	63
135	106	29	62
144	106	29	65
153	105	30	62
163	106	30	63
171	105	31	62
177	106	29	62
189	106	28	58
198	107	28	60
205	104	29	60
216	103	28	61
221	104	28	61
227	103	28	60
230	102	26	61
219	103	26	60
212	104	25	60
205	103	24	61
194	104	26	61
185	104	25	60
178	104	25	60
170	104	24	60
158	105	25	62
153	104	25	59
121	106	29	60
119	106	29	59
125	103	29	59
125	102	29	61
139	104	30	61
146	104	31	60
151	103	29	60
164	105	31	62
169	103	29	60
179	103	28	60
186	102	30	60
199	103	28	58
204	101	28	59
215	102	29	58
222	102	28	60
228	101	28	60
232	101	27	60
231	101	26	59
232	101	26	59
234	100	25	59
232	101	25	57
233	101	25	58
234	101	25	58
234	100	25	58
234	100	25	57
234	100	25	58
233	99	26	58
234	99	25	59
234	98	26	59
235	98	25	59
234	99	26	60
235	100	25	59
234	100	25	58
234	100	25	58
235	100	25	59
235	100	25	58
235	99	25	57
235	99	24	58
235	98	25	59
235	97	24	59
235	97	25	59
235	97	25	59
235	98	25	58
