271	215	31	77
273	210	30	80
273	211	29	79
274	211	29	79
274	210	30	79
275	210	29	78
275	210	30	79
275	209	30	78
276	209	29	78
276	209	29	78
275	208	29	78
276	208	29	78
277	208	28	78
278	208	29	78
277	208	29	77
277	208	29	78
277	206	29	78
277	206	29	78
277	207	29	77
278	206	28	77
278	206	29	77
278	206	29	77
278	206	29	76
278	204	29	77
278	205	29	77
278	204	29	77
279	204	29	77
279	204	29	76
279	203	29	76
279	204	29	75
279	204	29	75
279	204	29	75
280	203	28	76
280	203	28	75
281	202	28	75
281	202	28	75
281	202	28	75
280	202	28	75
281	202	28	76
280	202	28	75
280	201	28	75
281	200	28	75
280	200	29	75
281	200	28	75
281	200	28	75
280	199	29	75
281	200	28	75
281	200	28	75
281	199	28	75
280	199	28	74
280	199	28	74
280	198	28	74
280	198	28	74
280	198	28	74
279	198	29	73
279	198	28	73
277	199	28	73
278	197	29	73
277	198	28	72
277	197	29	73
277	197	29	72
277	197	28	72
277	196	28	73
275	197	28	72
275	196	28	72
276	196	28	73
275	196	28	74
276	195	28	73
276	195	28	73
275	194	28	74
275	194	28	73
275	194	28	73
276	193	28	73
275	195	28	73
275	194	28	72
276	194	27	73
275	194	28	72
276	194	27	72
276	193	27	73
276	193	27	73
276	193	27	73
276	192	27	73
277	192	27	73
277	192	27	72
277	192	27	72
277	191	27	72
276	191	28	73
277	192	27	72
278	191	27	72
278	190	27	72
278	190	27	73
278	190	27	73
277	191	28	71
278	190	28	72
277	189	28	72
278	190	27	72
278	190	28	71
279	190	27	71
278	190	27	71
278	190	27	71
279	189	27	71
279	190	27	70
278	189	28	71
278	190	27	71
279	190	27	71
279	190	27	71
279	188	27	71
279	189	26	69
279	189	27	71
278	188	28	71
277	188	28	71
278	188	27	70
278	189	28	70
279	187	28	70
277	187	28	70
278	187	28	70
277	187	28	70
277	187	28	70
276	187	28	70
276	187	28	70
275	187	29	70
273	186	30	71
274	185	30	71
264	186	32	70
263	185	31	70
254	185	32	70
246	184	34	70
251	185	29	70
241	185	32	70
240	184	31	70
235	184	29	70
233	185	29	70
228	184	28	70
222	184	31	70
222	185	30	69
221	184	29	69
227	184	29	69
229	185	30	68
234	183	29	69
238	183	30	69
242	183	30	69
246	183	30	69
251	183	29	69
256	182	29	68
259	182	29	68
263	183	29	69
265	182	28	68
268	182	28	68
271	181	28	70
264	181	29	69
264	181	28	69
259	181	28	69
256	180	28	69
251	181	27	69
247	181	29	70
243	179	27	70
235	181	29	69
235	180	29	69
230	180	28	68
223	180	28	68
223	180	27	66
220	180	28	68
225	179	29	67
227	179	29	68
232	179	28	68
236	180	29	67
240	179	28	69
247	178	29	68
250	179	29	67
255	178	29	67
258	178	29	66
264	178	28	66
266	177	28	67
266	177	28	66
272	177	28	67
269	177	29	68
265	176	27	68
262	177	27	68
259	176	27	70
251	176	29	70
250	176	29	70
243	176	29	69
234	176	30	68
235	176	29	68
230	177	28	67
225	176	29	68
223	176	27	67
223	176	27	68
226	175	28	66
226	175	28	68
233	175	28	67
237	175	28	65
241	175	27	66
247	174	28	66
251	174	28	66
255	175	27	65
260	174	27	66
264	173	27	67
268	174	26	66
269	174	27	67
268	172	28	67
262	174	27	65
266	173	27	67
254	172	28	68
251	173	28	67
245	173	28	66
242	172	28	66
234	174	27	65
237	171	28	67
239	172	27	66
230	173	27	66
229	171	26	67
225	172	26	64
226	172	26	62
228	172	26	64
231	172	26	64
236	172	26	63
239	171	26	64
245	171	26	65
248	171	29	66
252	170	28	68
256	170	27	67
260	169	28	69
263	168	28	70
269	169	27	66
268	168	28	71
266	168	27	68
276	169	25	66
255	168	27	66
247	167	28	67
238	165	29	72
235	166	29	72
228	166	27	70
222	167	28	70
216	167	27	67
210	166	28	66
204	166	28	67
199	167	26	66
207	168	25	62
209	169	25	62
207	169	26	62
220	168	27	62
222	167	28	64
231	167	27	61
230	167	26	63
230	166	26	62
245	166	28	63
253	166	26	61
248	166	26	62
264	166	27	62
268	166	26	62
267	167	25	63
266	166	26	61
277	164	22	66
254	166	25	62
266	165	24	65
257	166	24	64
257	165	23	63
246	165	23	62
224	165	26	62
236	164	23	65
212	165	27	64
207	166	27	63
201	166	28	62
209	166	26	62
207	167	25	61
206	166	26	62
215	165	27	63
222	166	27	62
228	164	27	62
229	165	26	63
239	165	26	63
247	165	27	63
251	163	27	65
258	164	27	63
260	163	26	64
270	164	27	64
268	164	26	64
266	164	25	62
260	163	26	63
253	162	26	63
266	162	24	65
241	162	27	63
236	163	25	61
231	162	27	62
225	162	26	63
237	161	24	64
213	162	26	63
207	163	26	62
202	162	26	61
205	162	27	60
208	163	24	60
206	163	24	60
207	162	25	60
224	162	25	60
231	162	26	60
233	161	25	60
239	162	26	59
245	161	26	60
254	161	26	58
260	159	25	58
260	160	25	60
268	160	27	62
268	160	27	62
269	160	25	64
273	160	25	64
277	160	24	63
268	158	24	63
233	159	26	61
232	158	29	63
217	158	29	64
209	158	29	63
174	159	33	64
187	156	31	68
187	158	30	64
175	157	29	65
169	158	28	64
181	159	27	62
182	161	27	62
198	159	27	60
205	159	27	61
216	160	26	59
225	158	26	60
233	159	27	60
243	158	26	61
253	157	27	61
262	158	27	61
270	157	27	60
280	156	27	61
286	157	27	58
276	157	27	59
276	158	27	59
289	157	26	60
279	157	25	59
275	157	25	59
264	157	24	59
234	158	27	58
248	157	25	59
242	157	23	58
234	157	24	58
223	157	25	60
194	158	26	58
187	157	26	58
197	157	27	58
194	157	29	57
185	157	27	59
194	157	27	60
201	156	29	60
215	155	30	61
245	155	31	61
254	156	31	60
263	154	29	60
273	154	30	60
284	155	29	58
267	152	29	62
301	155	28	55
293	154	30	58
292	153	28	58
305	155	27	57
297	153	25	60
266	154	26	57
283	154	27	58
276	154	26	59
265	154	29	58
235	154	29	56
227	154	31	58
243	153	27	58
236	155	28	58
224	154	26	59
214	154	27	57
211	155	29	57
204	154	26	57
231	153	28	57
241	154	27	56
248	152	29	59
258	153	29	56
269	153	25	57
276	152	28	58
264	152	28	60
294	153	27	56
304	151	27	59
313	151	27	58
303	152	27	58
309	151	28	59
318	151	28	60
318	150	28	61
286	157	61	71
258	146	54	77
235	149	55	85
200	174	93	99
77	155	77	102
61	151	66	84
33	151	48	81
15	150	47	74
1	145	46	85
26	149	40	71
19	149	49	69
43	150	45	71
64	151	37	71
74	153	39	67
106	152	42	69
119	148	43	70
149	150	39	71
163	147	40	69
195	145	41	72
226	148	38	70
242	146	33	69
254	146	33	69
281	145	31	69
294	145	32	62
285	147	33	62
335	147	27	60
300	148	33	64
287	142	34	66
260	147	43	71
223	142	68	90
203	139	53	76
183	162	97	91
89	165	94	104
122	172	75	91
104	158	96	112
30	159	79	109
58	168	78	96
68	152	52	99
34	143	35	67
77	148	34	69
83	149	31	60
110	150	32	60
131	148	31	62
157	148	28	59
199	147	33	63
207	146	33	63
245	147	31	62
249	146	30	59
291	145	29	61
291	144	31	62
290	144	33	61
336	145	26	57
288	155	79	83
276	134	58	78
216	145	50	73
134	147	38	75
108	147	40	69
90	149	36	69
62	146	35	67
42	150	40	67
13	150	39	68
37	148	36	70
82	140	33	74
77	150	33	61
42	147	28	59
80	149	32	60
80	146	29	61
124	148	34	60
157	146	33	64
166	145	36	62
202	143	36	63
200	141	35	62
241	143	34	62
246	142	34	59
284	145	30	59
295	143	30	59
299	140	32	62
337	135	29	67
269	148	43	61
302	131	30	68
245	155	62	70
249	135	51	82
188	157	84	81
125	139	55	77
67	141	57	74
55	142	46	76
27	145	41	71
19	147	46	69
44	146	36	71
74	142	34	70
45	136	34	69
83	145	40	64
80	143	30	58
129	144	32	63
123	135	32	64
170	144	35	67
173	138	33	61
198	139	36	64
245	144	37	66
251	140	39	57
292	141	39	61
335	140	29	61
304	139	29	55
293	140	33	58
259	144	31	57
268	137	35	58
217	140	29	59
228	141	34	58
172	143	34	67
186	131	40	68
165	144	73	94
67	138	64	87
103	132	71	84
31	136	61	89
33	138	44	83
45	141	50	80
46	137	42	73
84	144	42	64
97	150	43	61
134	145	40	64
117	129	39	72
174	144	36	62
204	142	35	61
217	145	37	58
245	142	38	63
261	144	43	60
287	139	45	70
331	139	32	64
300	130	34	66
297	135	31	60
342	136	25	55
308	151	64	78
274	122	58	75
247	128	50	74
178	139	53	78
184	130	44	68
152	157	72	82
84	138	67	76
47	145	65	69
57	141	50	74
7	145	36	67
41	144	48	69
47	141	40	63
42	133	27	60
96	142	29	62
82	138	26	56
126	142	29	54
169	143	31	59
161	138	30	57
217	139	31	63
243	144	35	64
259	141	34	63
286	139	33	64
335	136	27	55
330	136	27	55
332	135	27	57
336	135	26	56
334	137	26	54
339	136	24	54
335	135	23	53
336	137	23	52
335	135	23	54
336	137	23	49
338	138	21	49
336	135	22	51
336	136	22	50
337	138	22	49
335	136	22	50
337	138	21	48
334	137	21	49
334	136	22	49
334	137	22	49
334	138	21	49
334	135	22	51
334	137	21	50
333	137	22	50
333	136	22	50
333	137	22	49
334	137	22	49
333	136	22	49
333	137	22	49
332	136	21	49
332	137	22	49
333	135	21	51
333	136	21	49
332	136	21	49
332	135	21	49
332	135	21	49
332	135	21	49
332	136	21	49
331	136	21	48
332	135	20	49
332	135	21	49
331	135	20	50
331	136	20	48
332	136	21	48
331	134	21	50
331	134	21	48
332	136	20	48
330	134	21	50
330	136	21	48
331	136	20	49
330	134	20	48
331	136	20	48
331	135	20	48
331	136	20	48
330	134	20	49
331	135	20	48
331	135	20	48
329	135	21	47
330	134	20	48
331	134	20	48
331	135	20	48
331	134	20	49
331	133	20	49
331	134	21	49
330	133	20	50
332	134	20	49
331	133	20	49
331	134	20	47
331	133	20	47
329	134	21	47
331	133	20	48
330	134	21	47
331	134	21	48
329	132	21	48
330	133	21	47
330	133	20	48
329	132	20	48
331	133	20	48
330	133	20	48
329	133	20	47
329	133	21	48
329	133	20	47
330	134	20	47
330	133	20	47
330	132	20	48
330	132	20	48
330	132	20	47
330	132	20	48
330	133	20	46
330	133	20	47
330	133	20	46
330	133	20	46
331	132	20	48
330	132	20	46
331	132	19	46
331	132	20	45
330	132	20	44
331	133	19	43
330	132	19	46
331	131	20	46
332	131	19	45
331	131	19	44
331	131	19	45
331	131	19	46
332	132	19	45
331	131	19	45
331	131	19	46
332	131	18	45
332	131	19	45
332	131	19	45
332	131	18	45
332	130	19	46
332	131	19	45
332	130	19	45
332	131	19	46
332	131	19	45
332	131	19	44
332	130	19	46
332	130	19	44
333	130	18	44
332	129	19	44
333	130	19	45
334	130	18	44
334	130	18	43
334	129	18	45
334	129	18	44
334	129	19	45
335	130	19	45
335	129	18	46
334	128	19	45
335	128	19	44
335	129	19	43
335	129	19	43
336	129	20	45
336	129	20	43
336	128	19	44
336	128	20	44
335	127	21	43
336	128	20	44
335	128	20	42
336	128	19	43
335	128	20	43
336	128	20	44
336	128	20	42
338	127	18	42
337	128	19	43
337	126	20	43
338	127	18	43
338	128	19	41
338	128	19	43
338	127	18	41
338	128	19	42
339	128	18	41
340	128	18	41
338	127	19	42
339	127	18	42
339	128	19	42
340	127	18	42
340	127	19	42
341	127	18	45
339	126	19	44
341	126	19	44
341	127	19	44
341	127	19	43
341	127	19	44
341	127	19	43
342	127	19	42
342	126	19	43
342	125	19	44
342	126	19	44
343	126	18	45
342	126	20	44
343	126	20	44
344	125	20	44
343	125	20	44
343	125	20	43
345	125	20	44
345	125	19	44
345	125	19	44
345	126	19	44
346	125	19	45
345	125	19	44
346	125	19	44
347	125	19	44
346	125	20	44
347	124	19	44
347	125	19	46
347	124	19	44
347	125	19	44
348	124	20	45
348	125	19	45
348	124	20	44
348	124	20	46
348	125	20	43
349	124	20	45
349	124	20	44
349	124	20	45
349	124	20	44
350	124	20	46
350	124	20	45
350	123	20	44
350	124	20	43
351	123	19	44
