541	178	65	208
540	170	70	205
537	165	71	206
535	166	73	203
534	164	73	207
532	160	73	198
530	155	74	195
528	150	72	201
526	150	73	199
525	151	72	199
525	149	71	199
522	146	68	192
518	140	70	191
516	137	68	189
512	137	68	190
508	137	70	192
503	134	69	193
495	127	67	185
487	119	66	182
481	117	68	183
476	115	69	187
471	116	69	185
469	114	71	185
464	110	69	182
461	106	70	179
455	103	67	171
449	101	66	171
442	100	66	170
433	98	68	170
418	95	74	180
405	91	77	176
398	85	79	180
392	85	77	176
387	85	73	172
384	85	70	176
375	86	69	171
372	83	69	168
367	80	67	172
361	78	66	167
356	75	65	167
350	74	67	161
345	74	66	164
343	74	67	165
334	75	68	165
328	73	65	166
325	72	65	162
319	67	64	157
312	69	66	146
308	69	66	147
303	67	67	146
298	66	67	148
292	64	70	145
285	63	67	143
281	60	66	145
275	59	65	143
271	58	64	142
264	58	65	144
258	57	65	144
250	56	66	147
247	55	64	147
237	55	64	138
235	53	65	140
229	51	66	138
224	49	66	139
226	46	64	144
237	47	64	140
230	42	59	136
223	40	57	136
209	35	55	116
194	33	54	125
189	32	55	126
183	33	54	120
176	31	54	120
157	29	57	112
157	29	57	108
152	26	53	110
141	25	56	109
137	28	54	109
131	27	54	105
129	28	52	107
119	30	53	103
117	28	55	103
118	28	57	107
118	26	54	108
119	22	54	96
119	23	56	99
121	23	54	96
122	25	53	94
124	29	51	95
125	31	50	93
126	35	53	85
128	33	51	89
130	35	53	83
130	34	53	86
136	28	52	80
