264	100	27	61
262	99	27	62
264	100	27	60
267	99	26	61
269	99	24	61
273	99	26	61
274	99	30	61
274	99	33	61
274	99	34	61
275	98	34	61
278	98	33	61
279	98	32	62
286	97	27	63
289	96	27	63
292	97	28	63
294	98	28	61
296	98	29	62
296	99	29	61
301	98	27	62
303	98	27	62
306	98	26	62
307	98	27	62
311	97	27	62
311	97	28	62
312	97	32	61
313	96	31	62
316	96	30	63
320	96	27	62
323	96	25	62
325	95	26	62
325	95	28	62
328	95	29	62
330	96	29	61
333	94	28	62
334	94	28	62
336	93	26	61
337	94	27	61
338	94	27	61
340	94	27	60
341	94	27	60
342	94	29	60
344	94	28	60
346	94	28	60
350	93	27	60
351	93	26	61
352	93	26	61
355	93	26	61
356	93	26	62
358	93	27	61
359	93	27	60
361	92	29	60
362	92	28	61
365	91	26	61
367	92	26	61
369	91	26	60
370	91	26	59
372	92	26	59
373	92	27	59
374	91	28	61
375	90	28	60
378	91	27	60
380	89	26	61
383	89	26	62
385	89	25	62
386	90	25	62
380	94	24	57
373	95	25	55
371	92	25	59
363	88	25	59
351	88	30	59
310	87	30	57
332	85	35	58
343	85	29	64
343	86	28	63
337	89	28	61
334	89	28	61
330	89	27	61
330	89	24	61
324	88	26	62
317	89	27	61
314	89	28	61
307	90	29	60
305	90	30	60
297	90	30	60
294	86	31	64
288	84	31	64
286	87	28	62
281	88	27	61
278	88	27	61
270	89	29	60
268	89	29	59
268	89	28	60
269	89	28	61
272	89	27	60
275	88	27	62
277	87	26	62
278	87	27	60
281	88	28	59
280	88	29	60
283	88	29	59
283	88	30	59
282	88	31	60
279	87	29	56
275	86	28	58
270	86	28	54
266	88	28	55
257	88	31	53
255	89	32	53
248	89	32	54
245	89	28	52
243	90	28	50
236	90	28	50
233	91	28	52
230	89	28	53
225	89	27	54
222	89	28	55
215	89	27	53
208	91	27	51
200	90	26	52
196	90	27	51
190	90	27	51
188	89	26	50
180	89	27	50
151	85	26	49
173	90	24	51
170	89	26	50
173	89	25	49
174	88	26	48
178	88	22	48
180	87	20	48
181	87	20	47
179	87	20	47
173	87	20	46
171	88	20	46
163	87	20	47
161	88	20	47
154	87	20	49
150	87	20	48
143	87	21	47
141	87	20	48
137	87	20	47
129	87	22	46
127	88	23	44
124	87	22	47
99	84	23	48
114	87	24	53
93	85	22	51
106	87	26	52
103	87	27	49
100	87	28	52
88	86	31	55
68	86	28	55
82	86	28	56
78	86	29	56
78	86	27	55
76	87	26	57
78	87	26	58
80	87	28	57
82	87	27	56
84	86	25	57
84	86	26	58
86	85	26	58
88	85	26	58
91	85	27	58
93	85	27	57
94	85	27	57
97	86	26	57
98	85	26	57
100	85	25	56
101	85	25	56
104	85	24	56
106	85	24	55
108	85	26	55
108	85	27	56
109	84	26	56
112	84	25	57
112	84	25	57
114	84	24	57
117	83	24	57
119	82	25	57
120	82	25	56
123	84	25	55
124	84	25	55
125	84	24	55
127	82	25	56
130	82	23	56
131	82	22	56
134	81	23	56
135	81	22	55
137	82	25	55
138	82	26	55
139	81	25	56
140	81	25	56
142	81	23	56
144	80	23	57
146	80	23	56
147	80	23	57
150	81	25	55
152	80	25	55
153	81	24	55
154	80	25	56
156	80	24	56
160	79	24	56
161	79	23	55
163	79	22	55
165	79	23	54
167	80	24	53
168	80	26	54
169	80	26	55
171	84	24	56
173	87	24	55
176	92	23	56
178	93	23	56
179	98	24	56
182	103	24	56
183	107	25	55
184	109	25	54
187	113	24	56
187	116	24	55
191	121	23	56
194	126	22	56
196	129	23	55
197	135	24	55
199	137	25	54
200	142	24	55
201	145	24	54
205	150	22	56
208	154	23	54
210	156	22	55
212	162	23	55
213	169	24	54
214	171	24	54
216	176	24	55
218	178	23	54
219	181	23	54
222	186	22	54
224	188	22	55
225	191	23	56
228	198	25	56
229	201	25	55
230	206	24	56
232	208	23	56
234	210	22	55
235	212	22	56
237	217	22	56
238	220	22	56
239	222	22	56
241	229	23	56
242	232	22	55
242	234	22	56
244	236	21	55
245	241	21	56
246	243	23	57
246	246	23	56
247	249	23	57
250	254	22	56
250	257	22	55
252	261	22	56
254	267	21	56
257	269	21	55
258	272	20	56
261	277	22	55
262	280	24	56
263	284	25	55
265	286	25	53
266	288	25	51
269	287	25	51
272	287	25	48
271	286	25	48
275	285	24	48
274	286	23	47
276	286	23	46
277	285	21	46
281	285	23	46
281	286	21	44
283	286	22	43
287	285	24	45
289	283	24	49
289	283	24	48
290	283	25	48
294	284	24	50
297	285	23	53
296	285	24	56
295	284	24	57
298	284	22	56
301	284	21	54
299	284	22	53
297	284	21	54
291	284	22	53
285	285	25	53
284	284	26	54
278	284	26	54
277	284	24	54
271	284	24	53
269	284	23	53
265	284	23	53
258	285	23	53
255	283	23	54
253	284	22	53
247	285	24	52
242	285	25	53
239	285	24	52
235	284	23	52
233	284	22	52
234	284	23	52
234	283	22	53
235	283	22	52
238	283	22	53
239	284	23	52
240	283	23	53
241	284	23	53
242	284	23	53
245	283	23	53
247	283	22	53
249	283	22	52
250	283	22	53
251	284	23	52
252	283	23	52
253	283	23	52
255	283	22	52
256	283	22	52
257	282	23	52
258	283	22	51
260	282	21	52
262	282	21	52
264	282	22	52
264	283	22	51
266	284	23	51
267	283	22	52
268	284	22	51
269	282	22	52
270	282	22	52
272	282	22	52
275	282	22	52
276	282	22	51
278	283	22	51
278	282	22	50
279	282	22	50
280	282	23	50
282	282	23	50
284	282	22	49
284	282	22	50
286	281	22	50
287	281	22	51
289	281	22	49
290	282	22	49
290	282	22	50
292	281	22	50
293	281	22	50
294	281	21	50
295	280	21	51
297	280	21	51
296	279	22	51
298	280	21	52
300	281	23	51
300	281	23	51
300	280	23	51
301	280	24	50
303	279	23	50
304	278	22	51
304	279	21	52
306	283	22	51
308	285	21	50
309	288	21	49
308	291	21	49
310	294	21	49
311	299	21	50
312	301	21	49
314	303	21	50
315	305	20	50
316	304	21	50
317	304	20	49
317	304	20	48
318	305	20	50
320	305	20	50
321	305	20	51
323	305	21	51
323	305	20	51
323	306	23	49
369	283	21	44
370	284	22	45
369	286	21	45
369	287	23	48
373	264	23	41
369	295	19	46
370	299	20	45
333	330	20	52
333	328	21	54
335	327	21	53
337	327	22	53
336	328	23	52
338	328	22	51
337	328	22	52
339	330	22	49
341	332	21	49
341	335	22	50
341	337	21	50
342	340	21	51
341	343	21	52
344	346	20	50
344	348	21	51
345	353	21	52
345	355	21	49
346	356	21	50
347	356	21	50
348	355	21	51
348	354	21	52
349	354	21	50
350	353	21	50
350	353	22	53
351	353	21	50
350	353	22	50
352	353	22	49
351	353	23	52
352	353	23	51
352	353	22	51
353	352	21	50
353	353	21	50
353	351	22	50
354	352	21	51
355	352	20	49
356	352	20	49
355	352	21	51
356	351	20	52
356	351	21	51
354	351	21	52
348	351	21	50
341	350	21	51
334	350	21	51
329	350	21	51
326	351	21	51
316	351	21	50
311	352	22	49
307	352	22	49
305	350	21	51
299	351	22	49
296	352	22	51
292	351	21	49
292	351	21	48
292	350	21	49
292	350	21	50
293	351	21	49
293	351	21	48
294	350	21	49
294	351	20	48
294	351	20	49
296	351	20	48
295	350	20	49
297	350	19	48
297	350	20	46
297	349	20	48
297	349	21	48
297	350	21	48
297	351	21	47
297	350	21	47
304	348	21	49
307	350	22	49
313	349	21	46
315	348	22	49
321	349	21	48
326	347	21	48
336	347	22	47
339	349	23	48
343	348	23	48
349	346	23	49
352	347	24	50
361	346	25	48
368	346	23	49
371	344	24	51
376	345	23	50
386	346	23	48
391	347	22	48
394	347	22	48
401	347	21	45
403	346	22	47
413	345	22	49
422	344	25	48
426	343	23	50
431	345	21	48
436	345	21	48
440	345	22	48
445	345	22	47
450	345	22	48
459	345	22	47
462	344	22	48
467	345	22	47
471	343	23	47
478	343	23	50
481	342	23	49
487	343	22	49
496	344	20	47
499	343	22	48
506	343	21	48
512	345	21	46
513	344	20	46
513	344	20	46
513	344	20	46
513	344	19	46
513	344	20	45
512	343	22	46
513	343	21	46
513	343	22	47
513	343	21	47
513	344	21	46
513	344	21	45
513	343	21	46
514	342	22	46
514	342	21	46
514	342	21	46
514	341	22	48
513	342	22	47
514	342	22	45
514	342	22	46
515	342	21	45
514	341	22	46
514	339	23	47
514	336	23	47
514	333	21	47
514	328	22	47
514	326	22	47
514	324	21	46
514	321	22	46
514	316	22	47
515	315	22	47
515	309	21	45
515	308	21	48
515	305	21	48
515	300	22	48
516	297	21	44
515	295	21	47
515	291	21	47
515	288	21	47
515	286	22	48
515	283	21	46
515	280	21	46
515	275	21	45
515	269	21	46
515	268	22	45
516	262	21	45
515	256	22	42
516	259	21	47
514	255	22	49
516	249	21	47
516	247	21	48
517	245	21	47
517	242	21	48
517	236	21	47
516	233	21	46
517	231	20	47
518	229	20	46
518	226	19	45
518	222	20	46
518	216	21	49
517	215	21	44
517	211	20	46
517	208	19	44
516	205	20	45
516	197	20	45
516	195	20	45
516	193	20	44
516	187	20	45
516	186	20	46
516	184	21	44
517	180	20	46
517	173	20	46
517	171	19	44
517	168	19	45
517	161	19	45
517	160	20	44
518	158	19	44
517	151	20	45
517	149	19	44
517	148	19	44
541	130	21	51
516	148	21	44
516	147	21	46
517	147	24	43
506	147	26	43
517	147	20	45
517	147	20	45
518	147	20	46
517	148	21	44
518	146	21	44
519	146	22	44
519	146	20	45
520	146	19	44
519	146	20	45
542	126	20	49
519	146	20	44
519	146	20	45
518	146	22	45
518	147	20	44
519	146	20	44
518	146	21	44
519	146	23	43
517	145	21	45
543	125	21	50
543	126	22	49
519	145	21	45
519	145	22	45
520	145	22	46
521	145	22	44
520	145	20	44
522	145	20	43
