552	238	37	96
544	236	33	94
515	232	34	97
510	232	33	91
503	230	34	94
499	233	35	89
492	232	29	84
483	231	32	84
476	232	38	87
468	232	37	85
461	229	34	80
456	227	30	82
448	227	31	82
428	227	32	79
427	226	32	83
423	225	32	81
418	224	30	77
413	225	29	81
405	223	30	84
398	224	30	81
390	221	30	83
383	223	33	81
378	223	34	82
372	220	32	83
370	220	30	81
367	221	30	79
362	221	31	83
357	219	31	84
326	217	30	78
324	215	29	78
319	213	32	79
315	219	30	77
290	215	27	79
289	215	27	77
282	216	31	78
270	215	29	78
265	214	30	79
261	212	32	79
255	213	34	79
248	213	32	79
244	211	31	84
239	208	27	81
231	208	32	85
228	211	34	83
225	210	33	83
221	211	32	83
215	210	30	83
211	209	29	81
202	213	34	80
195	213	38	79
174	214	29	76
173	214	30	78
167	214	31	79
160	214	32	78
155	212	31	78
150	210	29	78
143	212	29	80
138	212	31	79
132	212	34	82
128	214	32	80
125	214	31	80
124	213	30	80
118	212	28	83
108	213	31	81
103	212	32	82
96	214	35	80
93	212	34	83
91	212	34	82
85	211	29	85
75	210	33	86
66	212	33	81
59	218	37	79
52	214	29	80
42	213	31	80
36	214	33	78
30	216	30	75
25	216	28	75
20	218	26	76
