401	95	18	56
401	94	19	54
401	96	19	54
401	95	19	53
401	95	18	53
401	95	19	54
402	94	19	53
402	95	18	54
401	94	19	54
401	94	18	54
402	94	19	53
402	93	19	54
403	93	18	55
403	94	18	54
404	94	18	53
404	94	18	53
404	92	19	53
404	92	18	55
404	92	18	54
405	93	18	53
404	91	19	54
405	91	18	54
406	92	18	52
406	92	18	53
406	92	18	54
405	91	18	53
406	90	18	52
406	90	18	53
406	90	18	52
405	92	18	51
405	90	19	52
405	89	19	52
405	89	18	52
405	90	18	52
406	89	18	52
407	90	17	51
407	90	18	52
407	90	18	52
407	88	19	52
407	88	19	52
407	89	19	53
407	88	19	53
407	89	18	53
407	89	19	52
408	88	18	52
408	87	19	52
408	87	18	52
408	86	19	52
407	87	19	53
407	87	19	53
408	86	19	54
408	88	19	53
408	87	19	53
408	87	18	53
409	85	19	53
410	86	18	53
409	85	19	53
410	87	18	51
410	86	18	52
410	86	18	51
409	85	19	51
411	85	18	53
410	84	18	52
411	84	18	52
411	85	18	51
411	85	17	53
411	84	19	52
411	84	18	51
411	83	19	52
411	84	18	51
412	85	18	51
412	84	19	51
412	84	18	50
413	83	18	51
412	83	18	50
412	82	18	52
413	83	18	52
413	83	18	51
413	84	18	50
413	83	18	51
414	83	18	51
414	83	18	51
415	83	18	50
414	82	18	50
415	82	18	50
414	82	18	49
414	83	18	49
415	82	18	49
414	82	18	49
414	82	18	50
414	80	18	51
415	81	18	50
414	81	18	50
414	82	17	48
415	82	18	48
414	82	18	49
415	81	18	49
415	81	18	49
415	80	18	49
416	81	18	49
416	81	18	47
416	80	18	49
416	82	18	48
416	80	18	49
416	79	19	49
417	80	18	49
416	79	18	50
417	80	18	49
417	80	18	49
417	80	18	48
418	79	18	50
419	78	18	49
419	78	18	48
419	78	18	48
419	79	18	48
419	79	18	48
420	79	18	48
420	78	18	50
420	78	19	48
420	78	19	47
421	78	18	48
421	78	19	49
421	78	18	48
421	78	19	47
422	78	18	49
423	77	19	50
423	77	19	48
423	77	19	47
423	77	19	48
424	77	18	48
424	76	19	47
424	75	19	48
424	76	19	48
425	76	18	47
425	76	18	48
425	76	19	46
426	77	18	47
426	77	18	46
426	76	18	47
427	76	18	45
426	75	19	44
428	75	18	45
427	76	18	44
428	76	19	43
427	75	19	48
426	75	19	46
427	74	19	47
427	73	20	46
427	73	20	46
426	74	20	45
426	74	19	44
427	74	20	46
429	73	19	45
430	73	19	45
430	73	19	45
429	72	19	44
430	73	19	44
430	73	20	44
430	73	19	44
430	72	19	45
431	72	19	45
431	72	19	46
431	72	19	45
434	72	18	45
434	71	18	46
433	70	19	46
434	72	19	45
434	71	19	47
433	71	18	46
434	70	19	47
433	69	19	48
434	70	18	47
434	70	18	46
434	70	18	47
434	70	18	47
435	71	17	47
434	70	18	47
435	69	18	47
435	70	17	45
435	71	17	45
435	70	17	45
434	69	19	47
433	68	18	48
434	69	18	47
434	69	18	47
434	68	17	46
435	70	17	45
435	69	17	47
436	69	16	45
436	69	16	45
437	69	16	45
437	69	17	45
437	69	17	44
437	69	16	45
438	68	16	46
439	68	15	45
440	68	15	45
439	68	16	44
440	67	16	45
439	66	16	45
439	67	16	45
440	67	16	45
440	67	16	45
439	67	17	45
440	67	16	45
440	66	16	47
439	66	17	46
440	66	17	46
440	67	16	46
439	67	16	45
440	66	16	45
439	67	16	44
440	66	16	45
440	66	17	44
440	66	17	44
440	65	17	46
440	65	17	46
440	65	17	45
440	65	17	45
440	65	17	45
440	65	17	44
441	64	16	45
441	64	16	45
441	64	16	45
441	64	17	44
441	65	17	44
442	63	16	45
442	63	16	46
442	64	16	45
442	63	16	45
442	63	16	44
443	62	17	45
443	63	16	43
444	63	16	44
443	62	16	46
444	63	16	45
444	62	17	45
444	62	16	45
444	62	17	45
445	61	16	45
445	62	16	44
445	63	16	44
445	62	16	45
446	61	16	46
446	62	16	44
446	62	16	45
446	61	16	44
446	62	16	43
447	62	16	44
447	62	16	44
447	60	16	44
447	61	16	44
448	61	16	45
448	61	16	46
448	60	16	45
448	60	16	45
449	60	16	43
449	61	16	43
450	60	16	43
450	61	16	42
450	61	16	45
450	60	16	45
450	59	16	44
450	59	16	44
450	60	16	43
451	59	15	44
451	60	15	44
452	60	15	43
452	60	15	43
453	59	15	43
452	59	15	43
453	59	15	44
453	60	16	43
452	60	16	43
453	59	16	44
454	58	15	43
453	58	16	44
454	58	16	43
453	58	16	44
453	58	16	44
455	58	16	44
454	58	16	43
455	58	15	44
454	58	16	43
455	58	16	42
455	58	16	41
455	58	16	42
456	59	16	42
456	57	16	44
456	57	16	43
456	57	17	43
456	56	16	44
456	56	16	43
456	57	15	42
457	57	15	42
457	57	16	43
458	57	15	44
459	57	15	41
459	57	15	41
460	57	15	40
460	57	15	41
461	57	15	40
460	56	15	42
460	57	15	40
461	57	15	41
461	55	15	41
461	56	15	42
461	55	15	42
461	56	15	42
462	57	15	42
463	56	14	43
463	56	15	42
464	55	14	41
464	56	14	40
464	56	14	40
464	56	14	40
465	55	14	41
465	55	15	41
465	54	14	41
466	55	14	40
466	55	15	40
466	55	14	41
466	55	14	42
466	55	14	42
467	55	14	40
467	55	14	39
468	55	14	38
467	55	15	39
468	55	14	39
468	55	14	38
468	55	14	39
468	54	14	41
469	54	14	41
469	54	15	40
469	53	14	42
469	53	14	42
470	54	14	42
470	54	14	42
470	53	14	42
470	53	14	41
472	52	14	41
471	53	14	40
472	54	14	40
472	54	14	40
472	54	14	38
472	53	14	39
473	53	14	39
472	53	14	39
473	51	15	40
