331	82	37	110
330	81	37	108
332	80	36	109
332	79	36	111
331	79	36	110
332	80	35	109
332	78	36	111
333	78	36	110
333	77	36	109
332	77	36	107
331	77	37	106
331	76	37	107
332	75	37	107
330	73	39	108
331	73	38	108
331	74	38	108
330	74	38	107
331	74	38	106
331	74	37	106
330	74	37	105
330	73	36	105
330	72	36	105
329	70	37	106
329	70	36	105
329	69	36	104
329	68	37	106
330	69	37	104
329	69	37	104
329	69	36	103
329	69	36	103
330	69	36	103
329	70	35	103
328	70	36	101
329	71	36	102
329	74	36	103
327	79	37	102
327	80	38	100
326	82	37	103
327	85	37	103
326	89	38	104
327	92	38	105
327	97	37	103
327	100	36	103
326	104	36	104
327	108	35	102
327	111	36	102
326	116	35	100
325	116	36	102
324	115	36	102
322	113	37	103
322	113	36	103
321	112	36	103
320	111	38	104
319	113	38	102
318	112	38	103
318	111	38	104
317	113	38	103
318	111	38	104
316	112	38	102
316	113	39	100
314	113	39	101
314	111	40	101
315	111	38	99
315	111	38	101
315	109	36	101
315	110	37	101
315	108	36	102
313	108	38	102
314	110	37	101
313	109	36	101
313	110	36	100
312	111	34	99
312	110	35	99
310	110	35	99
310	108	36	99
307	108	36	99
308	106	37	100
307	106	36	100
306	106	38	101
307	106	36	100
306	106	37	100
306	107	36	99
305	107	37	98
304	107	37	98
303	107	38	98
303	108	38	97
303	106	37	98
303	106	37	96
304	106	37	98
303	105	35	98
303	104	35	98
302	104	37	98
301	104	38	98
300	105	37	97
299	105	37	98
299	104	37	97
298	105	37	96
298	104	37	96
298	104	37	95
298	104	36	95
298	103	35	97
297	102	35	96
296	101	36	97
297	101	35	98
296	101	35	97
295	100	36	97
295	101	36	97
295	101	35	97
295	101	36	96
294	101	36	97
292	101	36	96
292	101	37	97
290	100	37	97
291	100	38	96
290	98	37	96
292	98	36	96
291	98	35	97
291	99	34	95
291	99	34	95
291	98	36	95
290	98	35	95
289	99	34	94
288	100	34	93
287	98	35	93
286	98	35	93
286	97	34	93
284	97	35	93
284	96	34	93
282	95	35	94
281	95	36	95
282	95	36	94
280	94	36	93
280	94	36	94
279	95	36	93
278	95	36	93
278	95	35	93
277	94	37	93
276	94	36	93
275	94	36	92
276	93	35	92
276	93	35	92
275	92	34	93
276	92	33	93
276	93	33	92
274	93	33	92
275	94	32	92
274	94	32	93
274	99	32	93
272	101	32	93
273	105	32	93
271	109	34	94
271	111	32	91
269	112	34	92
269	113	33	92
268	112	34	93
267	112	35	93
266	112	36	93
266	113	34	92
265	113	36	92
266	113	35	92
265	114	35	92
266	113	35	92
265	112	35	91
265	112	34	91
266	112	34	91
265	111	33	90
265	110	33	91
266	111	33	91
266	110	32	91
266	111	33	90
266	112	32	90
265	112	32	90
265	112	31	88
266	113	31	89
266	113	31	88
262	117	33	86
263	122	32	86
264	125	31	89
262	125	32	90
262	127	33	89
262	129	32	88
262	127	32	89
262	128	33	87
261	128	32	87
262	128	32	87
261	128	32	88
261	127	32	88
261	127	32	87
261	127	33	87
261	125	32	87
260	126	32	87
260	125	31	87
260	125	31	88
260	126	32	86
259	126	32	87
259	126	31	86
259	126	31	85
258	126	31	86
258	127	31	85
259	126	30	85
256	125	31	85
257	124	31	85
256	123	31	85
256	124	31	86
255	123	32	86
254	122	32	86
254	123	32	85
254	125	32	84
253	124	32	84
253	123	33	85
253	124	33	84
252	124	33	85
252	124	33	84
253	123	33	83
252	122	32	83
252	122	31	83
252	122	31	83
252	121	30	83
252	121	30	84
251	123	30	81
252	123	29	79
252	124	30	78
254	122	31	81
259	123	32	79
263	121	32	80
268	122	33	80
275	121	33	81
281	121	32	79
284	119	34	82
288	118	36	80
297	120	35	80
301	119	34	80
308	120	35	79
311	118	34	78
317	116	36	78
328	117	34	81
328	118	33	79
335	119	34	79
339	117	34	77
347	117	34	79
351	118	31	77
358	116	33	80
363	115	33	80
367	115	33	79
374	113	34	82
378	115	33	78
386	115	33	79
391	116	32	76
396	114	33	77
404	114	32	79
408	114	31	78
412	112	31	80
417	111	31	79
423	112	33	77
428	108	32	82
435	111	32	78
439	110	33	79
442	107	36	79
452	109	34	78
453	104	34	80
462	109	33	78
467	108	32	78
470	104	36	74
481	105	33	81
485	105	33	81
489	102	34	82
492	101	37	77
506	101	34	80
504	102	32	79
507	104	31	76
506	105	30	76
508	104	31	74
507	105	29	75
508	105	29	76
508	104	28	77
506	104	29	76
506	103	29	77
505	103	30	76
505	100	30	79
504	102	31	76
504	101	31	77
504	101	30	77
505	102	30	76
503	101	33	72
505	101	29	74
502	104	30	69
505	102	28	74
503	100	30	74
502	102	30	74
498	100	30	75
494	102	31	73
486	100	29	73
484	100	28	77
483	100	29	75
481	100	30	72
468	101	29	70
420	85	27	55
398	89	26	65
453	102	28	72
442	102	31	70
440	102	30	71
430	101	34	71
427	100	33	74
417	100	34	71
411	100	34	71
406	99	33	71
403	99	31	74
396	100	33	72
394	100	32	69
381	98	35	70
383	100	32	71
381	100	30	73
382	100	32	70
383	101	30	71
384	99	33	68
382	98	30	74
382	99	29	73
383	99	29	73
383	99	27	73
383	99	28	72
383	99	28	72
384	99	26	71
384	99	27	71
382	98	27	71
383	98	28	70
382	98	26	71
382	98	26	73
382	98	26	73
381	97	27	72
380	96	28	74
380	96	28	73
380	97	28	73
379	96	28	71
379	97	28	72
379	97	29	72
379	98	28	72
379	97	27	72
378	98	29	71
378	98	28	71
378	97	29	71
378	96	28	72
378	95	29	73
379	94	26	72
379	94	25	72
379	95	27	72
378	95	25	70
378	95	26	69
378	96	26	68
378	95	26	69
378	95	25	71
378	94	24	70
377	95	24	71
377	93	24	71
377	93	25	71
376	93	25	71
377	92	24	71
376	92	25	71
375	93	25	69
375	93	26	70
376	94	26	69
375	94	26	70
375	94	25	69
376	92	25	70
375	93	26	70
375	92	27	70
375	91	26	69
376	90	27	70
376	91	25	70
376	91	24	69
377	90	24	70
376	90	23	69
375	91	25	68
376	91	24	68
376	91	25	68
376	91	24	68
376	90	23	69
376	91	24	68
375	89	24	68
374	89	24	67
372	90	26	66
363	88	25	68
362	89	25	67
354	88	24	68
350	89	26	67
342	88	25	70
332	90	25	68
331	90	25	67
323	88	25	68
316	91	26	67
311	89	26	68
308	89	25	68
304	88	25	69
295	88	25	69
286	90	25	67
284	88	26	68
277	92	25	66
275	90	25	67
265	88	24	68
259	91	25	67
255	91	26	67
257	91	23	66
256	91	24	65
257	90	23	66
256	90	24	66
256	89	24	67
256	89	24	67
256	89	24	68
255	88	25	68
255	87	24	69
254	89	24	68
254	87	24	68
252	88	24	68
246	88	25	69
239	88	26	68
233	90	25	67
231	89	24	67
222	88	24	68
214	87	26	70
207	86	26	71
203	87	24	70
194	87	25	67
189	86	25	70
181	87	24	71
175	87	27	70
176	88	25	69
176	89	25	67
176	89	26	67
176	88	25	67
175	89	25	67
175	88	24	68
173	87	25	68
173	87	25	68
173	87	24	68
173	85	23	70
171	86	23	71
170	86	25	71
170	87	24	67
170	87	24	68
169	90	24	67
168	88	25	71
165	91	27	67
167	87	25	70
146	97	23	64
168	86	24	69
166	86	24	69
166	85	25	70
166	87	24	66
165	85	24	70
167	85	23	71
164	84	24	73
166	86	23	70
164	86	24	71
162	85	24	73
164	86	23	69
161	84	24	74
161	84	24	73
160	83	25	76
162	84	24	76
159	83	26	74
159	83	26	76
160	81	25	78
157	81	26	77
160	83	24	75
155	81	26	74
158	83	24	71
155	83	26	69
158	84	24	65
155	84	26	64
157	84	25	65
156	84	24	61
157	84	22	61
156	84	23	63
154	82	24	70
154	83	24	65
154	82	25	67
154	81	24	67
153	83	24	64
152	83	25	68
150	81	25	74
151	81	24	68
151	81	24	64
151	82	23	62
151	82	22	62
151	83	22	61
151	81	22	63
150	79	24	67
149	80	25	67
147	80	26	67
148	79	25	77
163	79	27	82
171	80	28	73
186	82	27	84
196	81	30	80
207	76	29	88
218	77	29	85
230	76	30	89
240	74	31	89
253	79	31	89
262	75	32	92
277	76	30	94
287	77	31	90
300	76	30	89
310	77	29	82
322	75	30	91
334	76	31	92
343	75	34	93
356	72	36	98
368	74	36	97
379	74	36	96
391	70	36	100
405	73	34	93
415	71	34	99
429	72	33	97
439	70	35	100
451	70	36	101
482	63	38	102
470	69	38	105
487	72	35	94
502	73	35	100
504	68	37	103
520	72	36	101
531	68	36	104
538	69	34	87
552	71	38	102
559	68	34	103
566	73	29	66
565	72	27	66
565	74	26	61
566	75	26	60
565	74	25	62
565	72	27	66
565	73	25	65
563	70	25	69
564	71	26	67
564	71	25	69
563	71	26	70
563	70	25	71
563	72	25	69
563	72	24	68
563	73	24	70
562	72	24	75
562	70	24	74
563	71	24	70
561	70	25	66
562	72	24	59
562	70	22	64
561	70	24	62
561	71	23	63
561	72	24	61
555	68	28	71
540	68	29	78
525	66	32	86
515	65	31	86
500	67	34	88
491	67	33	85
476	67	37	90
464	68	32	83
439	68	40	94
442	65	35	103
412	70	42	100
421	71	43	106
414	68	39	111
393	74	48	103
382	70	45	108
375	63	38	94
365	74	40	107
349	68	47	85
328	73	34	76
328	75	28	59
329	75	26	60
328	75	25	59
329	74	25	62
328	74	25	63
327	73	26	61
328	74	25	63
327	73	26	60
327	76	24	55
326	76	24	57
326	77	24	55
326	75	25	59
325	76	24	55
327	73	21	60
326	74	22	57
326	74	24	58
324	76	24	58
323	76	24	57
323	76	25	58
323	75	25	57
323	76	24	56
323	77	27	56
324	75	27	60
324	76	27	55
322	75	27	57
323	73	25	58
362	55	22	56
360	55	23	59
324	73	25	56
324	73	24	55
324	71	22	57
324	69	23	58
322	72	25	58
322	72	25	58
323	71	24	60
323	69	23	61
323	68	23	60
323	68	22	57
323	68	22	57
324	68	22	56
323	69	22	55
324	67	23	56
323	69	23	55
322	69	24	55
322	67	22	57
321	68	25	57
321	66	23	59
321	67	24	59
321	65	24	63
320	65	24	60
322	66	23	58
322	65	22	58
321	65	24	59
322	65	24	59
321	67	25	58
320	65	25	60
321	66	24	59
319	66	25	60
320	66	25	60
319	65	26	62
319	65	26	61
321	64	25	60
320	64	25	61
323	64	23	60
320	65	24	59
321	65	25	57
321	65	24	57
321	65	23	56
322	64	23	56
321	64	23	57
320	63	24	59
321	64	24	57
321	64	24	57
322	63	24	58
321	63	24	59
321	62	24	58
322	63	25	57
321	63	24	59
322	63	24	58
320	64	24	58
321	63	24	57
322	62	25	58
321	63	24	59
322	62	24	59
322	62	24	58
322	61	24	59
322	60	24	59
321	61	25	59
321	62	24	59
322	62	25	60
321	62	25	59
322	63	24	58
322	62	24	58
321	61	24	58
321	62	24	58
322	62	25	58
321	60	24	60
321	62	24	58
322	61	23	58
323	60	23	57
323	62	22	57
322	60	24	59
323	61	22	56
324	61	22	55
323	61	22	55
323	61	22	55
324	62	23	54
324	60	22	55
324	60	23	55
324	61	23	54
324	59	23	56
323	61	23	57
324	60	24	58
323	62	23	56
325	61	23	58
324	61	23	57
325	61	23	57
324	60	22	58
324	60	23	58
325	61	23	57
325	59	22	57
325	61	22	56
