61	63	18	50
63	65	19	44
68	66	19	41
71	65	19	42
73	66	19	40
76	65	19	40
78	64	20	41
82	64	19	41
85	65	19	39
88	65	20	38
94	65	19	38
97	63	19	38
100	63	19	38
103	64	19	37
106	63	19	38
108	64	18	38
111	63	18	39
114	63	19	38
116	62	18	38
119	60	18	39
127	59	19	41
127	59	21	39
131	60	19	41
134	60	19	40
137	62	19	39
143	63	17	37
146	61	18	38
151	61	19	37
154	58	19	39
156	61	21	38
158	61	20	39
161	60	20	38
166	61	19	41
172	60	19	42
174	59	19	40
177	60	19	39
180	60	20	41
185	61	19	41
189	59	19	42
190	59	19	43
193	59	19	43
196	59	20	44
199	56	22	49
201	46	22	55
205	55	21	49
209	55	19	41
211	57	19	42
214	58	18	43
221	57	20	41
224	55	18	40
229	55	17	38
232	58	19	38
234	56	19	41
241	58	19	38
245	56	18	40
246	54	20	38
253	52	20	39
254	52	21	41
260	51	19	40
262	51	19	39
267	54	18	39
271	53	16	38
276	53	19	38
261	36	17	39
262	36	18	37
261	34	18	38
262	34	18	37
260	34	18	37
260	33	18	37
260	32	19	37
262	33	18	36
261	32	17	37
262	32	18	36
262	34	18	42
260	34	17	37
261	33	18	37
260	32	17	36
262	34	18	37
261	33	18	37
259	34	18	37
261	33	19	37
261	33	18	39
261	33	18	39
262	32	18	37
262	32	17	35
263	30	19	35
262	34	16	37
263	33	18	37
262	37	17	36
262	35	18	37
262	33	17	36
260	35	18	38
260	33	18	36
260	31	19	37
259	35	21	40
260	34	19	41
262	34	19	40
261	40	20	47
259	33	21	42
250	56	24	37
260	37	20	44
251	51	23	38
259	33	20	41
261	35	19	45
261	37	21	42
261	33	18	41
261	30	19	38
261	31	17	38
261	30	17	35
260	32	17	34
261	31	17	34
261	32	17	33
260	31	18	34
262	30	18	34
261	28	17	39
262	29	18	38
261	34	17	38
261	34	17	35
261	36	16	37
262	33	18	34
260	31	18	38
262	34	17	39
260	32	19	38
260	31	17	40
261	26	19	39
260	31	18	41
261	29	19	39
261	30	18	38
