418	287	39	93
415	286	41	94
413	286	43	93
411	286	43	92
406	285	45	92
405	285	43	92
404	285	41	93
402	283	38	94
405	283	33	94
405	281	32	94
403	282	31	94
401	282	31	93
400	283	31	92
398	282	31	91
395	283	33	90
395	281	32	91
393	281	33	92
390	280	34	92
389	280	35	91
388	280	36	91
386	280	37	90
386	280	36	90
384	281	35	88
383	280	34	88
382	279	32	88
380	278	31	90
379	277	32	91
378	277	31	91
378	277	31	89
376	276	31	89
375	277	30	89
374	278	29	86
373	277	30	86
371	277	31	87
370	276	31	87
369	275	30	88
369	275	30	88
367	274	30	89
367	275	31	87
365	275	32	87
364	273	33	87
363	273	32	86
362	273	32	86
361	272	33	87
360	270	34	88
360	269	34	90
358	268	36	91
358	267	36	91
358	266	34	91
356	267	33	89
355	268	33	87
355	268	31	87
354	266	31	88
353	264	32	89
351	263	31	90
351	263	31	90
349	262	32	90
348	263	33	89
346	263	34	87
345	262	35	87
345	262	33	86
343	262	34	87
343	261	34	87
342	260	34	89
341	258	33	89
340	258	34	90
339	259	34	87
338	260	34	85
338	260	33	84
336	260	31	84
337	259	31	84
334	257	31	86
336	255	29	87
334	255	30	87
334	255	30	85
332	256	32	85
330	257	34	84
329	256	35	84
328	255	34	84
327	255	34	84
324	252	34	85
323	252	33	87
323	250	33	87
323	250	33	87
322	251	33	86
320	253	33	84
320	254	32	81
319	253	30	83
319	250	30	84
318	249	29	85
317	248	29	86
317	246	29	88
315	246	31	86
314	248	32	84
312	248	33	83
311	249	34	83
311	247	34	84
309	247	34	83
312	247	34	83
280	208	33	70
285	208	27	67
291	205	28	68
294	207	26	66
297	207	28	67
301	207	27	66
308	204	28	68
311	203	28	68
315	203	26	65
319	203	27	67
323	202	26	67
328	203	26	66
333	204	27	67
335	203	28	67
340	204	28	62
346	205	26	65
348	204	27	64
355	203	27	64
357	204	27	62
362	203	27	63
367	203	26	62
372	202	25	63
376	202	26	62
380	202	26	61
384	201	25	63
388	200	26	64
394	200	26	65
397	200	27	63
401	201	27	62
407	201	29	62
411	202	28	62
414	200	29	62
426	234	32	77
427	236	31	77
427	235	30	77
424	232	31	80
425	232	31	81
425	232	30	81
425	231	30	81
425	230	29	80
424	232	30	78
423	232	30	79
423	232	29	76
423	232	29	76
422	231	28	77
422	231	28	78
421	231	28	77
420	229	29	78
419	230	31	74
417	231	32	74
417	232	31	74
417	229	31	76
414	232	31	71
413	231	31	74
413	231	29	71
412	230	27	72
410	231	27	71
410	231	26	69
408	232	26	69
407	231	26	68
405	231	27	69
403	228	28	72
401	226	28	72
399	227	29	73
398	225	30	73
396	226	32	74
394	225	35	74
393	225	36	73
391	226	37	73
390	226	35	72
386	226	36	71
385	226	35	72
385	224	32	71
384	223	30	71
382	223	29	73
382	222	28	73
381	223	27	72
380	223	28	72
378	224	26	70
376	225	25	69
375	224	25	71
372	223	26	70
370	223	27	71
368	221	29	72
366	220	30	71
365	221	31	71
364	221	32	70
363	222	32	71
361	222	33	69
361	222	31	69
361	221	29	71
364	220	30	70
365	220	29	71
368	218	29	71
370	218	31	73
373	219	30	73
377	219	28	71
379	220	29	69
382	220	28	68
384	219	27	69
387	218	28	69
389	216	31	70
391	215	31	71
393	215	32	71
395	215	34	69
397	215	33	70
398	215	34	69
399	216	33	68
399	215	30	69
397	214	29	71
395	213	26	71
392	213	27	71
391	211	27	72
389	212	26	72
387	213	27	73
386	213	26	72
385	214	25	69
384	214	24	68
382	212	25	69
380	212	26	69
377	210	27	70
374	210	30	69
371	210	33	69
369	209	34	69
369	210	33	68
367	210	32	68
365	210	31	69
364	209	30	70
363	208	29	68
360	207	29	69
358	206	29	71
354	207	31	71
353	207	30	71
352	207	29	70
351	208	28	68
349	209	27	66
350	208	26	64
347	206	28	67
345	206	29	68
343	205	29	68
340	205	30	68
339	206	31	67
338	206	30	66
338	206	29	65
336	207	28	65
335	206	27	65
333	206	27	65
332	204	26	66
329	203	26	67
328	203	26	67
326	202	26	67
324	204	26	66
323	204	26	64
321	203	26	64
320	205	25	64
319	203	25	63
316	202	25	65
315	201	25	66
313	201	26	65
311	200	28	65
310	201	28	65
309	201	27	64
309	202	26	63
307	202	26	63
306	202	24	63
305	199	24	64
305	198	23	64
303	199	24	65
302	198	24	63
301	200	24	63
300	200	23	62
299	200	24	62
298	199	23	62
296	199	24	62
295	199	24	62
294	198	25	63
294	197	25	64
292	196	25	64
293	198	24	62
291	198	25	62
291	198	24	61
291	198	24	61
290	197	23	61
290	197	23	61
288	195	23	62
287	194	23	62
287	194	24	62
285	194	23	61
285	196	23	60
284	196	23	60
284	196	23	60
283	195	23	60
282	195	23	61
282	193	23	62
280	193	22	62
281	193	23	63
280	193	23	61
279	194	24	60
278	194	24	59
278	194	24	58
277	194	24	59
277	193	25	61
276	192	25	61
276	191	24	62
274	191	24	61
273	191	25	60
273	191	24	60
272	192	24	59
272	192	23	59
271	192	24	57
270	191	23	58
270	190	22	59
269	189	23	60
268	188	23	61
266	189	24	60
266	189	24	59
266	189	25	59
265	189	25	58
264	190	25	58
264	190	25	58
263	189	24	58
262	187	23	60
262	186	23	60
259	187	24	59
259	186	23	58
258	187	24	58
256	188	25	58
256	188	23	57
254	188	24	57
254	187	23	58
253	186	22	59
252	185	22	59
251	184	23	60
251	184	23	59
249	185	24	59
249	184	25	58
249	185	24	58
252	185	25	58
255	186	23	56
259	185	24	57
261	183	23	59
265	182	22	58
267	183	24	58
271	183	22	57
276	184	24	56
278	185	24	57
282	183	23	56
285	184	24	57
288	183	22	57
292	182	22	58
293	181	23	58
291	180	23	59
290	181	24	58
289	181	25	57
288	181	24	57
287	182	25	56
286	182	24	56
285	183	24	55
284	182	24	56
283	181	23	56
281	180	23	56
280	180	23	58
279	180	23	57
277	180	23	56
276	181	23	55
276	182	23	55
274	181	22	56
273	182	21	54
272	181	21	55
270	180	22	56
269	179	22	57
267	178	23	57
267	179	24	56
266	179	23	57
265	179	24	55
264	181	23	54
262	180	23	54
261	179	23	56
260	178	23	56
259	177	22	57
258	176	23	57
257	177	23	56
256	177	23	55
255	177	22	55
254	178	22	55
252	178	21	54
252	177	20	55
251	177	20	55
249	176	21	56
249	175	21	56
246	175	23	56
246	176	23	55
244	176	23	55
243	177	23	54
243	177	23	53
242	177	22	54
241	177	23	54
239	176	23	55
240	175	22	55
237	175	22	55
237	174	22	55
235	175	21	54
235	176	22	53
234	176	21	52
234	177	21	53
233	177	20	53
232	176	19	53
231	175	19	53
230	175	19	54
229	175	20	54
229	175	20	54
228	176	20	53
228	176	20	53
228	175	20	52
227	176	20	51
226	175	20	52
226	173	20	54
225	173	20	53
225	174	20	53
225	174	20	52
224	174	20	52
224	174	21	52
225	174	20	52
224	174	21	52
223	173	21	52
223	173	20	53
222	172	22	54
221	171	22	54
221	170	21	54
222	171	21	54
221	171	21	54
222	172	21	53
222	172	20	52
222	172	20	51
221	172	20	52
221	170	20	53
221	170	20	53
220	170	20	54
220	170	20	53
221	171	20	52
220	171	20	51
221	172	20	52
220	172	20	52
220	172	20	51
219	170	20	52
218	170	20	54
219	169	19	53
218	169	19	52
219	169	20	52
218	169	20	53
218	169	20	52
218	170	21	53
218	170	21	52
217	168	20	53
216	169	20	51
216	168	20	52
216	168	20	52
216	168	21	51
216	169	20	50
215	169	21	50
215	169	20	50
215	169	20	52
214	169	21	52
214	167	20	53
214	168	20	52
213	166	20	52
213	167	20	51
212	168	20	52
212	167	20	52
212	169	20	50
212	168	20	50
213	168	20	51
212	167	20	51
211	166	20	52
212	166	20	52
211	166	20	51
211	167	20	51
211	167	21	49
208	167	23	50
210	167	20	49
210	166	20	50
209	167	20	50
209	165	19	52
209	165	19	51
208	166	20	50
208	166	20	50
208	166	21	49
207	166	21	49
205	167	22	48
206	167	21	48
206	165	20	49
205	165	20	50
206	165	19	49
205	165	19	49
204	166	19	47
204	166	19	45
204	167	19	46
203	166	19	47
202	166	19	47
202	165	19	48
201	164	19	48
199	164	20	48
199	164	20	46
197	165	21	47
196	165	21	52
195	166	22	56
194	165	23	54
193	182	24	59
159	189	24	57
161	190	23	57
160	190	22	57
160	188	23	59
160	189	22	58
160	189	23	58
160	188	22	60
160	190	23	58
160	188	23	59
160	190	24	57
185	163	21	47
185	163	21	47
184	164	21	46
184	164	21	45
182	165	21	43
182	165	21	44
181	165	21	45
181	164	21	44
180	162	20	45
179	163	21	44
178	162	21	45
177	162	21	46
176	163	21	43
176	164	20	43
175	163	20	45
174	163	19	45
172	164	20	47
172	162	20	46
171	162	20	48
169	161	21	48
169	161	22	49
167	161	22	47
166	162	22	46
166	162	21	45
165	162	21	46
163	162	21	46
163	161	19	46
162	161	20	48
160	161	20	46
160	161	20	48
158	161	19	47
157	161	19	47
155	160	21	47
153	160	21	48
152	160	21	48
151	161	21	48
150	160	21	45
149	161	21	45
149	161	21	45
147	162	20	44
146	159	20	46
145	160	19	44
145	161	18	44
144	160	18	46
142	160	19	45
142	158	19	47
141	157	19	48
141	157	19	49
139	158	19	47
140	158	18	48
140	159	18	47
138	159	19	48
136	158	19	48
136	159	19	48
136	158	19	49
135	157	19	48
135	157	20	49
134	158	20	48
133	158	19	48
131	157	20	48
130	156	21	50
131	156	20	51
131	157	19	49
130	158	19	48
131	158	18	48
129	157	18	49
130	156	19	48
129	157	20	48
128	156	21	49
127	155	22	48
127	155	23	49
126	156	24	48
125	156	24	48
126	157	24	49
126	157	22	49
123	155	22	50
122	154	22	49
132	155	19	49
132	156	20	46
136	154	19	50
141	155	20	48
145	154	19	49
150	154	19	49
155	155	18	48
158	155	19	46
160	155	19	47
165	155	20	47
167	154	20	48
175	156	21	47
177	155	21	47
175	154	21	48
175	155	23	47
175	153	23	48
175	154	23	48
174	154	24	47
174	155	22	47
174	155	21	47
174	155	20	48
173	156	20	45
174	155	19	46
173	155	19	44
172	155	20	46
172	154	19	46
170	154	20	47
170	155	20	45
170	156	20	45
168	155	21	46
168	155	21	45
167	154	21	47
167	154	21	46
166	153	21	47
165	152	21	47
165	152	21	47
164	153	21	46
164	155	20	46
162	154	21	46
161	154	20	45
162	154	19	46
160	153	19	46
159	153	19	47
159	152	20	47
158	152	20	47
157	152	21	46
156	154	21	43
154	153	21	45
154	152	21	45
153	151	21	46
152	151	22	47
152	151	21	46
151	150	21	46
149	150	21	46
149	150	21	46
147	151	21	45
148	152	20	45
147	151	20	45
145	150	19	45
145	150	20	44
144	149	20	46
142	150	21	45
141	148	21	46
140	151	21	45
