461	306	142	60
462	304	142	62
464	304	140	62
466	305	140	62
467	304	140	62
470	304	139	61
471	304	138	61
474	304	136	62
474	304	136	61
477	304	133	62
479	304	131	61
480	304	130	61
482	304	128	61
484	303	126	62
485	304	125	62
487	304	123	62
487	304	123	61
490	304	120	62
490	304	120	61
491	304	119	61
492	304	118	62
493	304	117	62
493	304	117	61
492	303	118	62
493	304	117	61
493	303	117	61
493	304	117	61
493	304	117	62
494	304	116	62
494	303	116	62
493	304	117	61
493	304	117	61
494	304	116	62
493	303	117	62
494	303	116	61
493	304	117	61
493	304	117	61
493	304	117	61
494	304	116	61
493	304	117	62
493	304	117	62
493	303	117	62
493	303	117	62
494	303	116	62
493	304	117	61
493	304	117	62
493	304	117	62
493	304	117	62
493	304	117	62
493	303	117	61
493	303	117	62
493	304	117	61
493	303	117	62
492	303	118	61
492	304	118	61
493	304	117	62
492	304	118	62
492	304	118	61
492	303	118	62
492	304	118	61
491	303	119	61
491	304	119	61
491	303	119	62
490	304	120	61
491	304	119	61
490	304	120	61
489	303	121	62
490	304	120	61
488	304	122	61
489	304	121	61
489	303	121	61
489	304	121	61
487	304	123	61
487	304	123	61
487	304	123	61
486	303	124	61
486	304	124	61
485	303	125	61
485	304	125	61
484	304	126	61
484	303	126	61
483	304	127	61
482	304	128	61
481	304	129	61
480	303	130	60
479	304	130	61
479	304	130	61
477	304	132	61
476	304	133	61
476	304	133	61
475	304	134	61
473	304	136	60
473	304	136	61
473	304	136	60
471	304	138	61
470	304	140	61
469	304	140	60
468	304	141	60
468	304	141	61
467	304	141	61
466	303	142	60
465	305	142	61
463	304	143	60
462	304	144	61
462	304	144	61
460	304	145	61
460	304	144	61
458	304	145	60
458	304	145	60
456	304	145	61
455	303	145	60
454	304	146	60
453	304	146	60
452	304	145	60
451	304	146	60
450	304	145	60
448	305	146	60
446	305	147	60
445	304	148	60
444	304	146	60
443	305	147	59
441	305	148	59
441	304	147	59
440	305	147	60
438	304	148	60
437	304	148	60
436	304	148	60
436	304	148	60
434	304	147	60
434	305	147	60
433	305	148	59
432	305	147	59
430	304	147	59
431	305	147	59
430	305	147	59
430	305	144	59
428	305	145	59
429	304	143	59
428	305	145	59
427	305	144	59
427	304	144	59
426	304	144	59
427	304	142	59
426	304	142	59
426	304	142	59
426	305	142	60
424	304	142	59
425	304	141	59
423	304	141	59
422	304	141	59
422	304	142	59
423	304	140	59
421	305	141	59
421	305	139	59
422	305	139	59
420	304	140	59
421	305	138	59
419	304	139	59
420	305	138	59
419	305	139	58
418	305	137	58
417	304	139	59
419	304	137	58
418	305	138	58
414	305	139	58
418	304	136	58
416	304	138	58
415	304	138	59
416	305	136	58
414	305	138	58
418	304	136	59
411	304	139	58
416	305	136	58
412	305	140	59
413	304	138	59
414	305	137	58
412	305	137	58
414	304	136	59
411	305	138	58
414	305	134	59
410	304	137	58
411	305	137	58
411	305	137	58
410	305	137	58
409	304	137	58
408	304	139	59
407	305	139	58
407	306	140	58
410	305	136	58
407	305	139	58
407	305	139	58
409	305	138	58
408	305	138	58
410	305	137	58
409	305	137	58
407	305	139	58
407	305	139	58
410	304	137	58
408	305	137	58
407	305	139	58
407	305	139	58
410	305	136	58
407	305	138	58
405	305	140	58
409	305	136	58
409	305	137	58
409	306	138	58
407	306	139	58
409	305	138	58
407	305	138	58
404	305	142	59
410	305	136	59
407	305	139	58
407	305	140	58
407	304	140	59
408	305	139	58
409	305	139	58
408	305	140	58
409	305	140	59
408	305	140	58
409	305	139	58
409	305	140	58
412	305	137	58
414	304	136	59
414	305	135	58
414	304	136	58
418	305	132	58
415	305	137	58
416	305	136	58
416	304	137	58
419	304	135	58
418	305	135	58
420	305	134	58
418	305	135	58
418	305	136	58
417	304	139	58
419	304	138	58
421	304	136	58
422	305	135	58
421	305	137	58
423	305	136	58
423	304	137	58
424	304	137	59
425	304	137	58
425	304	138	59
425	304	139	59
425	304	141	60
426	304	140	59
428	303	141	60
430	304	141	59
432	304	139	60
432	304	142	59
433	304	141	60
435	304	141	60
437	303	142	60
438	303	142	59
439	303	143	60
439	303	143	60
443	302	143	60
445	302	142	60
448	302	141	60
450	302	141	60
455	302	140	60
454	302	140	60
458	301	139	60
461	300	138	60
463	301	136	60
466	301	136	60
467	301	135	59
472	300	132	60
473	300	133	60
476	300	131	60
481	298	127	60
482	299	126	60
485	298	124	60
487	299	122	60
491	298	118	60
493	298	117	60
494	298	115	60
496	298	113	60
499	297	110	60
502	296	108	61
504	296	105	61
505	297	105	60
510	296	100	61
511	295	98	61
512	295	96	60
514	294	95	61
519	294	91	60
519	293	90	61
523	293	87	61
524	292	86	61
526	292	84	61
529	293	81	60
531	291	79	60
533	292	77	60
533	291	76	60
534	291	75	60
538	292	72	59
538	290	72	59
541	291	69	59
540	290	69	59
542	289	67	59
543	288	66	59
544	289	65	59
546	288	64	58
547	288	62	58
548	287	62	58
548	288	61	57
549	287	60	57
549	287	61	57
550	287	60	57
551	287	59	56
551	287	58	56
551	286	58	56
552	286	57	56
552	286	57	55
553	285	56	55
552	285	57	56
553	284	56	54
553	284	56	54
554	284	55	55
554	284	55	55
554	283	55	55
554	282	55	54
555	282	55	54
555	281	55	54
555	281	54	54
555	281	54	54
554	281	55	53
555	280	55	54
555	280	55	54
554	280	56	53
555	279	55	53
554	278	56	54
554	277	56	54
554	278	56	53
554	277	55	53
554	277	55	53
554	277	56	52
553	276	56	52
553	276	56	52
553	276	56	51
552	275	57	51
553	274	56	52
553	274	57	51
553	274	56	51
554	273	56	51
552	272	58	52
553	273	57	50
553	274	57	49
551	273	58	49
551	272	58	49
550	272	58	49
550	271	59	49
549	271	59	49
548	271	60	48
547	270	60	48
548	270	59	48
548	269	60	49
546	270	60	48
546	269	61	48
546	269	60	48
544	268	61	48
543	268	61	48
544	267	60	48
542	267	60	47
541	268	62	46
540	266	62	47
540	266	61	47
538	267	61	46
538	266	61	46
536	265	61	46
536	265	60	46
535	265	61	46
534	264	62	47
532	264	61	46
532	264	60	46
531	263	61	45
530	263	60	44
529	263	60	44
528	263	60	44
526	261	60	46
527	262	59	45
526	260	58	44
526	261	56	43
526	261	56	43
526	260	55	43
524	259	54	44
524	261	54	42
526	260	53	43
523	260	53	43
523	257	52	44
523	258	51	43
520	257	53	44
515	259	55	42
512	257	57	40
511	258	59	41
508	257	59	40
505	256	61	41
505	257	59	41
504	257	60	42
502	257	59	41
502	258	57	41
500	257	58	42
499	255	58	42
498	256	58	38
496	255	58	39
496	255	57	38
494	255	57	38
493	255	58	38
492	253	58	39
491	254	58	38
489	253	56	39
490	253	56	39
488	252	56	39
483	249	55	39
479	251	54	37
478	249	56	38
476	249	55	38
477	248	55	39
475	248	55	38
476	248	55	39
474	248	54	38
473	247	55	37
472	247	54	38
471	245	53	39
470	245	54	39
469	246	53	38
467	245	54	38
467	245	53	38
466	244	53	38
465	244	53	38
465	243	52	39
465	243	52	39
463	243	52	39
464	242	51	38
462	243	52	38
461	241	51	38
460	242	51	37
460	242	51	37
458	242	51	37
458	242	51	37
458	241	50	37
458	241	50	37
458	242	49	36
456	241	50	36
455	240	51	36
455	240	49	36
455	240	48	36
454	240	48	36
454	240	48	36
453	239	48	36
453	239	48	36
451	240	48	35
452	238	47	37
451	238	47	36
450	238	47	36
449	238	46	37
451	238	46	36
449	237	46	37
448	238	46	36
446	236	47	37
447	237	46	36
444	236	47	37
444	237	46	36
445	237	46	36
443	236	46	35
443	236	45	35
442	235	46	36
442	235	45	36
442	236	45	35
442	236	44	35
441	235	44	35
440	236	44	34
439	236	45	34
439	236	44	34
437	235	44	34
436	236	44	34
433	236	45	34
432	236	45	34
431	235	46	34
429	236	48	34
427	235	49	35
428	235	47	35
428	235	46	34
428	234	46	35
427	234	46	35
426	234	46	35
426	234	46	35
427	235	46	35
426	233	46	35
425	234	45	35
425	233	45	36
426	233	44	36
423	233	45	36
423	232	45	37
422	232	46	36
420	232	47	37
405	235	59	37
407	231	57	40
406	232	57	38
405	231	57	38
408	232	54	38
404	232	58	39
404	230	55	41
407	232	52	42
407	232	53	42
405	235	52	42
408	235	52	44
409	234	51	45
409	234	52	45
410	234	52	45
410	233	53	46
411	233	54	46
413	235	54	44
410	236	55	45
412	238	55	43
414	239	55	42
410	238	58	43
414	239	58	43
410	237	61	43
410	238	63	42
409	232	65	48
408	233	66	47
406	225	54	42
407	224	53	41
407	221	50	44
407	224	46	42
405	225	44	38
407	226	42	35
404	227	41	34
405	228	42	34
404	224	42	37
405	226	45	36
404	226	44	35
404	228	44	33
405	225	45	35
403	226	43	35
402	227	45	33
402	227	44	33
401	227	44	32
401	227	43	31
400	226	43	32
399	227	41	31
399	226	42	31
398	227	41	31
398	227	40	31
398	227	39	31
397	226	39	31
397	227	39	30
397	226	39	31
397	227	39	30
396	226	39	30
397	226	39	31
396	226	39	30
395	225	39	31
394	226	39	30
394	225	39	31
394	225	39	30
393	225	40	30
393	225	40	30
393	225	39	30
392	226	40	29
391	225	40	29
389	225	41	30
387	226	43	30
390	224	41	30
388	224	41	29
389	224	40	30
390	224	39	30
387	223	41	30
389	222	39	31
386	221	41	32
387	220	41	32
388	220	38	32
385	221	39	31
385	221	37	31
383	218	40	32
382	221	39	32
381	218	40	31
381	219	41	31
381	218	42	31
382	218	40	32
379	219	41	31
379	220	41	31
379	220	41	31
379	219	41	31
379	218	41	31
379	218	41	31
378	218	42	32
379	219	41	31
379	219	39	31
378	219	39	30
379	218	39	31
376	218	39	30
375	218	39	30
375	218	40	30
374	217	39	30
