334	19	19	24
335	17	17	28
334	19	17	27
335	18	17	28
334	17	17	28
334	17	17	28
335	19	17	27
335	19	17	28
334	18	18	29
334	17	17	28
334	19	17	28
333	18	18	29
334	18	17	28
333	19	18	28
334	20	17	28
333	18	18	29
333	19	17	28
333	19	17	28
334	20	17	28
334	20	17	28
334	19	18	28
334	20	17	28
334	20	18	28
334	20	18	29
334	19	18	29
333	20	18	28
334	21	17	28
333	20	18	29
334	19	17	29
334	22	17	28
335	21	17	29
334	20	18	29
333	20	18	29
335	20	17	29
334	20	18	29
334	20	18	29
334	20	17	29
334	21	17	29
333	21	18	30
334	21	17	30
334	21	18	29
334	21	17	29
334	21	17	30
334	21	17	29
335	21	17	28
335	21	17	30
334	21	17	29
334	21	17	29
334	22	17	30
335	22	17	29
335	21	17	29
335	23	17	29
334	22	17	30
335	22	17	28
335	22	17	29
335	22	18	31
335	23	17	29
335	21	18	30
335	22	18	30
336	22	17	30
336	22	18	29
335	24	18	29
335	24	18	29
336	23	17	29
336	23	17	29
335	24	17	30
336	24	17	28
336	24	17	29
336	23	17	29
337	24	17	30
336	24	17	29
336	24	17	29
337	23	16	30
336	25	18	30
336	25	17	29
337	24	17	29
337	25	17	28
337	24	17	29
337	25	17	30
338	25	17	30
338	26	17	30
337	27	18	29
339	25	17	31
338	28	18	29
338	28	17	29
338	28	17	29
339	27	17	29
338	28	17	29
339	28	17	29
339	29	17	29
338	28	18	30
338	28	18	31
339	29	17	29
338	30	18	29
339	30	17	29
340	28	17	31
339	29	18	30
340	29	17	29
339	29	17	29
340	28	18	32
340	29	18	31
339	29	18	30
339	29	18	29
340	29	17	30
340	29	17	30
339	31	18	30
340	29	18	31
340	29	18	31
340	30	18	30
340	30	18	30
340	31	18	30
340	30	18	30
340	30	18	30
340	30	18	31
341	29	18	31
340	31	18	31
341	30	18	31
341	31	18	31
340	32	18	29
341	31	18	30
341	31	18	30
342	32	18	31
342	32	18	31
342	31	18	30
342	31	18	31
342	32	18	30
342	32	18	30
341	31	18	31
341	32	18	31
342	32	18	31
342	32	18	31
342	32	18	32
341	33	19	30
341	32	18	29
341	31	18	31
342	32	18	31
342	32	18	32
342	33	18	30
342	33	18	31
342	33	18	31
343	32	18	30
343	33	18	31
343	33	18	30
343	32	18	32
343	32	18	29
343	33	18	30
343	34	18	29
344	33	17	30
343	34	17	29
343	33	18	29
343	34	17	30
343	34	17	29
343	34	17	29
342	33	18	30
343	34	17	30
343	35	18	30
344	33	18	31
344	33	18	30
343	35	18	29
343	35	17	30
344	34	18	30
343	35	18	30
343	34	18	31
344	35	18	29
344	35	18	30
343	36	18	29
343	35	18	30
343	34	18	30
344	36	18	31
344	35	18	31
343	35	18	29
343	35	19	30
343	37	18	28
343	36	19	32
343	38	18	30
343	38	18	31
343	35	18	31
344	35	18	30
344	36	18	30
344	37	18	28
344	36	18	29
344	37	18	28
344	37	18	30
344	37	19	29
344	36	19	30
344	36	18	29
344	37	18	29
344	37	19	29
344	37	19	29
344	38	19	28
344	38	18	28
344	38	19	27
345	38	18	27
345	38	19	26
345	39	18	27
345	39	18	27
346	39	18	27
346	40	18	25
346	40	18	26
346	40	18	25
346	39	18	27
345	38	18	28
346	38	18	29
346	39	18	26
346	40	18	27
347	39	18	26
347	39	17	26
346	39	18	26
346	39	17	26
347	38	18	26
346	38	18	26
346	39	18	26
346	40	18	25
348	40	17	25
348	40	17	25
347	40	17	24
348	40	17	25
348	40	17	26
347	39	18	25
347	40	17	25
347	40	17	25
348	41	17	25
347	40	17	26
347	40	17	24
347	40	17	24
347	42	17	23
348	42	17	23
348	42	17	24
347	43	17	22
348	40	17	24
347	43	17	22
347	41	17	24
347	41	17	23
347	41	17	24
347	41	17	23
348	44	17	22
347	43	17	23
347	42	17	23
347	42	17	22
347	44	17	22
346	43	17	22
347	44	17	22
347	43	17	22
347	43	16	22
347	44	17	21
347	44	17	20
348	44	17	22
347	44	17	22
348	45	16	21
348	44	17	21
348	44	17	21
348	46	16	21
348	46	17	21
348	44	17	21
348	46	17	20
348	47	17	20
348	46	17	20
348	46	17	20
348	45	18	21
349	44	17	22
349	45	17	21
350	45	17	22
350	46	17	21
350	45	17	22
350	46	17	21
350	47	17	21
351	46	17	21
350	47	17	22
350	46	18	23
351	46	18	24
351	46	17	24
351	46	17	24
351	46	18	23
351	46	18	22
352	47	18	22
351	47	17	24
351	47	18	24
352	47	18	23
352	47	18	26
352	48	18	25
352	48	18	26
354	49	17	26
353	47	18	27
354	47	18	28
353	47	19	30
354	50	20	29
351	48	19	32
367	39	28	30
355	52	42	30
354	51	42	31
354	53	43	30
353	52	44	31
351	52	44	30
350	51	44	30
350	51	43	30
350	52	43	30
346	48	42	31
345	48	41	31
343	47	41	31
342	47	41	31
342	47	40	31
341	46	41	32
341	46	40	31
340	46	40	31
337	46	39	30
335	45	40	31
335	47	38	29
337	45	37	29
334	44	40	30
335	46	38	30
333	45	38	29
334	44	37	30
330	44	40	29
330	43	39	30
329	43	39	31
292	52	19	29
292	53	19	30
293	54	19	31
291	52	21	32
291	51	22	30
290	49	24	31
299	53	17	31
291	55	18	29
302	54	16	30
291	54	18	29
292	56	18	30
293	54	15	28
292	55	16	28
293	55	17	29
292	55	17	29
293	56	16	28
293	55	15	27
293	55	15	28
294	56	15	26
295	59	16	26
294	56	16	26
295	55	18	28
300	55	20	30
299	55	18	30
300	55	17	28
303	54	16	29
304	55	18	32
303	54	18	33
325	81	14	32
325	98	14	28
325	97	13	22
324	94	15	23
322	92	16	24
320	90	17	29
294	81	19	33
293	78	20	31
289	77	22	35
258	52	15	26
250	55	28	29
234	91	21	31
235	95	21	29
234	95	20	32
235	97	21	31
235	96	20	30
235	95	20	29
237	97	19	27
234	94	20	27
234	95	20	25
234	97	20	26
236	97	20	26
234	97	21	28
233	95	21	34
233	92	23	31
235	96	22	28
233	93	22	30
235	95	21	30
234	93	21	31
234	95	21	27
234	96	21	27
235	96	21	27
233	95	21	27
235	95	20	28
233	97	22	27
234	97	22	30
234	94	20	30
235	95	20	28
233	93	20	29
234	94	21	28
235	94	21	32
235	94	21	32
232	94	22	32
234	93	22	30
235	93	20	31
236	92	19	31
234	95	21	29
234	94	20	31
236	95	20	28
233	94	20	29
233	94	22	30
235	94	21	31
234	92	20	28
235	92	19	29
235	87	18	29
233	86	22	30
234	75	20	32
234	70	20	30
257	68	17	24
258	67	15	23
258	60	17	19
257	59	17	20
259	55	16	18
258	56	16	16
258	56	17	16
258	56	17	16
257	54	17	17
258	55	16	16
259	54	15	17
257	48	16	15
257	43	16	15
257	39	16	17
236	28	15	24
236	21	16	26
235	16	17	28
235	13	16	27
235	8	17	27
232	2	18	26
257	1	16	18
233	0	18	17
232	0	21	13
237	14	18	27
236	26	24	22
235	37	22	29
246	50	20	33
245	51	24	37
244	52	25	41
244	43	25	43
248	38	23	29
249	40	21	32
248	43	20	32
247	52	20	35
245	47	22	40
244	48	25	39
247	38	23	33
247	39	22	28
245	53	21	34
244	38	23	27
247	40	19	31
248	41	18	32
244	39	20	30
246	42	19	31
245	42	19	27
248	42	19	29
247	44	18	32
247	44	20	36
248	44	20	39
247	45	21	41
246	49	22	40
246	45	22	39
245	48	22	40
246	50	21	38
246	52	22	38
246	47	20	37
247	47	21	38
245	50	23	39
247	46	20	36
247	44	21	39
246	49	21	39
247	47	21	34
245	42	22	36
246	52	22	35
248	53	20	34
248	55	19	34
246	49	21	37
246	52	22	37
245	53	22	36
246	48	22	35
246	48	21	36
247	47	20	37
246	47	21	37
244	48	22	38
243	47	24	43
237	47	26	37
225	42	27	39
215	45	25	45
206	47	26	38
198	41	24	41
192	39	26	41
185	46	24	41
179	33	25	49
173	38	26	50
166	38	27	40
155	42	26	40
145	45	24	43
140	47	25	37
133	49	24	37
123	47	25	39
113	47	25	37
105	51	24	37
102	51	26	37
96	44	27	42
91	50	23	37
93	51	21	35
93	46	21	32
98	48	20	33
107	36	25	32
116	38	25	30
128	32	18	33
129	34	18	33
130	33	19	31
132	32	19	32
134	32	20	34
133	36	21	32
136	38	20	31
135	37	19	31
138	38	19	32
140	32	17	31
148	42	22	29
152	31	23	36
117	48	25	43
119	45	26	42
126	48	24	49
132	44	25	53
137	45	25	49
142	39	27	42
147	46	27	44
156	37	23	44
160	37	26	37
165	43	23	41
169	44	23	43
175	35	25	45
183	39	24	39
191	32	23	42
195	46	24	42
199	36	24	44
203	37	26	43
212	38	23	47
216	35	25	43
220	40	24	38
225	37	23	46
231	44	25	44
239	46	23	42
243	46	23	43
250	45	23	41
255	39	23	38
260	44	23	41
267	38	23	42
273	40	22	40
278	40	23	42
284	41	23	40
290	41	23	41
292	39	24	38
294	42	20	38
296	44	19	36
296	41	18	34
291	33	20	29
293	37	19	34
293	37	20	37
293	36	19	37
294	38	19	37
295	36	18	32
292	35	18	28
293	35	17	29
295	37	17	32
296	39	17	32
297	40	17	32
295	38	17	29
293	36	17	31
294	37	17	33
295	41	19	34
294	39	19	34
295	38	18	29
295	39	17	32
291	38	19	29
291	34	19	33
296	45	19	40
293	45	19	37
294	34	19	32
286	34	20	32
287	35	18	29
287	35	19	31
287	40	18	30
288	40	20	30
289	41	19	33
292	43	19	36
292	41	20	30
293	43	20	32
286	40	19	32
292	51	21	28
293	51	20	36
286	48	22	32
295	61	22	40
292	52	24	30
291	56	21	33
291	51	19	32
295	62	19	35
294	55	21	35
286	53	21	33
290	65	21	30
288	61	22	31
292	64	20	29
289	57	21	31
291	61	19	30
292	62	19	30
293	64	19	30
289	61	19	31
288	64	22	28
290	67	23	31
290	69	24	33
294	73	22	31
296	86	21	37
295	87	21	35
297	79	22	40
296	81	23	39
296	82	24	41
295	82	23	41
296	83	22	39
284	51	22	29
286	49	20	33
322	49	14	28
322	51	15	27
344	46	13	26
344	44	14	24
343	46	13	23
344	45	14	26
344	47	15	26
344	46	13	26
355	48	14	28
344	46	13	27
345	45	14	27
345	47	14	28
345	48	14	30
316	50	15	26
298	62	16	26
299	62	15	25
315	51	14	26
315	50	14	26
302	62	16	23
301	61	18	24
302	62	16	23
305	64	16	24
306	64	15	23
306	65	13	23
291	59	20	27
295	51	22	31
289	51	23	34
306	62	19	26
307	63	17	26
308	68	18	30
309	68	18	31
307	69	20	32
308	71	20	32
304	66	23	32
308	73	21	33
304	66	24	34
296	66	24	38
296	66	25	37
306	62	27	31
306	64	27	32
299	67	24	31
299	66	22	35
298	67	20	35
302	66	26	36
298	66	22	36
298	67	22	37
