377	168	20	58
374	167	20	60
372	167	21	60
370	167	21	61
369	167	22	61
367	167	22	61
365	167	21	61
363	168	22	59
361	165	23	61
359	166	24	59
358	167	23	56
357	169	24	56
333	169	27	61
335	168	29	62
334	170	28	58
330	168	25	61
332	170	27	60
342	170	25	57
321	167	26	64
318	165	27	65
319	168	27	62
317	165	27	65
315	168	26	61
314	169	25	62
312	169	25	62
311	170	24	61
310	169	23	61
309	170	24	63
307	169	22	62
306	169	23	62
305	170	23	61
303	169	24	61
302	169	25	61
299	167	28	64
299	167	24	62
321	166	24	62
318	167	24	62
315	166	24	63
293	167	27	65
291	170	26	63
313	171	20	58
310	169	21	61
311	170	21	61
308	170	22	60
308	169	22	60
308	168	22	61
305	169	22	59
303	169	21	59
301	169	21	60
299	170	21	58
299	172	21	57
297	172	22	58
296	173	21	57
293	171	21	59
292	172	21	58
290	172	22	59
288	177	23	57
289	180	22	56
265	232	21	46
266	237	22	67
268	236	24	75
269	237	25	77
271	236	26	75
274	237	24	76
277	236	24	78
279	236	24	76
281	236	23	73
283	237	24	75
286	236	24	79
287	235	26	80
288	235	26	79
291	236	28	77
292	236	28	80
296	236	27	80
297	236	27	80
300	236	26	80
301	236	26	78
305	233	25	82
306	235	25	82
308	234	25	81
308	235	25	82
311	234	25	82
313	235	25	81
316	235	25	81
318	236	27	82
318	237	28	81
321	236	27	79
325	237	25	75
329	236	24	73
331	235	25	81
333	233	24	82
334	232	26	83
322	236	30	83
322	240	31	81
326	240	31	79
330	239	32	78
333	240	34	76
338	236	33	81
340	231	31	75
339	231	31	81
343	231	33	88
357	229	29	83
361	233	25	85
361	234	26	84
363	234	26	82
364	234	27	78
369	232	26	79
373	233	25	80
376	234	26	78
380	236	26	78
381	235	27	79
381	235	28	82
385	235	28	82
385	235	28	83
390	234	25	76
393	235	25	80
393	234	25	81
397	234	25	72
398	234	25	79
401	236	30	76
401	239	31	75
405	239	32	79
402	240	33	79
407	240	34	78
408	239	30	80
410	239	31	79
413	237	31	81
408	240	32	79
412	238	33	81
420	234	31	85
418	243	32	78
421	244	34	75
424	242	33	77
432	244	34	75
423	245	35	75
428	246	37	74
441	244	31	75
439	243	33	78
442	240	32	79
442	240	34	79
447	237	32	82
452	236	32	83
457	236	32	83
455	235	37	84
462	235	38	82
462	236	38	82
469	235	33	82
471	234	32	84
473	232	31	86
474	232	31	86
475	232	30	87
477	233	30	88
477	236	33	85
479	236	34	84
483	234	33	85
483	236	35	84
490	234	32	85
493	234	32	85
496	232	31	80
501	231	28	76
503	232	28	80
502	231	30	88
500	232	33	88
501	233	34	87
505	231	38	88
505	229	40	89
508	233	40	86
516	232	38	86
521	231	39	87
524	231	42	86
528	231	39	87
531	233	35	86
532	234	36	84
531	235	38	84
534	230	39	89
536	230	40	90
538	231	40	88
541	232	40	87
549	230	39	88
553	232	37	88
555	232	41	87
557	232	39	86
559	233	39	85
562	233	37	85
564	233	38	84
565	234	39	84
563	233	43	85
565	233	43	85
569	231	40	87
573	231	38	86
582	230	31	88
583	227	30	92
585	225	29	94
589	222	26	96
590	218	25	99
588	218	27	98
591	221	24	96
592	216	23	101
592	216	23	100
586	213	29	69
586	203	29	70
566	156	38	72
546	168	42	69
516	170	36	74
513	175	34	77
479	162	40	72
460	163	50	77
417	157	55	82
400	157	48	75
401	162	45	72
404	162	45	72
396	162	41	67
397	159	43	73
401	160	41	74
402	165	41	70
404	163	41	69
404	165	40	73
400	163	43	67
402	162	39	68
406	164	41	70
401	162	41	68
405	163	40	69
