353	123	23	72
353	123	26	70
356	123	27	71
359	122	27	71
364	123	27	70
367	121	27	71
370	121	27	71
374	122	28	70
378	122	27	70
382	121	27	70
388	122	26	67
391	121	27	70
395	121	27	70
400	120	28	70
403	120	28	70
407	120	28	69
411	120	28	71
414	120	27	69
418	119	29	70
423	119	28	70
428	119	27	70
431	120	28	71
436	118	28	72
440	120	27	71
444	118	28	71
447	118	30	71
452	118	29	71
457	119	28	69
459	119	28	71
463	117	29	71
469	118	29	71
472	117	29	71
474	117	29	71
478	118	30	71
481	117	29	72
486	117	28	70
485	115	30	71
469	117	30	67
463	117	30	71
449	115	29	72
443	117	31	71
429	116	30	72
422	115	31	71
415	115	31	72
405	117	30	72
393	117	29	73
385	116	30	74
373	115	29	71
365	116	30	72
360	117	30	71
349	117	29	71
341	117	30	70
329	117	28	70
321	117	30	71
309	119	30	71
303	119	30	70
296	120	31	70
288	121	29	70
279	119	30	71
270	118	29	73
261	117	29	71
253	119	29	71
244	121	30	71
234	117	30	72
222	119	30	72
218	118	29	71
222	118	31	70
227	119	29	72
231	118	28	71
235	117	28	71
241	118	30	71
244	116	28	73
249	116	30	72
251	115	30	72
259	116	27	73
262	116	27	74
268	113	31	78
274	112	32	84
279	115	27	75
281	120	26	69
287	116	27	72
291	114	26	74
288	114	28	73
281	112	31	75
270	115	30	73
261	117	31	74
252	116	29	72
244	116	31	72
233	116	29	73
221	116	29	73
215	117	31	71
204	119	30	71
210	117	30	73
213	114	34	78
218	115	30	74
224	110	29	78
228	114	29	73
235	111	29	77
241	115	31	73
245	110	32	78
250	112	32	75
257	115	30	75
263	114	29	74
269	112	30	75
274	111	29	76
279	112	30	75
286	113	29	74
293	114	29	71
302	111	29	76
309	108	29	79
317	107	29	81
323	109	28	77
331	109	29	76
336	111	28	74
342	109	30	75
347	111	29	74
352	108	31	76
363	109	29	76
370	108	30	77
375	106	31	79
384	100	31	85
388	95	34	93
393	102	35	89
400	104	32	79
412	105	30	76
414	106	31	78
421	108	31	76
431	108	29	76
436	104	30	78
433	104	31	68
423	106	31	70
419	102	34	73
411	103	34	76
405	107	36	73
395	104	33	77
384	110	33	71
372	115	33	70
384	127	41	67
358	121	39	76
374	121	44	71
372	102	40	75
362	127	44	72
345	120	39	75
319	116	36	73
316	111	34	78
318	107	36	77
324	118	34	75
314	113	33	80
327	104	36	76
314	111	37	77
313	109	34	75
345	118	32	75
319	116	35	72
338	123	32	73
336	117	32	77
319	103	36	83
315	105	38	81
285	136	41	65
277	114	38	86
261	110	34	82
265	112	43	82
244	102	39	88
255	112	40	82
248	101	37	96
236	98	38	91
226	104	50	85
226	107	46	85
276	116	48	82
272	104	40	107
272	104	43	106
272	107	43	90
273	115	39	83
275	115	36	80
255	102	38	77
238	113	37	76
227	119	39	79
228	114	39	84
232	112	38	79
231	119	34	85
229	117	34	80
216	130	32	76
211	121	36	82
190	117	37	80
171	126	39	85
162	121	40	84
161	115	36	95
160	124	42	96
148	72	42	96
148	92	46	86
131	85	45	92
123	110	45	111
103	112	45	99
106	121	44	104
101	103	43	98
98	118	44	99
77	109	48	117
64	91	49	106
51	105	48	107
48	91	45	92
35	108	49	114
19	90	52	106
27	107	45	98
19	102	49	107
15	111	47	113
0	100	47	119
0	88	42	120
0	90	40	115
1	92	39	104
0	88	34	100
0	86	30	90
0	71	30	98
1	87	31	93
2	93	30	91
1	90	29	98
3	87	31	90
0	86	32	91
1	90	30	91
0	85	32	85
10	97	33	75
3	116	31	85
0	105	34	79
3	123	34	83
0	114	34	99
0	72	30	101
2	98	32	88
