468	182	28	60
467	181	27	59
468	182	27	60
467	181	28	60
468	182	27	61
467	182	28	61
467	182	27	61
466	182	28	61
466	183	28	61
467	183	27	61
466	184	28	61
465	184	28	62
465	184	27	61
465	185	28	62
464	186	28	62
465	186	28	61
464	186	29	62
464	186	28	62
463	187	28	62
464	188	28	62
463	187	28	62
462	188	28	62
461	188	29	63
462	189	27	63
461	189	28	63
460	189	27	64
460	190	28	63
460	190	27	63
460	190	27	62
460	191	26	61
458	192	27	59
458	192	27	57
458	192	26	58
458	192	26	57
457	193	26	57
457	193	26	55
456	194	27	57
455	194	27	57
454	194	28	58
453	194	28	60
452	195	30	60
453	195	29	63
451	195	29	65
452	196	29	65
451	197	29	65
449	196	30	65
449	197	29	65
449	197	29	66
448	196	30	68
447	197	30	66
447	198	30	67
446	198	30	67
446	199	30	67
445	200	30	67
445	201	31	67
444	202	30	66
444	202	30	66
443	202	30	67
442	203	30	67
443	203	30	67
442	204	31	66
441	202	31	67
440	203	31	68
439	204	31	68
438	204	32	69
439	204	32	69
438	205	32	69
437	203	32	70
435	203	33	71
436	205	32	69
434	203	34	72
432	205	34	71
435	206	32	70
431	205	35	72
432	205	34	72
430	207	34	72
431	206	33	72
430	208	33	73
429	207	34	73
430	208	33	74
429	209	34	72
430	211	32	72
429	212	33	71
428	211	33	72
428	211	31	73
427	214	32	71
427	213	32	72
426	214	32	71
425	216	33	71
425	216	32	70
424	216	32	71
423	217	33	72
422	218	35	72
420	216	34	73
418	217	36	73
418	218	35	72
418	218	34	73
418	220	34	72
417	219	35	74
416	220	36	74
415	220	35	74
413	221	35	74
412	222	37	74
411	221	36	76
410	221	36	76
407	222	39	77
406	222	38	76
405	223	37	78
404	223	38	78
402	221	40	81
402	222	39	79
402	223	37	79
401	226	37	78
399	225	39	80
397	223	39	82
396	226	39	81
396	226	39	82
395	226	39	82
393	227	39	82
393	226	39	83
391	229	39	81
387	229	41	82
384	231	43	81
384	233	41	79
383	234	42	80
381	234	42	80
380	235	42	81
379	235	42	81
378	234	41	82
377	236	41	82
377	237	40	82
376	237	39	82
375	238	39	82
373	238	39	82
371	238	40	83
370	239	40	83
369	241	40	83
368	241	40	82
366	243	39	83
364	244	40	83
363	243	40	84
360	245	40	83
357	247	42	83
355	251	42	80
354	246	41	86
353	248	40	85
351	254	41	81
345	251	44	87
345	251	43	88
342	250	44	89
342	251	43	89
339	255	43	88
337	260	42	84
334	257	43	88
333	257	42	89
330	259	45	89
329	258	44	90
327	259	45	89
325	259	46	90
323	261	46	91
323	261	47	91
321	262	46	91
320	262	45	91
319	263	44	90
318	264	44	91
317	264	45	91
315	266	45	91
314	266	45	91
311	266	44	92
307	268	48	92
305	268	49	93
305	270	46	93
303	270	46	93
299	271	50	94
299	272	47	93
296	273	50	92
297	275	47	90
293	276	50	92
293	277	47	92
291	277	49	94
289	277	49	94
288	277	48	95
287	281	48	92
284	280	48	93
282	281	49	93
281	281	49	95
277	284	50	94
276	286	49	94
286	285	52	95
330	291	56	92
374	288	55	95
377	287	55	96
371	290	53	95
373	286	48	99
366	287	54	99
364	287	51	98
362	292	53	96
360	291	51	97
358	293	51	98
354	292	53	99
352	299	53	94
350	291	53	101
348	294	53	101
344	298	53	98
340	298	55	99
338	303	54	94
333	297	58	103
332	299	55	104
332	300	54	103
327	302	57	102
324	302	57	103
324	302	56	104
318	303	57	104
316	303	59	106
313	305	57	104
311	306	56	106
309	305	56	107
307	307	55	107
303	307	56	107
301	309	56	108
298	310	58	108
294	311	57	109
292	312	59	109
288	315	59	108
285	318	59	107
282	320	60	105
280	319	59	108
275	322	61	107
272	323	60	107
270	324	60	107
265	324	60	109
263	327	61	108
260	327	59	108
257	328	59	110
253	329	62	110
248	329	63	112
248	329	60	114
243	329	62	115
240	281	61	122
237	254	59	115
232	240	63	116
230	245	62	112
224	240	64	117
223	244	63	117
215	244	66	117
213	247	66	116
208	249	67	115
205	252	68	116
200	253	70	114
196	252	68	118
194	252	68	121
190	253	67	122
184	255	69	123
180	255	71	125
176	258	70	124
175	258	69	125
170	260	69	125
168	261	68	126
162	263	69	125
160	263	70	128
152	266	72	127
144	269	74	126
147	269	69	129
136	271	73	127
135	271	74	131
130	273	72	130
127	275	74	131
119	275	75	133
116	275	76	135
110	276	77	136
108	280	76	134
101	284	78	133
100	295	77	125
93	294	77	126
85	295	81	129
82	298	80	128
75	297	82	131
71	297	82	132
62	300	86	132
60	300	84	134
54	302	83	135
55	302	80	137
