229	310	40	73
238	307	36	77
250	307	37	78
263	306	37	78
270	305	36	76
277	304	36	77
289	303	35	78
296	303	35	77
302	302	36	77
314	301	36	78
321	296	35	82
331	296	37	83
339	295	35	87
344	292	36	89
353	289	38	95
360	289	38	96
366	285	42	104
373	281	47	107
382	280	66	110
385	279	65	113
389	278	65	110
397	278	62	111
400	276	63	113
406	274	62	113
408	273	62	112
411	272	63	113
416	272	60	114
419	270	61	115
423	269	58	119
424	262	57	117
426	259	59	123
420	259	57	118
399	260	55	118
363	256	55	120
340	256	57	116
326	257	54	114
296	255	54	116
299	256	54	116
302	254	51	115
302	253	52	116
303	254	50	109
306	248	51	119
304	249	52	114
304	247	51	111
305	244	51	112
305	242	50	112
306	244	50	129
307	242	53	111
308	239	50	113
308	235	49	114
309	243	47	105
309	238	49	113
309	237	48	102
308	233	47	114
307	231	48	113
308	233	47	114
307	230	48	111
308	229	47	104
306	224	48	106
306	228	47	100
305	224	49	99
307	227	46	97
307	224	43	103
308	226	43	100
307	225	44	102
306	222	44	102
305	221	45	103
304	221	46	100
303	221	45	100
303	219	46	101
300	219	47	100
298	220	47	101
296	216	53	101
296	219	48	94
296	216	50	93
297	217	47	90
300	215	45	86
300	213	43	89
301	212	46	91
307	214	43	81
305	206	46	94
305	210	47	94
311	210	44	89
309	209	45	93
317	204	39	85
327	202	38	90
332	193	38	98
330	190	43	102
330	190	46	101
329	187	48	103
329	186	48	104
332	192	48	94
330	186	50	103
333	184	51	100
330	180	54	107
330	181	56	102
339	182	49	99
339	173	51	106
342	179	51	98
345	180	48	98
348	175	48	100
352	180	45	90
356	181	45	89
361	184	41	84
359	181	43	88
363	180	42	89
360	179	46	89
363	183	45	86
366	182	44	85
368	172	45	94
367	172	48	95
370	168	49	98
372	172	47	92
375	172	47	89
379	170	46	90
376	167	48	84
383	180	43	72
390	173	40	82
393	172	40	82
393	175	43	83
393	176	43	82
396	176	43	82
400	174	40	83
401	174	40	83
402	172	41	82
406	172	39	82
409	173	40	78
406	172	42	82
412	171	40	81
410	170	42	81
412	169	44	84
415	170	43	79
417	168	44	82
419	168	43	82
422	170	42	78
424	169	43	79
426	168	44	79
428	169	43	78
430	167	44	78
432	167	44	78
435	166	44	79
438	166	43	78
440	165	44	80
443	164	42	79
447	163	40	78
449	164	41	77
453	163	40	76
455	162	40	78
456	160	41	78
460	160	39	78
461	159	38	78
463	159	38	75
467	157	38	77
468	163	39	85
468	186	40	77
472	223	37	76
475	237	36	75
477	232	38	77
478	235	39	76
481	234	41	75
481	232	42	78
483	233	39	74
486	231	39	78
487	230	40	75
489	230	38	77
491	228	38	76
492	228	39	80
494	229	38	76
495	229	39	78
496	227	39	77
498	226	39	78
500	226	38	76
502	225	38	78
502	225	38	76
506	228	35	63
475	222	38	70
437	226	37	69
408	227	35	65
401	227	35	72
402	226	37	73
408	226	34	70
406	226	36	71
408	226	36	70
410	226	36	71
411	227	36	68
413	226	36	69
415	223	35	70
418	223	35	72
419	225	33	65
421	222	34	71
423	223	33	67
425	219	34	72
416	219	37	69
390	218	37	67
435	184	30	63
429	182	27	63
431	184	27	63
427	183	28	59
434	187	24	60
434	185	24	55
435	186	25	59
434	185	24	56
434	186	28	60
455	184	27	63
435	186	25	55
434	185	24	55
434	187	25	57
433	186	24	55
435	187	24	58
434	187	24	56
435	187	23	57
435	187	24	55
435	187	23	55
435	187	24	57
435	186	22	55
435	187	23	58
435	188	23	58
434	188	25	57
433	187	26	59
433	188	26	59
455	187	26	62
456	189	25	60
453	189	27	58
480	168	26	47
455	190	26	57
455	189	26	60
454	190	28	57
432	189	24	58
432	188	24	57
431	189	24	56
432	190	23	54
432	188	23	56
433	188	22	55
432	188	23	57
431	188	25	57
431	189	25	57
432	189	24	57
433	189	24	58
432	190	27	55
453	189	27	60
453	190	28	60
453	190	27	60
454	191	27	59
454	190	27	61
430	189	26	60
431	189	25	59
432	191	25	57
431	190	26	58
431	191	25	57
433	191	25	56
432	191	25	56
431	190	25	57
431	190	24	56
432	190	24	58
432	190	25	58
433	190	24	58
432	191	24	57
432	190	24	59
433	192	27	55
431	192	25	58
431	193	24	57
431	192	23	57
431	192	24	58
431	192	24	57
431	193	24	56
431	193	23	56
430	193	23	55
431	194	23	55
430	194	24	55
430	194	24	57
431	195	24	55
430	195	24	55
431	195	24	55
430	195	24	55
431	194	23	57
431	195	23	56
430	194	25	57
429	195	24	57
429	196	25	58
428	196	25	56
427	196	26	56
427	196	26	57
425	195	28	58
424	194	28	59
384	173	29	44
386	173	31	45
390	174	27	45
392	174	27	44
394	175	26	42
394	173	25	43
397	176	25	43
400	173	24	45
402	173	26	45
403	174	26	46
406	174	25	45
408	174	25	45
409	173	25	48
410	174	27	49
414	175	25	45
415	174	24	46
417	175	24	45
419	174	24	45
421	174	25	45
423	174	24	43
425	176	24	44
427	174	24	44
429	174	24	47
430	174	24	47
431	174	24	46
432	174	24	44
434	174	24	42
435	173	24	43
436	174	23	42
437	174	23	41
438	174	23	41
440	174	23	41
441	174	23	40
442	174	23	41
443	174	22	40
445	174	23	41
445	173	24	42
446	173	23	44
446	172	23	43
448	171	23	45
448	172	23	44
449	172	24	44
450	172	24	44
452	172	23	42
453	171	21	39
454	171	20	39
454	171	20	42
454	170	21	40
455	170	21	40
