440	55	16	44
439	54	18	45
438	54	19	44
440	55	19	45
440	56	18	43
441	56	18	43
443	57	18	44
443	56	19	45
444	56	19	45
444	57	18	43
445	57	19	44
446	57	19	45
447	57	19	45
447	58	18	43
448	58	19	45
448	59	19	45
449	58	19	46
450	60	19	44
450	59	19	44
451	60	19	43
451	60	19	44
452	60	19	44
452	61	19	43
451	60	20	45
451	60	20	46
451	62	20	48
452	61	20	46
453	62	20	45
452	62	20	44
454	63	20	44
453	64	19	43
452	63	20	45
453	62	20	48
454	65	20	46
454	63	21	50
452	62	22	49
452	61	22	51
452	62	22	50
452	62	22	52
452	62	23	54
452	63	23	56
452	63	24	56
452	63	25	57
452	64	23	56
452	64	24	52
452	68	22	50
453	68	21	49
452	70	22	48
452	70	22	49
452	70	21	50
451	71	22	51
452	70	20	49
453	70	20	49
451	71	20	48
451	72	20	50
451	72	20	51
451	72	21	52
450	73	21	53
451	73	21	53
451	73	21	53
450	74	21	52
450	74	21	52
450	75	22	55
449	76	22	52
448	74	22	55
447	76	23	54
447	75	23	53
446	77	23	52
446	77	23	53
446	78	23	53
445	79	23	53
445	79	23	55
444	78	23	57
443	79	24	58
443	79	23	58
442	80	24	59
443	80	23	57
442	82	24	55
442	82	23	55
442	82	23	59
440	83	24	59
440	83	24	57
439	84	24	58
438	84	23	59
438	84	23	58
437	86	23	57
436	87	23	57
437	86	24	60
435	87	25	61
435	87	24	60
434	87	25	63
435	88	24	60
434	90	25	60
434	90	24	59
434	90	24	61
433	91	25	61
434	91	25	62
434	92	25	62
433	91	24	62
433	91	25	64
434	93	24	59
432	93	25	58
434	94	24	62
433	94	25	63
433	95	25	64
433	95	26	65
433	95	26	65
433	96	26	65
434	97	26	64
434	98	25	62
434	98	25	59
434	100	25	58
433	99	25	59
434	100	26	57
434	102	26	58
434	102	26	55
434	103	26	56
434	103	26	57
434	104	25	58
434	104	26	59
434	105	26	61
434	105	26	58
435	106	26	55
434	106	27	59
434	107	27	58
435	109	27	56
436	109	28	57
435	110	27	58
435	110	27	58
435	111	28	61
435	113	28	66
434	114	27	67
434	113	28	68
434	114	28	71
433	115	29	72
433	115	29	73
432	115	29	75
432	115	30	76
431	116	30	75
431	117	30	76
431	117	30	78
431	118	30	77
430	120	31	76
431	121	30	76
431	122	31	75
430	122	30	76
430	123	31	76
430	124	30	74
429	126	30	72
430	126	30	71
428	127	30	76
428	127	31	78
427	127	31	79
426	127	32	80
426	128	32	81
425	129	32	82
424	130	32	81
424	131	33	81
423	133	33	82
422	134	33	82
421	135	33	82
420	135	33	84
419	137	33	83
419	137	33	84
418	138	33	84
417	139	34	84
415	140	33	85
413	141	33	85
413	142	33	84
410	142	34	86
408	143	34	87
407	145	34	86
406	146	35	88
403	147	35	88
402	148	35	90
400	149	35	90
399	151	35	88
397	152	35	91
394	153	36	91
394	153	36	91
391	155	36	92
390	156	35	92
388	157	36	91
385	158	37	93
383	159	37	94
382	159	38	95
379	162	38	94
377	163	38	96
376	163	38	96
373	165	39	98
373	166	39	97
369	168	39	98
367	168	40	99
367	169	39	99
365	170	39	100
362	172	40	102
362	172	40	101
358	176	40	101
354	177	41	102
353	179	40	101
350	179	41	101
346	182	41	103
344	181	41	105
343	184	41	105
342	183	40	107
336	186	43	107
335	187	41	108
330	190	43	109
329	192	42	108
322	193	47	109
319	193	48	111
314	195	47	112
313	197	45	111
308	199	47	110
304	203	46	111
299	204	48	111
297	204	48	112
290	206	47	114
285	208	49	114
280	208	50	117
276	211	50	117
272	212	51	118
265	214	52	119
261	216	52	120
254	216	52	122
250	217	53	124
247	219	53	125
240	223	53	125
235	226	55	125
227	228	55	127
222	229	56	128
214	233	57	127
208	235	59	129
197	238	63	129
194	240	60	130
187	241	61	132
183	243	61	133
177	245	63	133
169	248	62	135
164	251	62	136
159	251	62	138
149	253	64	140
144	258	65	137
140	261	64	137
129	264	65	138
124	266	65	140
114	269	66	142
110	270	64	144
104	274	66	144
94	276	69	147
85	278	71	147
80	281	71	146
69	284	75	148
60	287	77	148
54	289	77	151
38	292	82	152
32	295	81	153
19	300	82	147
7	301	86	146
2	304	84	145
0	308	75	137
