261	120	178	65
260	116	176	68
259	116	176	68
258	115	175	69
256	116	176	68
255	116	176	68
253	117	176	68
251	116	176	68
249	117	176	68
249	116	177	69
247	115	177	69
244	117	178	68
243	115	179	69
242	117	179	68
242	115	176	69
240	116	178	68
238	116	180	68
236	116	179	69
237	115	177	69
235	117	182	68
236	116	181	68
234	115	177	69
233	117	181	67
232	115	181	69
232	117	181	67
231	116	183	68
230	117	177	68
229	117	180	67
228	117	180	68
227	116	184	68
227	117	182	68
226	116	182	68
225	117	182	67
225	116	182	68
223	117	182	68
223	117	182	67
220	117	184	68
220	117	183	68
219	116	182	67
218	117	181	67
218	116	181	68
216	116	182	68
215	117	183	67
210	117	183	67
209	117	183	68
206	117	183	68
206	116	181	68
206	116	182	68
203	116	183	68
203	116	183	68
202	116	182	69
200	115	182	69
199	115	181	69
199	116	181	69
198	116	180	69
198	115	180	68
196	116	181	68
197	115	179	69
195	116	180	69
195	115	179	69
195	115	180	69
194	115	179	69
195	115	179	69
192	115	179	69
193	115	179	69
193	115	178	69
192	115	178	69
192	115	178	69
191	115	177	69
190	115	178	69
189	114	178	69
189	114	177	69
188	115	178	69
189	115	177	68
187	116	177	69
187	115	178	69
186	115	176	69
186	115	177	69
185	114	176	69
184	114	175	69
184	115	175	68
184	116	175	68
183	114	174	69
184	115	173	69
182	113	174	70
182	115	172	69
181	114	173	69
181	115	172	69
180	115	172	69
180	114	173	69
179	114	171	69
179	114	171	69
178	114	171	69
177	115	170	69
176	115	173	69
175	114	173	69
175	115	173	69
174	114	173	70
174	115	172	69
173	115	172	70
172	114	172	70
172	114	172	71
170	114	171	71
171	114	170	70
169	113	171	71
169	114	174	70
169	114	173	70
167	113	178	70
167	113	174	70
166	113	173	70
164	111	175	71
168	113	163	71
164	111	176	72
162	114	160	70
164	113	166	70
161	112	166	71
161	112	166	72
159	113	159	71
161	111	158	68
160	113	156	69
160	110	157	69
158	113	152	70
158	111	148	69
158	112	152	69
155	112	151	70
156	109	151	68
155	113	148	69
154	109	146	70
155	112	145	70
153	110	144	70
153	112	143	69
152	110	144	70
152	112	146	68
152	110	142	70
152	110	141	68
151	111	140	68
151	110	138	68
151	112	137	70
152	110	134	71
152	112	137	69
152	110	135	69
151	112	136	69
153	108	135	70
151	112	138	69
152	111	135	69
152	111	137	70
152	111	136	67
152	112	136	70
151	109	135	71
151	113	137	70
152	110	136	71
152	113	135	70
151	110	136	71
152	112	135	69
152	110	133	70
152	110	135	70
151	111	137	69
151	112	137	69
152	111	136	71
153	109	135	71
152	111	136	69
153	110	134	70
152	113	135	69
153	111	135	71
152	110	136	69
152	112	135	70
152	112	136	71
152	110	135	70
152	112	137	69
152	110	135	70
153	112	136	69
152	110	138	70
153	111	140	69
153	112	139	68
154	111	140	69
155	113	138	69
155	110	138	69
155	112	139	69
156	111	137	69
156	111	139	68
156	112	139	69
158	110	138	70
157	112	141	70
160	109	136	71
158	112	142	70
159	112	139	70
161	111	135	70
159	112	139	71
160	110	138	70
161	112	138	71
164	110	133	70
163	112	137	71
164	111	133	70
164	113	136	73
165	109	140	69
166	113	135	71
168	112	132	70
168	113	135	70
169	114	134	69
172	111	135	69
170	113	134	69
171	114	134	69
171	112	137	68
172	113	136	71
174	114	134	69
172	112	136	68
177	111	134	71
176	114	131	73
177	113	136	69
177	115	129	72
178	111	132	70
178	114	131	73
180	111	131	70
181	114	128	75
182	111	129	70
183	112	128	74
183	114	127	73
184	113	126	71
184	114	125	73
187	113	123	72
188	112	126	72
193	110	128	73
257	99	100	69
307	63	131	48
266	98	88	68
309	64	125	46
306	61	126	50
267	98	87	68
308	63	127	47
307	62	125	50
269	97	85	68
274	100	82	69
309	62	127	47
272	97	82	69
271	99	85	69
272	99	83	68
273	96	82	73
308	64	128	46
308	63	123	49
273	97	82	70
272	99	83	70
307	63	131	48
307	61	126	50
271	97	82	69
269	97	87	73
276	99	79	69
309	63	129	47
270	96	83	71
199	128	92	80
195	124	99	81
199	123	97	81
270	98	85	69
308	62	129	47
270	96	84	70
270	98	85	71
270	99	84	71
304	64	133	47
269	96	84	71
193	131	93	81
192	130	98	82
192	127	100	82
193	129	96	80
192	128	98	81
192	129	96	80
190	134	95	80
190	132	98	84
190	132	100	83
189	134	99	83
189	136	99	83
189	136	100	85
188	136	99	84
187	137	100	84
187	137	100	85
187	139	100	85
187	138	100	85
186	137	102	87
185	140	100	85
186	140	101	86
185	140	101	86
184	142	101	85
184	144	101	85
183	144	102	87
182	143	102	87
181	145	102	86
181	144	103	88
180	147	103	86
179	147	104	88
179	146	105	90
179	147	106	89
179	148	105	89
178	148	106	90
177	151	107	88
177	152	107	90
176	153	108	90
176	153	109	92
176	154	108	91
173	153	111	95
174	157	108	91
173	157	109	92
174	157	110	93
174	159	110	92
173	160	108	93
173	160	110	93
173	162	109	93
173	162	110	94
173	163	110	94
173	165	110	94
173	165	110	95
173	166	110	95
173	167	110	95
173	167	110	96
173	168	112	97
173	170	112	96
173	171	112	96
173	172	112	97
173	173	114	98
173	174	115	98
174	174	115	100
174	175	115	99
175	177	116	100
175	177	116	99
174	177	120	103
177	178	119	102
174	180	124	104
179	181	117	101
177	183	122	101
178	185	122	101
178	186	122	101
179	187	122	102
180	188	123	103
180	190	125	104
182	190	125	105
181	191	126	105
181	193	127	105
183	194	126	106
183	195	127	107
185	197	130	108
186	198	128	108
187	200	132	109
188	202	133	110
190	203	134	110
190	205	135	110
191	207	136	111
193	208	137	112
192	209	139	113
193	211	139	113
196	212	140	114
196	216	143	114
200	216	143	116
201	218	143	115
201	221	146	116
202	220	145	117
203	223	148	120
206	226	150	123
210	229	149	122
212	231	151	123
210	232	152	123
213	234	153	125
212	235	154	125
218	237	152	127
215	238	157	128
224	240	152	131
218	242	160	131
226	244	155	132
220	246	162	133
228	248	157	135
225	249	162	136
231	252	159	137
228	253	164	137
234	255	161	138
232	257	167	141
235	260	167	141
238	261	167	143
237	263	168	143
241	266	169	144
242	267	170	146
241	268	173	147
242	270	176	150
242	272	178	148
246	274	178	149
246	276	182	152
249	278	182	152
248	279	182	153
249	281	184	153
250	284	187	155
252	286	187	154
251	287	191	157
255	289	192	159
252	291	196	161
255	293	195	158
257	296	200	159
259	296	198	160
263	298	198	159
264	300	199	158
266	304	202	154
271	303	202	156
271	305	202	153
275	309	203	148
273	310	208	149
278	312	206	145
274	315	210	141
279	316	208	141
283	321	209	136
281	323	215	133
282	324	216	134
285	329	215	128
283	330	220	128
286	332	218	126
291	334	217	122
292	336	217	121
296	337	214	119
301	341	211	114
299	345	217	112
299	348	219	109
302	353	219	103
