484	142	44	30
483	142	44	30
481	142	44	30
480	142	45	30
476	143	44	30
474	144	45	30
472	145	46	30
468	146	46	30
467	146	46	29
465	146	46	29
463	147	46	29
460	147	46	30
458	148	47	30
455	149	47	30
452	149	47	30
449	150	48	31
446	150	48	30
442	151	48	31
441	150	49	31
438	152	49	31
435	153	49	32
434	153	49	31
431	151	49	33
429	151	50	35
425	147	50	35
423	144	50	36
421	140	51	35
417	134	51	37
416	132	51	36
414	128	51	36
410	122	51	36
409	119	51	36
404	111	52	38
402	108	52	37
400	104	53	37
396	98	53	39
394	95	52	38
391	88	53	40
390	87	53	38
388	83	53	39
383	76	53	40
381	73	53	39
380	70	53	40
376	64	55	40
372	59	55	40
370	56	55	40
367	50	56	40
365	46	55	40
364	43	55	40
360	37	55	40
359	34	55	40
355	27	57	42
354	24	56	41
352	21	57	41
349	15	57	43
348	9	57	43
345	5	57	43
345	3	57	42
342	1	58	40
340	1	59	42
341	2	58	42
339	3	59	43
337	4	59	43
337	4	59	43
335	4	60	44
333	5	61	44
332	6	61	44
332	7	60	45
332	8	61	46
331	10	61	46
328	10	64	47
321	12	68	48
317	12	64	48
306	14	66	49
298	15	66	49
286	17	66	49
281	17	68	51
273	18	69	49
262	19	70	51
255	21	71	51
251	22	71	51
238	24	72	53
233	25	72	52
227	26	72	52
216	27	73	54
205	29	72	53
199	30	74	55
189	33	75	55
183	34	74	54
173	36	78	56
168	38	76	55
158	38	77	57
153	40	77	57
146	41	80	58
136	43	81	59
132	45	80	59
127	45	81	60
116	48	82	59
113	49	82	60
108	50	83	61
98	52	84	62
93	53	86	63
84	58	86	64
81	58	88	63
72	60	87	66
62	64	91	66
58	65	93	66
54	67	92	66
50	69	96	67
53	71	94	67
57	74	97	68
59	76	96	68
60	77	98	67
63	77	102	72
67	78	100	74
69	81	101	73
72	84	105	74
75	85	105	74
78	86	107	76
82	90	110	78
85	92	111	77
90	95	113	79
94	97	114	79
96	99	117	80
101	98	118	83
104	95	120	84
111	93	124	86
113	89	125	87
117	88	126	88
125	85	131	90
127	82	131	91
131	81	133	92
139	76	137	95
143	75	138	94
147	74	142	97
156	72	146	97
160	70	147	101
165	69	149	101
174	67	153	103
178	63	155	106
183	61	158	109
196	62	163	109
199	59	167	111
211	59	169	112
216	57	172	114
228	57	178	114
233	55	182	117
240	54	187	119
253	54	196	121
259	49	197	126
273	50	204	128
282	50	206	128
290	48	208	131
306	50	217	137
316	50	221	137
323	50	225	140
339	50	234	144
349	51	241	149
357	54	245	153
378	61	247	160
390	66	239	160
