331	136	55	24
329	135	54	26
331	134	54	26
330	135	54	26
331	134	54	26
331	136	54	25
330	134	54	26
332	135	54	25
332	135	54	25
331	134	54	26
332	135	54	25
332	135	54	25
331	134	54	26
331	135	54	25
331	134	54	26
331	135	54	25
330	135	54	25
330	134	54	26
331	134	54	25
331	134	54	26
331	135	54	25
330	135	54	25
331	135	53	25
331	135	54	25
331	134	54	25
331	135	54	26
330	135	54	26
331	135	54	25
331	135	54	25
330	134	54	25
330	135	54	25
331	135	54	25
331	134	55	25
331	135	54	25
331	136	54	24
330	135	54	24
331	135	54	26
331	135	54	24
331	135	54	24
330	136	54	25
331	135	54	25
331	135	54	25
330	136	55	25
330	136	55	24
330	135	54	24
330	136	54	24
329	135	54	24
329	135	55	25
330	136	54	25
328	135	55	25
329	136	54	24
328	135	54	24
328	136	54	25
328	136	54	25
327	136	54	24
327	135	55	24
327	135	54	25
327	136	54	24
327	136	53	25
326	136	54	25
326	136	53	26
327	136	52	25
327	136	52	25
326	135	52	25
327	136	50	25
327	135	50	25
327	136	50	26
325	135	51	26
324	136	52	25
323	136	51	26
322	136	52	25
323	135	50	26
322	136	51	26
321	134	50	28
321	136	50	25
322	135	48	26
324	135	45	27
324	136	45	27
322	134	47	27
325	135	43	26
323	135	42	28
324	136	42	27
324	135	40	28
320	136	43	28
317	135	45	28
317	134	45	28
314	136	46	29
315	135	45	30
315	134	45	31
316	131	43	32
313	134	44	29
313	134	43	29
313	133	42	30
312	133	42	29
313	136	42	29
310	132	42	31
310	130	41	33
311	134	41	30
310	134	40	32
311	133	41	31
309	131	40	33
311	134	39	30
310	133	40	31
310	132	39	32
311	132	38	31
310	131	38	33
312	131	37	34
311	135	37	32
311	134	37	32
312	135	37	31
311	135	36	31
313	136	37	30
313	135	36	31
313	137	36	30
313	136	36	30
314	136	37	30
311	136	37	30
314	137	38	31
315	137	36	29
316	138	35	28
316	137	35	28
316	137	36	29
316	136	36	31
317	139	35	30
317	138	36	28
317	138	35	28
318	136	34	29
318	138	36	29
317	138	36	30
318	138	35	29
318	138	35	29
316	138	37	29
318	138	37	29
318	139	38	29
318	139	38	30
317	137	38	32
317	139	39	30
319	139	37	30
319	138	37	30
319	138	37	30
318	141	39	29
318	139	38	30
319	138	37	31
318	136	37	32
320	139	37	31
320	138	38	31
320	137	38	32
320	140	39	30
322	137	37	32
323	140	36	28
325	139	35	29
326	140	33	28
325	142	34	28
326	141	34	27
325	141	35	28
326	139	35	30
326	141	34	29
325	139	34	31
325	140	35	31
325	141	36	31
326	141	36	31
326	141	37	32
325	141	37	33
326	142	38	31
326	142	37	51
325	141	39	33
325	142	38	38
327	143	38	30
327	142	39	31
327	143	39	31
327	143	39	29
328	143	39	31
327	142	39	30
328	144	39	29
329	144	38	30
329	144	39	30
329	144	39	30
330	144	40	30
330	144	39	30
331	144	39	30
330	145	40	29
330	145	40	30
331	145	41	30
331	146	41	29
331	146	41	28
330	146	42	28
331	146	42	29
333	145	41	30
333	146	42	30
332	146	43	30
332	146	43	30
332	146	43	30
332	146	44	30
333	146	44	30
332	147	45	30
332	146	45	31
331	147	46	30
331	146	47	30
334	148	45	30
333	146	47	31
335	146	44	32
336	147	45	31
336	147	45	31
335	147	46	31
336	147	46	31
338	148	45	31
342	147	41	32
341	149	42	31
340	147	43	33
340	148	45	31
340	149	44	31
337	148	48	31
340	149	46	31
341	148	45	32
337	149	50	31
344	149	44	31
338	148	49	32
348	150	42	32
346	150	44	32
346	150	43	32
345	150	44	33
349	147	41	34
349	150	42	32
350	150	41	32
351	151	41	32
353	151	40	32
353	151	40	32
353	151	41	32
352	151	42	32
354	151	41	32
353	152	42	32
355	152	42	33
355	151	41	32
356	151	41	33
355	151	42	33
356	152	42	32
355	152	43	33
356	152	43	33
356	152	43	32
357	153	43	32
357	153	44	32
357	153	43	32
358	152	43	33
359	153	44	33
358	153	44	33
358	152	44	34
359	153	45	33
359	153	45	33
359	154	44	32
360	154	45	33
361	154	44	34
361	154	44	32
361	155	45	33
362	155	44	32
362	155	44	32
363	155	45	32
363	155	45	32
364	156	46	32
364	156	45	33
364	156	45	33
364	155	45	33
365	156	46	33
365	156	45	33
366	157	46	33
367	156	46	33
367	157	46	33
368	157	47	33
368	157	47	33
368	156	46	33
370	157	48	33
369	157	48	33
369	159	48	33
371	158	47	34
371	158	48	34
372	157	47	34
372	158	48	34
373	158	47	34
373	159	48	34
374	158	48	35
375	158	48	35
375	158	49	35
376	158	48	35
376	159	49	35
378	158	49	36
377	159	49	36
379	158	49	37
378	159	50	36
380	159	49	35
381	160	50	36
381	160	50	36
382	161	50	35
383	160	50	36
384	161	50	36
383	161	50	36
384	161	50	36
386	163	50	36
386	163	50	36
388	162	49	37
387	162	50	36
388	163	50	37
390	163	50	37
390	164	51	37
390	164	51	37
391	165	51	37
392	164	51	37
393	165	51	37
394	165	51	37
394	165	51	38
395	165	51	38
396	165	51	38
396	165	52	39
397	166	52	38
398	166	52	38
398	167	52	38
399	167	52	39
400	167	52	38
400	168	52	39
401	168	52	39
401	168	52	38
402	168	53	39
402	169	52	39
403	170	52	39
404	169	53	39
404	170	53	40
404	170	53	39
406	170	53	40
406	171	53	40
407	171	53	40
408	171	53	40
408	172	53	40
408	172	54	40
409	172	54	40
410	173	54	40
410	173	54	40
411	174	54	41
411	173	54	41
411	173	54	41
413	174	55	41
412	174	55	42
413	174	55	42
413	175	55	42
414	175	55	42
414	175	55	43
415	175	56	43
415	175	56	43
416	176	56	43
416	176	56	43
418	176	56	43
418	176	56	44
418	176	57	44
419	179	57	43
420	179	57	43
420	179	57	43
420	180	57	43
421	181	58	43
422	181	57	43
422	181	58	43
423	182	58	44
423	182	58	44
424	182	58	44
425	183	58	44
425	183	59	44
426	183	59	44
427	183	59	45
427	185	60	45
428	185	60	45
428	185	61	45
430	185	60	45
430	186	61	45
431	187	61	46
431	187	62	46
431	187	62	46
431	187	62	46
433	187	62	47
434	188	63	47
435	189	63	47
436	190	63	47
436	190	64	48
437	190	64	48
438	191	65	48
438	192	65	49
439	193	65	49
440	192	65	50
440	193	65	49
440	194	65	49
442	194	66	50
442	195	66	50
443	196	66	50
444	196	67	51
445	196	67	51
445	196	67	51
446	197	67	52
447	198	67	52
448	199	68	52
449	199	68	52
449	200	68	53
449	200	68	52
450	200	68	53
451	202	68	53
451	202	69	54
451	203	69	54
451	203	70	55
452	204	70	55
453	204	69	55
453	204	70	55
453	205	71	56
453	207	70	56
453	207	72	57
454	208	72	57
454	208	72	57
454	209	72	58
455	210	72	58
455	212	74	58
455	212	73	59
454	213	75	59
454	213	74	60
454	213	75	60
453	215	76	60
453	215	77	61
453	216	75	62
452	216	77	62
452	218	77	62
451	218	76	63
450	219	77	63
450	220	78	63
449	221	78	63
449	221	78	64
448	223	78	65
447	224	79	65
447	224	80	65
446	226	80	66
445	227	81	66
443	228	81	66
441	229	83	67
440	230	83	68
439	231	83	68
438	232	84	68
437	232	85	70
435	233	85	70
434	235	86	71
432	236	87	71
431	237	87	70
429	239	88	71
427	240	89	71
425	241	89	72
423	242	89	72
420	245	92	72
419	245	93	73
418	246	93	74
415	247	94	74
413	248	94	75
412	249	95	75
410	251	96	76
408	252	97	76
406	253	98	77
404	255	98	77
401	256	100	78
400	257	100	79
399	258	101	79
395	260	102	81
394	261	102	82
392	262	103	82
388	264	105	83
387	265	105	83
383	267	107	84
381	268	107	85
377	270	109	86
375	271	110	87
371	274	111	87
370	275	112	88
367	276	113	88
363	280	115	89
361	280	116	90
358	281	117	91
353	283	118	92
352	285	119	93
349	286	120	94
344	289	122	94
341	291	124	95
338	292	126	96
333	294	127	98
331	295	128	98
327	296	130	100
322	299	132	101
319	301	132	100
315	302	136	102
309	305	136	103
306	306	138	104
300	308	140	106
297	311	142	106
293	314	144	106
286	318	146	107
282	318	148	108
278	320	150	110
270	322	152	112
265	324	156	113
262	326	157	113
253	329	161	115
249	331	162	115
244	332	165	117
233	335	169	119
