249	132	16	45
248	134	16	43
249	134	16	43
248	135	16	41
250	134	17	43
250	134	17	42
250	134	17	43
251	133	17	42
252	134	16	41
253	134	17	41
253	134	18	42
255	135	18	41
255	135	17	41
256	134	18	43
255	136	17	40
256	133	17	43
256	134	17	42
256	133	17	42
256	134	18	43
256	136	18	42
253	137	18	42
252	136	18	43
252	136	18	44
250	136	18	43
251	136	17	43
249	137	17	42
248	137	17	42
249	138	17	41
247	138	17	42
245	136	17	43
245	136	17	42
244	137	17	42
243	138	18	42
240	137	20	43
240	137	20	43
239	138	20	42
238	139	18	42
238	138	17	41
237	138	16	42
237	137	15	42
236	139	17	41
235	138	16	42
235	138	17	42
234	138	17	42
234	139	17	41
233	138	17	42
232	137	17	42
234	138	17	41
233	139	16	41
233	138	17	42
234	138	17	43
233	138	16	43
233	138	17	42
233	138	17	42
233	139	17	42
233	139	17	42
233	139	17	42
234	138	18	43
233	138	17	44
234	138	17	43
227	137	18	43
223	139	19	43
216	140	18	42
211	140	18	43
203	138	18	43
199	139	18	43
195	139	18	42
186	139	17	43
182	139	17	43
175	139	18	43
170	138	18	44
165	140	17	43
156	140	18	42
150	140	18	43
145	140	18	43
140	139	19	44
132	141	19	43
130	141	18	43
124	141	18	42
119	141	18	42
114	141	18	43
106	141	17	43
102	141	17	42
97	141	19	42
90	143	18	42
86	144	18	41
77	142	18	43
74	142	18	43
73	143	18	42
73	144	18	43
73	143	18	43
74	144	18	42
75	145	18	43
75	144	19	44
76	143	18	43
77	142	18	43
79	143	17	43
78	144	18	44
79	144	19	44
80	146	19	43
81	144	19	44
82	144	20	45
83	142	19	45
84	143	18	45
85	143	18	46
85	144	18	45
86	144	18	45
87	144	19	45
88	144	18	44
88	145	19	44
89	144	19	45
90	145	20	45
90	145	20	46
92	143	19	47
93	144	18	45
93	143	19	46
95	143	19	46
96	145	18	44
96	144	18	45
97	144	18	45
98	143	19	47
99	142	19	48
99	143	19	47
99	144	19	46
99	143	19	47
100	143	19	49
101	145	19	47
102	145	18	46
101	146	19	44
102	144	19	47
102	143	19	46
103	143	19	48
103	142	19	47
104	144	19	46
105	145	19	47
106	144	19	47
106	143	19	49
109	146	18	46
111	146	18	46
110	146	19	46
111	145	19	47
110	146	20	47
111	145	20	47
111	144	20	47
110	147	20	47
111	145	20	48
111	147	20	47
112	147	19	47
112	150	19	44
112	147	20	48
113	148	19	46
112	146	19	48
113	146	19	48
113	146	19	49
114	147	18	47
113	146	19	49
113	149	19	47
114	148	19	44
114	150	19	46
114	147	19	46
114	148	20	45
115	149	19	45
115	146	19	49
115	148	21	46
115	149	21	45
115	147	20	48
115	149	21	47
117	148	20	49
118	148	20	48
119	148	20	47
120	147	20	48
119	147	20	47
121	147	20	47
122	147	20	48
122	149	20	46
123	150	20	45
124	148	20	48
125	146	21	50
125	147	21	47
127	145	21	50
127	146	21	49
128	148	21	47
128	146	21	49
130	147	21	50
130	148	21	50
131	148	21	51
133	151	20	47
134	149	20	49
134	149	21	48
135	149	21	47
136	149	21	48
137	148	21	48
138	149	21	49
138	149	21	50
139	151	20	46
141	149	20	48
141	148	20	48
142	149	20	48
141	149	20	50
143	151	21	51
143	149	21	52
146	153	20	49
147	152	20	50
147	153	20	48
148	154	20	49
149	153	20	52
149	156	20	47
150	155	20	48
151	156	20	46
151	156	21	48
152	156	21	47
152	158	21	48
152	156	22	49
154	157	21	49
155	158	21	49
157	160	20	47
157	159	20	49
157	159	21	49
158	159	20	49
158	158	21	53
161	163	21	51
163	162	21	49
164	164	21	50
166	165	21	50
167	167	21	49
167	167	21	48
167	166	21	49
168	168	21	47
170	167	21	51
170	169	21	50
170	171	20	49
172	171	21	49
173	171	21	49
175	171	21	49
176	171	21	50
177	173	21	48
178	174	21	49
179	173	20	50
179	173	21	49
180	174	20	49
179	175	21	49
179	177	22	49
181	177	20	46
180	179	21	45
181	178	21	48
181	179	21	46
182	180	22	47
183	180	22	49
183	180	21	46
184	180	21	46
186	181	20	45
186	181	20	46
186	180	20	45
186	181	20	43
187	182	20	44
187	183	19	44
188	185	20	42
187	185	20	45
188	186	22	47
187	188	21	49
188	187	21	45
189	189	20	46
189	190	21	47
188	190	20	47
187	190	21	48
188	193	21	47
170	211	22	45
149	219	25	43
149	217	23	41
148	215	23	43
182	205	21	46
179	205	25	46
148	215	27	49
124	244	24	46
144	221	25	40
144	217	22	44
140	216	25	44
141	217	22	42
140	217	20	40
137	217	20	39
136	215	19	40
134	215	22	41
131	216	25	44
117	245	26	45
127	222	27	40
161	211	26	42
172	209	27	47
179	199	29	49
178	200	25	48
179	200	25	46
179	199	23	46
179	205	23	47
172	202	24	49
172	202	26	50
169	199	27	51
136	219	31	44
141	220	23	39
142	208	25	43
143	218	25	37
143	218	20	39
143	218	20	37
144	218	20	38
142	217	22	37
140	215	23	41
140	220	21	41
140	214	19	40
139	217	19	40
136	218	21	38
128	220	28	37
166	203	23	44
168	199	24	51
165	193	26	52
163	195	26	53
165	195	25	53
162	195	25	53
160	196	25	52
160	197	25	53
157	195	26	57
160	195	23	54
162	195	24	52
162	196	23	52
157	196	23	53
158	195	22	53
158	195	24	53
157	195	26	55
158	196	26	53
156	197	27	54
157	197	27	53
158	196	26	53
157	198	26	50
158	198	25	51
156	195	26	54
158	197	23	51
156	197	22	54
155	196	26	52
156	197	22	49
157	197	22	49
156	197	24	51
154	197	24	53
157	197	24	51
157	196	24	51
158	196	23	53
155	196	25	54
157	195	24	52
155	196	23	51
157	195	25	51
157	195	24	52
158	197	25	51
158	195	24	52
156	195	24	53
157	194	24	53
156	192	24	53
157	194	23	52
156	193	25	54
157	192	24	55
157	192	24	56
156	192	24	55
157	192	25	55
157	193	24	52
158	192	24	54
157	192	25	54
157	192	24	56
158	191	24	55
158	192	23	54
159	192	24	53
158	193	23	52
158	193	23	52
160	193	23	50
160	191	24	52
158	192	24	54
159	191	25	53
161	191	24	53
161	191	25	52
160	192	25	53
161	190	25	54
160	191	24	55
162	190	24	57
161	191	25	56
164	191	24	54
165	191	23	54
166	192	23	52
163	191	21	51
166	191	22	52
167	191	22	50
168	190	21	50
167	191	22	52
169	191	21	53
166	190	22	51
167	191	21	51
167	191	21	48
167	190	21	47
168	191	20	48
168	190	19	47
170	191	18	41
170	191	19	41
171	191	18	39
172	193	17	39
170	192	18	42
170	193	18	43
171	192	18	41
173	192	17	43
173	192	18	45
172	192	19	43
173	191	18	45
172	192	18	42
173	192	17	40
173	192	16	37
173	193	16	37
174	195	17	38
174	193	18	42
172	194	19	42
171	196	19	43
171	196	18	44
170	197	18	43
168	197	19	46
168	195	20	48
167	193	19	42
167	192	20	44
166	193	20	48
165	191	20	51
165	192	20	49
163	192	21	52
162	193	21	52
158	192	21	55
157	192	22	55
155	192	23	57
154	191	22	56
153	191	23	59
150	191	21	56
148	192	23	59
146	195	23	55
143	194	25	57
141	194	25	59
139	192	25	63
135	193	24	62
132	192	26	66
130	193	25	58
127	194	24	59
128	193	24	57
123	195	28	56
122	195	28	59
118	194	29	60
117	193	26	63
115	193	25	63
114	193	23	61
111	192	23	60
108	193	24	61
105	194	27	59
103	194	28	60
100	194	29	61
98	196	28	60
96	195	25	61
93	194	23	61
91	194	23	62
90	195	24	60
85	195	26	59
82	195	28	61
78	198	29	59
77	194	28	65
74	195	28	67
74	195	26	67
71	195	24	68
70	195	25	66
67	195	25	63
65	197	24	60
61	197	24	59
59	197	25	57
56	197	24	59
54	196	24	62
53	198	24	59
50	198	23	58
47	196	23	57
44	196	25	58
40	197	25	61
37	197	27	62
36	199	27	67
35	200	26	74
31	198	25	67
31	199	23	71
27	202	30	69
30	197	26	68
32	197	26	77
35	197	27	75
37	197	29	77
40	199	31	75
46	200	30	73
50	209	35	69
53	203	38	69
60	206	35	73
62	205	39	73
65	205	41	73
67	200	39	75
71	201	35	74
74	199	31	70
78	199	29	67
83	198	28	68
87	201	27	68
92	200	27	64
98	198	25	65
101	197	26	69
104	198	28	66
107	198	28	64
114	199	28	62
119	200	27	60
123	200	26	61
127	197	26	63
129	200	27	64
132	201	28	62
137	203	31	59
139	205	32	59
142	205	30	59
147	206	30	58
150	206	28	57
157	206	26	56
158	205	27	58
163	206	26	53
164	207	29	53
167	206	34	57
169	202	36	62
173	203	37	63
179	204	32	61
185	199	28	66
188	202	25	60
192	201	25	61
195	203	27	61
195	203	31	60
201	207	32	56
204	208	32	53
208	204	30	59
213	212	26	51
215	209	30	54
219	212	30	55
222	202	34	64
229	204	35	61
236	205	34	61
241	207	31	60
246	211	29	57
252	213	25	54
256	219	24	50
256	209	30	59
259	207	28	60
263	213	25	52
268	218	24	49
270	206	25	58
273	205	27	61
277	205	27	60
281	211	24	54
286	208	26	57
286	207	29	59
292	204	30	63
296	202	28	65
298	204	31	63
303	203	27	64
309	202	27	63
310	201	27	62
314	203	25	60
313	203	30	62
318	206	30	58
326	210	29	55
324	212	28	53
326	210	28	57
336	210	26	58
335	207	25	59
337	206	25	59
343	206	25	57
345	211	26	55
349	208	29	56
350	206	30	58
352	206	33	59
354	205	33	61
359	207	30	60
361	203	29	64
367	212	26	56
372	205	23	59
373	208	24	57
377	204	25	60
382	204	26	59
383	203	26	64
384	204	25	63
389	205	23	61
393	204	22	59
395	203	23	62
401	203	22	60
402	202	23	65
405	203	25	59
411	204	27	59
414	203	28	59
416	203	28	61
416	204	34	64
421	202	29	63
426	203	28	64
429	204	31	57
434	203	26	55
436	205	29	58
439	205	29	58
443	205	27	57
447	205	25	56
451	205	23	51
452	204	22	55
458	204	25	62
461	206	24	59
458	206	27	59
456	205	29	61
454	205	31	61
