172	55	120	119
167	50	128	116
167	52	126	114
166	52	128	114
166	52	127	114
166	52	127	114
167	52	128	114
167	53	127	115
166	53	127	115
167	54	127	115
165	54	128	115
166	54	127	115
165	55	128	116
166	55	128	115
165	56	128	116
164	55	129	116
165	56	128	116
165	56	128	116
165	57	128	116
163	57	129	116
164	57	129	117
164	58	129	116
163	58	130	118
164	59	129	117
163	59	129	118
163	60	130	118
162	59	131	118
162	60	130	118
161	61	131	118
160	61	132	119
159	63	133	119
158	63	133	119
158	63	133	119
157	63	132	119
155	63	135	120
154	65	135	120
154	63	138	122
164	64	134	122
170	65	136	122
178	65	134	121
185	66	136	121
188	65	139	122
194	66	138	122
200	66	139	123
211	68	141	123
248	71	160	127
250	72	164	128
250	72	169	127
248	72	171	128
244	73	174	129
241	73	176	130
238	73	179	129
233	74	183	131
231	74	184	133
225	75	190	133
227	76	193	134
230	77	197	134
232	78	201	135
234	79	206	136
236	81	214	136
238	81	223	138
240	83	225	138
233	85	255	139
236	86	260	139
232	88	269	141
231	88	270	141
231	89	275	141
233	89	279	141
225	90	288	144
222	90	292	144
216	91	302	145
219	91	300	146
211	92	312	146
211	92	314	145
208	92	318	145
204	92	324	144
197	92	330	145
193	92	334	144
187	94	341	143
186	93	342	144
181	94	346	144
173	96	352	143
167	96	355	142
165	96	356	142
165	96	355	141
159	96	359	142
158	96	358	141
118	102	353	125
115	96	349	130
108	97	348	128
114	93	338	132
110	92	340	132
109	91	337	128
108	93	341	124
111	92	335	124
110	90	337	123
112	89	333	126
114	88	330	125
116	88	331	125
120	84	324	127
123	85	319	123
129	83	313	124
131	82	310	124
134	81	311	122
140	81	310	122
143	79	313	123
168	72	280	118
172	70	277	119
179	69	270	118
186	67	265	117
191	66	259	115
196	65	257	115
196	64	256	114
200	64	253	113
205	62	250	114
207	61	250	114
210	60	248	112
211	59	247	113
218	59	243	112
224	57	242	110
228	55	239	111
233	55	236	109
235	54	234	110
240	53	232	107
245	51	230	108
250	51	227	108
255	50	224	107
259	49	222	106
260	47	220	107
254	46	216	106
246	45	213	105
239	43	211	104
230	43	207	102
222	46	203	103
216	50	202	101
208	57	199	98
201	59	201	100
197	65	198	99
190	68	199	102
188	71	195	99
181	75	195	99
172	81	190	97
166	85	190	97
164	88	189	96
153	93	187	94
145	101	186	94
138	104	183	94
132	108	180	94
119	117	179	91
116	119	179	91
109	123	176	92
79	145	178	85
70	152	166	87
59	158	165	86
52	157	168	88
44	157	165	85
39	156	164	83
37	155	161	86
28	153	167	85
17	152	168	84
19	150	167	85
22	150	165	85
27	148	163	85
32	148	160	83
39	145	158	83
43	144	157	84
50	143	153	82
53	141	156	81
54	142	156	83
55	140	158	83
49	137	166	84
62	136	160	85
70	135	155	86
74	134	156	86
85	133	146	81
87	132	144	84
94	131	141	81
100	131	142	79
128	122	137	69
131	122	134	73
135	122	134	76
141	120	137	79
144	120	147	80
154	117	142	74
155	118	130	75
159	117	129	70
164	115	128	73
174	113	125	71
175	114	127	70
182	111	127	69
193	109	119	72
193	107	123	74
199	106	121	70
206	105	119	69
208	105	120	70
215	104	116	70
218	102	118	71
223	103	118	68
229	101	117	67
245	98	116	64
255	95	111	68
267	92	108	65
273	92	108	63
283	90	110	67
290	90	108	62
301	87	95	61
312	86	100	60
318	84	102	64
325	85	102	62
330	84	102	62
339	82	97	60
345	83	99	59
350	81	96	60
351	80	100	59
343	74	115	64
351	75	118	66
368	75	110	61
371	73	106	62
379	72	105	63
390	72	99	62
399	71	93	63
409	69	91	63
409	69	86	60
406	68	86	61
403	69	87	61
401	69	86	57
398	69	85	57
395	67	85	57
390	67	88	59
388	67	85	59
388	66	82	57
387	66	79	53
385	66	80	54
370	60	86	54
369	61	83	55
368	62	90	55
365	60	82	52
363	60	75	53
361	61	71	51
359	60	71	52
335	57	78	51
337	58	75	50
330	55	79	52
325	55	82	52
330	54	74	50
329	55	71	50
329	55	72	51
328	53	70	50
325	52	71	50
323	54	72	50
320	53	72	49
319	52	72	51
316	51	72	50
312	51	73	49
