176	113	46	35
174	113	49	34
174	113	49	34
175	113	48	35
176	114	47	34
176	115	46	34
177	114	46	34
176	115	46	35
177	115	46	35
178	116	46	35
179	115	45	35
180	116	45	35
179	117	46	36
179	117	45	36
179	117	46	36
179	118	46	36
180	118	46	36
179	118	47	37
179	118	47	36
179	118	46	37
179	119	47	38
178	120	47	38
177	120	49	38
179	121	48	38
177	120	49	38
178	120	49	38
177	121	48	39
179	122	49	39
178	122	50	39
177	122	50	39
178	123	50	39
176	123	50	39
178	124	51	39
176	125	51	39
176	124	52	40
174	124	54	40
175	125	55	40
174	126	54	41
174	126	55	41
176	126	54	41
176	127	53	41
174	128	54	41
173	127	55	42
172	127	55	41
174	128	55	41
173	128	55	42
173	129	56	42
175	129	54	42
174	130	55	42
174	130	56	42
174	130	55	42
175	130	55	42
175	131	54	42
173	131	56	42
175	131	56	42
175	131	55	42
175	132	56	43
173	132	58	43
171	131	59	44
175	131	56	44
175	132	57	44
175	133	57	44
175	132	57	44
175	131	57	45
175	134	58	45
175	133	58	45
176	129	58	47
177	133	57	46
175	130	60	48
175	133	60	47
177	136	61	46
180	134	58	47
181	137	58	46
180	138	60	47
182	135	59	48
183	141	57	46
182	140	59	45
183	142	59	46
180	139	61	48
184	142	58	47
183	142	60	48
183	141	61	48
186	145	59	48
185	144	61	49
187	147	60	49
187	148	62	49
188	146	62	51
190	150	62	50
189	148	63	51
191	150	63	50
190	150	64	51
191	151	64	51
191	151	64	51
191	151	65	51
192	152	65	51
192	154	65	52
193	153	65	52
194	154	65	52
194	155	65	53
195	154	65	54
195	155	66	54
196	156	66	54
196	156	66	55
197	158	66	54
197	158	67	54
197	158	67	54
197	159	67	54
198	159	68	55
198	160	68	54
199	161	68	55
200	162	69	55
200	163	69	55
201	164	69	55
201	163	69	57
202	163	69	57
202	164	69	57
203	164	70	58
203	165	71	59
204	165	71	60
204	166	71	59
204	166	72	59
205	168	72	60
206	168	72	59
206	170	72	60
207	170	72	60
207	171	74	60
207	171	74	61
208	172	74	61
208	172	75	62
209	173	75	62
210	173	75	63
210	174	76	63
210	176	76	63
212	177	76	63
212	177	76	63
213	178	77	63
213	181	78	63
213	181	78	65
214	182	79	65
215	183	79	66
215	184	80	66
216	185	81	67
217	185	81	68
217	187	81	68
218	188	81	69
219	188	81	70
219	190	81	70
219	189	82	71
220	191	83	71
220	192	83	71
222	191	84	73
222	195	84	72
222	194	85	73
223	194	86	74
224	197	86	74
225	198	87	75
226	199	88	75
226	200	88	75
227	202	89	76
228	202	90	77
229	203	91	77
230	204	91	78
231	206	92	79
231	207	93	79
234	209	92	81
235	210	94	81
236	212	95	82
236	213	95	83
237	213	96	83
239	216	97	84
240	217	98	86
242	218	99	86
244	220	100	87
244	222	100	87
246	222	101	89
247	225	102	90
248	226	103	91
250	228	104	92
251	231	104	91
252	233	106	93
254	234	107	94
255	237	108	96
257	239	108	96
258	241	110	97
261	244	110	98
263	246	111	100
263	247	113	101
265	250	115	103
268	253	116	104
269	254	118	106
270	258	118	106
273	260	120	108
275	262	121	109
277	266	122	111
278	268	123	112
280	271	125	114
283	274	126	114
285	277	129	117
286	281	131	117
289	284	132	120
290	286	134	121
292	289	136	124
294	294	137	123
297	297	139	126
299	301	140	126
302	304	143	130
304	306	145	130
306	311	146	130
309	315	148	133
312	317	151	132
