270	175	135	98
268	172	138	98
269	173	138	97
269	174	137	97
268	173	138	98
268	173	138	97
269	173	138	97
268	174	138	97
268	174	138	97
268	174	138	97
268	173	138	97
267	172	138	98
267	172	138	97
267	172	139	97
266	173	139	97
267	174	139	96
266	173	139	97
266	172	139	97
266	172	139	97
266	173	139	96
266	173	139	97
265	173	140	96
265	173	140	97
264	172	140	97
263	171	140	98
263	171	140	97
263	172	140	97
262	172	141	96
261	172	141	96
261	170	141	97
259	169	141	98
259	170	141	96
258	170	141	96
257	169	142	97
256	169	143	96
255	168	142	96
253	167	144	96
252	168	143	95
251	167	145	96
249	166	145	95
247	166	146	94
245	165	146	95
243	164	147	95
241	164	148	94
239	164	148	94
237	164	149	94
236	165	149	93
232	163	150	93
231	162	151	93
227	161	152	93
225	160	152	93
223	159	152	94
220	160	153	93
217	159	154	93
214	159	154	93
212	157	154	93
207	158	155	92
206	156	156	92
200	156	158	91
197	155	157	92
195	155	157	91
189	153	160	92
186	152	160	91
182	152	162	90
177	152	162	90
174	152	164	90
167	153	166	89
163	151	166	88
159	151	168	88
153	150	169	87
150	148	170	87
143	148	171	86
138	148	173	86
139	147	178	88
179	145	180	86
198	143	182	88
216	143	182	87
222	142	182	87
219	142	180	86
213	140	181	86
204	140	184	85
200	139	186	86
195	137	186	86
187	138	187	86
183	138	189	86
177	137	190	86
168	138	192	84
163	137	195	85
153	137	197	83
145	136	200	84
142	137	199	84
132	137	202	84
128	137	203	84
125	136	199	84
121	134	197	84
118	135	195	84
112	135	198	84
105	135	196	84
116	136	182	82
106	136	187	83
104	135	189	83
118	133	200	83
133	133	198	84
177	129	191	87
174	131	193	86
170	131	190	86
172	128	182	86
185	131	167	85
169	131	176	84
176	129	163	85
182	131	154	86
174	133	159	85
121	132	206	84
118	131	206	84
122	131	201	84
112	131	202	82
95	131	217	85
92	133	215	83
89	132	213	83
89	133	211	82
86	133	212	83
82	132	213	83
78	132	214	85
77	133	214	82
79	132	208	84
76	132	209	83
73	131	211	84
84	131	198	84
74	133	207	83
86	133	194	83
85	133	193	83
74	134	203	83
88	132	189	84
86	133	192	83
88	132	190	83
77	132	202	83
92	132	185	84
85	134	194	83
87	132	193	83
90	133	192	82
73	132	207	83
93	134	185	82
91	132	190	84
88	133	195	82
81	133	201	82
91	133	187	83
95	133	184	83
87	132	193	85
99	132	182	83
95	133	184	85
82	133	200	83
92	133	187	83
93	132	187	82
86	133	193	83
88	133	192	83
93	134	187	83
95	133	185	84
92	133	187	83
75	132	206	84
92	132	185	84
95	132	186	83
87	133	195	83
76	133	204	84
95	132	185	84
82	132	201	84
94	132	186	84
92	133	193	83
83	132	203	84
84	134	200	82
84	132	201	84
77	132	208	82
81	134	206	82
78	131	211	83
74	131	216	84
81	133	210	83
84	132	210	84
83	132	212	83
86	132	212	83
85	133	212	82
88	133	212	83
89	134	212	83
90	134	214	82
90	134	214	83
93	133	214	83
93	132	216	83
96	133	214	82
98	132	214	82
102	133	213	84
107	134	212	83
106	132	213	83
113	132	211	83
126	131	202	83
130	132	199	83
134	133	198	83
136	133	201	83
139	133	201	83
145	131	199	83
162	131	184	85
176	131	175	84
171	131	184	84
173	131	184	85
172	130	192	85
176	131	191	85
182	130	188	85
181	131	196	86
188	131	191	85
199	132	184	83
197	133	190	86
203	131	188	87
201	132	193	87
192	131	207	88
191	130	211	89
184	131	212	91
161	132	208	92
138	133	212	90
99	131	212	91
104	132	210	88
104	132	211	89
109	133	211	88
112	133	211	88
114	134	211	88
116	132	212	88
118	131	213	88
120	131	212	89
122	131	213	88
127	132	211	88
130	132	210	88
134	131	208	88
137	131	208	88
140	131	207	88
144	131	206	87
146	131	205	88
150	130	203	88
154	131	202	88
157	130	198	88
142	129	208	92
110	127	193	88
75	128	200	91
80	129	201	91
86	130	199	91
90	131	195	88
92	130	196	88
96	130	195	88
96	130	194	88
100	130	193	89
104	131	192	87
107	130	189	88
111	130	186	87
111	130	186	89
114	130	188	88
120	129	182	86
118	128	185	91
121	128	183	89
123	128	182	89
125	129	182	90
128	128	180	89
130	129	179	89
133	129	177	87
134	129	177	87
139	127	175	87
138	128	176	90
142	127	174	88
142	128	175	90
144	126	173	88
145	127	174	90
148	126	170	89
148	127	173	90
150	126	170	89
150	126	171	90
151	126	171	89
151	126	170	90
151	127	171	89
152	126	169	90
152	127	171	89
152	127	170	89
152	127	170	89
162	112	161	93
150	52	171	93
149	24	172	102
150	27	170	93
149	28	172	90
149	28	172	89
148	28	172	90
149	28	172	90
149	28	171	89
149	28	171	90
149	29	171	90
150	28	170	89
149	28	171	90
150	28	170	89
149	28	171	90
149	28	172	89
149	29	171	91
150	29	171	89
149	29	171	90
149	28	171	90
149	29	171	89
149	28	171	90
148	29	171	89
149	29	171	89
148	29	171	89
148	29	170	89
147	29	170	89
147	29	170	89
147	29	170	90
147	30	170	89
146	30	170	89
146	30	170	89
146	29	170	89
144	29	170	89
144	29	169	89
143	30	169	90
142	31	168	89
142	31	167	89
141	31	167	89
140	31	167	90
140	32	166	90
139	32	166	90
138	32	164	91
137	32	164	91
136	33	164	91
134	32	162	92
134	33	161	92
134	33	159	93
133	34	158	94
132	33	157	94
132	34	155	94
132	35	154	94
130	35	152	94
130	35	151	95
130	36	149	94
130	38	147	94
130	39	145	95
130	40	144	95
130	40	143	95
130	42	142	96
131	42	139	96
131	44	136	96
132	43	134	97
133	44	132	97
134	47	129	96
136	48	126	96
137	47	124	96
138	48	121	96
139	49	118	98
140	49	117	100
141	49	115	100
143	50	116	100
144	50	116	103
144	50	116	104
147	52	117	103
149	53	118	103
149	53	118	105
151	55	118	104
154	58	119	104
153	57	121	106
155	59	121	106
156	59	123	108
158	61	124	108
158	62	126	108
159	63	128	110
160	65	129	110
161	66	130	111
162	67	132	112
163	68	134	113
164	71	135	113
166	72	136	115
167	75	138	114
168	75	140	116
170	76	141	118
172	78	141	118
172	79	143	118
175	82	143	118
177	83	145	120
178	84	146	121
181	86	147	123
181	86	149	122
182	88	150	123
185	92	149	124
187	93	150	126
188	95	151	126
192	97	150	127
193	98	152	128
194	99	153	129
196	101	153	131
199	104	153	132
199	106	155	132
202	110	156	133
204	112	157	133
204	113	159	134
206	114	159	136
208	115	160	139
210	119	160	138
211	121	161	138
212	124	162	141
214	126	164	143
216	128	164	144
217	133	166	146
220	135	166	147
221	136	166	149
222	140	169	151
224	143	169	153
225	146	170	157
227	150	171	157
228	152	172	158
229	157	174	162
230	159	175	164
231	161	176	165
231	167	179	167
232	170	180	169
234	174	181	171
234	176	183	177
235	183	185	177
236	183	187	182
236	187	190	188
237	192	192	189
239	195	193	190
239	199	195	192
