73	271	35	82
73	271	35	82
74	271	34	82
74	271	35	81
73	269	36	81
74	267	36	80
75	267	35	82
76	268	35	82
77	268	34	81
77	268	35	80
78	267	35	78
79	267	33	77
78	267	34	78
77	267	34	78
76	268	35	76
76	268	35	77
76	268	36	77
76	267	36	76
76	267	35	76
76	266	35	76
76	265	34	77
75	265	34	77
73	265	36	77
71	265	37	77
71	266	36	77
76	264	33	77
75	263	31	75
77	262	29	74
75	262	30	77
72	261	32	77
74	261	31	77
73	262	31	73
71	260	32	76
69	259	33	75
73	258	33	76
73	258	32	74
75	257	30	74
74	256	29	74
74	256	30	74
73	255	31	74
73	254	32	76
72	253	31	75
71	251	32	77
71	250	33	78
71	250	34	79
70	249	35	80
71	250	35	80
70	248	33	80
70	247	31	78
70	248	31	79
69	247	30	80
70	246	30	79
69	247	30	78
70	246	30	76
70	245	29	76
70	244	29	75
70	245	29	75
70	244	29	75
72	244	30	75
72	243	31	74
72	242	30	73
72	242	30	75
72	241	31	76
72	242	31	74
72	242	31	74
72	240	31	75
73	240	30	73
72	240	30	74
72	240	30	75
71	239	31	76
71	239	31	75
71	237	31	75
71	236	30	76
69	237	29	74
70	237	28	73
69	237	29	73
69	237	29	73
69	235	29	74
68	234	30	74
69	234	29	73
69	234	29	72
69	234	28	72
69	234	29	72
71	235	29	71
72	232	30	73
72	232	31	72
71	231	33	73
73	231	32	73
72	232	32	72
73	231	32	73
75	231	29	72
76	230	29	74
76	229	29	74
76	229	29	73
77	229	28	72
77	228	29	72
77	227	29	73
76	227	28	73
75	228	29	72
74	228	29	72
73	226	30	71
72	227	30	71
72	226	31	72
72	226	30	72
72	227	30	70
73	226	29	71
73	226	29	70
73	227	29	70
73	227	29	69
74	226	29	71
74	226	29	70
75	225	30	71
76	224	31	73
77	224	31	74
75	224	32	72
77	225	31	71
78	224	31	72
77	223	30	69
78	223	30	70
78	224	31	68
79	224	30	68
79	224	30	67
80	223	29	67
79	223	30	67
78	223	31	68
77	223	32	68
79	221	30	69
79	220	30	69
80	220	27	68
80	219	26	68
81	219	27	67
79	220	27	67
78	219	28	67
75	220	27	66
75	218	26	66
75	218	27	67
73	217	27	68
73	218	28	65
72	217	28	66
73	215	28	66
71	213	26	66
71	213	26	66
70	213	26	68
68	213	25	67
64	211	25	68
63	210	26	68
60	208	26	70
61	210	26	67
62	208	25	70
64	209	24	68
69	205	29	70
64	193	35	82
58	194	37	80
64	194	33	80
60	193	37	82
63	192	34	83
62	193	36	83
62	190	35	85
51	192	36	82
48	194	34	79
49	193	33	79
51	190	36	81
46	192	31	77
46	193	30	76
46	195	29	73
46	198	27	69
47	200	26	68
47	199	26	68
45	201	25	66
46	202	26	64
45	200	26	65
44	200	26	66
44	199	27	68
45	198	26	68
44	199	27	67
46	200	27	65
46	196	26	70
46	196	26	67
46	196	27	67
46	193	27	70
44	196	27	68
45	196	27	67
46	197	27	65
46	194	27	68
44	193	29	70
44	195	29	68
44	194	28	67
45	191	28	70
45	190	28	70
46	193	28	67
42	191	30	69
45	192	30	65
43	191	30	66
44	191	29	65
45	193	28	65
45	193	26	65
44	194	30	63
47	191	27	66
46	192	27	65
45	193	27	65
46	190	28	69
48	189	28	69
46	185	33	70
50	184	34	73
53	187	34	71
76	182	32	77
73	178	33	79
73	174	32	81
73	176	38	78
72	174	35	83
75	176	34	79
77	176	38	78
80	179	40	76
76	176	29	78
74	174	34	77
75	174	37	80
74	174	33	80
71	173	37	79
67	172	36	81
50	177	33	73
51	175	33	74
50	175	31	73
52	175	33	73
52	174	31	73
52	173	31	73
53	173	33	73
50	171	29	73
50	172	30	70
49	175	30	70
51	172	30	71
49	171	29	73
52	172	31	72
52	172	32	73
54	171	37	73
70	170	34	77
70	170	33	78
67	172	35	75
70	172	32	75
68	171	33	75
69	170	32	76
69	168	32	78
69	171	31	74
66	168	32	78
58	176	27	69
63	175	24	68
59	181	25	61
59	182	24	61
61	178	23	62
60	181	24	61
62	180	23	60
61	180	24	61
63	181	24	60
62	180	25	61
63	181	24	58
63	182	25	58
62	182	25	57
63	182	26	58
62	181	26	58
61	181	27	58
64	180	26	58
63	180	26	57
66	180	26	56
68	179	25	56
68	179	24	58
69	179	24	57
68	179	24	56
68	179	24	57
68	179	24	56
68	179	24	57
68	177	25	58
67	179	25	57
68	176	25	59
67	178	25	58
68	176	25	60
69	177	24	58
69	178	24	58
69	177	24	59
68	177	25	59
68	177	24	58
68	177	25	59
68	177	25	59
69	176	25	59
68	177	25	57
69	177	25	58
69	177	25	58
69	177	25	58
69	177	25	59
69	177	25	57
69	177	25	58
69	177	25	57
69	178	26	57
69	178	25	57
69	177	25	59
69	178	25	59
69	178	25	58
69	178	25	58
69	177	25	58
69	177	25	58
69	177	25	58
69	177	24	58
69	177	25	58
68	178	25	58
69	177	25	58
69	178	25	59
69	178	25	57
68	176	25	59
68	177	25	58
69	178	25	57
69	177	25	57
69	178	25	57
70	178	24	57
69	177	25	58
70	177	24	58
69	177	24	59
69	177	24	58
69	177	25	58
68	178	25	56
69	178	25	57
69	177	25	58
69	178	24	58
69	176	25	59
69	177	25	59
70	178	24	58
70	178	25	58
69	177	25	59
69	178	25	57
69	177	24	58
69	177	25	59
69	178	25	58
69	178	24	58
68	178	24	58
69	179	24	56
69	178	24	56
68	178	24	57
69	178	24	58
70	177	25	58
71	177	24	57
70	177	25	57
71	176	25	57
72	176	24	58
71	177	25	58
72	176	24	58
72	177	25	57
72	176	24	57
71	177	25	56
72	175	25	58
70	176	25	58
71	176	25	57
70	177	25	57
70	177	25	57
70	176	25	57
70	176	24	57
69	175	25	58
69	175	24	57
68	176	25	58
69	176	24	58
67	175	25	59
68	175	24	57
68	175	24	58
67	175	24	58
68	174	24	58
68	174	24	59
68	174	24	58
69	173	25	58
68	173	25	58
68	173	25	58
68	173	26	59
68	173	25	58
69	173	25	58
67	172	27	60
68	174	25	58
67	172	25	59
67	173	25	58
66	171	26	60
66	173	26	58
66	171	26	59
66	172	25	58
66	171	25	60
65	172	25	58
65	171	25	59
64	170	25	60
64	170	25	58
64	169	24	58
64	169	24	59
64	169	24	58
63	170	24	56
65	171	23	57
63	170	24	56
63	170	23	55
62	169	24	57
62	167	23	59
61	166	23	61
60	168	23	57
59	166	23	59
58	169	23	59
58	167	23	60
56	168	23	58
55	163	24	63
55	164	24	61
54	161	23	62
51	167	27	58
51	165	29	58
50	164	29	60
50	157	28	66
49	157	29	66
49	155	29	67
50	155	32	67
51	157	37	65
45	152	34	72
48	153	36	68
116	158	34	69
116	158	33	67
116	157	33	69
117	157	33	68
116	157	32	69
118	157	32	69
117	157	32	69
85	151	28	71
87	154	32	68
51	157	34	66
52	155	35	68
52	153	31	69
54	153	29	69
53	165	27	58
55	160	23	60
56	161	23	58
56	162	23	58
56	161	23	58
57	161	23	57
57	157	24	62
57	162	24	58
57	162	24	58
59	162	22	56
57	160	24	58
59	162	23	56
61	160	23	57
61	161	23	54
61	160	22	56
61	160	22	55
62	161	22	55
62	160	22	55
61	158	22	56
60	159	23	57
59	160	24	56
61	160	23	56
59	159	25	56
60	160	23	55
59	160	24	55
57	158	24	57
57	160	23	55
60	160	22	55
58	160	23	56
58	159	23	56
59	159	22	55
59	158	22	57
58	159	22	56
57	157	22	58
59	157	21	58
56	155	23	60
56	155	23	60
54	151	23	63
53	154	25	61
53	152	26	62
51	148	28	66
49	147	32	66
48	151	30	64
49	149	30	65
48	147	30	67
50	147	31	65
48	149	31	63
50	145	35	66
51	144	36	66
48	147	29	66
44	148	29	63
45	152	27	59
44	153	26	60
44	153	26	59
42	155	24	56
43	156	26	55
40	154	26	57
40	155	28	58
38	154	28	60
35	154	28	56
35	155	27	57
36	153	28	59
35	154	28	56
35	155	27	55
34	155	26	56
33	154	27	56
33	153	27	55
32	153	27	54
33	153	26	53
32	152	26	54
30	153	26	55
30	153	26	53
28	154	27	51
29	155	28	51
30	154	28	52
28	152	29	54
28	154	29	53
28	153	27	52
27	152	27	54
25	153	26	52
27	152	25	54
25	152	25	53
25	148	25	57
26	152	24	52
26	152	23	52
26	152	23	55
25	151	24	54
26	150	25	55
26	150	23	53
25	152	24	51
25	150	25	53
24	150	26	53
25	151	25	52
26	150	27	53
24	150	24	52
24	151	23	49
25	150	22	52
25	150	22	51
24	148	22	52
24	150	22	51
23	148	22	54
