173	167	25	50
173	165	24	49
173	162	22	53
171	163	22	52
170	165	22	49
169	168	23	46
168	167	23	46
167	164	24	50
166	166	24	51
164	165	27	59
165	157	31	75
164	163	33	77
165	166	32	79
164	172	31	75
165	179	29	74
164	183	30	73
165	191	30	74
170	206	26	65
173	216	23	59
176	223	22	54
175	223	22	53
172	218	24	58
150	216	27	61
147	215	28	65
150	210	32	64
142	209	34	73
143	214	38	72
150	219	29	72
181	250	25	53
183	252	23	51
183	252	23	50
183	251	23	49
182	250	24	49
182	250	25	50
184	250	24	51
185	249	24	53
186	250	23	51
187	255	24	52
188	264	23	48
188	265	23	50
191	273	23	51
191	274	21	49
192	274	21	49
192	275	21	49
192	273	21	50
193	274	21	50
194	275	21	50
193	274	22	51
193	273	24	51
193	273	24	51
193	273	24	51
193	272	23	52
194	273	23	50
195	277	22	49
196	282	22	51
195	291	23	45
196	295	22	48
196	298	22	49
196	305	22	47
196	314	23	46
195	315	23	48
196	314	23	49
195	295	23	60
196	307	23	51
196	311	22	48
195	311	22	49
194	312	22	47
194	311	21	48
194	312	22	47
194	311	21	46
195	311	20	46
195	310	20	44
195	311	20	45
193	309	21	46
194	309	22	48
193	308	23	47
193	306	21	48
190	307	22	46
191	307	24	47
205	307	24	46
221	302	24	48
232	300	25	51
247	304	25	47
263	307	26	45
276	299	27	50
291	299	25	46
309	300	27	45
313	298	26	47
317	302	23	44
319	297	23	47
320	299	24	46
322	298	23	46
334	295	22	47
344	298	22	44
353	295	23	48
359	297	24	47
359	296	25	48
358	296	26	46
358	297	25	45
356	295	25	46
354	293	25	48
352	295	25	47
350	295	25	46
349	294	23	48
346	291	23	48
344	288	25	51
342	292	25	48
337	289	26	51
334	292	26	48
328	290	26	50
324	287	26	54
315	292	25	49
310	292	25	48
306	289	27	50
304	289	26	50
302	292	23	48
296	294	24	46
293	283	25	56
282	292	30	47
279	292	26	46
276	295	23	45
272	293	24	46
266	293	26	46
262	293	27	46
256	295	26	46
253	295	23	45
248	293	25	46
244	295	24	45
239	296	25	44
235	296	23	45
232	297	22	43
229	294	24	47
226	297	24	43
220	295	27	45
176	276	26	69
174	274	27	68
173	274	27	68
173	274	29	67
173	273	27	68
173	274	30	67
171	274	28	67
171	272	28	69
167	274	30	67
168	273	28	67
141	277	27	64
142	275	30	65
188	276	28	62
187	275	27	63
185	276	25	61
183	274	25	63
133	274	25	66
132	273	26	66
131	273	26	67
131	273	26	66
129	273	25	66
128	273	25	65
140	274	29	64
147	272	27	66
192	270	29	68
164	274	31	64
164	272	31	65
162	270	30	68
196	271	27	67
196	270	28	68
201	270	30	67
200	270	30	67
198	271	30	67
198	270	31	67
196	270	30	67
195	269	31	69
188	282	25	56
189	289	24	47
188	289	24	45
188	287	25	49
187	288	24	48
186	288	25	49
186	287	24	49
184	286	23	50
184	287	21	49
209	270	25	65
210	267	27	69
215	266	29	67
220	265	27	69
232	265	29	69
190	265	30	66
187	264	26	66
187	265	26	64
186	263	26	64
187	263	26	63
186	264	26	63
187	263	24	60
188	263	24	64
187	263	25	63
186	262	25	63
186	261	24	63
199	265	27	63
210	261	31	69
215	261	31	71
221	260	28	70
237	260	31	70
289	259	31	70
299	259	29	69
311	259	28	67
312	259	31	68
320	257	29	68
328	260	28	65
330	259	28	66
327	261	28	63
325	262	31	62
326	261	29	63
325	261	29	64
329	258	26	64
329	259	26	62
302	276	24	49
304	278	21	46
303	280	21	45
303	280	21	44
303	279	22	45
302	280	22	45
303	280	21	45
303	279	21	46
304	279	21	46
303	278	21	46
303	279	21	44
304	278	21	45
305	278	22	44
304	279	21	44
305	279	21	45
305	279	22	45
306	278	21	44
307	277	21	44
307	277	21	44
308	277	21	45
309	278	21	44
310	278	21	43
309	278	21	43
311	278	22	44
311	277	23	44
311	277	22	44
311	274	23	46
312	275	23	45
312	275	23	44
312	275	24	43
312	276	23	44
314	276	22	43
313	276	21	43
313	276	21	44
312	276	21	42
312	277	20	42
312	277	20	42
311	274	19	44
311	273	19	44
310	274	19	44
309	275	19	43
309	275	20	42
306	276	21	41
306	275	21	42
305	274	21	43
305	272	21	44
304	272	21	45
302	271	21	46
301	269	23	47
288	260	22	54
289	259	24	54
299	270	22	46
297	268	22	47
298	266	21	49
297	264	21	49
296	262	24	52
296	260	23	52
297	259	23	54
297	259	22	54
298	256	21	58
297	256	21	58
297	253	21	60
297	256	21	55
298	256	21	56
298	253	22	59
298	254	23	59
299	255	22	58
298	255	23	57
299	254	24	59
303	248	23	57
304	249	23	60
302	249	25	59
305	248	27	61
304	249	26	60
310	249	24	58
309	249	22	59
308	251	25	57
311	252	23	56
311	251	21	56
288	268	24	45
290	269	21	44
289	269	20	43
290	270	21	43
288	270	22	42
286	270	23	43
285	270	24	42
287	270	23	43
316	247	22	57
316	249	20	55
316	248	20	55
317	248	21	55
317	247	22	58
320	247	24	56
321	246	22	59
321	246	22	59
321	246	22	59
324	245	23	60
324	246	22	59
324	247	24	60
324	248	23	59
324	246	23	59
323	246	24	59
322	245	25	60
322	246	24	59
321	246	24	60
319	246	25	59
321	246	24	60
321	247	24	57
321	247	24	58
321	246	24	58
320	244	24	59
320	244	25	58
319	245	27	60
318	243	26	58
317	243	25	59
317	243	24	56
317	244	24	57
317	244	24	57
317	242	24	58
316	243	23	57
315	246	23	57
314	243	23	58
312	244	23	58
312	243	24	57
313	244	23	57
310	243	25	55
317	244	23	54
309	241	24	56
312	240	25	56
318	240	22	54
308	239	24	58
307	240	25	58
308	238	25	59
308	242	26	57
308	241	24	57
318	241	22	56
309	243	23	57
309	241	24	57
320	242	21	56
316	242	21	56
309	242	22	56
304	242	24	56
306	240	23	57
318	241	19	56
317	241	21	55
302	240	24	56
302	239	25	58
301	239	24	59
302	239	25	58
301	240	23	58
301	240	23	57
302	241	24	57
302	240	24	57
301	241	24	56
302	242	24	56
300	240	22	58
301	239	21	57
302	239	22	57
302	239	22	57
301	238	22	59
302	239	23	57
301	239	22	58
303	240	23	57
302	240	23	56
302	240	22	56
301	240	23	56
303	240	24	57
301	239	24	58
300	240	24	57
300	242	23	55
299	241	24	56
299	239	26	58
300	239	25	59
300	239	25	59
300	239	26	59
299	240	27	57
300	240	26	58
299	241	27	56
300	240	27	59
297	239	28	60
300	239	27	59
298	240	27	58
301	239	25	60
300	240	25	58
300	239	25	58
300	239	25	58
301	239	24	58
302	237	24	58
285	249	22	49
303	238	23	58
303	238	23	58
303	237	24	59
304	238	23	59
304	237	23	58
305	237	23	59
304	237	24	58
305	237	24	58
305	237	24	57
305	237	24	57
306	236	24	58
306	237	23	58
305	238	22	57
304	237	21	57
303	236	20	55
302	236	21	56
301	236	21	56
300	236	25	57
299	236	23	57
297	235	24	56
297	235	22	56
296	235	22	58
297	235	23	56
295	235	23	58
298	236	23	55
299	235	28	58
296	236	23	58
316	237	22	55
317	236	21	56
318	238	22	55
317	238	22	55
316	237	22	56
297	235	29	57
295	234	25	59
298	233	26	60
295	234	25	59
300	235	27	58
320	234	23	60
322	235	23	56
322	235	23	57
322	235	23	57
323	235	23	58
321	234	24	60
324	234	23	58
323	234	25	58
324	234	25	60
323	234	27	58
324	232	25	59
324	232	26	60
326	232	27	59
327	232	28	58
352	234	26	53
345	234	28	54
342	233	25	56
328	232	23	58
332	231	22	58
331	232	23	57
332	230	23	57
330	232	21	58
328	232	23	58
324	232	26	58
324	233	27	58
324	233	24	58
316	234	21	56
314	233	22	56
311	231	23	58
309	232	23	57
303	234	24	58
303	234	24	57
302	233	26	57
301	232	26	60
300	231	25	61
284	230	25	62
287	230	24	63
281	229	25	62
282	230	27	62
282	230	26	62
277	229	28	64
278	231	28	63
272	231	27	63
274	230	26	63
267	233	25	60
269	231	25	61
263	233	27	61
270	229	25	63
265	231	28	62
254	233	28	61
249	234	27	60
249	233	28	60
240	232	25	63
241	233	26	61
241	231	25	63
239	231	26	61
237	231	26	60
238	232	26	64
229	237	27	59
229	237	25	59
225	238	24	56
223	235	22	59
222	234	21	58
215	233	22	59
213	231	24	64
211	229	25	63
208	228	27	66
206	225	30	67
206	225	30	68
203	230	29	65
204	227	29	66
201	225	30	66
198	227	28	63
196	231	27	61
191	235	28	54
189	234	29	55
186	236	29	55
180	236	25	57
174	234	22	56
170	234	25	55
170	234	26	55
166	234	27	54
160	236	26	53
160	235	25	52
157	234	25	54
158	234	24	54
153	233	22	54
151	234	23	55
149	234	24	53
154	235	27	55
150	235	30	54
144	234	32	55
147	235	30	55
142	234	31	56
133	233	25	57
127	234	23	57
129	233	23	56
127	233	23	56
125	234	23	56
129	234	29	55
127	235	29	55
124	233	26	56
122	236	25	56
117	238	28	61
110	238	30	63
106	232	26	68
103	233	26	62
102	232	28	61
102	233	30	60
100	233	29	59
94	231	27	63
93	230	26	61
92	232	26	57
89	233	30	58
83	234	27	61
82	232	30	59
76	233	30	75
80	231	32	58
72	233	33	78
71	230	32	77
74	229	28	70
70	231	29	76
70	230	29	62
68	231	29	59
65	232	30	59
59	234	30	78
57	231	33	80
55	231	33	82
52	235	31	84
52	228	29	63
51	228	27	58
49	229	29	57
41	238	29	78
43	232	33	64
41	232	33	70
38	232	36	77
35	230	33	83
34	230	32	84
33	229	31	85
29	229	33	85
27	228	35	86
25	230	35	85
24	231	33	76
24	229	33	67
22	230	30	72
18	235	31	76
19	228	33	65
16	230	29	65
15	227	31	68
10	228	31	75
8	226	35	77
8	227	34	59
6	228	33	64
6	228	31	64
4	227	29	63
4	227	29	63
4	226	29	62
1	226	27	71
0	225	27	69
0	226	25	70
0	227	23	66
0	228	22	66
0	227	24	61
0	229	23	56
0	228	21	55
0	228	19	54
0	227	16	54
0	227	17	53
0	227	15	53
0	228	14	53
0	226	14	54
0	225	13	55
0	223	14	59
0	219	15	65
0	216	20	68
0	210	24	49
0	215	22	65
0	213	25	67
0	211	27	65
0	211	32	78
2	213	37	75
2	222	46	76
