125	125	18	34
124	123	18	33
125	122	16	33
126	121	16	34
127	122	16	34
127	122	16	34
126	121	16	34
126	121	16	34
126	122	17	33
126	122	17	34
127	122	17	34
127	122	17	34
127	122	16	34
129	122	16	35
129	122	15	34
130	122	14	34
130	122	14	34
130	122	15	34
131	122	14	34
129	122	15	34
131	122	15	34
130	122	15	34
131	122	14	34
132	123	14	34
132	124	15	33
133	123	15	34
133	124	16	34
134	124	15	34
136	123	15	35
137	123	15	34
138	123	14	34
140	122	14	35
141	123	14	35
141	123	15	35
142	123	14	34
143	123	15	34
144	124	15	34
144	124	16	34
146	123	15	34
149	123	13	34
151	123	13	34
152	123	14	34
152	124	15	34
152	123	16	34
154	124	16	34
154	123	17	34
156	123	16	35
159	122	15	35
159	122	16	35
159	122	17	35
162	123	18	36
163	124	18	35
165	124	18	34
166	125	17	33
168	123	16	34
170	123	15	34
172	123	15	34
173	122	15	35
176	124	16	34
175	123	18	34
176	124	18	34
177	123	18	34
178	123	18	34
181	124	17	34
184	123	15	35
185	123	14	35
187	123	14	34
186	123	16	34
186	124	18	34
186	123	18	34
187	124	18	34
189	124	17	34
190	124	16	35
192	124	15	34
196	123	13	35
197	124	13	34
197	124	14	34
198	125	16	35
198	125	17	34
199	124	16	34
200	125	16	34
202	125	14	34
204	124	14	36
204	124	15	35
203	125	18	34
203	125	19	35
203	125	19	34
207	125	18	34
208	125	16	34
209	125	15	34
211	125	15	35
213	125	14	34
213	125	15	34
214	126	15	34
214	126	16	34
215	126	16	34
215	126	16	34
216	126	16	35
216	125	17	35
216	125	17	35
217	125	17	34
219	126	17	34
220	126	16	35
221	127	15	34
223	127	16	35
224	126	16	37
224	125	16	38
224	125	16	38
226	126	15	37
226	126	14	35
228	125	14	37
229	126	14	36
230	121	18	41
230	120	20	44
231	120	22	45
231	120	22	50
232	119	23	50
232	120	23	53
234	121	23	51
235	122	22	53
235	121	23	53
235	121	23	53
235	122	23	53
236	122	23	53
236	122	22	53
236	122	23	53
236	123	22	53
237	122	22	53
236	122	22	53
239	123	21	49
240	124	22	46
244	128	21	41
248	128	17	39
249	130	16	37
251	129	16	37
251	129	16	36
252	131	16	35
252	131	17	35
252	131	17	35
253	132	18	36
255	131	17	36
255	131	17	36
257	131	17	37
257	131	17	37
258	131	17	37
260	132	17	36
260	133	16	36
260	133	17	35
262	133	17	35
262	133	16	35
264	134	16	34
266	133	15	35
266	134	15	34
266	134	15	34
267	134	16	33
267	136	18	32
267	137	18	31
268	140	18	29
268	141	18	28
268	143	19	25
269	144	18	25
271	144	17	25
271	145	16	24
271	144	17	24
271	146	17	23
272	145	17	24
270	146	19	23
271	145	19	24
271	145	19	24
272	143	18	25
271	144	19	25
271	143	19	26
270	141	20	28
270	141	22	27
270	141	22	28
271	140	21	28
272	142	20	26
273	140	19	28
273	140	19	28
272	139	20	30
273	138	19	31
273	137	19	32
275	136	17	34
276	136	16	33
277	136	16	34
277	136	16	34
277	136	17	34
277	135	17	35
279	134	17	35
280	135	16	36
281	135	18	35
281	136	20	35
283	136	20	35
284	136	20	36
284	135	20	36
289	134	17	36
291	134	16	37
291	134	16	37
294	134	17	37
295	134	18	37
296	135	18	37
298	135	18	36
299	135	18	36
300	135	17	37
301	135	17	37
302	135	16	37
305	135	16	37
305	134	16	37
307	133	15	37
308	134	17	36
309	134	18	37
309	134	19	38
310	134	18	38
312	133	17	38
314	133	17	38
315	134	16	37
317	134	15	37
317	135	15	36
319	136	15	35
321	137	15	34
321	136	15	34
323	137	15	34
327	137	13	35
328	138	14	33
329	136	15	35
329	137	15	35
331	136	18	34
335	136	19	33
338	135	19	35
341	135	20	37
337	136	18	36
310	136	20	36
276	137	17	35
255	137	19	34
245	132	21	41
214	134	25	43
190	137	19	39
197	138	20	38
198	139	18	38
200	139	19	38
204	138	18	38
207	139	17	38
209	139	18	38
215	135	20	34
217	137	19	38
221	131	19	39
222	137	19	37
224	136	18	39
228	136	17	39
233	140	17	37
236	141	17	34
241	143	15	34
242	145	17	33
243	144	16	34
247	145	16	33
247	145	16	33
248	146	17	33
250	145	17	34
250	144	17	34
251	143	17	35
251	142	17	36
252	140	17	37
252	140	17	38
253	140	18	39
253	139	18	40
253	140	18	40
254	140	18	41
255	140	18	40
256	140	18	40
256	140	17	39
257	141	17	38
258	142	18	39
258	141	18	39
260	140	18	40
261	140	18	41
261	139	18	41
262	139	18	39
262	139	18	40
265	140	17	38
265	141	18	39
271	141	17	40
274	141	18	40
274	141	19	40
275	141	19	38
277	142	19	39
278	141	20	41
280	140	19	40
281	140	19	41
281	140	19	41
284	140	19	41
285	141	19	40
287	142	18	40
288	142	18	38
289	143	18	38
292	142	18	40
293	141	18	40
295	141	18	40
296	141	19	42
296	142	19	42
297	142	21	41
299	143	21	40
300	143	20	41
301	142	19	41
302	142	20	41
304	143	19	40
305	142	19	42
306	142	20	41
309	142	19	40
310	143	19	39
311	144	20	39
313	144	19	39
313	144	18	38
313	143	18	39
315	143	18	41
318	143	18	40
318	144	18	39
319	144	19	39
319	144	19	39
321	144	19	39
