591	203	28	70
587	203	29	70
585	203	30	70
583	203	30	70
581	202	30	70
579	202	29	71
576	201	29	71
574	201	29	71
573	202	30	71
570	202	30	70
569	202	30	70
566	202	30	70
565	202	29	70
564	202	29	70
562	201	29	70
561	200	28	71
560	200	28	71
557	201	29	69
555	201	30	69
553	201	30	69
551	202	30	69
550	201	29	69
549	200	28	68
547	200	29	69
546	199	29	69
542	199	30	70
541	200	30	70
540	201	30	68
538	200	31	68
538	199	30	68
536	199	29	68
535	199	30	68
534	198	29	68
531	198	29	68
531	198	29	67
529	197	30	68
527	198	30	67
525	198	30	67
525	198	30	67
522	198	30	67
522	197	30	66
519	195	29	68
518	196	30	68
517	195	30	68
515	196	30	67
514	196	30	66
513	197	30	66
511	195	29	66
510	196	29	66
508	194	29	66
507	194	29	67
505	192	29	67
503	192	29	68
501	192	30	67
500	193	29	66
497	195	30	64
496	197	30	62
495	197	30	63
494	198	30	60
493	196	29	61
492	196	28	61
490	197	29	61
489	196	28	61
486	197	29	60
485	195	28	62
482	194	29	63
481	194	29	63
480	192	30	65
479	190	30	66
477	190	29	66
476	190	29	65
474	190	29	65
473	190	29	65
471	190	30	65
469	190	30	65
468	190	30	65
467	190	30	64
466	189	30	65
464	188	30	66
462	188	30	66
461	188	31	65
460	188	31	64
459	190	30	64
457	189	31	64
457	189	30	64
456	188	30	64
455	187	30	64
455	187	28	64
453	187	29	65
453	187	29	65
450	188	29	64
450	187	30	64
449	187	30	64
448	187	30	63
447	187	29	63
445	186	29	63
444	186	29	64
442	185	30	65
441	185	30	64
440	186	29	63
440	186	29	63
439	186	28	62
438	186	29	62
437	186	28	62
436	185	28	63
436	184	28	63
435	184	27	63
435	184	26	63
434	184	27	62
433	185	27	62
432	185	28	62
430	185	28	62
429	184	28	62
428	184	28	62
428	183	28	62
425	184	30	63
424	183	29	62
423	183	30	61
422	184	29	61
422	184	29	61
421	184	29	60
421	184	28	60
420	183	28	59
421	182	27	60
419	183	27	61
418	182	28	61
417	182	28	61
417	183	28	60
416	183	28	60
415	182	28	60
415	182	27	60
413	182	28	60
412	182	28	60
412	181	28	60
411	180	28	61
410	180	28	61
409	181	27	60
409	181	27	60
405	182	28	59
406	181	27	60
406	181	27	60
404	180	27	59
402	180	28	59
401	180	27	60
400	179	27	60
399	179	28	61
397	179	28	61
396	179	28	60
396	180	28	60
394	182	29	60
393	182	29	59
392	182	29	59
391	182	28	59
390	181	27	60
389	181	28	60
388	180	28	61
386	181	28	60
384	181	29	59
386	182	27	60
384	181	27	60
382	181	28	60
381	181	28	59
380	180	28	59
380	179	27	60
379	179	28	60
378	179	28	60
377	180	29	59
376	180	29	59
375	180	28	59
374	179	29	60
373	179	29	59
372	178	28	59
371	178	29	59
371	178	29	60
370	177	29	60
369	178	30	60
369	178	30	59
369	178	29	59
367	178	29	59
367	178	29	58
367	177	28	59
367	177	28	59
367	176	29	60
365	176	29	59
365	177	28	59
364	177	28	59
364	177	27	59
364	177	27	59
363	176	27	58
362	175	27	58
362	176	27	59
361	175	28	59
361	175	29	59
361	176	28	59
361	176	28	57
360	176	28	57
361	175	28	57
360	175	27	56
361	175	27	57
362	174	26	58
361	175	27	57
361	174	27	57
361	175	27	57
361	175	27	56
361	175	28	57
361	175	27	57
361	174	27	57
362	173	26	56
362	173	26	56
362	173	26	57
362	173	26	56
361	174	27	56
362	173	27	57
362	174	27	56
362	173	27	56
363	172	26	56
363	172	26	57
364	171	26	56
364	172	26	57
364	171	27	57
365	171	27	56
364	172	27	56
365	172	27	56
365	172	27	56
366	171	26	54
366	171	26	55
366	170	26	55
366	170	27	55
366	170	27	55
366	170	27	55
366	171	27	56
367	171	26	54
366	171	26	54
367	170	26	55
367	170	26	54
367	170	26	55
367	168	26	55
367	169	26	56
367	169	26	55
366	169	26	54
366	170	26	55
366	170	26	54
366	169	26	54
365	169	26	54
365	169	26	54
364	168	27	55
363	168	28	55
362	168	28	55
361	169	28	54
362	169	28	55
361	169	27	54
361	168	27	55
360	168	26	54
360	167	25	54
360	167	25	54
359	167	26	55
359	167	26	55
357	167	26	54
357	167	26	54
356	167	26	54
355	167	26	54
355	167	26	53
354	166	26	53
354	166	26	53
352	165	26	54
351	166	26	53
350	166	26	53
351	166	26	53
349	165	26	53
348	165	27	53
348	164	27	53
347	164	25	53
346	164	25	53
345	163	25	54
344	163	25	53
343	164	26	53
341	165	25	52
341	165	25	53
340	165	25	51
339	165	24	51
339	165	24	50
337	165	24	49
336	165	25	50
334	166	26	49
333	166	25	49
333	168	25	48
332	164	25	50
331	165	24	50
330	165	25	50
330	166	24	48
329	164	24	49
328	165	24	48
327	165	24	49
326	164	24	49
324	160	24	53
323	162	25	51
322	160	25	54
321	162	26	51
320	161	25	51
318	160	25	51
317	160	25	52
316	160	25	51
315	161	25	51
315	161	24	51
313	161	24	51
312	161	24	51
310	160	24	52
310	160	24	51
310	159	23	52
309	159	24	51
308	159	24	51
305	160	25	50
304	159	25	51
304	160	25	51
303	159	24	51
302	159	24	52
300	158	25	52
299	158	25	52
298	159	25	51
297	160	24	50
297	159	24	51
296	159	24	50
295	158	24	51
294	158	24	50
292	157	24	50
292	157	23	50
292	157	23	51
290	158	24	50
289	158	24	49
288	158	25	49
287	158	24	49
286	158	24	49
284	158	24	49
284	157	24	50
282	156	24	51
281	156	24	50
280	156	24	50
279	157	24	49
278	158	24	49
278	158	23	49
276	157	23	49
276	156	23	49
275	156	23	49
274	155	23	49
273	155	23	49
272	156	24	49
271	156	24	48
271	156	24	49
269	156	24	48
268	156	23	48
266	155	23	48
265	154	23	49
264	154	24	50
263	155	24	49
262	154	24	49
262	155	23	49
260	156	23	48
260	154	23	49
260	154	23	48
259	153	23	49
258	154	23	49
257	153	23	48
256	153	23	48
254	154	24	48
253	154	24	48
253	154	23	48
252	153	23	48
251	153	23	48
250	153	23	48
248	152	23	48
248	153	23	48
246	154	23	47
247	154	23	46
245	153	23	46
245	154	22	46
244	153	22	46
243	153	22	46
242	154	22	46
240	154	22	45
241	155	22	44
240	153	22	45
239	154	22	46
238	154	22	45
237	154	22	46
237	152	22	45
235	152	22	45
235	152	22	46
233	152	23	46
232	153	22	45
231	153	22	45
231	154	22	44
230	153	22	44
230	153	22	44
229	153	22	43
229	153	21	45
228	151	21	46
227	151	22	47
225	151	22	46
225	150	22	46
225	150	22	47
224	150	22	46
223	150	22	46
222	149	22	47
221	149	22	47
220	149	23	47
220	149	23	47
218	150	23	46
219	149	22	46
218	150	22	46
217	150	22	47
217	149	22	46
216	148	22	47
216	147	22	47
214	147	22	47
214	147	22	47
213	148	22	46
212	148	22	46
212	148	22	46
211	149	22	46
210	148	22	46
209	147	22	47
208	147	22	47
208	148	22	46
207	148	23	46
207	148	22	45
206	148	22	45
206	148	21	45
205	148	21	44
205	147	21	46
204	146	21	45
204	146	21	46
203	146	21	46
203	146	22	45
202	146	21	45
202	147	22	45
201	146	21	45
200	147	21	45
200	147	21	44
200	147	21	44
199	147	21	45
198	146	22	45
197	146	22	45
197	147	22	44
198	147	21	44
197	148	21	42
196	147	20	43
196	147	21	44
196	147	20	43
196	148	20	42
194	147	21	43
194	147	22	44
193	146	23	44
192	146	23	45
192	145	23	44
193	145	22	44
192	145	23	45
192	144	23	45
191	145	23	45
190	145	24	44
190	145	24	44
190	145	23	44
191	145	22	43
191	145	21	42
192	145	21	43
191	144	20	43
191	144	20	43
190	145	21	43
190	145	21	43
190	145	21	43
190	145	21	43
189	145	21	42
189	144	21	44
189	142	21	44
188	142	22	45
187	143	22	44
187	143	22	45
187	144	22	43
187	144	21	43
187	144	21	43
187	142	21	43
187	142	21	43
187	142	21	44
187	142	21	44
186	142	21	44
186	142	21	43
187	142	21	43
187	142	21	43
187	142	21	43
187	142	20	42
187	142	21	43
187	142	20	44
186	141	20	43
187	141	20	44
187	142	20	43
188	142	19	42
188	142	19	42
188	142	19	42
188	142	19	42
188	141	19	43
187	141	20	43
187	141	20	43
187	141	20	43
188	141	20	43
187	141	21	43
188	141	20	43
188	142	20	42
188	142	20	41
188	140	19	43
187	140	20	43
187	140	20	43
188	140	20	42
188	140	19	43
188	140	19	42
188	140	19	42
189	140	19	42
189	140	19	42
188	140	19	42
188	140	19	43
188	140	19	42
188	140	19	42
188	141	19	41
188	140	19	42
188	140	19	41
188	140	19	40
187	142	19	40
188	140	19	41
187	141	19	40
187	141	19	39
186	142	19	39
186	142	20	39
186	142	20	39
186	142	21	38
186	141	20	38
187	141	19	38
187	140	19	40
187	141	19	39
187	141	19	37
187	141	19	39
186	141	19	38
186	140	19	40
186	140	19	39
186	139	19	39
186	139	18	40
186	139	18	39
186	138	19	40
186	139	19	40
186	140	19	38
186	140	19	39
186	139	18	39
187	138	19	40
187	140	19	39
186	139	19	38
187	137	19	40
187	137	19	40
186	137	20	41
186	137	21	42
187	138	21	41
186	138	21	40
187	138	21	40
187	137	20	39
187	136	21	41
186	136	21	40
186	135	22	41
186	136	21	42
186	137	22	40
185	136	22	40
186	136	21	41
187	136	22	40
187	137	21	39
187	135	21	41
187	136	21	40
187	136	21	40
187	135	21	40
187	136	22	40
186	135	22	40
186	135	22	40
186	136	22	39
187	136	21	39
186	135	21	39
185	136	21	39
186	135	20	39
186	135	20	39
185	136	20	38
185	136	20	37
185	135	20	38
185	135	20	38
184	136	20	37
184	135	20	38
184	136	20	38
184	136	20	37
183	136	21	37
183	135	21	39
183	135	21	38
183	136	21	37
183	137	21	37
183	136	20	37
184	137	20	36
184	136	19	36
183	136	19	36
183	135	19	36
183	136	19	37
182	136	20	36
182	136	20	37
182	135	20	37
182	135	20	37
181	135	20	36
181	135	21	37
181	134	20	37
180	135	20	36
180	134	21	37
179	134	21	36
179	135	21	36
179	134	20	38
179	134	20	38
179	135	20	36
178	135	20	35
177	135	20	35
177	134	20	37
177	133	20	37
176	132	19	38
175	131	20	39
175	132	20	39
175	132	20	39
175	131	20	39
174	131	20	39
173	131	20	40
173	131	20	39
172	131	20	39
172	130	20	40
171	130	21	40
171	130	21	40
171	131	20	39
170	131	20	38
170	131	19	38
170	130	19	39
170	129	20	39
169	129	20	40
169	128	20	40
169	130	19	40
169	129	20	40
169	131	19	39
168	130	19	38
168	131	19	38
168	130	19	39
167	130	19	38
167	130	20	38
166	128	20	39
166	128	20	40
166	128	20	39
167	129	20	40
166	130	19	39
166	129	20	39
165	130	19	38
166	130	19	38
165	129	19	37
166	128	19	37
166	127	19	39
166	128	19	38
166	127	19	38
166	127	19	39
165	128	20	38
166	128	19	38
165	128	20	39
165	129	19	38
165	128	20	38
165	127	19	38
165	126	20	39
165	127	20	37
165	127	20	39
165	128	19	38
166	128	19	38
166	128	19	37
165	127	20	37
165	125	20	38
166	126	19	38
165	127	19	37
166	126	19	38
165	128	19	38
165	126	19	39
166	126	20	38
165	126	20	39
166	126	19	37
166	127	19	36
165	127	19	36
166	126	19	37
167	125	18	37
167	125	19	38
167	126	18	38
167	125	18	37
168	126	18	36
167	126	18	36
168	126	18	37
168	125	18	37
168	124	18	37
168	125	19	37
168	124	19	38
168	124	19	38
168	125	19	37
168	125	18	37
168	125	18	36
168	125	19	36
168	124	18	36
169	124	18	38
169	125	18	36
169	125	18	36
169	124	18	37
170	126	18	37
170	125	17	35
170	125	17	36
171	125	18	36
170	124	18	37
171	123	18	37
171	123	18	38
170	123	18	38
171	123	18	38
171	124	18	38
171	123	18	39
172	123	18	38
172	123	19	38
172	123	19	38
172	123	19	37
173	122	19	38
174	123	18	37
174	122	18	38
175	122	19	38
175	123	18	38
175	123	18	37
176	122	18	38
176	124	18	36
177	123	19	37
177	123	19	37
177	122	19	38
177	122	20	38
177	124	19	36
178	123	19	35
178	123	19	35
178	124	19	36
178	124	19	34
179	123	18	33
179	123	18	34
179	121	18	36
180	122	19	35
181	123	19	35
180	124	19	34
180	124	19	33
181	123	18	34
181	122	18	34
181	124	18	35
181	122	19	35
181	121	19	35
181	121	19	36
181	121	20	36
182	122	19	35
182	122	20	35
181	122	20	34
181	122	20	34
182	121	20	35
182	121	20	35
183	121	19	34
182	120	20	35
182	120	20	36
182	121	20	36
182	121	20	34
183	121	19	35
184	122	19	34
184	120	20	36
183	119	19	35
184	119	19	36
