556	236	27	64
554	233	30	63
551	231	30	63
552	231	28	63
549	230	29	63
548	230	28	61
546	228	29	62
547	228	28	62
545	227	28	61
544	226	28	61
542	225	28	60
542	225	28	60
541	224	28	59
540	223	27	59
538	221	27	58
537	221	27	59
537	221	27	58
535	219	27	58
535	219	27	58
535	218	26	57
534	218	27	57
531	216	27	57
531	216	26	56
530	215	27	56
528	213	26	56
528	213	26	56
528	212	26	55
527	212	26	56
526	211	26	55
525	210	25	55
525	209	26	54
523	210	25	54
515	208	30	55
486	206	29	56
447	207	29	53
434	206	25	53
422	206	28	53
423	205	27	53
422	205	25	52
423	205	25	52
420	204	26	51
418	203	26	51
417	203	26	51
416	203	26	51
413	201	27	52
411	201	25	50
412	200	25	50
409	200	25	50
407	199	26	49
406	199	26	49
405	198	26	49
402	198	26	49
399	197	26	49
400	197	25	48
394	197	26	48
393	196	26	48
392	196	25	48
387	196	26	47
386	195	26	47
382	194	26	47
379	193	27	48
375	193	26	47
374	193	26	47
370	192	27	46
368	192	27	46
365	192	26	46
362	192	27	46
360	192	27	46
353	190	27	46
351	190	27	46
349	190	28	46
343	190	29	45
341	190	29	45
333	189	30	45
331	188	30	45
329	188	30	45
321	188	31	45
315	187	31	45
313	187	31	45
308	187	31	44
300	187	32	43
299	187	30	44
295	186	32	44
291	185	33	45
283	183	32	46
277	184	32	45
273	185	32	44
270	187	33	41
261	184	34	44
259	183	32	45
254	182	33	46
244	184	36	44
243	186	33	42
238	184	33	43
234	183	33	44
225	183	35	43
217	181	36	44
213	183	36	42
203	181	36	42
200	181	35	43
197	181	34	42
194	179	34	43
183	179	36	43
179	179	35	42
176	178	34	43
165	178	37	42
161	180	37	41
157	179	35	41
147	180	37	40
144	180	36	39
140	178	35	40
131	178	36	39
127	179	35	39
124	179	32	38
