202	298	56	125
199	296	54	124
197	295	54	124
195	294	53	124
194	294	53	122
192	293	52	123
190	292	52	121
189	291	52	121
187	290	51	121
186	291	51	120
184	290	50	120
182	289	51	119
181	288	51	119
179	287	50	119
179	287	50	118
177	286	50	118
175	286	50	117
176	285	49	117
175	285	49	116
173	283	50	116
173	282	49	115
173	282	49	115
172	282	48	115
172	281	47	114
171	281	48	114
171	279	47	113
171	279	46	113
171	278	46	114
171	276	45	114
172	275	44	113
171	274	45	113
171	273	44	113
171	272	44	113
172	272	43	112
173	271	43	113
173	272	42	112
174	270	43	112
174	271	43	110
175	270	42	111
176	267	43	111
177	269	43	109
178	267	43	109
178	268	44	109
179	267	44	108
180	266	45	107
181	266	45	107
184	265	46	107
185	264	46	105
186	264	46	105
195	260	52	105
191	260	53	105
197	260	52	105
199	260	52	104
202	258	52	104
203	257	53	103
206	258	54	103
210	257	52	102
211	256	54	102
214	255	54	102
215	255	54	102
220	254	55	102
221	253	53	102
226	252	53	102
228	252	52	101
231	251	51	101
235	251	52	100
239	250	52	100
241	250	52	100
244	249	51	100
246	249	51	100
250	249	51	99
251	247	52	99
255	247	54	98
257	248	54	98
259	246	53	98
264	246	55	97
264	245	55	98
269	245	55	97
272	244	56	98
277	244	57	96
282	242	58	96
285	242	58	97
289	241	60	96
292	241	59	96
296	240	60	95
298	239	59	96
300	239	59	96
305	239	60	95
308	238	59	95
313	238	59	95
314	238	57	94
318	238	57	94
323	237	56	94
324	237	54	94
328	237	54	94
331	237	52	93
335	237	51	93
336	236	50	93
339	236	49	93
341	236	48	92
345	236	46	91
348	236	46	92
350	234	45	91
352	235	44	91
359	232	44	91
365	232	42	90
367	230	40	91
369	231	40	90
371	230	40	90
373	229	40	90
375	229	40	89
376	229	39	90
379	228	40	89
379	228	40	89
381	227	40	89
382	227	40	89
384	227	40	88
386	226	40	88
387	226	40	88
389	225	40	88
391	225	39	88
394	224	40	89
394	223	39	89
395	223	39	88
398	222	39	89
398	222	39	87
399	221	40	88
401	222	40	87
403	222	40	86
405	221	39	86
406	220	38	86
407	220	38	86
410	220	38	86
411	219	37	85
414	219	37	85
415	219	36	85
416	218	36	85
417	218	35	84
418	217	35	85
419	217	34	85
421	217	35	84
420	216	36	84
422	216	36	84
423	215	36	83
423	215	36	83
423	215	36	83
423	214	37	82
424	214	36	82
425	214	36	82
426	214	35	81
425	213	35	82
427	213	34	81
428	212	33	81
427	212	34	81
427	211	34	81
429	212	32	80
429	211	32	81
429	210	33	81
430	209	32	80
430	210	32	80
431	209	32	80
430	209	32	80
431	208	32	80
431	208	32	80
431	209	32	80
432	207	32	80
432	208	30	78
432	222	31	85
434	254	30	85
434	274	30	84
432	281	33	79
434	282	32	77
434	282	31	78
434	282	31	78
433	281	32	78
434	281	31	77
433	280	32	78
433	281	32	76
431	280	32	77
431	280	32	77
429	280	33	77
430	279	32	76
428	279	33	77
428	278	33	76
427	278	33	76
427	290	33	87
427	307	34	87
426	328	34	81
426	361	35	81
425	361	34	76
424	362	34	76
423	362	34	76
422	361	33	76
422	361	33	75
421	362	33	76
421	361	33	75
421	360	32	75
419	360	32	75
419	360	32	75
418	359	32	75
417	358	32	75
417	359	32	74
417	358	32	74
416	358	32	73
415	357	32	74
415	357	32	74
413	357	33	74
413	356	32	74
411	356	33	74
411	357	34	73
411	356	33	72
410	356	33	72
409	355	33	73
408	355	33	72
408	355	33	72
408	355	33	72
408	354	33	72
407	354	32	72
406	353	33	72
406	353	32	72
405	353	32	71
404	352	33	72
404	352	32	72
403	352	32	71
402	352	32	71
401	351	33	71
400	351	32	71
399	351	32	71
399	351	32	70
397	351	33	71
395	351	32	70
396	349	33	70
393	349	33	71
392	349	34	70
392	349	34	70
391	348	35	70
390	348	34	70
389	348	34	70
388	347	34	69
388	347	32	70
388	348	32	69
386	348	31	69
387	347	31	69
386	346	31	69
386	347	31	68
384	346	31	69
384	347	31	68
383	346	31	68
383	346	30	68
383	346	30	68
382	345	30	68
381	345	30	68
382	345	29	68
381	345	30	68
381	344	30	68
380	344	29	68
380	344	30	68
379	343	30	68
379	343	29	68
379	343	30	68
378	343	30	68
378	342	29	67
377	342	29	67
377	342	29	67
376	341	29	68
376	342	30	67
376	341	30	67
374	341	29	67
374	341	30	67
373	340	30	67
374	340	29	67
374	341	29	67
373	340	29	66
373	339	29	67
373	339	29	66
373	339	29	67
373	339	29	66
373	339	28	66
373	339	28	66
373	338	28	66
373	338	28	66
374	339	27	66
374	338	28	66
374	338	27	66
375	337	28	65
375	337	27	65
375	337	27	65
375	336	27	65
375	337	28	66
375	336	27	65
376	336	28	65
376	336	27	65
376	336	27	65
376	335	27	65
377	335	28	65
376	335	28	64
377	335	27	65
376	334	27	64
376	335	27	64
375	334	27	64
376	334	28	64
375	335	27	63
375	334	27	63
375	334	28	64
374	333	27	63
374	334	28	63
373	334	28	62
373	333	28	63
372	333	28	62
372	333	28	62
371	333	28	62
371	333	28	62
371	332	28	62
371	332	28	62
371	332	28	61
370	332	28	63
370	332	28	61
371	332	27	62
370	332	27	61
370	332	27	62
370	332	27	61
370	331	27	61
370	331	27	61
370	331	27	60
371	331	27	60
370	331	27	61
371	330	27	61
371	330	26	60
370	330	26	61
371	329	26	61
372	330	26	61
372	329	26	61
372	329	26	61
372	328	27	61
371	328	26	61
372	328	27	60
372	328	26	61
372	328	26	60
372	328	26	60
372	328	26	61
371	326	27	60
371	326	27	61
371	327	27	61
372	327	26	60
372	327	26	59
372	326	26	60
371	326	26	59
371	326	26	60
371	326	26	60
372	326	25	60
372	325	26	60
372	326	25	59
372	325	26	59
373	325	26	59
373	325	26	59
374	325	26	59
374	324	26	59
374	325	25	59
375	324	26	59
376	324	26	58
377	324	26	59
377	324	27	58
378	324	26	58
379	324	27	58
379	323	27	58
379	323	27	58
380	323	26	59
380	323	27	58
380	323	26	58
381	323	26	58
381	323	26	59
381	322	25	58
381	322	25	59
382	322	26	58
382	322	26	58
382	322	25	58
383	322	25	57
383	321	25	57
383	321	25	57
384	321	25	57
383	321	25	58
383	321	25	58
383	320	25	57
384	320	25	57
384	320	25	57
384	319	25	57
383	320	25	57
383	320	24	57
384	319	25	57
383	319	25	56
383	319	24	56
384	319	25	57
383	318	25	57
384	319	24	57
385	318	25	57
384	319	24	56
384	318	24	56
385	318	25	56
386	318	25	56
385	318	24	55
387	317	25	56
387	317	25	56
387	317	25	56
388	317	25	56
388	317	24	55
388	317	25	56
389	317	26	56
389	317	25	55
389	316	25	55
390	316	25	55
390	316	25	55
390	316	25	55
391	316	24	55
392	315	25	55
392	315	24	55
391	315	24	54
393	316	24	54
393	315	24	55
393	315	24	55
392	314	24	55
393	314	24	55
393	314	24	55
393	314	24	54
393	314	24	54
393	314	24	54
394	314	24	54
393	313	24	53
394	314	24	54
394	314	23	53
394	314	24	53
394	313	24	53
394	313	24	53
395	313	24	53
394	313	24	53
396	312	24	53
395	312	24	53
