474	161	15	26
474	159	13	28
474	158	13	28
473	158	14	28
472	159	14	28
472	159	14	27
471	159	13	28
470	159	13	28
469	159	13	28
469	159	13	28
469	159	13	28
467	159	13	28
467	159	13	28
465	159	14	29
466	159	13	27
464	160	13	28
464	159	13	28
463	160	14	29
463	159	13	29
462	160	14	29
461	160	14	29
460	159	14	28
460	160	13	27
461	160	13	27
459	160	13	28
459	161	13	28
458	161	13	28
456	161	14	29
457	161	13	28
454	161	14	29
455	161	13	28
454	161	14	28
454	161	13	29
453	161	14	29
452	162	14	29
452	161	14	29
451	162	14	29
450	162	14	28
450	161	14	28
450	162	14	29
449	162	14	28
448	162	14	29
448	162	14	28
448	162	14	29
447	164	14	29
446	162	14	30
446	162	15	29
445	163	15	29
445	163	15	30
445	163	15	30
444	163	15	30
443	162	16	30
443	163	16	30
442	163	16	31
443	163	16	30
443	162	16	30
442	162	16	30
441	163	16	30
440	164	15	29
440	164	15	29
440	165	15	29
439	163	15	30
439	164	15	29
438	164	14	29
438	165	15	28
437	165	15	30
436	165	15	28
436	165	14	30
435	165	15	30
434	165	15	31
433	165	15	31
432	166	15	31
431	165	16	30
431	166	16	28
430	166	16	29
429	166	16	28
428	166	16	29
429	166	16	30
427	166	16	31
427	166	16	30
423	167	15	31
421	168	16	31
421	167	16	32
421	167	16	31
418	167	16	32
419	167	16	31
419	167	16	31
417	167	17	30
416	168	17	32
416	168	16	32
414	168	17	32
414	168	17	32
413	167	17	32
412	167	18	32
412	167	18	31
412	168	18	33
411	168	18	33
411	169	18	33
410	168	18	34
410	168	18	33
409	168	18	34
408	167	18	35
408	168	18	34
407	167	17	35
408	168	17	35
408	168	17	34
406	169	17	35
407	168	16	34
407	169	16	34
406	168	17	35
406	169	17	35
405	169	17	35
404	170	17	35
404	170	18	35
403	170	18	34
402	170	17	35
402	171	17	34
401	170	17	34
401	171	16	34
400	170	17	35
398	171	17	33
399	172	17	34
398	172	18	34
398	172	17	35
395	172	18	35
396	172	17	34
395	173	18	34
392	172	17	34
391	173	19	34
387	174	18	35
385	174	18	35
383	174	18	34
382	174	19	36
381	173	19	35
380	174	19	35
379	174	19	36
379	174	19	35
378	174	20	34
377	175	19	35
376	175	19	35
377	175	18	36
376	175	19	36
375	175	18	35
375	176	19	35
374	176	18	35
373	175	18	36
372	175	18	36
371	176	18	36
370	176	19	36
369	176	19	37
368	176	19	37
368	175	19	37
366	176	19	36
366	175	19	36
365	176	19	36
365	177	19	36
363	176	20	37
362	177	19	37
362	177	20	36
360	178	20	37
354	178	19	37
351	179	20	37
349	179	20	38
348	179	21	38
346	179	20	38
345	179	21	38
344	180	21	38
343	180	21	38
342	180	21	38
340	180	20	38
340	180	21	38
338	181	20	39
338	181	21	38
335	181	20	38
335	181	20	38
334	181	20	38
332	182	21	38
331	181	21	38
331	182	21	38
329	182	21	38
327	182	21	39
327	182	21	39
325	183	21	39
325	183	21	39
323	183	21	39
323	182	21	39
321	183	21	40
320	183	22	40
319	183	22	40
319	183	22	40
317	183	21	40
316	184	22	40
312	184	22	40
309	184	21	39
307	185	23	40
307	186	22	41
306	185	22	41
305	186	22	41
304	186	23	42
302	186	22	42
302	186	23	41
300	187	24	41
299	187	23	41
298	187	23	42
296	187	22	42
295	188	23	42
293	187	23	42
294	187	23	42
292	187	24	43
292	188	23	42
291	187	22	42
290	188	23	42
289	188	23	43
288	189	23	42
287	189	23	43
284	189	24	43
284	188	23	42
282	189	24	43
281	189	24	44
280	189	24	43
279	190	24	44
279	191	23	43
276	191	24	43
276	190	24	44
274	191	24	41
275	191	24	43
273	191	24	41
273	191	24	40
270	192	25	42
270	192	25	41
270	192	25	42
269	192	25	42
267	192	25	40
267	192	24	38
265	193	24	38
265	193	24	39
263	193	22	38
263	193	23	37
261	195	23	38
259	195	23	39
258	195	23	38
257	196	23	38
251	198	23	37
249	196	23	41
246	198	23	40
246	197	24	42
244	197	22	42
242	198	24	41
242	199	22	42
240	199	23	43
237	198	23	45
237	199	24	46
236	199	23	46
233	200	24	45
231	200	25	45
229	200	26	45
227	200	28	45
226	201	26	44
226	201	25	42
224	202	26	43
223	201	25	43
223	201	24	42
223	202	24	41
221	202	23	41
221	203	23	41
220	202	24	41
217	203	24	41
216	203	24	41
214	204	25	42
212	204	25	42
211	206	26	44
210	206	26	44
209	206	25	44
207	206	25	44
206	207	25	46
203	207	27	46
202	207	25	47
201	207	25	47
200	208	26	48
199	208	25	49
198	208	25	49
195	209	26	50
194	209	25	50
193	210	27	50
192	210	25	50
191	210	25	51
189	210	25	51
188	210	26	51
186	211	25	51
186	212	26	51
185	212	26	51
184	212	25	51
184	212	25	50
181	213	26	51
181	213	27	51
178	214	27	52
178	214	27	51
177	215	26	52
176	214	27	53
175	215	26	53
173	215	27	54
172	215	27	53
171	216	28	54
169	216	27	54
168	216	29	54
167	217	28	54
167	217	28	55
165	217	28	54
165	218	28	54
163	219	31	55
162	219	30	55
162	218	30	54
161	220	28	54
161	219	31	55
160	220	29	56
159	219	27	55
159	221	27	55
160	221	26	56
158	221	27	57
158	222	28	57
157	222	27	57
159	223	27	57
158	223	27	57
158	224	26	56
158	224	27	55
156	224	26	58
156	226	28	56
155	226	29	57
153	226	31	58
153	227	30	58
152	229	30	57
151	230	29	56
150	231	30	56
149	231	29	56
149	230	31	57
147	231	30	58
146	231	33	59
145	232	33	58
146	232	33	59
145	232	32	60
144	232	33	60
144	233	33	59
144	234	33	60
144	234	33	60
144	234	34	61
143	235	33	62
142	236	34	62
142	235	34	63
142	236	33	63
141	237	34	63
139	236	36	65
139	239	36	65
138	238	36	66
139	239	36	65
139	240	35	65
137	239	36	66
138	240	36	66
137	241	37	66
136	240	38	68
136	243	37	66
134	242	39	69
135	243	38	70
134	244	39	69
134	244	38	70
133	245	38	69
133	246	37	70
129	247	36	69
128	249	37	68
130	248	37	70
129	250	34	69
127	250	37	70
126	251	35	70
125	252	36	72
123	252	37	71
122	253	37	72
123	255	35	72
123	255	37	73
122	255	38	74
120	256	36	74
121	256	38	74
119	259	34	73
119	258	37	75
117	262	35	73
118	260	37	75
116	264	36	72
119	262	36	76
115	264	35	73
119	265	35	75
114	265	36	75
116	267	36	76
115	266	39	78
114	265	40	79
114	270	36	77
117	268	38	80
113	269	42	81
113	271	42	80
112	272	43	81
112	270	43	83
113	272	41	81
113	273	42	82
112	275	43	82
111	274	44	84
113	276	43	85
