330	78	18	31
329	77	17	32
330	78	16	31
329	77	16	32
328	77	16	31
328	78	16	32
327	77	17	32
325	78	17	31
325	77	16	32
324	77	16	32
324	78	16	32
323	78	17	32
323	78	16	32
321	78	17	32
321	78	17	32
320	79	16	32
320	79	16	33
319	80	17	33
318	78	16	33
317	80	17	33
316	79	17	33
316	79	17	33
315	79	16	33
315	81	16	32
314	80	16	33
313	80	17	33
310	81	16	33
307	81	17	34
304	81	17	34
303	81	17	34
303	81	17	35
302	81	17	34
301	81	17	34
300	82	17	34
300	81	16	34
299	83	16	34
298	82	16	34
297	83	17	34
297	83	17	34
295	83	17	34
294	83	17	35
294	83	17	34
293	83	17	34
293	84	16	34
292	84	17	35
292	84	16	34
291	85	17	34
290	84	17	35
290	85	17	35
289	85	17	34
286	86	18	35
286	84	17	35
285	86	18	35
284	86	18	35
283	86	18	35
281	86	18	35
281	87	17	35
274	88	17	34
273	88	17	34
271	88	17	35
270	88	17	35
268	88	18	35
268	89	18	35
266	89	18	35
266	88	18	36
265	88	18	36
263	89	18	35
263	88	18	36
260	89	17	36
258	89	18	35
258	89	17	36
258	89	17	36
256	90	18	36
254	90	19	36
251	92	17	36
249	91	17	37
247	92	18	37
246	91	18	37
245	91	18	37
245	92	17	37
244	92	18	36
242	93	19	37
241	92	19	37
240	92	19	38
239	92	19	38
237	92	19	39
237	94	19	38
237	94	19	38
235	93	19	38
234	94	19	38
233	94	19	38
232	94	19	39
231	94	19	39
229	95	19	39
227	95	19	39
222	95	18	38
217	96	20	39
214	95	20	40
214	95	20	40
212	96	20	40
210	98	20	40
210	97	19	39
208	97	19	40
207	98	19	40
206	98	18	39
204	98	19	40
203	98	19	41
202	98	20	41
200	99	20	41
199	99	20	40
197	99	20	41
196	99	20	41
194	100	20	41
193	100	20	41
192	100	20	41
190	100	20	41
188	100	20	41
189	101	20	41
187	101	20	41
186	101	20	41
184	102	21	42
183	103	20	41
183	103	20	41
181	103	21	41
179	103	21	41
178	103	21	41
178	103	20	42
177	104	21	42
176	104	21	42
175	105	21	42
172	105	21	42
171	106	22	42
171	106	21	43
169	106	21	43
168	107	22	43
168	106	22	44
167	107	22	43
167	107	21	43
166	108	22	43
162	108	22	44
161	109	22	45
158	109	22	45
158	110	22	45
158	110	21	44
155	111	22	45
155	111	22	45
154	111	21	44
152	112	22	45
150	112	22	45
150	113	22	44
147	113	22	45
146	114	22	44
142	113	23	46
139	112	23	47
141	113	22	47
136	112	23	47
135	109	25	51
136	106	26	53
135	115	22	46
135	116	22	46
133	116	21	47
133	117	22	45
130	117	22	47
123	118	24	48
121	119	23	47
119	119	22	48
119	120	21	46
119	120	20	43
116	121	21	46
115	121	22	47
113	122	23	48
112	122	22	47
110	122	22	47
109	124	22	47
108	123	23	48
137	122	22	42
146	121	20	45
181	122	23	36
207	121	20	49
240	121	22	49
281	118	33	42
334	121	23	49
370	121	21	50
388	121	21	48
413	121	20	49
412	122	21	48
407	120	21	41
406	123	21	50
408	125	21	49
405	124	22	49
402	126	22	50
399	125	22	51
397	126	22	50
397	126	21	50
397	127	21	49
394	128	21	49
391	128	21	52
390	128	22	51
388	128	22	50
386	128	23	50
385	129	23	50
385	130	23	50
384	130	23	51
383	131	22	51
380	131	22	52
376	132	24	53
373	132	23	53
373	132	22	52
371	134	23	54
365	136	26	53
364	139	26	50
363	138	25	49
362	139	26	49
361	139	26	51
361	139	25	49
361	140	25	50
361	141	25	52
360	141	25	53
360	141	25	55
361	142	25	56
361	142	24	56
360	142	24	55
359	142	24	52
360	143	24	52
358	145	25	57
357	145	26	59
357	145	26	60
355	146	26	60
356	145	26	61
353	147	27	61
352	148	27	62
352	149	27	62
350	149	27	62
345	151	28	63
342	153	27	61
341	154	27	62
337	155	29	62
338	155	28	62
336	156	29	61
335	157	29	62
333	158	30	62
333	159	29	62
332	159	29	62
332	161	29	61
331	161	29	60
330	162	30	58
329	163	30	59
330	162	29	60
330	165	28	58
329	164	28	60
328	166	30	61
326	165	31	65
326	168	31	62
325	168	30	63
325	169	30	65
325	171	30	63
324	171	30	65
324	172	29	63
324	174	30	63
323	176	32	67
324	178	31	68
323	178	32	70
324	179	31	69
325	180	31	72
325	185	32	69
323	187	33	69
322	188	34	71
322	189	34	72
322	189	35	74
321	190	35	75
321	191	36	77
321	191	35	79
321	193	35	81
321	194	35	80
321	196	35	77
320	198	36	77
320	198	36	77
319	200	36	75
319	200	37	76
318	203	36	76
318	202	36	78
318	205	36	77
316	205	38	79
316	207	38	81
317	212	37	84
317	213	37	86
316	215	39	86
317	216	39	86
316	218	40	85
316	220	40	86
316	221	40	86
316	223	39	87
317	224	39	89
316	226	40	89
317	227	41	92
318	229	41	95
321	232	40	99
322	234	42	101
324	234	42	103
325	238	42	104
327	238	42	104
327	241	43	105
329	241	43	106
329	243	43	107
331	246	42	107
332	248	43	109
332	249	44	108
333	251	44	110
334	252	44	109
335	254	44	109
335	257	45	110
337	259	46	111
336	260	46	110
337	262	48	110
336	264	50	109
337	265	49	112
337	267	49	115
337	269	49	119
336	272	48	118
336	273	48	120
336	277	48	121
335	279	49	123
334	281	50	124
334	283	51	124
335	285	51	124
337	288	50	126
340	291	51	127
340	293	52	128
342	296	52	128
344	300	54	131
346	303	54	133
348	306	55	134
350	309	53	136
352	313	54	138
354	316	54	139
356	319	57	138
