208	218	37	37
210	215	36	42
211	213	36	43
214	211	34	41
217	213	33	41
219	213	35	41
221	211	33	41
224	212	33	41
226	210	34	42
228	209	32	41
230	207	32	42
230	207	35	42
232	205	34	43
234	205	34	42
235	205	35	42
236	208	34	39
240	205	33	41
240	205	34	40
241	204	34	40
243	202	35	41
247	201	35	43
247	201	36	43
250	201	35	42
251	201	36	42
252	202	32	42
252	200	33	43
254	200	35	43
255	199	34	41
256	199	33	40
258	200	34	41
258	200	34	41
258	200	36	40
261	199	34	41
262	197	38	41
262	197	36	38
266	198	32	37
267	196	32	38
268	197	37	38
271	200	34	36
273	196	34	40
274	196	37	40
275	194	34	39
276	196	37	37
278	194	37	38
279	194	34	38
282	197	33	35
282	199	37	34
281	196	40	35
284	195	37	35
287	194	36	36
289	194	37	36
288	191	37	37
290	191	38	38
293	191	38	38
293	192	37	37
295	192	36	39
298	193	35	37
299	191	36	37
302	190	34	39
302	187	34	40
302	190	36	36
304	189	35	38
304	189	36	39
305	188	37	39
307	187	39	40
309	188	38	40
309	187	37	41
310	186	39	40
310	186	37	39
310	186	37	40
311	185	40	39
311	185	39	40
312	184	39	42
312	182	38	42
311	183	39	42
314	181	37	43
312	182	39	42
312	182	39	42
311	185	39	41
314	184	38	40
312	184	38	40
314	182	37	42
313	182	37	42
314	183	38	41
314	181	36	42
314	182	39	41
314	184	36	40
314	184	37	40
313	185	36	40
313	183	36	40
313	184	37	40
313	183	38	40
313	182	38	41
313	182	37	41
313	185	39	39
312	182	37	41
313	186	39	39
313	183	38	41
313	184	38	40
314	182	38	41
312	183	37	40
312	182	37	41
311	185	40	39
313	185	39	39
312	185	36	40
313	185	39	40
313	183	38	40
314	183	38	41
312	184	38	40
313	183	37	40
312	186	38	39
314	184	37	41
313	183	35	42
313	184	39	40
313	186	37	39
314	183	38	40
313	185	36	40
314	184	39	40
313	185	36	39
314	184	38	39
313	184	36	40
314	183	38	41
313	185	36	39
314	185	37	38
314	184	36	39
313	185	36	39
313	187	38	39
315	186	36	40
314	185	35	39
314	186	36	38
313	185	36	39
314	185	36	39
314	185	35	38
313	185	37	38
312	186	38	39
315	185	37	39
313	187	36	38
312	186	37	38
314	183	34	40
311	185	38	38
312	184	39	40
311	184	37	39
313	186	39	38
314	184	35	42
311	185	37	40
313	184	37	40
312	186	37	38
311	183	36	40
311	186	39	37
312	187	37	38
313	188	37	37
312	187	37	38
313	187	36	37
313	188	37	36
313	184	36	38
313	184	36	38
313	184	37	39
312	185	38	38
313	185	38	39
312	186	38	39
313	185	37	38
313	185	37	39
314	185	36	38
312	184	36	38
313	182	39	41
312	184	38	41
313	186	39	38
313	185	37	40
314	184	37	41
313	184	37	39
312	183	38	40
313	183	38	40
313	183	37	40
312	185	38	39
312	184	39	39
312	187	38	38
313	184	38	40
313	185	36	38
313	185	37	38
313	184	37	38
312	185	38	38
313	185	38	38
313	186	38	38
313	186	37	38
313	187	37	39
313	188	37	36
314	182	36	41
313	185	36	38
313	184	36	39
313	186	37	38
314	186	37	39
313	187	36	38
313	185	37	39
313	187	38	38
313	185	37	39
312	184	38	38
312	183	38	40
312	182	38	41
313	184	37	41
313	188	38	38
313	186	37	38
313	186	37	37
313	185	38	38
313	184	37	39
312	185	39	38
312	187	38	37
313	188	37	37
313	186	37	39
313	188	38	38
313	186	37	38
313	183	38	40
312	182	37	41
313	184	38	41
312	181	37	41
314	187	38	39
313	185	36	40
311	185	36	40
313	185	38	41
313	183	35	40
313	183	36	39
311	185	38	40
312	184	37	40
312	185	39	38
313	185	36	39
312	187	37	38
313	184	37	39
312	187	39	38
313	183	38	40
312	184	38	39
314	185	39	39
313	185	37	38
313	185	37	38
312	185	37	38
313	185	37	39
311	186	38	38
314	184	36	40
312	184	37	38
312	186	38	37
312	187	37	38
312	186	36	38
312	184	37	39
313	185	37	38
313	185	36	39
313	184	35	39
313	185	37	39
312	185	36	38
313	185	37	39
313	187	36	38
313	185	36	39
313	183	37	40
312	186	37	38
312	182	36	42
312	185	37	38
314	185	38	39
312	182	36	42
312	185	39	38
313	185	37	40
313	182	37	41
313	184	37	39
314	185	37	40
313	182	36	41
313	184	38	40
313	185	38	40
313	184	38	41
313	182	38	43
312	184	38	40
315	181	36	43
311	183	38	39
313	183	38	41
312	183	38	41
313	183	38	41
312	186	37	40
313	183	36	40
312	184	38	41
312	184	38	41
312	182	36	41
313	183	38	41
312	185	38	40
312	183	37	40
312	185	38	40
312	184	38	41
312	184	37	41
312	183	39	40
313	183	38	41
311	183	39	40
312	185	40	40
312	185	38	40
313	185	39	40
312	185	39	40
312	183	40	41
312	183	39	40
313	183	39	40
312	183	39	40
312	183	39	39
313	184	38	41
312	184	38	40
312	183	39	41
312	182	39	42
313	183	39	42
313	182	38	41
312	181	39	42
312	184	38	40
313	183	39	41
312	181	39	43
312	182	38	42
312	182	40	42
313	181	38	43
312	182	39	42
312	184	39	40
312	182	39	41
312	183	40	41
313	183	39	42
313	183	40	41
315	185	41	40
317	182	38	41
316	184	41	40
316	185	43	39
317	184	42	39
320	185	42	39
322	185	40	39
324	184	39	39
326	185	40	39
329	187	40	37
328	184	42	38
330	185	43	38
332	186	44	37
332	188	43	34
336	188	42	35
340	188	41	34
342	188	40	34
341	186	41	35
344	183	40	37
346	184	40	37
347	184	41	37
352	185	40	37
353	184	40	36
355	184	41	36
356	186	41	35
357	184	42	36
359	183	42	37
362	182	42	37
365	181	40	37
366	182	41	37
368	180	39	38
370	182	40	37
372	181	38	37
373	182	41	35
377	180	38	38
379	181	38	38
381	181	36	37
383	180	40	37
384	181	39	38
384	180	40	37
388	180	37	38
390	179	38	39
391	179	38	38
392	178	38	39
393	177	38	41
394	175	40	41
395	175	40	40
398	176	38	39
399	178	39	38
400	178	39	38
402	177	40	37
402	178	40	38
404	177	38	39
406	178	37	38
409	177	34	39
413	176	31	39
414	176	31	39
416	176	32	39
418	173	32	40
421	172	30	41
423	170	30	44
424	169	29	43
426	170	29	42
428	169	28	41
431	169	25	43
432	170	25	42
433	168	25	43
435	167	24	41
436	168	23	40
436	167	23	41
437	166	23	39
439	168	22	38
441	168	21	38
442	166	21	39
442	166	22	39
443	166	21	38
443	167	22	37
445	166	22	38
446	164	22	38
446	163	22	38
446	163	22	36
447	161	23	38
448	160	23	39
448	160	23	40
448	158	23	40
449	158	23	40
451	160	22	38
451	158	22	38
451	157	23	40
452	158	23	37
452	156	24	39
455	157	23	38
454	154	24	40
454	153	24	40
456	152	25	39
458	150	26	41
459	151	25	40
460	150	25	40
461	149	26	38
463	153	24	38
464	144	26	41
464	145	24	40
466	143	25	41
468	142	25	43
468	129	28	53
467	128	31	53
468	124	32	55
467	122	33	56
465	122	36	58
468	120	36	61
470	119	36	58
476	124	35	53
486	133	29	41
487	136	27	39
490	136	25	40
490	135	27	40
490	136	27	39
492	134	28	42
493	137	28	39
495	136	28	39
497	137	31	38
499	135	31	37
502	135	29	37
506	134	27	37
508	135	27	36
508	131	27	39
510	132	28	37
513	130	27	36
514	130	29	38
515	129	29	37
518	130	28	35
520	127	29	38
521	126	30	39
522	124	30	40
525	123	31	41
527	122	29	40
530	125	30	38
531	120	29	41
533	122	27	39
535	123	28	36
532	127	30	32
500	122	34	38
487	121	32	38
464	119	33	39
444	120	36	38
425	114	31	40
405	113	33	42
399	113	31	41
409	113	29	40
408	113	27	40
410	115	29	33
411	113	31	38
414	111	30	38
415	108	30	40
416	112	29	38
420	112	29	38
421	110	28	39
424	108	27	39
425	109	28	38
427	108	27	39
423	113	32	30
393	113	36	32
377	109	36	33
356	111	32	33
340	113	33	31
314	108	34	33
318	108	28	32
318	110	29	33
321	107	28	33
321	105	27	33
327	105	26	33
327	106	26	32
329	104	26	32
332	105	25	32
334	104	25	33
333	103	28	31
338	103	26	33
336	99	29	35
337	99	29	34
340	102	29	33
343	101	28	33
345	100	28	33
346	100	28	33
350	101	26	32
349	94	27	37
353	96	26	33
354	97	27	33
354	96	27	32
357	97	27	32
358	95	27	33
361	95	26	32
362	94	28	34
362	95	28	31
364	92	28	33
366	92	28	31
368	91	28	34
371	90	25	34
371	89	26	36
373	89	26	36
374	86	27	38
374	85	29	38
367	84	34	38
336	84	31	39
326	83	31	36
298	86	32	36
280	85	34	35
258	85	31	36
248	87	28	34
256	87	26	31
256	86	24	32
259	81	24	32
258	82	25	33
264	80	24	36
261	77	25	36
266	79	23	33
265	80	26	33
268	78	25	34
268	76	26	33
272	77	23	34
276	74	22	36
277	74	23	35
279	75	22	33
280	72	23	35
283	73	23	33
283	72	24	34
284	71	25	35
288	68	24	36
290	65	24	39
291	68	25	38
293	60	25	42
294	64	24	40
296	62	25	40
298	62	24	39
299	60	25	39
300	59	27	39
302	60	26	38
303	59	26	40
306	59	25	39
308	57	26	37
312	61	23	36
310	55	26	36
315	57	25	36
317	56	25	39
321	54	24	39
323	56	24	35
324	54	25	36
325	53	26	36
326	51	25	36
332	51	25	36
334	50	24	36
336	48	24	36
337	49	25	36
339	48	25	34
340	50	25	33
342	49	25	33
344	48	25	34
346	51	24	31
348	61	25	47
350	92	24	37
352	125	23	34
354	147	23	44
355	173	24	32
357	173	23	31
359	171	23	31
360	173	24	31
362	170	23	33
362	168	23	32
363	171	24	30
364	170	23	32
366	169	23	30
367	170	23	29
369	170	22	31
370	167	22	30
370	167	23	31
373	170	21	30
371	167	24	30
373	167	23	30
375	168	24	31
374	166	25	32
373	165	26	30
375	165	26	33
377	164	25	31
378	164	25	32
379	162	25	34
379	160	26	35
381	161	26	34
382	160	26	36
383	161	26	34
384	164	24	30
384	162	25	32
384	160	27	33
385	160	26	34
387	160	26	34
386	159	27	33
387	158	29	36
389	159	27	34
390	158	27	35
390	159	27	34
391	159	27	34
393	160	26	32
393	160	26	34
393	160	26	33
394	160	26	33
395	161	24	33
395	159	25	34
394	160	26	33
394	160	27	32
393	158	28	34
395	160	27	31
395	160	27	32
395	159	28	34
395	160	27	32
395	160	28	32
395	161	27	33
395	159	28	32
394	159	28	32
395	159	27	32
394	159	27	33
394	159	28	33
395	159	28	33
394	159	28	33
394	160	27	32
394	160	27	32
394	159	27	32
394	160	27	32
395	161	26	31
394	160	27	31
393	159	28	33
395	161	26	32
394	159	27	33
394	160	27	31
394	160	27	32
395	160	27	31
395	161	27	31
395	159	28	33
394	160	27	31
395	160	26	30
396	160	25	31
394	160	26	31
394	160	27	30
396	161	26	30
395	160	27	32
397	159	26	32
398	157	23	33
398	157	23	33
398	157	24	33
399	159	22	31
397	161	24	29
398	160	23	30
399	160	24	30
397	157	25	33
389	128	32	56
388	126	35	74
389	124	35	77
389	124	36	77
390	125	36	76
390	124	34	76
391	124	33	76
393	125	31	77
394	125	31	74
394	125	31	73
395	125	32	72
395	125	32	75
396	124	33	74
396	124	35	76
397	124	36	74
397	121	38	75
397	123	39	73
398	123	37	74
398	122	37	71
398	123	40	75
397	123	40	69
398	124	38	71
397	124	40	70
398	124	43	72
398	124	40	66
398	123	44	71
398	122	42	73
398	122	42	72
398	121	42	73
400	122	40	70
398	121	42	70
400	120	44	70
398	122	44	71
399	120	40	72
398	121	40	69
400	122	40	67
399	122	40	70
398	121	39	71
401	121	41	68
402	121	36	71
402	121	40	69
404	119	40	69
404	119	41	71
403	118	39	70
404	118	39	70
404	118	39	69
402	118	40	68
402	119	39	69
411	119	37	68
410	115	38	73
409	115	37	70
410	114	35	70
411	114	34	67
411	110	33	60
412	111	33	66
413	111	33	67
414	112	33	67
414	114	33	69
416	115	31	72
418	113	32	76
418	114	33	75
419	112	32	76
420	111	30	75
421	111	31	75
423	111	30	76
424	111	29	75
424	110	28	75
425	110	29	74
426	110	29	73
428	111	31	72
427	112	33	72
427	111	31	68
430	113	31	65
429	110	30	67
431	111	29	60
431	110	28	64
433	110	27	54
431	109	27	55
432	109	27	55
433	109	27	53
433	109	27	52
433	108	26	50
435	108	26	50
436	106	26	54
437	107	27	55
437	109	29	57
439	109	28	59
438	107	27	63
442	109	27	67
442	108	30	67
442	107	30	70
442	107	31	67
443	107	30	67
443	107	29	68
444	107	30	70
443	102	31	58
444	108	30	68
445	108	30	69
444	107	31	70
445	107	32	69
446	105	31	70
446	105	31	67
447	105	30	71
448	105	30	73
447	105	30	73
449	105	30	72
448	106	30	71
449	105	30	72
450	105	30	72
451	106	30	73
452	108	30	71
452	106	29	71
453	105	30	70
453	104	30	71
453	102	30	71
454	102	30	72
453	101	31	74
454	103	31	72
454	104	32	70
454	104	32	71
453	104	33	67
453	104	32	69
454	103	33	70
453	102	34	69
453	102	33	68
454	103	33	69
454	102	32	70
453	101	33	70
453	97	32	59
453	99	32	58
455	99	29	64
455	99	29	65
423	139	30	34
427	142	23	31
429	143	21	30
428	144	22	29
429	146	20	28
430	145	19	28
431	145	19	26
431	146	19	26
430	146	18	26
432	146	17	26
432	146	18	25
433	147	18	25
433	145	17	25
434	146	17	26
432	144	18	25
434	145	17	25
432	139	19	29
434	137	19	31
432	140	19	30
434	141	19	29
435	138	19	31
434	138	21	31
434	136	21	31
433	136	21	33
434	139	19	30
436	140	18	29
436	141	18	28
435	141	19	28
436	140	19	29
436	135	19	33
435	135	20	32
437	135	20	34
436	133	19	34
437	137	19	30
436	139	19	29
437	138	19	31
435	129	21	36
462	96	26	53
463	97	26	60
462	95	28	60
463	96	27	61
463	95	28	66
461	95	31	66
463	95	31	67
463	94	31	66
462	95	32	65
462	94	31	65
462	94	32	62
462	93	31	62
463	93	29	63
463	93	29	61
464	93	28	60
465	93	26	65
465	94	26	66
465	94	28	65
465	93	29	64
464	92	29	65
466	93	29	63
466	91	30	67
466	92	29	66
466	91	29	67
465	91	29	66
466	91	29	65
466	92	27	67
467	93	28	66
467	92	28	64
466	93	28	65
467	93	29	63
466	90	30	65
466	89	30	65
467	89	30	66
467	89	29	65
466	89	29	64
466	89	29	64
467	89	28	59
468	88	27	64
468	89	27	64
469	90	27	63
470	91	26	64
470	90	27	63
470	90	28	61
470	89	28	62
470	87	28	65
471	88	28	64
471	87	28	66
472	88	28	65
471	87	28	63
471	87	27	65
472	88	26	64
472	90	27	60
473	88	27	64
473	89	27	64
473	88	27	62
472	87	28	62
472	86	28	64
472	85	29	65
472	84	29	67
473	85	30	62
473	85	28	63
473	85	27	65
474	86	26	65
475	86	25	64
475	85	26	66
475	86	26	63
476	84	26	65
476	84	26	65
476	82	25	66
477	83	26	66
476	83	27	63
477	83	27	65
476	82	29	61
476	83	27	62
477	82	28	66
477	82	28	64
477	82	27	64
477	83	27	64
477	82	28	65
477	84	27	60
477	83	28	62
476	82	28	60
476	79	28	62
477	79	26	62
477	79	27	63
478	79	25	61
478	79	26	63
478	78	26	63
478	78	26	62
478	78	25	63
478	77	26	64
478	77	27	64
479	80	25	62
479	77	27	63
479	77	28	62
480	77	29	63
480	76	28	65
481	76	28	65
481	78	28	63
482	79	28	62
482	80	27	62
482	79	27	59
482	78	27	59
482	79	27	58
482	80	26	60
483	77	27	61
483	77	27	62
483	75	27	63
483	74	27	62
483	72	28	64
483	73	29	53
484	72	26	55
485	72	27	53
486	76	26	59
486	74	28	58
487	73	27	57
506	75	29	49
488	80	24	56
507	81	29	49
508	74	27	51
490	71	25	58
489	70	27	57
490	77	25	57
491	74	25	60
492	74	26	59
492	71	29	62
493	72	29	62
493	75	30	62
493	76	30	59
492	76	31	60
492	73	31	59
492	71	34	57
491	70	33	56
489	70	35	56
491	71	32	56
493	69	30	57
491	69	34	57
495	69	29	56
497	68	29	58
498	67	28	59
498	68	27	60
500	69	27	59
501	73	26	60
503	71	25	60
502	70	26	59
503	71	24	58
504	69	24	59
505	78	25	56
504	69	27	58
