435	127	15	38
433	133	17	42
432	137	17	40
432	145	17	39
431	151	17	40
431	150	18	40
429	145	19	40
429	142	18	41
428	138	18	39
428	136	18	39
426	131	19	39
426	127	20	41
425	123	20	43
424	119	20	41
422	117	21	41
421	119	22	41
418	128	22	41
418	132	22	42
417	139	22	39
413	144	24	43
411	149	26	43
409	159	27	42
407	163	27	43
404	168	28	40
399	171	30	39
397	172	32	39
392	173	32	39
391	172	34	41
388	173	35	41
385	175	35	40
382	175	33	39
378	177	35	38
376	177	34	38
372	179	35	39
369	179	35	40
366	180	35	39
363	181	34	37
360	181	36	37
357	183	35	37
353	182	35	39
352	184	35	38
349	184	34	38
346	185	35	38
343	184	34	38
339	184	36	38
337	185	35	40
334	184	35	40
332	186	36	40
329	188	37	39
327	188	37	39
322	189	38	39
320	189	37	39
317	189	39	40
315	188	39	43
313	192	40	39
309	192	39	39
306	193	39	39
303	191	40	40
299	194	40	41
298	193	40	41
295	196	40	40
292	196	40	41
291	197	39	41
287	200	39	38
285	199	39	39
282	198	38	41
278	201	39	40
277	200	40	42
275	202	38	40
272	202	38	41
268	203	38	40
266	203	37	41
263	205	37	40
260	206	40	41
258	207	40	42
255	206	37	41
250	208	40	40
248	207	40	41
254	209	40	40
259	209	40	42
261	210	41	42
270	211	41	42
272	210	42	42
277	212	41	41
281	212	41	41
287	214	41	42
294	214	40	43
296	214	43	42
304	216	41	42
307	217	43	41
311	216	42	43
314	217	42	42
321	219	41	42
323	219	42	42
329	220	44	41
331	221	45	41
336	219	45	44
340	219	46	46
348	222	45	43
349	222	47	45
351	222	47	43
358	225	46	40
360	226	48	42
363	224	48	43
368	223	48	47
371	227	48	44
377	227	47	44
378	228	49	42
382	229	49	41
389	231	47	43
391	230	48	45
395	227	48	47
400	230	47	45
402	231	46	45
409	233	45	45
412	233	46	46
418	234	45	47
420	237	46	44
424	237	46	44
428	238	44	45
433	238	44	45
434	239	47	46
439	240	45	46
444	242	43	46
445	242	46	47
453	244	44	46
454	245	45	45
456	244	46	46
460	245	47	46
463	247	47	47
469	247	47	47
468	249	49	45
466	250	47	46
461	248	50	48
454	251	50	47
453	252	47	47
449	252	49	48
444	254	48	48
440	255	49	48
438	255	48	47
429	256	49	46
426	256	49	48
422	258	47	48
420	257	48	49
419	260	44	47
412	259	46	46
416	260	37	47
415	262	34	44
418	259	27	47
418	260	24	46
414	262	23	44
406	260	27	45
373	274	31	37
370	275	28	36
365	279	29	39
362	280	32	37
359	279	35	38
354	280	38	36
352	280	41	39
350	279	44	38
342	279	50	41
340	277	50	45
339	274	49	46
338	276	46	45
337	276	50	44
338	272	54	51
340	273	53	52
344	275	54	53
346	272	56	56
348	277	56	53
352	281	58	50
357	281	56	49
357	290	52	42
361	292	53	42
364	290	56	44
366	285	56	48
367	289	57	46
369	290	58	46
372	288	58	48
375	290	57	49
375	292	57	48
379	294	58	46
381	291	57	51
383	294	57	47
386	296	56	46
390	296	54	49
392	297	54	50
396	295	53	51
397	299	54	49
400	297	55	52
405	303	53	47
407	303	53	49
409	302	54	52
413	301	51	54
415	310	51	45
419	312	49	46
420	309	53	48
424	308	53	50
426	309	53	51
428	310	52	51
430	311	53	50
432	314	53	48
434	317	57	48
437	318	56	49
437	316	56	49
437	317	59	52
440	318	59	48
442	321	58	48
441	321	60	48
444	323	61	49
446	320	60	52
446	323	60	52
448	323	62	51
450	323	62	53
451	325	64	52
453	327	64	50
456	326	61	54
457	329	61	53
458	330	63	51
461	333	61	50
462	331	62	53
463	333	63	52
465	331	62	55
467	334	61	55
470	333	62	54
469	337	63	54
474	340	61	53
475	340	62	52
475	339	62	56
476	340	63	57
479	341	63	56
479	343	62	55
479	347	63	51
481	348	65	51
481	347	63	55
481	347	64	53
483	352	64	47
483	352	64	49
484	355	65	48
486	354	66	48
485	353	64	54
484	354	65	53
485	355	66	51
485	357	67	51
485	357	67	51
485	359	67	51
485	358	66	53
485	361	68	49
483	362	70	49
485	360	69	51
486	365	69	49
472	363	75	52
465	364	72	50
459	364	72	54
449	365	75	54
445	364	73	53
434	369	74	51
425	367	77	51
415	368	74	54
408	368	74	54
397	370	74	53
393	371	72	51
382	371	73	53
371	372	75	53
363	371	72	56
356	373	73	55
347	375	75	53
337	378	76	51
329	377	80	52
321	377	73	54
313	377	74	57
304	377	76	57
297	381	74	52
289	381	79	53
276	383	75	50
268	381	66	53
263	373	75	55
251	368	77	54
249	369	69	51
234	359	77	53
226	355	75	54
217	355	73	52
209	345	74	55
203	343	70	58
190	338	74	53
181	336	77	55
170	330	73	53
164	326	71	55
151	324	80	55
140	319	76	54
136	323	75	52
122	322	78	53
116	323	77	55
107	322	74	54
93	324	78	55
87	327	79	54
77	328	77	55
69	330	82	53
58	329	81	54
60	329	76	56
56	329	80	55
56	330	78	54
54	331	80	53
54	333	78	52
52	332	77	54
49	334	79	54
48	333	80	54
45	335	79	53
48	335	77	54
40	336	83	52
44	336	74	54
44	336	75	54
42	336	76	54
38	337	78	52
39	338	76	53
37	338	75	53
36	336	74	56
34	336	76	56
32	338	77	55
30	338	76	56
29	340	76	54
28	341	74	52
26	341	74	55
22	341	78	56
22	342	75	54
22	342	76	54
21	343	76	53
17	344	77	52
17	344	74	53
15	344	76	54
13	345	76	52
12	346	76	51
11	345	78	51
10	344	76	52
7	343	76	52
8	343	77	53
4	343	81	52
3	345	81	50
4	345	81	48
4	344	76	50
4	342	75	51
4	343	77	51
3	343	78	50
2	342	77	50
3	344	77	48
4	339	74	52
2	338	75	54
