414	141	14	22
413	139	13	28
413	140	13	27
412	141	14	26
412	141	13	26
410	141	13	26
409	142	14	26
409	142	13	27
408	140	13	26
407	141	14	26
406	139	14	29
404	140	14	29
405	140	14	28
405	140	13	28
405	141	13	28
405	142	13	28
403	142	13	27
401	142	13	28
400	141	14	29
399	142	14	28
398	143	14	27
398	143	14	27
398	144	14	27
397	143	13	27
397	143	13	28
396	144	14	28
394	145	14	27
393	145	15	27
392	145	14	27
392	145	14	29
391	146	14	27
391	146	13	27
389	145	14	26
389	146	14	26
386	147	14	25
386	147	15	25
383	148	14	34
384	147	14	37
383	147	16	39
382	145	17	40
379	144	18	40
384	145	21	40
385	145	22	40
387	146	21	39
386	147	22	38
390	147	18	37
375	144	14	33
373	147	15	30
372	146	14	30
371	147	14	31
370	149	15	28
369	148	14	29
369	149	15	28
368	149	15	29
367	148	15	31
366	151	15	28
364	150	15	29
363	150	15	31
361	150	16	31
360	150	16	31
358	151	16	31
358	151	15	30
356	151	16	30
354	152	16	31
352	152	16	30
351	152	16	32
350	152	16	32
349	153	17	30
347	153	17	32
347	153	17	32
344	153	17	31
343	153	16	32
342	154	17	31
341	153	16	33
340	151	16	35
338	154	16	32
337	153	16	32
336	152	16	36
335	152	17	35
333	152	17	35
331	152	17	36
329	152	18	36
329	153	16	36
328	153	17	36
327	153	17	37
326	156	17	34
324	155	17	35
323	154	17	37
321	155	18	36
321	154	17	37
318	157	18	35
317	156	17	36
317	159	18	32
316	159	17	33
314	155	18	38
315	155	17	38
313	156	17	37
312	156	17	38
311	157	18	37
310	158	18	36
309	157	18	37
309	158	17	36
306	160	18	37
306	160	18	35
306	161	18	36
305	162	18	34
303	160	18	37
302	160	18	37
302	159	19	38
300	158	20	40
299	160	19	38
299	161	18	38
296	160	18	40
296	160	18	40
296	160	17	41
294	162	18	39
295	160	19	41
292	163	19	40
292	162	18	39
291	162	18	40
290	162	19	39
288	163	18	40
288	163	18	39
287	163	18	40
286	163	18	40
285	163	18	41
284	163	18	41
283	163	19	40
283	164	19	41
281	165	19	40
281	164	19	41
280	164	19	42
279	164	19	42
278	165	19	41
278	166	20	42
276	166	20	42
276	166	19	43
274	166	20	42
273	166	20	42
272	168	19	42
272	166	20	42
270	168	20	43
269	167	20	42
268	167	20	44
267	169	19	43
267	167	19	44
267	169	19	43
264	168	20	44
263	167	20	46
262	169	20	43
260	170	21	44
261	169	20	45
259	170	20	45
259	170	20	44
256	170	20	45
256	170	21	45
256	171	20	45
254	171	20	46
253	171	20	45
252	172	21	46
251	172	20	46
250	173	20	45
250	172	20	46
248	172	20	46
248	173	21	46
247	174	20	46
246	174	20	46
245	175	20	45
245	175	20	46
243	175	20	47
243	175	20	48
242	176	20	47
241	176	20	47
241	176	20	47
240	176	21	47
238	178	21	47
237	177	22	48
238	178	21	48
237	177	21	48
236	177	21	49
235	179	21	48
234	178	22	48
233	180	21	47
232	180	21	49
231	180	22	49
230	181	22	49
230	181	22	49
229	181	22	49
228	181	22	49
228	181	22	50
227	183	22	50
226	182	22	50
225	182	23	50
224	184	23	50
224	184	23	49
223	183	23	50
222	184	23	50
222	185	23	47
221	185	22	49
221	186	23	49
219	186	23	50
219	186	23	50
219	187	22	49
218	187	23	48
218	187	23	48
217	189	22	49
217	188	22	49
217	189	23	49
216	189	23	49
216	189	23	49
216	189	23	49
215	190	24	50
216	190	24	51
215	191	24	50
214	192	24	50
215	191	24	51
214	192	24	50
214	193	24	51
214	193	25	52
214	194	25	51
213	193	25	53
214	193	25	52
214	194	25	52
214	195	24	51
214	196	25	53
214	196	25	53
214	197	25	53
214	197	25	54
214	197	25	50
213	198	26	50
213	198	26	53
213	199	26	50
213	199	26	53
213	199	26	50
211	199	26	52
213	199	26	53
211	200	26	54
211	201	26	52
211	202	26	53
208	203	29	51
210	201	27	54
210	203	27	54
207	203	29	54
207	204	28	55
207	205	28	54
207	205	27	53
208	206	27	52
206	206	27	51
206	207	27	51
205	207	27	52
206	207	27	53
203	208	28	53
203	208	28	53
203	208	29	52
202	208	28	53
202	208	29	52
200	210	29	50
201	210	28	48
199	211	28	52
198	211	30	55
198	211	28	54
197	213	29	53
195	214	30	54
195	213	29	54
193	213	28	54
192	214	29	56
191	213	28	60
189	213	30	61
189	214	30	61
188	216	31	63
186	216	35	66
184	216	36	63
183	217	35	59
182	218	31	57
182	217	29	61
182	217	26	60
181	218	26	58
181	218	25	56
179	219	26	57
176	220	28	60
175	220	28	57
174	222	26	55
169	223	30	56
171	222	27	56
168	224	27	52
168	224	27	53
165	223	27	52
165	223	27	52
157	224	32	50
159	225	30	51
156	228	33	50
157	224	29	45
155	220	25	40
158	220	20	31
158	220	19	22
156	222	19	22
156	222	19	24
154	220	22	24
156	222	20	26
152	222	23	28
156	221	19	29
158	221	19	28
157	222	19	29
157	221	19	31
159	216	19	19
157	221	18	20
159	220	17	20
158	220	18	14
161	221	16	14
160	220	16	15
161	219	16	15
160	220	15	17
161	220	15	14
160	221	16	13
161	221	16	14
160	221	15	14
160	218	17	16
160	221	16	16
160	220	17	15
159	221	17	14
161	221	15	17
161	220	16	13
160	221	16	14
160	220	16	15
161	220	16	15
160	221	16	13
159	220	16	15
162	220	15	15
160	219	16	14
160	221	17	14
160	221	16	14
162	219	16	15
160	220	17	14
160	221	16	15
160	220	16	14
160	221	16	14
160	220	16	16
160	220	16	13
159	222	16	13
160	221	16	14
160	219	16	14
160	221	16	14
160	221	16	16
160	220	17	15
160	221	16	14
160	220	16	14
160	218	17	16
159	220	17	14
160	220	16	15
159	221	17	13
159	220	16	15
159	222	16	15
161	220	16	14
162	220	15	13
160	220	15	15
160	221	16	15
159	221	15	13
160	220	15	15
161	220	16	14
159	220	16	14
159	221	16	15
159	220	17	13
160	221	16	14
160	220	16	15
160	220	17	14
159	220	17	14
159	221	16	15
160	221	16	14
160	221	15	13
161	220	15	14
160	219	16	14
160	219	16	15
158	217	17	19
160	221	17	15
160	220	16	13
160	220	16	15
160	221	16	14
160	220	16	14
160	221	16	14
161	220	15	14
160	220	17	14
160	221	17	14
160	220	15	15
162	219	15	14
161	221	16	13
161	221	15	15
160	221	16	13
161	221	16	14
159	220	16	15
161	220	16	15
160	220	16	14
159	221	16	14
159	222	16	13
161	220	16	15
161	220	15	14
160	220	16	14
159	221	16	14
160	220	16	16
159	221	16	14
158	221	17	13
160	220	16	15
161	219	16	15
159	220	17	13
160	221	17	14
159	220	15	15
160	221	17	13
160	221	16	14
160	221	15	16
160	221	15	15
161	220	16	14
160	220	16	14
160	221	16	13
161	219	16	14
160	221	16	13
161	220	15	14
160	220	16	14
160	219	16	15
159	221	17	14
160	221	16	14
161	220	16	14
161	220	15	14
160	220	16	14
160	219	16	15
159	220	17	13
161	220	16	13
160	220	16	14
160	220	16	14
160	219	17	14
159	221	16	13
160	220	15	15
160	221	16	14
160	220	16	13
159	220	16	15
160	219	16	15
160	220	16	15
160	220	16	15
161	221	16	13
159	220	16	14
159	221	17	15
160	221	16	14
160	221	16	15
159	221	16	14
160	220	16	14
161	220	16	13
161	220	16	14
160	220	15	14
161	221	15	14
159	220	16	13
159	219	16	14
160	220	17	14
159	221	17	14
160	221	16	16
161	219	16	14
159	221	17	13
161	221	16	14
160	220	16	15
160	221	15	15
160	221	16	16
161	220	16	14
160	220	16	14
160	221	16	14
159	220	17	15
160	220	16	14
160	219	16	13
161	220	16	14
161	220	16	15
160	220	16	14
160	220	16	14
160	219	17	14
159	220	16	14
161	220	15	14
161	219	16	15
160	221	16	15
159	220	17	14
159	221	16	14
159	220	17	15
159	221	15	13
160	221	16	12
161	220	16	14
160	221	16	15
160	221	16	13
160	220	16	15
159	220	16	16
159	222	17	16
160	221	16	13
159	220	17	13
160	221	16	15
161	220	15	13
161	219	15	14
160	221	16	13
160	220	16	13
158	220	17	14
160	221	17	14
161	220	16	15
161	219	16	15
159	220	17	14
160	222	17	13
160	221	16	13
160	222	16	17
160	221	17	14
161	219	16	14
159	221	16	14
160	221	15	14
161	220	16	13
160	221	16	14
160	220	16	14
160	220	16	15
160	219	16	14
159	221	16	17
160	220	17	14
160	220	16	13
160	219	16	16
159	221	16	15
160	220	17	13
160	221	16	15
159	221	17	13
161	220	17	15
160	221	17	15
160	220	16	13
161	219	16	14
160	220	16	13
159	220	16	15
159	221	17	14
160	220	16	15
160	221	16	16
160	221	16	14
159	221	16	14
160	221	16	14
160	221	15	14
160	220	16	14
160	220	15	15
164	220	14	15
161	219	15	14
160	220	15	15
161	220	15	15
159	221	16	13
160	220	16	14
159	221	16	15
161	220	16	13
159	219	17	14
159	221	17	14
159	221	17	13
160	220	16	15
159	220	16	16
160	220	16	15
160	221	16	15
160	221	15	12
159	221	17	13
161	220	16	14
159	220	16	15
160	219	17	15
161	219	16	14
159	221	16	14
161	220	16	14
159	220	16	14
160	221	16	14
160	220	16	13
161	219	16	15
160	221	15	15
160	219	17	15
161	220	16	14
159	221	16	15
160	221	16	14
160	220	16	14
159	220	17	14
160	220	17	15
160	221	17	13
160	221	17	14
159	221	16	15
161	219	16	14
159	220	17	15
160	221	16	14
160	221	16	13
160	220	16	14
160	220	16	15
159	220	16	14
160	221	16	13
160	221	16	13
159	221	16	14
161	219	15	15
161	221	16	13
161	219	16	15
