216	143	15	22
216	142	14	26
216	142	14	26
217	143	14	26
217	142	15	26
217	143	15	26
218	142	15	26
218	143	15	26
218	143	15	26
219	144	14	26
219	144	15	26
219	143	15	27
221	144	15	27
221	144	15	28
222	145	15	29
222	145	16	28
225	145	16	31
225	145	15	31
226	146	15	31
228	147	16	32
230	146	16	34
230	146	16	32
231	145	16	33
232	147	16	33
234	147	16	32
238	147	16	35
239	148	18	41
240	148	19	42
241	147	20	43
241	147	20	44
243	146	20	43
243	147	20	42
244	148	21	42
245	148	22	43
245	148	24	43
245	148	25	44
246	146	27	45
256	148	22	43
258	148	21	43
260	148	20	43
262	148	18	43
263	149	19	42
264	149	19	42
266	150	19	42
266	150	21	42
268	149	22	42
267	149	23	42
270	149	22	42
271	150	23	40
279	151	18	39
279	151	18	38
280	151	19	39
281	151	18	37
282	152	19	38
284	152	19	39
286	152	19	38
287	152	20	39
288	152	19	39
289	152	20	39
290	152	20	40
292	153	20	39
293	153	20	39
293	154	20	39
294	154	20	39
294	155	20	39
294	155	20	40
295	155	20	40
294	156	21	40
295	156	20	41
296	156	20	41
295	156	21	41
295	156	20	41
295	157	20	42
295	157	20	41
295	158	20	41
295	158	20	41
294	159	21	42
294	159	21	41
294	160	20	42
293	160	21	41
293	161	20	42
292	161	21	43
292	162	21	43
291	162	21	44
290	162	21	44
290	163	21	44
289	163	21	45
290	163	21	45
289	162	21	46
287	164	22	45
273	154	18	45
274	154	18	44
274	154	17	43
275	155	18	42
279	160	20	40
285	169	21	44
283	168	22	44
274	157	19	42
276	157	18	42
274	157	18	40
276	158	18	39
258	155	20	45
276	156	17	33
260	156	18	43
260	156	21	42
277	157	18	37
261	157	18	43
277	157	17	39
261	157	19	43
277	158	18	40
278	156	17	41
261	156	19	44
278	156	18	42
278	156	17	42
278	157	18	42
279	157	17	40
263	157	20	43
278	157	18	45
278	157	18	44
277	156	18	45
278	157	18	45
278	157	18	46
278	157	18	46
278	157	18	46
279	158	18	46
280	157	18	46
278	157	19	46
279	157	18	46
279	157	19	46
281	157	18	46
279	158	19	46
281	159	18	45
280	159	19	45
278	159	20	45
278	159	19	47
267	158	21	47
282	158	18	46
281	159	18	46
280	160	19	46
266	160	20	46
282	158	19	47
284	158	18	47
266	160	21	46
267	161	21	46
