546	58	37	98
541	64	39	94
540	65	39	97
535	68	40	100
533	69	41	101
529	72	41	101
525	74	42	99
523	76	42	101
516	79	45	102
513	80	44	101
505	82	50	102
501	83	52	102
493	85	58	103
487	87	57	101
479	89	62	103
472	90	54	103
428	97	74	112
424	100	83	110
418	100	87	113
414	102	88	112
414	103	86	113
406	104	91	114
396	106	98	114
385	107	94	114
376	107	99	115
367	109	101	114
351	110	98	115
339	112	102	115
334	112	104	116
323	113	111	116
322	114	106	114
298	118	125	113
291	114	122	116
273	112	135	122
268	104	137	131
264	107	140	128
257	115	141	120
251	114	154	123
237	117	140	119
231	120	138	116
225	121	138	115
211	118	133	118
204	117	146	118
193	118	127	117
187	118	124	116
182	118	124	116
166	116	126	116
162	116	124	116
152	115	122	116
146	113	121	119
134	114	120	116
126	112	117	115
122	111	113	115
114	110	114	115
109	110	112	114
104	108	109	113
100	107	106	112
97	106	105	112
92	103	103	113
89	103	99	113
87	102	95	112
87	101	92	110
85	101	90	109
83	97	87	109
81	96	86	110
80	96	84	107
81	95	80	107
80	91	78	108
81	91	76	109
83	89	71	106
85	88	67	108
84	87	68	106
85	85	66	107
88	84	64	106
93	81	60	105
95	81	57	106
100	80	56	104
102	78	55	105
105	76	55	105
109	75	54	103
113	74	53	103
114	73	52	102
119	71	52	102
122	70	52	101
129	68	51	101
130	67	50	99
138	65	49	101
138	65	49	99
147	64	49	98
148	63	49	96
154	61	47	97
154	61	49	96
160	59	50	96
167	58	47	95
169	57	48	94
173	57	46	94
178	54	46	94
178	54	44	93
179	53	44	92
177	54	42	92
175	55	43	90
172	59	42	94
171	62	42	91
168	65	41	93
166	68	43	92
164	70	41	92
163	74	40	92
161	76	41	92
159	81	40	93
157	83	40	92
155	84	40	93
153	89	39	90
152	92	39	91
149	95	39	91
148	97	39	93
146	100	40	92
143	104	39	90
142	106	39	91
140	113	40	93
138	114	39	92
137	117	40	90
134	123	39	88
132	123	42	87
129	125	43	90
126	131	43	89
124	132	43	88
123	138	39	90
122	141	37	89
121	145	37	85
118	150	37	86
116	151	37	85
115	153	37	84
111	162	38	87
111	163	38	83
106	165	37	83
104	165	38	82
104	166	37	83
100	165	39	82
99	165	38	80
97	165	38	79
99	163	38	79
102	163	35	79
106	163	37	78
113	163	36	78
115	163	35	78
121	164	38	77
121	162	39	79
127	161	39	82
132	160	39	84
135	157	38	85
139	159	39	82
144	157	38	82
147	157	41	85
149	157	42	83
159	155	38	86
156	155	41	81
162	154	46	82
168	154	41	84
172	156	42	83
171	156	42	78
179	154	44	80
183	153	42	83
180	152	43	83
189	151	43	82
192	152	41	80
201	153	43	81
198	152	41	78
202	152	39	82
203	151	40	78
206	152	40	76
210	151	37	78
210	150	40	78
212	151	43	81
215	148	41	79
217	146	39	82
219	148	46	81
222	146	40	82
225	148	40	77
230	145	36	81
228	144	39	81
233	144	37	79
230	144	39	80
235	143	39	78
238	143	39	79
237	143	40	81
235	141	42	85
238	138	40	78
240	138	38	80
243	138	39	78
241	137	41	77
242	136	39	77
244	134	41	83
243	135	40	76
243	136	40	74
245	135	38	75
246	135	39	77
247	135	36	75
246	135	35	71
245	135	38	73
242	134	42	74
241	134	37	70
240	134	39	69
240	132	36	71
240	133	41	73
242	132	41	73
240	131	37	69
239	131	36	69
238	130	37	69
239	130	37	71
234	129	39	71
235	129	36	74
234	128	39	73
236	127	39	73
232	128	39	71
234	128	38	70
232	128	34	73
230	126	36	74
219	127	45	74
200	124	65	85
175	132	98	81
99	127	166	82
97	126	183	79
92	125	194	77
109	126	178	80
109	126	189	79
118	123	177	79
134	126	174	83
135	125	180	81
141	119	184	83
158	123	160	80
168	123	134	80
173	126	85	80
184	122	60	83
187	119	46	87
191	118	42	83
189	119	40	76
189	117	35	81
185	116	37	88
183	116	38	66
186	116	34	72
185	114	32	71
180	112	33	74
176	111	35	77
177	108	33	78
176	109	32	75
172	107	31	66
172	107	30	65
169	105	31	65
166	104	31	73
153	103	35	71
147	103	36	69
138	101	39	72
131	98	36	60
127	98	31	64
120	96	31	65
123	96	29	61
120	95	28	65
118	95	30	59
117	92	30	59
117	90	31	57
115	90	31	58
116	89	32	58
117	87	32	58
117	86	30	56
119	84	29	54
122	81	27	56
124	81	26	56
124	77	28	53
123	77	29	53
126	75	31	53
129	75	29	51
131	73	30	54
131	72	29	55
133	71	32	52
135	70	30	52
139	68	30	54
142	68	29	54
143	67	29	57
148	67	29	54
149	66	30	56
153	65	30	55
158	65	27	53
162	63	29	56
165	63	30	56
168	62	31	54
173	61	29	58
178	61	31	59
184	61	27	55
190	61	28	57
195	59	26	55
199	59	29	57
208	58	29	59
212	58	27	57
215	58	27	55
222	58	26	54
224	56	27	53
231	56	27	56
230	56	30	54
238	56	29	53
244	55	26	58
252	55	27	56
256	55	26	56
262	55	28	55
267	53	26	58
271	55	27	59
279	55	27	58
282	55	28	56
291	55	28	56
301	56	26	56
305	53	27	56
306	53	28	58
315	52	28	58
319	53	28	58
327	52	29	58
332	54	29	57
336	52	27	57
342	52	30	57
348	53	29	58
356	51	28	57
354	53	30	56
364	51	29	59
363	52	31	58
365	52	28	58
364	52	27	57
365	51	25	56
364	52	25	55
363	50	26	53
363	52	25	52
362	52	25	55
361	50	26	55
360	50	26	54
360	50	25	53
358	51	25	52
356	51	26	54
355	49	26	53
353	50	27	51
353	49	26	50
352	51	26	52
351	52	27	54
349	56	28	53
349	62	27	59
348	65	28	57
345	69	31	54
345	73	28	61
345	77	28	58
343	81	28	56
343	84	27	57
340	87	29	56
341	92	28	63
339	95	29	55
337	100	30	61
337	101	30	58
338	106	28	56
337	112	27	56
338	116	26	55
336	120	26	56
335	123	27	59
334	125	27	57
332	131	27	60
331	136	28	56
331	139	26	58
330	141	27	62
327	147	27	57
326	149	26	56
324	154	28	56
324	157	27	56
324	161	27	54
323	165	26	59
320	167	28	60
321	170	27	59
319	174	28	59
314	178	30	56
313	184	29	61
312	186	30	63
311	190	30	58
311	194	29	60
310	199	29	59
307	201	28	62
305	206	31	62
302	209	32	63
302	212	31	63
302	217	30	56
301	219	27	56
299	220	27	57
296	219	28	57
294	219	29	56
292	219	30	56
291	218	28	53
290	218	26	54
289	218	26	54
284	217	28	55
283	216	27	54
281	217	27	55
280	217	28	56
279	215	26	55
277	214	26	46
277	216	25	47
274	215	25	51
271	216	28	52
271	213	28	57
275	213	26	53
282	213	27	50
284	213	27	51
290	212	26	50
298	212	25	50
298	212	27	49
298	211	26	48
299	212	27	48
297	211	27	46
299	211	28	52
303	208	26	52
310	210	26	50
312	209	30	54
317	208	28	55
315	209	29	52
315	209	27	54
315	208	26	54
313	207	26	52
310	208	27	54
314	205	27	49
319	206	25	52
317	207	26	50
316	207	26	50
314	206	26	51
313	205	26	54
311	204	26	52
309	204	27	53
308	204	25	51
306	204	26	51
306	204	26	51
304	205	28	52
305	204	26	55
303	203	26	52
302	204	25	52
301	204	25	52
300	203	25	53
299	203	25	51
298	204	25	50
298	203	25	51
296	203	25	50
294	203	26	51
293	203	26	50
293	204	25	51
291	203	24	49
290	204	25	49
288	202	25	49
288	202	25	49
286	201	25	48
285	201	24	49
284	202	24	48
282	201	25	52
280	201	25	50
278	202	25	48
278	200	24	49
277	201	23	48
275	201	24	48
273	199	24	47
272	199	24	48
270	199	23	47
269	198	23	46
267	198	23	47
266	198	24	44
265	197	24	47
