469	153	18	34
471	152	18	36
471	152	18	36
471	153	19	35
472	152	20	35
472	153	19	35
474	153	20	34
475	153	20	35
477	154	19	34
477	154	18	33
478	154	18	34
478	155	18	35
478	156	18	35
479	156	17	33
480	157	17	35
479	158	18	36
478	157	19	36
477	157	20	37
477	158	20	36
478	158	19	35
476	159	20	34
477	160	19	34
477	162	19	36
476	158	20	39
477	158	20	39
477	159	21	39
473	159	22	38
475	159	20	38
476	159	19	38
477	162	20	38
476	162	21	38
477	163	20	38
478	163	19	39
478	162	21	40
482	168	19	39
484	168	19	36
484	168	20	38
483	168	21	39
484	166	21	40
484	167	21	41
485	167	21	42
485	168	21	42
485	170	21	40
486	170	20	40
487	170	20	41
487	173	20	39
488	172	21	40
488	172	21	42
487	172	22	41
489	173	22	42
490	174	20	41
491	172	22	44
491	174	21	42
492	176	21	42
494	176	20	40
494	176	20	41
495	176	21	41
498	178	22	44
501	172	23	47
501	168	24	54
501	167	25	54
503	177	25	47
504	178	22	46
506	180	22	46
508	179	22	47
508	179	22	47
509	178	23	48
509	180	24	48
513	182	24	49
513	184	25	48
514	185	25	48
515	186	24	48
516	187	24	48
517	188	24	49
516	188	24	49
517	189	24	49
518	191	24	49
519	188	24	51
521	190	25	50
521	188	25	52
521	192	25	50
524	189	25	55
524	193	27	52
524	191	27	54
526	194	27	54
528	193	27	56
528	193	27	55
529	192	29	59
531	196	28	53
533	198	28	55
533	195	28	56
534	198	28	55
537	197	28	58
536	199	29	56
540	196	30	57
542	201	30	59
546	201	28	58
546	201	30	62
550	204	29	56
552	206	29	59
554	205	29	57
555	208	28	58
557	207	28	59
560	210	28	58
561	212	28	58
563	211	28	60
563	214	28	58
564	210	29	63
565	216	29	59
565	213	30	64
565	215	29	62
566	216	30	62
566	219	30	60
566	219	30	62
565	220	30	59
542	226	37	52
500	229	34	52
460	232	33	49
451	228	30	58
456	226	30	64
455	225	32	67
453	225	33	66
454	230	33	65
453	225	34	70
454	231	33	66
451	235	34	70
449	238	35	71
449	238	34	72
451	245	32	68
442	191	38	63
433	128	42	63
429	58	34	47
430	20	36	77
423	14	40	82
421	18	40	86
418	17	42	85
419	18	41	84
414	20	42	85
411	21	42	87
405	24	45	87
402	26	46	87
400	27	45	87
396	29	47	87
392	29	48	91
389	32	49	90
388	32	49	88
384	35	49	91
382	36	50	91
379	37	48	93
376	36	51	97
376	39	50	93
373	40	52	96
371	41	51	97
367	42	50	100
364	44	51	100
362	44	50	101
359	46	51	101
356	47	52	100
351	48	53	103
346	50	54	103
342	54	55	103
341	54	54	102
336	57	56	105
333	57	58	107
330	58	57	106
326	59	58	106
323	61	60	106
319	63	60	102
315	62	60	100
310	66	60	108
304	67	60	103
297	71	61	101
294	73	61	101
290	75	61	99
285	76	66	100
278	78	66	93
275	82	63	89
267	87	59	106
260	91	62	95
251	94	67	95
247	91	66	101
241	98	63	112
235	100	67	114
232	95	68	119
224	98	67	120
218	98	69	123
209	111	71	112
204	111	70	117
195	105	73	129
189	112	75	121
182	116	74	124
179	120	70	123
172	119	75	126
162	119	77	130
158	124	75	129
148	125	76	134
141	126	80	137
131	127	81	140
127	139	79	133
114	145	81	132
103	146	82	137
97	145	84	142
87	155	84	137
66	164	86	140
52	163	89	146
46	165	90	149
33	177	89	145
17	170	95	158
