482	1	29	23
479	0	28	26
476	0	28	27
475	0	28	28
473	0	29	29
472	0	30	29
470	0	31	31
468	0	31	32
469	0	33	32
469	2	33	34
469	1	33	35
470	1	35	38
474	6	33	37
474	4	34	39
477	4	34	38
477	2	34	40
477	1	35	41
477	1	35	42
478	2	34	43
475	1	37	44
477	8	34	42
474	6	36	44
472	8	37	45
469	11	37	42
467	17	36	43
466	14	37	43
464	14	37	43
464	13	36	41
463	13	36	42
464	15	37	41
464	15	37	43
465	21	37	39
465	23	37	40
467	26	36	40
469	28	36	37
471	32	37	36
472	31	37	38
475	29	37	39
474	29	36	42
474	29	37	40
475	29	38	39
474	33	36	38
473	33	36	39
471	37	37	40
469	39	37	41
466	42	38	41
465	46	38	41
461	45	38	42
459	44	39	44
459	43	38	44
459	44	38	45
459	47	39	45
458	51	39	44
459	53	38	45
459	56	38	46
460	61	39	44
461	60	40	46
462	63	39	45
463	62	40	47
464	61	40	49
463	63	39	53
462	65	39	52
460	68	40	53
457	70	42	53
455	73	41	54
453	78	41	53
449	82	42	53
445	83	41	53
442	84	41	52
442	84	41	53
439	86	40	51
438	86	42	50
438	89	41	50
437	90	42	50
437	100	40	45
436	98	42	51
437	108	40	47
437	108	42	48
440	110	42	48
440	108	41	52
440	109	41	52
440	109	41	53
438	111	42	53
436	115	41	52
435	117	40	53
431	121	41	54
429	125	42	55
426	128	42	55
422	130	42	56
419	132	43	56
418	133	42	56
417	135	42	55
416	136	42	54
416	139	42	52
416	142	42	53
416	146	42	52
416	149	42	53
416	153	43	54
417	157	43	54
419	161	44	53
420	165	44	54
421	166	44	55
422	167	44	55
422	168	44	55
423	169	44	56
422	174	45	55
422	174	44	57
420	175	44	57
418	181	43	57
416	185	44	58
413	190	45	57
409	195	46	59
404	201	48	59
401	204	47	60
400	210	46	59
398	212	46	58
397	215	48	59
397	216	46	59
396	217	47	59
394	220	47	60
394	224	47	60
394	226	47	60
393	233	49	63
394	242	48	61
395	246	48	63
396	247	48	63
396	249	48	63
396	247	49	62
394	247	48	63
393	248	48	63
389	250	48	64
387	252	47	64
382	253	49	63
378	257	51	63
376	259	51	60
375	265	49	57
376	266	46	53
372	262	48	56
370	263	50	56
353	255	64	67
351	256	60	67
354	249	64	69
354	251	59	67
356	247	64	73
355	242	60	70
357	242	60	75
361	238	57	71
359	238	57	72
359	232	51	67
364	228	55	72
365	221	55	74
368	221	55	74
380	217	51	71
377	212	56	70
364	209	64	71
399	228	63	58
397	222	67	60
365	205	56	65
368	203	58	65
370	201	55	64
375	197	55	64
377	194	54	64
381	192	54	63
385	189	54	61
391	182	53	61
393	180	51	60
396	177	51	58
399	173	50	56
399	173	49	53
401	171	50	55
402	169	49	54
403	167	48	53
404	167	48	52
405	165	46	53
402	163	47	53
401	161	46	52
400	158	47	53
398	152	47	54
400	148	46	55
401	144	46	52
402	140	45	52
403	141	46	51
405	137	46	52
406	137	46	52
407	136	45	52
408	135	45	51
410	136	45	50
412	133	45	52
413	132	45	51
417	130	44	52
418	124	44	53
419	121	44	53
420	118	45	50
422	115	43	50
422	113	44	51
424	111	43	50
423	111	43	50
424	110	43	50
424	109	43	50
423	107	43	51
424	107	43	51
423	106	43	51
423	103	43	50
424	97	44	50
426	94	43	50
428	93	44	49
430	94	44	48
433	93	44	48
436	89	44	50
438	88	44	48
440	83	44	49
441	82	43	48
441	80	44	48
441	77	44	47
442	77	44	47
441	76	44	46
440	75	44	46
439	75	44	45
438	76	43	47
437	75	43	46
436	73	43	49
435	71	41	46
436	67	41	47
435	65	41	46
436	63	40	45
437	62	40	44
438	62	40	45
439	62	40	46
441	63	41	45
442	64	40	45
444	63	41	44
447	61	40	44
450	56	40	46
451	54	39	45
452	51	39	45
452	50	39	44
453	50	40	43
452	48	39	43
452	48	40	44
451	48	40	44
450	48	39	44
448	48	39	44
447	47	39	43
445	41	39	43
445	39	38	42
445	36	39	43
446	35	38	43
447	35	38	43
447	33	38	42
448	33	38	42
449	33	39	41
450	32	37	42
451	32	39	41
453	28	38	42
455	26	38	43
455	25	39	43
456	20	40	44
458	21	40	41
460	19	37	40
460	18	38	41
460	17	37	40
459	17	38	40
458	18	38	40
457	17	38	42
454	18	40	42
452	19	40	44
451	18	39	43
451	14	39	42
451	11	38	42
450	8	38	42
449	6	39	42
451	6	39	40
451	5	39	42
451	4	39	43
451	5	39	43
452	7	39	43
453	7	38	42
453	6	38	43
454	4	39	42
455	1	38	41
456	1	39	40
457	0	39	39
458	0	40	39
458	0	39	38
458	0	39	36
459	0	39	36
459	0	38	35
459	0	36	35
459	0	37	36
458	0	37	35
458	0	36	36
458	0	37	35
458	0	36	34
457	0	35	32
459	0	34	29
459	0	34	27
462	0	33	27
463	0	34	26
465	0	35	26
466	0	36	26
468	0	36	28
470	0	38	27
472	0	38	25
473	0	35	24
477	0	33	25
478	0	33	24
481	0	33	26
485	0	36	30
489	0	34	37
490	0	32	39
488	0	35	37
487	0	38	25
489	0	38	23
501	0	29	22
502	0	30	22
503	0	29	21
504	0	29	23
504	0	29	22
503	0	29	22
502	0	29	22
501	0	28	22
501	0	29	24
499	0	29	25
497	0	29	25
494	0	30	23
492	0	29	23
491	0	30	23
489	0	31	25
487	0	32	26
485	0	31	26
483	0	32	27
482	0	31	28
481	0	33	29
481	0	33	30
479	0	34	34
479	0	34	35
480	0	35	35
480	0	35	37
481	0	33	38
482	2	35	39
483	1	36	41
484	1	35	41
483	0	35	41
483	0	35	41
483	0	36	41
484	0	35	42
483	0	36	42
483	1	36	44
482	0	37	43
482	1	37	45
481	1	37	45
480	3	37	45
480	7	36	45
477	4	37	46
475	7	36	46
474	6	36	44
472	7	36	45
472	10	37	45
472	11	36	44
472	11	37	43
474	14	37	42
474	13	37	44
476	16	36	42
478	16	36	44
481	18	37	44
483	18	37	45
486	19	36	45
489	20	37	45
492	20	37	44
494	21	37	44
497	22	37	44
499	22	37	43
501	24	36	42
502	24	36	43
503	28	36	43
503	27	36	45
503	28	36	44
502	29	36	43
502	31	36	43
500	33	36	44
498	33	36	44
496	33	36	44
495	31	37	45
494	31	37	45
494	31	37	45
493	30	38	46
494	30	38	46
495	31	38	46
495	33	38	45
497	35	37	46
499	39	37	45
501	41	38	45
502	42	38	46
502	38	38	47
503	43	38	45
504	44	37	45
503	46	38	45
502	48	38	45
501	49	39	45
498	50	40	45
497	52	39	45
494	56	39	45
491	57	39	46
489	57	40	46
486	58	38	46
483	56	38	46
482	56	38	46
481	55	38	46
479	57	38	46
477	58	40	47
476	59	40	48
475	59	40	47
475	61	40	47
475	62	40	47
476	65	39	48
477	67	40	49
477	67	40	49
478	68	41	49
479	70	40	48
479	69	40	48
479	69	40	49
479	69	40	49
478	70	39	49
476	71	39	49
476	71	39	49
475	73	39	50
472	74	39	50
471	78	40	49
466	80	41	50
464	83	40	49
461	82	40	49
456	82	40	51
454	81	41	52
452	81	41	52
450	81	40	51
449	80	41	51
448	80	41	52
447	82	41	50
446	87	40	49
445	87	41	50
445	89	40	50
445	89	40	50
446	92	39	50
446	94	39	51
446	100	39	48
447	100	41	52
449	114	38	41
450	121	36	36
451	121	37	37
450	117	40	43
451	112	40	49
451	110	40	51
450	109	40	52
449	111	40	51
448	113	40	50
447	117	40	50
445	119	40	51
444	121	41	53
440	123	41	53
437	125	42	54
433	128	42	54
429	129	42	55
426	131	42	56
423	131	42	55
422	131	43	55
421	134	43	54
420	135	42	54
418	140	43	53
417	142	44	54
418	142	43	55
417	143	44	54
417	147	43	54
418	152	43	55
418	155	44	55
419	156	45	56
420	158	46	58
421	158	46	57
422	158	46	57
422	159	47	57
422	160	46	57
423	160	45	57
422	161	46	56
423	162	46	54
422	165	45	54
421	169	46	51
417	172	48	50
417	176	47	50
415	179	47	49
414	177	47	53
413	182	45	53
409	185	46	54
406	190	46	53
404	192	46	53
400	197	46	55
398	199	47	55
396	198	47	55
396	200	47	55
396	200	47	54
397	204	48	56
398	206	47	55
399	206	47	57
401	207	48	56
401	209	49	58
405	212	48	57
403	209	50	58
401	197	53	56
403	202	53	57
408	212	55	59
407	215	59	54
408	220	63	53
410	219	63	57
415	222	60	60
412	222	56	62
414	225	55	63
413	228	55	62
412	227	49	56
408	231	49	56
409	223	51	58
405	228	46	56
403	237	49	53
401	238	50	51
398	236	50	55
395	242	53	55
391	245	49	53
389	243	51	57
390	242	50	55
389	242	50	54
390	231	52	60
395	234	64	59
391	232	68	64
394	234	63	62
394	230	65	65
399	231	62	63
405	228	61	64
401	230	56	57
404	228	57	55
400	215	58	62
402	208	57	64
398	209	57	59
397	200	54	53
399	204	52	55
394	201	53	55
395	197	53	58
394	194	53	55
395	194	49	48
395	191	48	47
395	195	48	44
395	179	46	50
396	176	47	51
395	169	47	51
397	158	47	54
393	158	49	49
396	150	53	57
372	150	57	48
404	148	54	50
386	152	56	47
391	151	58	49
403	150	55	46
414	147	49	46
425	143	46	48
428	137	49	49
431	133	48	51
430	130	46	45
427	126	43	44
413	128	46	44
414	126	51	46
427	122	45	47
425	125	47	47
429	123	53	52
431	124	46	49
439	126	47	50
445	123	47	53
454	117	42	49
454	115	42	51
457	111	44	47
459	107	43	50
459	109	45	52
462	112	45	52
460	115	47	54
461	119	50	47
468	117	45	45
473	117	43	47
478	118	44	44
479	119	44	42
483	119	42	43
480	118	45	42
482	118	43	42
478	118	44	42
478	116	42	43
477	115	40	42
480	114	43	42
475	111	42	41
472	109	38	46
468	111	36	43
464	113	35	40
455	111	40	39
459	110	39	42
454	107	41	43
453	104	42	43
453	102	43	43
452	101	41	42
451	101	39	41
449	100	39	41
451	95	40	44
450	91	37	45
451	93	38	41
454	91	37	40
457	86	38	40
454	87	40	39
462	84	35	42
466	83	40	41
465	82	39	43
465	82	40	40
468	82	40	43
466	80	36	41
466	80	40	41
464	79	41	42
465	77	37	43
464	78	37	41
459	78	38	38
462	77	37	41
460	77	38	40
458	79	37	43
456	78	39	43
455	79	38	40
454	79	38	39
452	77	36	41
455	78	35	40
456	73	36	42
456	73	33	41
454	74	35	41
454	71	36	40
456	70	36	38
457	70	34	40
457	70	36	41
459	70	36	42
459	71	36	40
460	71	36	37
459	69	36	38
462	66	35	38
463	63	35	38
464	61	38	40
465	60	38	38
463	58	36	38
465	56	37	39
467	56	37	40
468	57	38	41
468	58	35	41
467	58	33	40
466	58	32	40
464	58	32	39
464	59	33	38
464	59	33	37
464	57	33	37
467	55	32	36
467	52	35	37
466	49	36	39
467	49	35	40
468	46	36	41
467	49	35	38
470	46	34	38
469	45	35	39
472	43	35	40
473	40	37	42
473	38	37	42
472	40	36	39
473	32	36	45
473	43	35	34
475	41	36	35
476	42	37	34
476	41	37	35
477	41	37	35
478	39	36	35
478	37	37	38
477	42	36	34
477	40	37	38
476	38	39	41
474	38	40	41
473	39	40	41
471	40	40	40
470	40	39	39
470	39	39	38
469	37	39	38
466	36	38	38
466	39	35	33
466	39	32	32
467	40	31	29
468	40	32	29
468	36	34	31
470	34	34	32
471	34	35	33
472	34	35	34
475	34	36	34
477	35	35	34
478	34	35	35
478	29	37	36
474	15	40	41
474	15	43	42
477	16	43	41
479	18	43	43
480	15	43	43
484	16	43	44
484	15	42	42
485	16	43	42
485	16	42	41
486	17	41	40
486	18	39	38
485	20	35	37
485	18	36	36
482	17	35	37
481	14	37	38
479	11	36	39
478	10	38	39
476	6	38	41
475	1	39	42
473	1	41	43
477	1	39	42
478	0	39	41
479	0	39	40
482	1	38	40
488	0	35	41
487	1	36	39
488	0	37	37
490	0	37	37
491	0	38	37
493	0	35	36
494	0	36	34
495	0	36	34
495	0	36	35
495	0	35	32
496	0	36	32
495	0	35	31
496	0	35	33
496	0	34	30
497	0	33	28
499	0	32	25
496	0	33	24
495	0	33	27
494	0	36	24
496	0	34	26
501	0	31	24
504	0	30	26
505	0	30	27
507	0	29	25
508	0	30	28
507	0	30	27
510	0	29	27
511	0	30	26
512	0	29	24
512	0	30	24
513	0	29	22
513	0	29	21
513	0	29	22
513	0	29	24
515	0	29	22
516	0	28	22
515	0	27	20
516	0	27	19
516	0	26	19
515	0	26	19
514	0	26	19
514	0	25	18
514	0	26	17
514	0	25	17
512	0	26	18
511	0	25	18
510	0	26	18
509	0	26	18
507	0	26	18
506	0	27	19
503	0	28	20
502	0	29	21
501	0	29	21
499	0	30	21
498	0	31	23
497	0	31	23
495	0	31	25
494	0	31	27
494	0	32	28
494	0	32	27
493	0	32	27
494	0	31	27
494	0	31	27
494	0	30	28
495	0	31	25
496	0	30	26
497	0	30	25
498	0	30	24
498	0	30	24
500	0	30	22
501	0	30	23
503	0	29	23
505	0	29	21
505	0	29	21
507	0	28	22
507	0	28	22
508	0	28	23
507	0	29	22
507	0	29	23
506	0	29	21
504	0	30	26
504	0	30	23
501	0	30	25
499	0	31	26
499	0	31	24
497	0	31	28
496	0	32	28
496	0	32	30
495	0	32	31
493	0	33	32
493	0	33	32
493	0	33	34
493	1	33	33
493	0	34	36
494	0	33	35
495	0	34	36
495	0	34	37
495	0	34	38
495	0	35	40
496	0	36	41
496	0	36	40
498	1	35	41
497	0	35	41
497	0	36	42
497	0	37	40
495	0	37	39
496	0	36	39
494	0	36	42
492	0	37	43
492	0	37	43
489	2	37	44
487	1	38	44
486	2	37	43
482	3	38	44
481	3	38	45
478	5	37	43
475	6	38	44
473	5	38	43
472	8	38	42
470	5	38	44
469	6	37	44
468	5	39	44
468	8	38	44
467	9	37	42
467	9	37	42
467	11	38	42
467	10	37	42
469	14	37	42
469	13	37	43
472	15	37	46
474	17	37	43
476	18	37	44
477	18	37	44
480	22	37	43
482	20	37	44
485	24	37	42
487	25	38	41
488	23	38	44
489	24	38	41
490	24	39	43
492	26	38	43
493	28	37	43
493	28	37	44
492	30	37	43
492	30	37	46
490	30	38	47
489	29	39	48
488	29	38	48
486	29	39	48
485	28	39	48
484	28	39	49
483	28	39	49
483	29	38	47
482	31	38	45
483	33	39	45
482	34	38	45
481	37	39	45
481	37	39	45
481	40	38	44
482	44	39	43
482	46	39	44
484	46	40	42
485	46	39	43
486	47	39	44
486	48	39	43
486	49	38	43
486	49	39	44
486	48	40	44
486	49	39	45
485	51	40	45
483	52	40	46
482	53	41	47
482	56	40	46
480	60	40	45
479	62	40	46
477	62	40	46
477	65	39	43
476	65	39	44
474	63	40	45
474	64	40	44
473	63	40	45
472	63	40	46
471	65	40	46
470	67	40	46
470	70	41	45
471	71	40	44
470	74	40	44
470	75	39	44
471	78	41	44
472	78	39	45
474	83	40	44
475	77	40	48
475	76	41	49
476	78	40	49
476	77	41	50
476	80	42	49
475	80	42	50
473	84	41	50
471	84	43	49
472	87	42	49
469	92	41	49
466	96	42	49
462	97	42	50
459	99	42	49
455	97	43	49
454	99	42	48
452	99	41	47
452	100	41	44
452	101	40	45
451	100	41	44
450	102	41	43
449	104	41	41
448	104	42	42
447	106	44	44
447	109	44	43
447	109	43	44
448	110	42	43
448	108	43	46
450	111	43	46
451	109	44	50
454	111	43	51
456	109	45	53
460	110	44	53
463	105	45	55
465	108	45	51
469	108	46	50
471	106	47	51
473	106	47	52
476	106	48	53
480	108	48	54
483	106	46	54
488	110	44	53
490	108	44	54
490	108	44	55
491	107	44	55
492	107	43	55
491	109	43	55
490	109	43	55
487	110	43	55
486	109	42	55
480	112	44	54
477	112	43	57
474	114	44	56
469	114	44	56
466	115	44	56
463	113	44	56
458	113	44	57
456	114	43	56
453	114	43	54
450	116	42	54
448	115	44	53
446	115	44	51
446	115	42	51
446	116	42	52
447	117	41	52
442	115	43	49
433	113	51	54
440	115	48	55
444	117	45	54
447	118	48	53
450	122	49	57
448	119	50	54
449	118	43	55
450	117	45	57
451	116	44	53
453	116	45	53
455	117	46	54
458	117	45	56
460	117	45	52
464	116	45	55
467	116	44	53
468	116	44	51
469	117	44	50
470	115	44	52
469	114	44	53
468	114	44	51
466	113	43	50
462	112	45	50
460	113	44	51
457	112	44	51
452	112	45	52
449	112	43	52
446	112	42	49
443	109	42	50
441	109	42	49
439	109	41	50
437	107	42	47
436	107	41	49
436	106	41	48
436	105	41	48
436	104	42	50
436	103	43	49
439	103	42	51
440	101	42	50
443	102	42	50
445	101	42	50
447	101	43	50
451	100	42	53
453	99	42	50
454	97	42	50
457	100	43	49
459	98	42	49
460	97	42	50
462	95	42	53
464	92	41	54
464	90	41	50
464	87	42	51
464	87	42	50
464	88	42	50
463	86	41	52
461	83	42	53
460	83	41	49
456	84	43	47
455	83	42	46
455	86	41	44
453	89	38	42
449	88	40	43
447	86	39	45
444	81	41	46
443	79	41	48
442	77	41	44
440	74	41	46
440	75	41	46
440	74	41	47
442	74	41	48
443	70	41	49
444	70	41	49
445	69	41	50
447	67	41	50
448	66	41	48
451	66	42	49
452	67	41	46
456	67	40	47
457	66	41	47
459	65	41	46
460	64	41	45
462	62	41	47
463	62	40	48
463	61	40	48
462	60	40	47
462	60	39	47
459	59	40	47
458	59	41	45
457	61	40	46
453	63	41	48
443	63	47	46
441	58	46	50
441	54	45	54
444	53	40	50
444	53	38	43
443	55	39	41
445	60	38	41
442	56	39	43
442	54	40	43
442	52	39	45
442	47	40	44
442	54	40	47
443	49	40	49
444	47	41	50
446	48	40	47
450	48	39	49
453	47	39	49
456	47	40	46
458	47	39	45
460	44	38	45
462	41	39	45
464	40	38	45
463	37	39	47
464	37	38	46
464	37	38	47
461	39	41	48
461	41	42	48
460	40	44	47
463	44	42	45
464	48	42	42
466	48	41	42
467	52	42	40
466	53	42	39
466	56	42	39
463	56	41	38
461	54	40	38
458	50	40	40
456	50	40	40
456	51	39	39
454	51	38	39
453	50	37	39
451	48	36	41
452	45	36	43
452	42	36	44
453	38	36	45
453	31	36	45
455	29	36	45
456	26	35	45
458	24	36	46
458	20	37	44
458	19	37	44
459	19	37	44
459	17	37	42
461	19	35	41
463	17	35	39
461	21	37	38
459	15	39	39
459	16	40	44
460	14	41	47
459	10	42	42
463	14	40	45
467	12	39	45
471	15	37	41
472	13	38	42
475	13	38	43
478	13	37	44
479	11	37	45
480	13	38	46
482	14	38	45
482	16	41	45
483	18	43	44
484	17	42	44
487	25	40	37
487	26	38	36
489	30	37	32
491	30	36	32
492	27	35	32
493	22	36	36
493	17	38	39
492	13	39	42
493	12	41	43
493	10	39	43
491	9	41	45
490	6	41	47
489	5	41	47
486	5	40	45
484	5	41	45
481	6	39	44
478	9	38	40
477	19	36	34
465	6	40	40
463	3	41	42
463	2	39	41
463	1	38	42
453	0	45	39
456	0	42	40
454	0	41	40
454	0	39	38
457	0	35	40
457	0	37	38
456	0	40	36
455	0	39	35
455	0	39	33
454	0	35	37
454	0	35	37
453	0	36	36
453	0	38	35
459	0	32	32
458	0	32	28
459	0	32	27
456	0	32	26
455	0	32	27
454	0	31	25
452	0	33	25
455	0	29	26
454	0	31	27
451	0	32	39
449	0	34	41
447	0	37	41
445	0	38	41
443	0	38	42
441	0	37	39
442	0	35	38
437	0	33	32
439	0	34	31
434	0	33	29
435	0	33	29
435	0	34	29
435	0	33	30
434	0	34	31
433	0	35	32
433	0	35	33
431	0	36	33
431	0	34	34
428	0	33	37
429	0	33	36
427	0	33	36
425	0	34	39
424	0	35	37
423	0	33	35
422	0	36	34
419	0	34	36
419	0	32	35
417	0	33	35
416	0	35	35
413	0	39	36
408	0	38	38
408	0	40	37
405	0	40	36
398	0	39	37
395	0	40	37
393	0	40	37
393	0	41	38
393	0	40	39
390	0	41	37
390	0	39	40
390	0	42	40
388	0	42	36
385	0	42	37
386	0	39	35
387	0	38	34
386	0	40	32
385	0	40	31
385	0	38	33
384	0	41	33
385	0	39	34
384	0	40	34
384	0	41	34
383	0	41	33
387	0	39	31
384	0	41	30
385	0	40	31
385	0	38	33
384	0	41	34
386	0	40	33
383	0	42	31
384	0	41	34
387	0	40	34
384	0	42	25
385	0	38	27
385	0	40	29
384	0	40	32
383	0	39	32
383	0	40	33
382	0	41	33
383	0	39	32
383	0	41	29
383	0	38	26
381	0	43	24
382	0	41	25
382	0	43	26
381	0	38	25
383	0	40	25
380	0	41	22
380	0	40	22
380	0	37	19
382	0	36	18
390	0	31	16
395	0	27	15
395	0	26	15
396	0	27	15
396	0	27	16
396	0	27	16
396	0	27	16
397	0	26	16
398	0	27	16
397	0	27	17
397	0	26	18
396	0	27	17
395	0	26	18
392	0	26	18
389	0	28	17
387	0	27	18
385	0	27	18
380	0	28	19
379	0	28	19
376	0	28	20
374	0	29	20
373	0	29	20
373	0	29	20
372	0	28	20
372	0	29	19
373	0	29	20
373	0	30	20
375	0	29	20
376	0	30	20
379	0	29	19
383	0	28	20
383	0	30	19
388	0	28	20
392	0	28	20
394	0	30	20
396	0	30	20
394	0	35	20
402	0	32	20
401	0	34	20
405	0	34	22
406	0	36	20
410	0	33	26
413	0	32	28
415	0	33	28
419	0	34	31
424	0	34	30
430	1	33	34
431	0	35	35
435	1	40	37
438	0	37	41
442	0	35	45
445	0	38	48
446	0	39	45
449	0	36	45
450	0	36	44
451	0	36	46
451	0	35	46
451	0	38	41
452	0	40	33
461	0	37	28
463	0	36	27
466	0	36	25
469	0	35	25
471	0	33	24
472	0	33	25
472	0	35	23
469	0	34	27
467	0	37	24
465	0	37	23
464	0	37	25
464	0	33	23
463	0	32	24
457	0	33	24
