411	191	44	77
405	194	53	68
405	192	52	69
404	190	52	70
404	183	55	72
403	171	58	75
401	149	55	88
397	130	56	101
393	126	58	97
389	120	56	99
388	118	59	94
388	110	58	102
385	110	58	103
382	112	59	99
380	112	58	101
380	111	58	98
384	110	56	96
386	109	57	95
395	107	55	96
401	99	53	104
407	99	54	107
405	106	56	101
406	108	56	101
405	109	57	100
404	109	56	102
402	112	57	97
397	109	56	98
390	109	59	94
386	125	53	89
360	107	68	94
366	105	59	111
367	102	59	112
368	108	61	99
348	144	62	76
343	152	58	72
336	148	62	71
330	149	65	70
328	151	62	70
325	155	68	70
317	158	68	66
321	153	67	71
314	153	59	68
318	152	61	69
320	151	63	69
326	152	62	71
326	149	64	72
330	147	70	72
335	145	66	77
340	143	63	78
356	140	57	85
369	95	60	118
371	97	57	128
367	99	67	113
387	115	58	99
346	103	53	79
338	102	52	80
403	106	55	104
409	104	55	105
413	102	55	108
419	103	54	102
421	101	55	103
427	100	55	102
427	103	56	94
423	89	56	105
418	87	57	105
407	81	55	108
369	78	72	106
355	83	52	97
346	89	50	93
339	80	51	89
326	93	56	87
318	92	62	93
321	99	59	102
359	148	77	71
340	147	78	69
333	147	72	66
308	94	59	93
310	84	58	104
316	93	66	96
373	154	56	71
349	144	63	78
355	87	53	101
364	88	53	99
372	88	56	100
390	96	57	98
402	97	62	104
406	103	64	100
419	110	56	100
430	117	51	98
436	118	56	99
439	113	60	106
441	110	63	108
455	111	59	107
471	115	50	103
473	112	51	107
470	114	50	104
464	114	52	106
454	113	57	109
451	113	57	110
441	115	59	108
435	122	59	99
430	119	56	102
423	121	52	101
412	118	54	104
406	120	57	103
396	120	61	102
382	131	66	92
356	121	76	95
362	117	58	102
363	119	63	89
347	162	58	72
338	163	57	67
337	164	58	66
326	161	61	66
322	159	63	70
320	161	61	66
321	166	58	62
327	161	66	67
322	159	70	65
315	157	62	68
320	159	65	66
317	159	61	67
321	159	64	68
325	160	63	67
329	160	60	67
334	163	61	67
342	165	54	65
357	121	56	85
351	125	61	84
341	122	62	86
355	127	68	84
363	142	60	82
365	142	58	75
368	141	54	77
368	137	54	74
360	133	56	78
351	122	49	98
343	116	52	96
339	131	55	88
338	132	53	91
339	120	52	94
338	127	50	98
337	104	49	110
337	122	55	100
340	116	59	110
346	125	61	104
347	123	61	97
359	134	56	99
366	132	54	102
374	125	50	108
379	130	52	108
389	141	62	88
387	133	56	96
390	127	58	98
393	120	51	109
388	109	56	106
386	106	57	106
390	111	51	109
387	104	57	114
389	102	57	111
387	99	59	108
384	97	60	109
389	92	56	108
384	86	59	101
385	89	53	110
382	87	57	143
384	85	55	144
384	154	73	78
388	129	70	84
378	80	52	80
374	76	51	83
371	82	50	71
372	79	48	87
367	76	53	70
370	69	47	85
370	70	48	78
368	69	49	76
364	71	50	77
362	70	47	83
357	53	53	94
360	52	49	94
363	43	47	100
367	42	49	109
375	42	49	108
423	94	60	67
414	106	55	69
396	111	59	74
381	116	57	82
365	131	60	72
360	130	58	74
347	134	58	75
332	139	57	73
315	151	56	66
306	140	52	62
284	153	53	69
265	156	53	68
253	158	58	71
240	161	57	72
237	161	53	72
223	162	54	72
213	162	51	73
208	161	56	72
197	161	64	70
188	160	66	71
185	160	59	70
183	161	53	67
182	161	57	69
181	162	59	69
185	162	56	69
192	166	54	69
200	166	57	70
207	169	56	68
211	169	54	69
214	167	52	69
215	168	52	70
217	167	51	67
220	165	51	69
222	163	51	69
226	156	52	72
230	149	60	72
283	176	57	66
242	145	67	89
226	137	63	104
206	141	68	95
195	137	68	101
187	137	61	98
179	133	61	99
169	126	59	102
163	124	58	98
161	126	56	94
161	120	57	100
160	119	55	100
161	118	55	102
161	117	59	102
164	119	62	100
168	123	64	98
174	126	63	96
181	127	82	96
188	132	71	98
194	131	63	96
215	140	85	91
235	133	63	102
245	151	58	96
250	155	55	86
258	145	52	102
261	140	54	107
262	158	54	92
264	173	53	82
265	165	54	91
265	169	56	84
266	184	53	85
263	188	56	79
262	187	56	80
260	186	56	81
256	186	56	81
251	183	55	83
248	178	54	80
248	176	54	73
249	166	52	84
250	156	54	86
245	137	50	100
239	129	54	101
232	127	53	100
228	143	56	90
228	144	55	92
227	155	54	85
224	152	56	92
218	149	53	96
215	146	55	98
177	113	64	92
206	155	58	96
203	163	56	94
204	205	56	71
206	196	52	81
205	212	57	77
205	224	58	69
207	195	56	97
207	198	56	92
207	195	59	95
208	194	60	90
210	188	59	89
212	175	61	94
213	167	63	96
215	155	58	102
216	156	60	97
217	153	61	100
223	148	61	99
229	146	57	105
232	153	56	101
235	173	55	87
239	164	60	94
239	157	63	98
239	159	57	93
239	155	55	95
228	156	63	90
235	144	57	99
241	137	51	101
240	135	52	96
239	139	52	96
239	143	52	94
236	145	52	85
235	145	52	90
229	142	51	92
227	137	49	98
224	136	50	98
221	139	50	94
214	139	51	89
206	132	60	97
196	159	63	87
209	150	57	94
224	144	51	96
223	143	56	99
229	143	55	97
229	146	58	96
233	136	57	99
239	142	56	97
241	134	54	104
240	134	60	105
256	164	52	83
262	177	54	72
268	181	54	71
273	185	55	70
278	188	54	70
284	192	56	68
289	193	59	66
283	191	68	66
263	188	72	65
261	189	82	63
261	189	80	64
257	191	71	60
261	189	75	60
281	186	68	68
278	191	66	71
265	191	63	72
258	180	63	81
251	177	65	77
239	189	63	73
273	174	60	62
280	175	50	62
281	183	55	62
288	197	53	59
293	202	52	60
290	205	52	62
287	205	49	66
286	206	50	66
277	203	54	70
268	199	55	72
230	168	74	73
272	163	66	79
226	172	61	91
223	164	61	97
218	169	59	90
215	164	66	92
214	155	61	100
215	149	55	103
216	146	56	106
217	159	57	93
219	155	54	97
223	156	54	95
235	162	53	91
244	179	54	76
257	179	58	75
275	149	52	99
268	144	64	88
291	170	58	81
309	162	53	75
314	153	53	69
318	142	49	91
321	122	50	109
331	122	47	99
334	113	48	109
320	114	63	107
326	102	57	113
318	98	61	110
314	98	58	111
308	103	54	114
300	106	49	111
281	115	56	109
271	115	54	101
263	127	56	95
255	133	58	88
252	140	53	86
251	147	48	80
246	143	44	93
241	144	48	91
233	158	52	91
234	173	52	84
232	164	51	92
223	173	60	90
217	175	64	90
217	174	64	90
214	165	65	99
212	153	61	111
204	150	64	109
186	147	77	107
186	146	71	106
192	136	56	111
193	130	62	107
195	126	60	107
199	118	60	106
201	115	61	104
202	114	61	102
205	109	61	104
205	108	62	104
207	108	63	101
211	107	59	101
208	114	66	103
202	123	76	100
198	127	81	108
203	129	86	111
221	138	67	109
227	149	62	104
200	168	87	84
236	171	62	87
240	169	56	83
248	173	51	87
254	174	53	87
259	175	54	81
262	169	56	85
275	165	51	94
276	159	55	97
274	161	58	94
279	163	54	92
285	156	54	95
283	153	56	93
249	205	57	73
262	201	56	69
265	197	60	73
273	190	63	74
287	126	63	119
289	122	62	131
298	121	62	126
301	124	69	113
315	158	67	77
330	152	61	75
341	146	58	75
349	138	54	73
349	129	54	77
340	123	61	82
297	92	49	97
300	91	45	92
300	92	47	90
335	96	55	78
335	93	52	75
331	90	52	78
312	88	66	81
303	89	70	86
303	87	67	90
301	86	65	90
298	87	63	90
299	85	59	92
301	86	57	93
304	86	55	83
301	87	60	82
303	86	59	84
304	88	58	79
307	88	58	79
313	86	55	81
315	85	57	82
310	82	68	79
309	87	75	80
308	86	80	86
303	82	87	95
303	87	74	105
305	87	67	108
313	77	56	105
315	71	52	102
319	69	53	101
320	66	53	100
322	64	55	99
325	62	55	96
328	60	55	100
332	61	54	97
335	62	63	97
339	65	60	92
343	64	60	95
348	65	54	85
351	63	51	81
355	63	51	86
355	65	53	101
344	99	71	82
363	76	58	90
328	128	55	69
319	126	59	69
316	122	57	71
312	119	61	78
310	114	52	82
310	110	59	88
305	109	59	92
343	125	63	90
345	118	55	102
344	128	55	99
347	141	51	96
346	151	50	94
347	148	49	100
351	151	47	94
350	152	52	104
352	147	51	106
351	144	49	101
349	133	48	100
347	124	48	100
332	126	56	93
287	150	65	77
294	151	61	73
294	164	55	65
311	95	54	91
310	98	55	95
308	98	54	92
310	96	53	98
313	94	52	97
317	96	53	95
336	101	54	97
346	102	51	102
349	111	50	98
351	116	52	99
354	114	51	105
349	137	51	92
331	133	53	102
327	137	52	100
323	140	54	97
319	145	55	95
305	162	59	78
285	184	57	68
269	182	57	71
261	178	59	71
250	171	57	78
233	176	54	75
217	173	58	78
206	146	57	105
194	146	61	103
181	156	62	91
175	144	53	100
163	147	60	94
156	140	69	98
149	135	65	98
145	134	64	95
140	135	55	92
138	129	52	95
137	126	54	97
137	128	53	94
137	132	53	91
137	134	54	91
138	134	57	91
140	132	54	94
142	130	56	96
146	132	59	96
147	134	63	93
152	136	63	94
156	133	64	98
161	140	68	93
167	139	57	96
172	135	57	102
171	136	70	100
194	157	56	90
205	158	50	94
209	180	52	78
210	173	52	87
205	165	57	95
190	157	62	102
189	152	62	103
187	153	85	97
180	150	90	96
178	147	67	92
178	140	58	95
180	133	56	96
179	131	56	97
180	131	55	99
180	130	55	101
180	133	56	97
180	133	57	96
179	134	54	94
178	132	51	96
175	124	49	104
173	125	52	99
172	126	52	96
169	124	51	95
166	122	52	99
163	123	51	96
160	127	52	99
162	137	54	96
164	157	63	84
171	165	57	81
183	163	54	86
190	188	57	63
206	164	47	82
219	168	51	73
228	169	49	68
240	166	54	59
256	143	52	69
268	136	49	68
287	100	51	92
304	97	52	90
317	100	53	80
335	96	47	84
344	100	48	77
349	79	47	86
