343	249	58	143
339	252	62	133
340	252	63	133
339	252	63	132
339	251	62	131
338	251	63	131
338	251	63	130
338	251	63	131
339	250	63	132
339	250	63	130
338	250	64	129
339	248	62	130
340	248	61	128
339	247	61	128
340	247	59	130
340	246	59	129
341	246	59	132
341	245	58	131
341	245	59	131
340	244	60	131
340	244	59	131
340	244	59	130
340	244	59	130
340	243	59	130
339	243	60	130
340	242	60	128
340	242	59	129
340	222	60	136
340	205	59	137
338	193	61	133
341	194	59	130
341	195	59	132
341	194	59	132
341	193	59	133
341	193	58	133
341	192	59	134
342	193	58	135
342	175	57	141
341	159	57	142
340	143	59	141
340	146	59	136
339	147	59	133
339	148	59	133
340	148	57	133
340	148	59	132
339	148	59	132
339	149	59	134
339	141	60	136
340	126	58	136
340	115	59	136
339	115	58	136
340	117	59	134
339	116	59	134
339	116	60	135
338	116	60	133
339	115	61	133
339	115	61	135
340	116	60	134
340	115	59	134
339	116	60	133
340	116	59	134
341	116	59	135
340	117	59	134
341	116	59	134
341	116	59	135
341	115	59	135
341	116	58	135
342	115	59	135
341	116	58	136
342	115	58	135
340	116	59	134
341	116	59	133
341	117	58	134
341	117	58	134
341	116	59	134
342	129	56	143
343	146	56	144
343	174	57	144
343	190	58	144
344	219	58	146
343	234	57	143
344	256	57	139
344	277	58	144
344	291	57	144
345	314	58	134
346	315	56	133
345	315	56	132
346	315	56	134
344	315	57	133
343	313	57	134
344	314	57	133
344	313	56	135
342	312	57	134
343	314	57	135
341	313	58	133
341	313	58	132
339	313	59	132
337	313	61	130
335	313	61	129
333	313	61	129
334	314	60	126
344	312	65	130
353	314	63	129
374	309	62	132
387	310	60	130
405	310	62	132
404	310	59	130
404	309	58	130
405	309	59	132
401	307	60	130
400	306	60	131
399	307	62	132
397	306	63	130
395	307	66	129
394	307	66	128
396	307	72	130
409	307	82	130
426	307	79	131
438	305	78	131
431	307	83	129
428	306	85	129
417	308	94	127
417	308	90	127
417	307	86	126
418	309	75	123
415	310	69	122
412	310	65	122
410	310	66	122
405	310	68	122
411	309	67	123
424	308	68	124
438	306	74	126
438	306	66	125
434	306	69	125
433	306	69	125
428	306	72	125
422	305	74	125
420	306	87	127
413	305	82	127
410	306	90	127
408	307	78	126
402	307	76	126
402	306	77	127
397	307	74	125
397	307	73	126
395	306	72	127
391	289	74	130
391	269	71	128
381	249	80	128
388	231	70	129
389	199	62	133
382	187	69	132
377	166	73	131
376	141	70	133
372	127	72	135
370	99	72	132
367	100	74	131
364	101	79	130
362	100	77	133
360	101	77	130
358	103	78	130
358	105	77	129
357	103	77	130
356	105	77	129
356	104	74	130
356	104	74	130
354	106	74	130
355	105	71	130
353	106	72	130
353	107	68	128
353	109	68	128
352	108	66	128
352	108	65	131
352	108	64	130
352	107	64	129
352	83	62	137
352	63	64	138
349	48	64	132
351	25	61	141
349	22	65	143
349	26	61	140
348	24	64	141
349	24	62	141
350	27	60	137
348	24	61	141
350	25	60	137
349	28	59	144
348	26	60	143
348	28	60	146
348	29	60	145
348	30	59	145
348	30	59	145
348	30	59	144
347	29	58	147
348	29	58	147
347	30	60	148
347	31	59	146
348	31	58	147
348	31	58	146
349	32	59	146
349	32	60	146
350	33	60	146
351	34	61	146
351	33	63	145
351	35	63	147
352	34	63	147
354	36	63	148
355	37	63	149
356	37	62	142
358	38	62	144
358	38	63	140
359	37	65	145
361	37	63	145
362	38	63	143
362	37	63	143
364	39	63	144
365	40	63	141
367	39	62	144
368	40	63	140
368	40	63	143
369	42	63	140
369	42	64	141
372	43	63	139
374	43	62	139
375	42	62	142
377	42	62	142
379	44	63	145
380	44	62	146
382	44	62	144
383	45	62	148
384	43	64	145
384	45	66	148
383	46	66	146
384	46	64	144
385	47	67	146
385	47	70	146
384	48	69	145
387	47	70	147
388	49	71	146
387	49	71	145
389	50	73	146
388	51	75	145
390	52	76	145
390	53	79	143
391	52	79	143
393	53	80	145
398	54	76	143
401	54	75	145
403	53	74	150
406	52	73	151
409	53	72	153
411	52	71	152
412	52	70	151
414	54	70	152
416	53	70	152
417	53	70	150
418	53	70	151
418	55	69	150
421	55	67	153
422	55	68	153
421	55	68	151
422	56	69	151
423	55	69	152
424	56	69	152
423	56	71	152
424	57	71	152
425	57	72	151
426	58	73	151
426	58	74	152
426	56	74	153
425	57	75	152
425	57	76	152
425	57	79	151
426	58	79	152
426	58	80	151
427	58	81	151
429	58	79	150
431	58	79	150
434	59	77	153
437	59	76	154
438	58	77	157
440	58	72	153
439	58	74	153
441	61	72	153
441	59	72	155
443	59	71	157
443	60	71	156
443	60	73	156
443	61	76	155
442	62	74	155
443	62	74	155
443	62	74	155
442	63	76	156
442	63	78	156
442	64	77	156
440	64	76	155
441	65	80	156
440	65	77	156
440	66	77	153
441	83	78	158
442	93	77	157
441	94	77	153
442	94	80	159
442	96	76	153
444	95	78	158
445	95	76	155
446	95	77	155
447	95	75	153
447	94	76	153
449	96	77	153
450	96	78	159
450	97	78	158
451	101	81	157
453	98	79	157
456	102	78	161
459	100	76	162
461	101	75	161
463	100	74	164
465	103	74	163
465	102	73	163
467	102	73	169
467	104	73	159
467	105	73	166
469	101	72	167
469	103	72	163
470	105	71	158
471	103	71	162
472	104	71	163
472	106	71	160
472	106	72	160
471	107	73	161
471	108	75	159
470	108	76	159
471	109	76	165
471	111	76	163
471	111	75	162
472	113	76	161
471	113	77	159
473	115	77	159
472	116	77	159
474	114	77	171
474	116	78	174
458	121	86	167
442	117	80	173
435	118	78	174
439	120	74	171
437	120	74	175
437	120	74	175
436	120	74	176
437	121	73	177
435	123	74	175
433	124	76	176
432	124	75	176
430	125	76	177
428	126	76	177
428	126	75	178
427	128	75	179
427	129	74	179
425	128	76	181
427	130	74	182
427	132	74	181
427	132	72	181
425	134	74	182
425	136	74	181
425	136	74	183
424	137	73	177
422	133	74	185
419	107	75	186
418	94	75	188
417	94	74	187
419	94	73	190
417	95	72	183
416	96	73	189
415	96	74	180
413	97	75	175
413	99	74	168
411	101	76	174
410	102	75	177
410	103	74	168
409	105	74	174
408	94	73	185
406	83	75	186
405	57	74	188
404	51	76	197
402	54	77	199
401	55	77	200
399	56	78	199
398	59	80	201
397	61	79	201
396	55	79	202
394	29	79	199
393	30	80	201
391	32	81	201
391	33	80	204
390	34	80	204
388	37	80	206
388	38	81	207
385	39	81	209
385	42	81	205
383	43	81	205
382	44	81	195
381	47	82	191
380	49	82	200
379	51	82	192
376	53	84	201
377	55	83	202
376	57	83	209
374	58	84	204
373	61	85	206
372	62	85	204
371	66	85	207
370	64	85	206
368	62	86	212
366	55	87	218
365	40	87	217
363	25	88	223
361	19	90	222
362	17	88	218
360	24	88	220
359	26	89	228
358	25	89	233
356	30	90	233
356	30	91	232
356	35	89	222
355	36	90	210
355	43	88	214
355	42	89	220
355	47	89	212
353	52	89	222
354	52	89	226
352	58	92	234
352	60	91	248
352	61	92	247
351	66	94	247
350	69	95	247
350	71	95	249
349	58	95	249
348	44	96	254
346	29	100	254
345	10	99	255
343	2	100	260
343	3	100	263
340	12	101	260
341	11	100	267
338	13	102	267
336	21	102	266
337	21	101	272
336	25	102	271
336	32	101	268
336	30	101	268
335	33	102	264
336	42	102	265
337	42	100	268
338	45	99	268
339	54	100	271
330	53	103	277
317	57	106	274
301	67	105	279
292	68	104	281
280	71	108	288
266	80	106	281
255	82	107	293
246	84	107	293
230	93	110	280
222	94	108	297
207	101	109	284
197	104	110	295
188	106	112	296
172	117	115	278
166	121	113	264
168	126	113	272
173	132	114	258
178	136	112	249
186	144	115	249
193	153	117	247
198	155	118	258
200	162	121	269
209	165	123	282
210	170	124	269
215	169	129	281
222	146	126	285
225	131	128	301
233	114	130	288
237	103	131	287
241	90	132	288
249	69	131	297
252	60	132	285
257	50	131	282
263	28	134	304
268	18	132	304
274	4	130	299
