495	188	42	117
491	184	42	118
488	184	43	119
485	183	42	119
482	184	42	118
478	185	43	117
476	185	43	117
473	184	42	117
469	183	41	115
466	181	42	116
463	180	40	116
459	180	42	116
454	179	44	116
447	180	49	114
447	181	46	113
445	180	45	113
442	179	42	113
439	178	41	114
436	177	41	115
433	176	41	115
430	176	41	115
428	176	42	114
425	177	42	114
422	176	42	115
419	175	41	112
416	173	40	111
412	171	39	113
407	170	41	112
401	171	44	111
400	172	42	109
397	172	42	108
393	170	41	109
390	168	41	110
387	167	41	111
384	167	41	110
382	168	41	110
380	168	41	110
378	167	41	110
376	167	40	109
374	165	41	109
371	164	39	108
367	162	40	110
364	162	41	110
361	164	42	107
358	165	43	107
356	163	41	107
352	163	40	105
343	160	40	106
336	161	42	105
328	159	39	103
321	156	40	106
319	155	40	107
314	158	42	105
306	157	45	105
300	160	44	100
296	156	44	100
291	154	43	102
289	155	41	101
286	155	41	98
282	153	41	96
279	153	41	100
271	155	39	98
270	152	37	98
268	154	35	91
264	153	34	93
260	150	38	96
258	149	39	97
256	149	38	98
253	149	37	98
249	148	39	99
243	149	39	98
238	152	40	100
236	152	36	98
232	151	36	98
229	152	36	95
227	151	35	95
223	152	35	93
220	148	36	96
217	150	34	93
212	152	33	88
209	153	32	91
205	154	35	90
199	148	37	97
195	150	37	94
191	145	40	102
188	142	41	107
184	145	41	94
184	145	35	85
180	144	35	86
177	145	36	91
173	145	35	87
171	144	35	91
168	141	37	90
166	140	35	89
164	139	36	89
164	139	34	86
158	140	37	86
158	139	36	90
155	139	36	90
151	138	36	93
150	137	38	93
147	136	37	95
141	136	39	94
134	137	40	95
129	133	39	95
128	132	36	94
126	131	35	93
125	131	33	91
123	131	33	91
121	132	34	90
119	132	34	91
116	131	34	87
115	130	35	89
113	130	34	92
111	128	36	89
109	127	36	93
108	128	36	92
105	128	37	93
103	129	38	93
99	129	38	96
96	128	39	95
95	127	38	94
93	125	38	94
92	125	36	99
91	126	38	91
90	124	38	94
88	125	37	92
88	124	36	90
88	122	35	89
88	121	35	92
86	120	36	94
87	121	36	92
85	120	36	94
84	119	36	95
82	121	36	96
82	121	36	95
80	120	37	93
79	120	37	93
78	119	36	93
77	118	37	93
77	117	37	96
75	118	37	94
75	118	37	92
74	117	37	94
73	118	37	96
71	117	37	91
69	113	38	94
67	114	37	92
67	115	37	91
65	115	37	91
63	114	37	91
63	113	37	90
62	112	37	90
62	111	36	89
