589	336	25	23
590	333	22	25
587	334	23	24
585	333	23	25
583	334	24	24
578	333	23	25
577	332	23	24
574	331	23	24
570	329	24	24
569	329	23	24
566	326	24	24
563	326	25	24
562	325	25	25
557	325	24	25
556	326	26	24
552	329	25	25
550	331	25	24
547	333	26	24
545	334	26	25
543	334	25	24
540	332	26	24
540	332	25	23
538	331	25	24
536	332	24	24
535	333	25	24
532	332	26	24
530	332	27	24
528	330	26	25
527	330	27	25
527	328	27	26
527	327	27	24
526	325	27	24
524	323	28	25
523	323	27	25
521	324	26	25
518	324	27	25
515	324	28	24
511	324	28	24
506	323	28	24
504	323	28	24
499	323	28	24
496	321	26	25
490	319	27	25
487	318	24	24
481	316	24	24
478	315	26	24
473	315	26	24
471	315	26	25
470	316	24	24
468	315	24	24
466	315	25	24
464	313	27	24
463	313	27	24
462	313	27	25
461	313	27	25
460	312	27	27
458	311	26	28
455	312	27	25
453	312	27	25
449	313	26	24
447	313	25	25
441	312	26	24
439	311	26	23
435	310	25	24
429	307	25	23
426	308	24	23
422	307	24	23
420	306	24	22
418	306	23	23
415	305	24	23
414	305	24	23
413	304	24	22
413	303	24	23
412	302	25	23
412	301	25	23
412	300	25	24
412	300	25	23
412	300	25	24
410	300	25	24
409	299	26	23
408	299	25	23
406	300	26	23
403	299	24	23
400	298	23	23
398	298	24	23
396	297	25	23
391	296	24	23
389	295	25	22
386	294	23	22
384	294	24	20
381	293	24	21
379	293	25	20
378	293	25	20
377	293	24	20
377	293	24	20
377	292	25	21
378	292	28	20
378	293	27	21
379	293	26	27
381	295	25	46
378	294	26	47
372	293	27	45
373	293	28	45
367	293	31	44
367	294	29	33
365	292	26	26
363	291	24	24
359	292	24	22
353	292	23	20
350	291	23	21
344	290	25	21
341	289	22	21
335	287	23	20
334	289	26	22
330	288	23	21
326	287	22	21
325	286	23	22
323	287	24	21
322	285	25	21
321	287	26	21
322	285	29	28
323	288	30	42
318	286	29	44
318	286	30	49
313	287	33	47
311	286	34	44
305	287	38	45
301	286	35	46
301	286	34	46
299	286	32	47
295	284	34	45
293	284	32	44
288	283	32	27
287	281	31	25
286	283	27	23
285	286	23	40
278	284	27	44
272	281	29	44
271	281	30	27
274	281	26	22
273	282	25	22
272	281	27	22
272	281	27	22
274	283	26	23
273	282	27	29
276	280	26	24
279	282	24	23
279	282	23	22
278	283	23	22
278	283	23	22
277	283	23	22
275	284	23	23
274	285	24	23
270	286	24	23
265	285	24	23
264	286	24	24
260	286	24	24
258	285	24	23
257	286	23	23
254	286	23	24
253	286	23	23
251	286	23	24
250	286	22	23
250	286	21	23
250	286	22	24
250	288	22	23
250	290	23	23
250	290	22	23
251	288	23	23
253	287	23	24
254	288	23	24
256	288	22	22
257	286	23	22
258	287	23	22
258	288	23	22
258	287	22	21
257	289	22	21
255	289	23	22
251	288	24	23
248	286	23	25
244	282	25	28
241	279	26	29
237	282	29	32
232	284	31	55
231	280	34	63
224	279	32	65
238	281	31	65
220	279	34	64
221	278	35	60
217	279	33	57
218	281	28	45
216	283	28	30
212	290	25	25
211	291	25	25
209	292	24	23
204	294	24	23
202	295	23	22
198	296	22	21
195	296	23	21
193	298	23	22
190	298	24	22
190	297	23	22
189	296	22	21
189	297	23	22
190	298	23	23
193	296	23	24
195	297	23	23
197	296	23	23
200	297	24	23
202	298	23	23
204	296	23	24
206	298	24	23
209	298	25	22
211	299	23	21
213	300	23	23
215	300	24	24
216	301	24	24
218	302	24	23
223	303	23	23
224	304	23	22
228	303	25	23
230	303	23	24
234	304	24	22
237	304	23	23
238	303	24	22
243	304	24	23
245	304	23	23
248	303	25	23
250	303	24	23
253	303	25	23
256	301	26	24
259	301	25	24
262	302	25	24
266	302	26	24
270	301	26	25
273	302	25	24
277	302	26	25
280	303	24	24
285	304	26	24
287	304	26	25
289	306	26	25
297	307	26	26
300	307	25	26
304	306	26	27
311	306	26	25
316	305	28	25
322	305	28	28
328	304	25	44
330	300	25	51
333	298	26	54
334	298	28	54
341	299	29	32
345	300	27	28
349	299	25	34
351	300	26	30
354	300	23	38
356	301	23	41
357	298	24	32
360	305	25	26
362	306	24	25
363	306	24	25
366	307	23	25
368	307	25	26
372	309	25	25
375	310	26	26
382	311	25	26
385	311	24	25
392	310	24	25
399	309	26	27
405	307	27	30
408	308	27	29
414	311	26	26
418	306	24	31
423	307	25	28
425	308	25	29
427	309	26	29
430	307	26	33
432	308	24	35
435	309	24	38
437	307	25	31
439	308	24	31
443	311	23	27
444	312	23	26
445	312	24	27
449	316	25	26
451	316	25	25
456	317	25	25
459	317	23	25
466	318	25	25
468	318	27	25
474	319	26	25
478	318	28	25
482	318	24	26
487	320	27	25
493	317	24	29
495	319	25	29
498	319	25	28
501	319	25	28
503	317	25	35
505	317	25	54
507	316	26	36
509	318	25	36
511	320	26	27
513	321	24	25
516	323	24	24
518	322	23	25
520	323	23	25
523	326	26	25
526	327	24	26
530	328	26	25
535	328	23	24
539	328	25	23
543	328	26	24
544	329	24	23
550	329	25	23
553	328	24	25
555	329	24	24
560	329	24	24
561	330	24	24
565	329	24	29
566	329	23	26
569	330	24	24
570	331	24	23
572	330	24	23
573	331	23	24
573	331	24	24
577	332	24	24
576	333	24	24
578	334	24	26
580	334	23	25
582	338	24	24
582	339	25	25
585	339	25	25
585	340	26	24
586	340	26	25
590	341	26	24
590	342	26	25
595	343	25	24
596	343	25	25
597	342	25	26
597	343	26	27
599	345	25	27
599	346	25	25
600	346	26	25
602	347	24	24
601	347	25	24
602	346	25	25
603	346	24	27
604	347	24	26
604	349	23	26
605	348	23	25
605	350	23	25
604	352	23	26
606	351	22	27
605	354	22	25
605	354	22	27
605	354	23	26
606	354	23	27
606	353	22	29
606	356	22	26
606	357	22	25
606	357	21	25
607	357	21	26
607	357	20	28
605	358	22	27
606	358	22	27
608	359	21	26
608	360	20	25
608	360	20	26
609	360	20	27
609	361	19	26
610	360	18	27
611	361	18	27
611	362	17	27
612	364	17	26
612	365	17	27
613	368	16	28
612	369	17	25
614	370	15	26
614	372	15	26
615	373	14	26
614	374	15	27
615	375	14	26
614	373	14	28
615	376	14	26
616	376	13	25
616	376	13	26
617	377	12	26
616	379	13	25
617	379	12	25
617	377	12	25
617	378	12	25
617	379	12	24
616	380	13	23
616	378	13	24
614	378	15	23
613	377	16	24
612	376	17	26
609	376	19	27
608	376	20	25
605	376	23	25
604	376	24	24
602	376	25	25
600	376	26	26
598	378	28	25
595	378	29	25
593	375	26	28
592	375	28	26
590	374	26	27
588	374	26	27
585	373	26	28
584	372	28	27
582	371	27	27
581	370	27	27
579	369	27	27
580	369	26	26
579	368	27	26
579	367	26	26
578	366	27	27
579	366	27	26
578	365	26	27
579	364	26	27
577	363	27	26
579	363	26	26
579	362	26	26
579	361	26	25
579	362	25	26
579	363	26	26
578	363	27	25
578	365	26	25
578	364	26	25
578	365	25	25
578	366	26	24
577	366	26	24
577	366	26	25
577	365	26	24
576	364	27	24
576	363	27	25
575	363	27	25
576	363	26	25
576	362	26	25
576	360	26	25
574	359	26	25
575	359	26	25
574	358	25	26
573	357	26	25
573	355	25	25
573	353	26	26
573	353	26	25
572	352	27	25
573	351	26	24
572	350	26	25
572	350	26	25
572	351	25	24
571	351	26	26
571	352	26	25
570	354	26	24
569	354	26	25
570	355	26	25
569	355	25	25
569	356	25	25
568	357	26	24
567	358	26	24
566	357	26	23
564	356	27	24
563	357	26	24
562	357	25	23
561	356	26	25
559	356	26	25
558	355	28	24
557	355	27	24
553	355	28	25
551	354	28	24
549	355	27	25
546	354	27	24
545	354	26	24
542	352	27	25
539	351	27	25
536	349	26	25
534	348	28	26
530	346	27	25
528	346	27	25
525	345	28	26
523	346	27	25
522	346	29	26
520	347	27	25
519	346	29	26
519	347	28	25
518	349	27	25
517	349	29	25
517	350	28	25
519	349	27	25
519	349	28	25
518	348	27	25
518	348	27	25
518	349	27	24
518	349	27	25
516	347	27	26
515	346	27	27
514	348	27	25
512	348	27	24
510	347	27	24
509	347	27	25
506	346	27	25
504	346	28	24
500	344	27	25
498	343	26	24
495	344	26	24
491	341	26	24
489	340	26	25
487	340	26	24
485	339	26	24
480	338	27	24
480	338	26	24
479	338	26	24
478	337	25	24
477	337	24	24
476	337	24	23
475	338	24	23
474	337	25	23
474	337	25	23
475	337	23	23
473	337	25	22
473	338	24	22
474	338	23	22
473	337	24	22
474	337	24	23
473	337	23	23
473	337	23	23
473	337	24	24
473	337	23	23
473	336	24	23
474	336	22	24
473	336	23	23
474	335	23	23
475	335	23	23
475	334	23	23
477	332	23	24
477	332	24	23
477	330	22	24
478	330	24	24
480	330	25	25
481	328	25	25
483	328	24	25
483	328	24	24
485	327	25	24
485	327	24	25
488	328	24	23
488	328	25	23
489	327	25	24
489	327	24	23
491	327	25	23
490	329	24	23
490	328	25	23
489	327	25	23
489	328	24	23
488	328	25	23
488	328	25	23
488	329	25	23
486	330	25	23
485	330	25	23
485	330	25	23
484	330	25	23
484	330	23	23
484	331	24	23
483	331	24	24
483	330	22	23
482	330	23	23
481	329	25	24
482	331	25	24
481	331	25	24
482	330	25	23
482	331	24	23
482	331	24	24
482	330	24	23
483	330	25	24
484	329	24	24
484	330	24	24
485	329	24	25
487	329	24	26
488	329	24	25
488	329	25	23
490	327	25	25
491	327	24	24
491	328	23	23
493	328	23	24
493	328	25	23
494	328	24	23
494	328	23	23
496	328	24	23
497	327	23	24
498	326	22	24
499	326	23	24
500	326	23	24
500	326	23	23
500	326	23	24
501	326	23	23
499	326	24	24
500	326	25	25
500	326	24	24
500	326	24	24
499	326	25	24
499	326	24	24
498	326	25	24
499	326	24	24
498	325	25	25
498	325	24	25
499	326	23	24
498	326	23	25
496	327	24	24
496	327	22	24
495	327	22	23
495	328	23	23
493	329	24	24
494	330	23	24
493	332	24	23
492	332	23	24
491	333	24	23
491	332	24	23
490	333	24	23
489	335	24	24
489	334	24	24
488	335	25	23
488	334	25	23
487	334	25	24
488	335	25	23
487	334	25	24
488	335	25	24
487	335	24	24
489	335	24	23
487	334	25	23
489	334	24	23
489	334	24	23
489	334	24	23
488	333	25	24
488	333	25	24
489	334	24	23
489	334	24	24
488	333	24	24
488	333	24	23
489	333	24	23
489	333	24	23
488	333	25	23
488	333	25	23
489	333	25	24
489	334	24	23
488	333	24	23
489	333	25	23
488	333	25	24
488	333	25	24
488	334	24	23
488	334	24	23
488	333	24	23
489	333	24	23
488	334	25	24
488	334	24	23
488	334	24	23
488	334	25	23
488	334	24	23
488	334	24	24
488	334	24	23
488	334	24	23
489	334	24	23
488	334	24	23
488	334	24	24
488	334	23	23
488	335	23	23
488	336	24	24
488	336	24	23
488	336	24	23
489	337	23	24
489	337	24	23
489	336	23	24
491	335	23	24
490	335	24	24
490	335	25	24
491	336	25	25
491	338	25	25
492	340	25	24
492	341	24	24
493	342	24	24
492	345	26	25
493	346	24	24
492	347	25	24
493	347	26	24
493	348	25	24
493	348	25	23
494	349	25	23
494	350	26	24
494	351	25	24
493	351	26	24
494	351	26	24
495	353	25	23
495	353	25	24
494	353	27	25
495	353	26	24
495	353	27	24
498	353	25	24
497	353	27	24
499	353	25	25
498	355	26	24
500	354	27	24
500	356	25	25
501	356	26	26
502	357	26	25
501	358	27	26
501	360	26	25
502	360	26	25
502	361	26	24
501	361	27	25
501	361	27	25
502	361	27	25
503	362	27	25
503	362	27	25
503	361	27	25
504	361	27	25
504	361	28	25
505	361	27	25
506	361	28	26
506	361	26	25
507	361	26	25
507	360	27	25
506	360	26	25
508	361	26	25
507	361	26	26
506	361	27	26
508	361	27	26
507	361	27	25
508	361	27	26
508	361	27	25
509	362	27	25
509	362	27	25
508	362	26	25
509	361	26	25
509	362	27	25
510	362	27	26
510	363	27	26
511	364	28	25
511	364	28	26
512	364	27	26
514	364	28	26
515	364	28	27
516	365	28	26
518	364	28	26
519	364	28	26
521	364	28	26
523	363	28	26
525	362	28	26
527	362	28	26
529	362	28	26
532	361	27	26
533	363	27	26
534	363	28	26
536	363	27	27
537	363	28	27
540	366	28	26
542	367	27	26
545	367	27	27
545	367	28	27
548	367	27	27
552	367	28	26
555	369	27	25
557	369	28	25
560	368	27	25
563	368	26	27
566	369	26	26
568	368	26	26
572	369	29	25
576	367	29	26
578	366	30	26
583	366	30	26
584	365	29	26
586	365	29	26
590	364	26	25
591	365	27	26
594	365	27	26
595	365	28	28
598	368	25	26
599	367	27	28
601	367	26	30
602	367	24	30
603	370	23	28
604	368	23	28
604	368	23	28
603	367	24	26
603	365	24	26
603	365	25	26
601	362	26	28
600	363	25	26
599	359	25	29
598	361	26	26
596	359	26	27
595	360	26	26
592	359	26	25
591	358	25	27
588	357	27	27
588	358	26	26
586	356	25	26
582	356	26	25
581	356	25	26
579	356	26	25
576	357	26	26
574	356	26	25
571	355	26	25
568	356	27	26
565	354	26	25
562	354	26	26
560	354	27	26
558	353	27	26
555	352	26	25
553	351	26	26
549	350	28	25
547	348	28	26
543	348	28	25
541	347	29	26
539	346	28	26
536	346	27	26
533	346	27	26
531	346	28	26
528	345	28	27
527	346	28	25
525	346	28	26
522	345	28	26
520	345	28	27
515	344	28	27
514	343	28	27
512	342	27	27
510	343	27	27
508	341	27	28
505	342	27	27
504	342	27	28
502	341	27	28
501	341	27	28
498	342	28	27
497	343	26	26
495	344	27	26
494	344	27	26
493	343	26	26
491	344	27	25
489	343	27	26
489	344	27	27
488	345	27	26
488	345	27	26
487	345	27	27
487	345	27	26
486	346	27	26
487	347	27	26
487	348	26	26
487	348	27	26
487	346	27	27
488	347	27	27
489	350	28	26
490	350	27	25
491	349	27	26
491	350	27	26
492	350	28	26
492	351	27	27
491	353	27	26
491	353	28	27
490	356	28	25
490	355	28	26
489	356	27	27
488	357	28	25
485	356	28	28
484	358	27	26
481	359	28	26
481	359	27	27
478	362	27	28
477	365	27	27
475	367	27	27
473	368	28	27
471	368	28	27
469	369	29	28
468	369	29	28
464	369	30	30
462	369	30	31
462	370	29	30
459	370	29	31
459	369	29	32
455	368	27	33
453	370	27	30
453	370	27	30
452	368	27	31
450	367	27	32
449	366	26	33
449	370	27	28
449	371	26	28
450	370	26	28
449	372	27	27
449	372	27	27
448	373	27	26
448	373	27	27
450	373	26	28
448	374	27	27
448	371	28	31
447	373	27	30
446	372	28	30
446	374	28	28
446	373	29	29
446	373	28	28
445	373	28	28
445	374	29	27
446	373	29	29
446	374	27	29
446	374	28	27
445	375	28	27
445	374	28	28
445	374	28	28
446	374	27	28
446	374	27	28
446	375	27	26
447	375	27	28
445	375	28	28
445	375	27	27
444	373	28	29
445	375	28	27
446	373	28	29
445	374	28	28
445	375	27	28
445	373	28	27
446	372	27	29
446	374	28	27
445	373	28	29
446	371	28	31
447	372	28	30
449	373	28	27
450	374	27	26
452	372	26	27
451	372	27	27
452	372	27	28
455	368	27	32
457	367	27	32
459	368	29	32
461	368	30	32
462	367	31	33
463	366	30	32
466	366	30	32
468	363	30	33
471	364	29	30
474	364	29	29
475	362	28	29
476	362	29	29
478	361	28	28
479	361	27	28
482	359	28	28
482	359	27	28
483	359	28	29
486	357	28	29
486	358	28	28
488	358	28	28
488	357	28	28
489	357	28	29
490	359	27	28
491	359	27	29
490	359	28	28
490	360	28	28
491	361	28	29
491	362	29	28
492	363	29	27
492	362	30	27
491	363	30	27
491	364	30	26
490	364	29	27
489	363	30	27
487	364	29	27
484	364	29	27
483	364	29	27
479	365	27	27
476	365	29	27
471	365	28	27
469	366	28	27
465	364	27	28
460	361	26	30
456	361	26	30
453	360	27	27
447	358	27	27
440	355	29	29
434	355	29	29
430	353	28	33
423	352	31	36
421	353	29	36
418	353	31	33
413	350	29	34
409	352	28	30
405	350	26	28
403	350	27	26
399	349	28	27
396	348	27	29
394	348	27	28
394	348	26	29
393	348	25	28
392	349	25	28
391	349	25	28
392	349	26	29
393	350	26	29
394	350	26	29
395	348	27	37
397	352	28	34
399	353	29	33
402	355	29	32
408	347	30	38
411	349	29	40
414	354	33	48
422	348	33	56
426	348	33	53
433	351	32	44
436	354	32	39
438	355	29	38
447	355	29	38
448	352	27	42
454	352	26	40
454	350	27	40
457	347	27	42
457	346	27	43
459	351	29	42
458	356	30	33
458	361	28	27
458	360	28	28
459	361	27	28
458	360	28	28
458	361	27	28
458	357	26	30
458	359	26	27
459	356	27	29
459	358	27	28
460	356	26	29
461	356	25	27
461	355	26	29
462	356	26	27
461	356	27	27
462	356	27	28
464	356	27	28
465	356	26	27
467	356	27	27
467	357	27	27
470	359	27	27
471	359	27	27
474	361	26	27
475	361	27	26
476	361	28	27
476	363	28	25
476	362	28	27
478	362	28	28
477	363	28	28
476	361	28	28
476	361	27	28
476	362	27	27
475	362	27	27
475	362	26	27
474	362	27	27
475	362	26	26
474	361	28	27
475	361	26	27
476	361	27	27
476	362	27	27
477	362	27	27
477	363	28	27
478	362	28	28
480	364	27	27
480	364	28	27
480	365	28	27
481	364	28	27
482	364	27	27
482	364	28	27
483	365	28	27
483	365	28	27
483	365	29	26
484	365	26	26
485	365	27	26
485	365	27	26
484	364	28	28
484	364	28	27
485	363	27	27
484	364	28	27
484	362	27	28
485	362	27	27
485	361	28	27
487	361	27	26
486	360	27	27
485	360	27	28
487	359	28	28
488	360	27	27
489	359	27	27
488	360	28	27
490	360	28	26
491	360	28	27
490	360	28	27
491	361	28	27
492	360	29	28
491	361	28	27
492	362	28	26
490	363	28	26
491	364	28	27
491	364	29	27
490	365	28	27
490	364	28	27
490	365	27	27
490	365	28	27
489	365	28	27
488	365	28	26
489	365	28	27
487	365	29	26
488	366	27	26
487	367	29	26
488	366	28	28
488	367	28	26
488	367	28	26
487	368	28	25
487	366	28	27
487	368	27	25
487	367	28	26
487	366	28	27
487	366	29	27
487	367	28	26
486	367	28	26
488	366	28	27
488	369	28	25
487	368	29	26
488	368	29	27
488	369	28	26
489	368	30	27
489	368	29	27
489	368	29	27
490	368	30	27
491	368	29	28
492	368	29	27
493	367	29	27
493	367	29	27
494	367	30	28
495	368	29	26
496	368	29	27
499	366	29	28
499	364	27	28
502	364	28	28
503	363	30	28
507	362	29	28
509	361	28	28
512	360	28	28
514	358	30	28
519	358	30	28
525	358	28	27
527	359	27	26
531	358	30	27
534	358	28	27
538	359	27	26
541	358	27	27
543	358	27	28
548	358	29	27
551	357	28	27
553	357	29	27
556	358	28	28
558	359	29	28
562	364	28	27
565	366	27	27
567	370	28	27
569	372	27	27
573	376	29	28
576	378	28	29
580	383	28	29
583	384	27	29
584	386	28	28
590	389	29	28
593	390	27	27
596	391	29	27
602	391	25	29
605	391	23	28
610	387	19	34
612	380	17	40
612	390	17	34
612	389	16	49
611	391	18	54
611	388	17	58
611	392	18	55
612	383	17	63
609	388	20	60
607	369	21	66
604	332	24	67
598	332	27	66
599	324	30	61
589	327	35	61
607	335	22	66
608	333	21	72
610	337	19	68
610	338	19	65
610	338	19	66
611	338	18	66
609	343	19	56
608	342	21	57
607	341	22	58
607	344	22	56
607	342	22	58
609	349	20	55
605	335	21	65
582	330	37	53
595	318	32	75
588	318	37	68
592	324	35	70
580	320	42	73
586	324	39	71
587	320	42	77
568	339	50	73
565	338	50	71
567	335	51	79
565	334	52	74
560	332	53	71
505	335	64	60
496	334	66	66
483	343	72	65
448	369	57	76
452	358	53	77
475	347	73	84
470	342	77	92
428	352	86	85
387	320	94	102
310	296	80	103
306	316	56	92
314	319	47	87
318	320	39	82
321	321	36	76
321	323	36	72
322	325	35	69
322	321	35	72
324	324	33	66
324	327	31	63
323	326	32	65
324	322	34	69
324	323	32	66
324	323	31	64
325	324	32	66
323	324	32	66
324	325	32	68
325	323	31	68
324	322	33	67
306	316	48	73
279	323	90	88
262	343	92	87
273	333	84	80
285	363	74	71
289	350	60	75
291	366	77	82
295	363	74	68
336	372	59	59
430	372	33	39
430	376	29	27
430	378	28	28
430	379	28	27
431	378	30	27
430	378	31	28
430	377	31	28
430	377	31	27
430	376	31	29
428	376	32	30
424	375	32	30
424	375	33	29
419	376	32	28
414	377	32	27
410	377	31	27
404	375	31	28
398	374	31	28
391	373	33	29
389	370	35	31
377	369	30	28
375	369	28	28
370	368	27	28
369	368	27	28
365	368	29	28
364	368	28	28
362	368	27	27
361	367	28	28
363	368	29	27
362	366	32	28
364	366	29	28
364	366	29	28
362	363	28	31
362	364	29	30
355	367	27	36
355	362	30	36
353	365	29	35
354	365	29	31
346	365	28	40
338	366	29	33
328	361	33	36
334	364	33	39
316	361	34	44
310	358	33	47
302	356	34	43
298	354	31	35
295	356	31	33
291	356	28	32
291	355	28	33
286	356	27	33
286	355	27	29
294	339	45	42
322	332	47	67
325	322	47	67
398	302	46	80
397	306	48	84
395	307	46	85
384	339	42	59
385	346	36	49
384	350	33	45
380	345	30	42
377	352	32	33
368	345	32	33
365	347	39	33
356	345	26	31
347	344	27	29
343	344	28	29
339	344	28	30
335	341	28	35
332	342	30	35
330	342	31	33
330	339	31	36
331	339	30	38
331	340	30	33
332	341	30	33
331	342	31	34
330	341	31	35
330	339	30	40
326	342	31	35
325	343	32	32
320	341	28	36
320	341	27	34
313	341	27	32
309	342	27	31
303	342	26	30
299	341	31	29
291	337	30	29
285	337	26	29
282	336	27	27
274	335	27	27
271	335	28	27
268	335	26	26
266	334	25	25
263	332	26	26
263	331	26	27
262	331	28	27
261	331	30	28
261	332	29	27
259	331	29	28
260	331	27	28
258	332	27	26
259	333	27	24
255	333	27	25
254	333	27	25
249	331	27	24
248	332	28	25
241	331	29	26
238	330	30	27
232	329	29	28
228	326	36	29
219	321	34	31
215	325	29	28
210	324	27	26
205	326	27	25
203	326	27	26
200	323	27	25
199	324	25	24
199	322	29	27
197	322	29	27
196	321	28	26
195	322	27	28
191	321	27	44
187	317	30	36
184	318	32	33
186	319	31	31
186	321	27	28
184	322	27	27
180	321	35	32
177	315	37	43
181	328	35	41
178	335	35	37
168	321	37	49
127	327	61	58
122	315	57	66
116	317	70	71
120	320	75	75
123	310	70	73
116	314	70	75
120	313	72	74
122	310	70	75
112	306	74	81
116	295	63	76
113	308	49	61
112	302	39	52
113	306	36	48
106	307	32	51
102	308	34	53
98	306	33	49
104	306	33	45
97	308	31	43
96	305	26	45
96	309	29	42
92	309	29	39
88	307	34	38
84	305	35	41
77	307	31	31
72	306	29	31
68	307	27	30
64	311	28	28
61	311	28	26
57	308	27	28
55	310	27	26
53	308	27	27
52	307	26	27
52	305	27	28
51	305	29	27
50	305	28	28
49	305	28	28
50	307	28	27
49	304	29	28
48	307	30	26
48	307	29	29
49	306	30	27
44	302	29	28
43	303	31	30
38	298	31	35
32	295	30	40
33	295	31	39
29	301	32	32
28	302	31	29
24	302	29	28
20	301	29	27
17	301	31	28
