215	127	55	20
222	126	46	24
225	125	47	25
227	124	47	26
229	124	45	25
232	122	46	25
232	121	46	24
236	119	45	22
236	121	44	21
239	119	42	22
241	118	40	22
243	118	39	21
247	117	36	21
248	116	34	21
251	118	32	20
251	115	31	22
253	116	29	19
254	115	28	20
255	117	27	19
256	117	26	21
255	117	26	19
255	119	25	18
254	118	24	18
254	117	22	20
253	120	20	21
253	123	19	21
252	125	19	21
251	127	18	19
249	129	17	20
251	129	17	21
245	134	19	19
245	136	20	18
243	136	20	18
242	141	19	16
238	141	21	16
234	142	23	16
234	143	22	16
228	145	27	17
227	144	27	17
227	144	28	17
224	144	31	19
223	143	31	19
225	144	30	21
224	142	31	22
222	143	32	24
222	142	34	25
220	142	37	25
218	141	41	24
220	141	41	25
219	140	43	26
221	140	42	25
222	141	43	25
222	141	43	25
223	140	44	26
224	140	44	27
228	139	41	26
237	137	34	24
239	138	34	24
241	139	33	24
241	137	34	24
242	138	35	24
239	138	37	25
244	137	33	25
240	138	37	24
237	139	40	24
235	138	41	24
237	138	39	24
236	143	40	22
240	142	36	22
241	145	35	23
243	146	32	25
242	149	32	24
242	151	32	21
240	154	33	20
237	156	33	20
236	157	33	18
231	159	35	18
230	160	35	18
226	162	38	18
223	163	40	18
221	162	44	19
224	165	43	19
223	166	42	17
225	162	39	22
225	162	41	25
229	166	38	26
232	165	35	26
232	166	36	30
235	167	35	34
236	165	35	35
235	165	32	31
234	164	32	33
235	163	37	35
235	161	37	37
235	162	34	39
231	161	41	41
214	156	62	53
212	162	73	50
212	160	77	51
221	161	64	53
222	159	71	51
223	159	68	50
222	157	58	49
229	155	51	50
236	153	43	37
238	153	41	34
237	150	44	35
239	147	44	35
241	146	43	35
243	145	43	35
253	143	37	34
259	143	33	31
261	143	32	30
262	141	32	26
264	140	31	26
262	139	34	28
263	139	34	27
265	138	33	26
271	138	30	24
271	137	30	22
272	135	33	23
273	135	33	24
272	133	39	26
274	132	40	27
276	131	39	25
276	130	43	26
278	130	42	24
277	128	45	26
281	127	46	24
283	126	46	24
285	125	46	24
291	122	44	25
293	120	44	26
298	117	41	27
300	118	43	27
300	116	44	27
301	116	43	26
304	114	43	24
306	113	42	25
308	110	41	25
312	110	38	23
313	108	38	24
316	107	36	24
318	107	35	23
323	106	32	24
324	105	32	23
324	103	31	25
325	101	32	25
328	99	30	27
330	98	28	27
331	97	27	28
330	96	28	27
331	94	27	27
330	93	27	29
329	92	28	29
331	91	25	29
331	90	24	30
332	91	23	28
331	90	22	29
329	88	22	30
328	88	23	30
326	88	24	29
326	88	23	28
326	89	22	27
326	89	20	26
327	89	18	26
326	89	18	25
324	89	19	25
322	89	19	23
319	88	21	22
316	88	21	23
315	89	21	21
315	88	21	21
312	88	22	21
310	89	22	20
308	89	23	19
306	90	28	19
305	90	28	19
303	89	30	20
300	88	30	21
299	89	30	19
298	88	30	21
296	88	30	20
290	87	31	21
289	87	33	21
284	86	31	22
283	86	33	22
282	86	32	21
281	87	31	20
276	87	31	20
275	88	29	20
273	87	29	20
272	89	29	18
270	88	29	18
270	88	28	18
268	87	28	18
263	86	26	20
261	86	26	19
260	86	25	19
260	86	24	19
258	84	23	20
256	85	22	19
255	86	23	19
251	89	25	17
253	90	21	17
248	92	21	17
249	94	19	16
246	95	19	17
244	95	20	17
243	95	20	18
238	95	23	19
236	95	24	21
234	95	25	22
231	95	27	21
228	96	30	21
225	96	32	22
224	95	33	24
223	93	35	25
223	94	35	24
221	94	38	24
219	94	41	24
218	93	43	25
218	95	45	25
218	95	45	25
219	96	47	23
220	99	49	19
222	99	48	19
225	102	48	16
226	103	47	15
227	104	48	16
229	105	47	17
231	105	47	19
234	108	46	20
237	111	45	20
239	114	44	20
242	119	45	19
245	123	46	19
246	123	47	20
247	126	48	19
250	128	47	18
255	134	46	15
254	135	49	14
265	135	40	15
260	135	47	16
261	135	47	17
267	135	45	18
269	134	44	20
270	133	43	22
271	132	43	25
276	129	39	31
279	129	37	32
293	123	23	34
293	121	23	30
292	119	23	32
291	118	24	31
289	114	26	32
286	112	30	32
285	112	32	31
284	112	33	32
285	110	35	31
286	107	37	31
287	105	37	32
286	104	40	31
289	103	40	31
290	101	41	32
291	101	41	32
290	99	44	32
292	98	46	33
293	98	47	32
295	96	47	33
311	92	47	29
317	90	46	31
321	90	45	29
326	88	43	29
329	88	42	28
331	87	40	29
335	85	38	30
338	84	37	31
340	82	34	33
343	81	29	32
343	83	28	27
344	84	26	25
344	87	23	24
343	87	21	23
343	88	19	22
342	91	18	18
341	94	17	17
343	97	14	19
340	105	14	19
337	112	16	17
332	119	18	18
328	121	20	21
325	127	21	17
323	130	22	19
317	142	25	19
312	145	27	21
305	151	31	18
302	154	29	18
300	156	24	17
296	158	23	17
295	159	22	18
289	160	22	19
284	159	25	20
283	160	24	20
282	159	24	21
278	158	24	23
277	158	25	24
275	158	26	26
272	158	29	27
269	157	32	28
267	156	34	28
266	155	37	26
263	155	41	25
263	154	41	24
263	154	43	23
262	156	47	23
262	155	47	23
263	154	49	24
262	154	49	24
264	154	49	24
266	154	51	26
267	155	51	27
269	156	51	27
275	160	49	25
276	162	50	25
279	163	51	24
281	164	50	24
283	163	50	25
288	162	49	25
291	162	47	27
294	159	46	28
297	157	44	29
298	156	42	29
302	155	39	28
303	154	38	29
302	153	38	30
304	153	37	29
306	152	35	29
307	151	31	25
309	151	30	23
309	151	27	22
310	151	23	21
309	152	22	20
309	152	21	19
309	153	20	18
306	152	21	19
304	153	22	18
298	155	24	18
294	156	24	18
293	157	24	17
290	158	24	17
288	158	24	17
281	160	27	16
277	160	30	17
271	161	31	19
269	161	31	20
266	162	30	20
264	163	30	21
261	163	30	21
253	162	28	22
248	161	28	23
242	161	27	23
242	162	26	23
240	162	25	23
236	163	26	24
233	163	25	23
225	165	28	23
224	165	27	24
220	166	27	25
218	166	27	24
214	167	28	25
205	169	33	25
203	170	34	23
195	171	36	21
192	172	36	21
189	174	36	20
183	176	38	18
179	177	37	17
177	178	38	17
175	177	37	17
169	178	41	17
167	179	41	18
163	179	42	19
160	182	43	18
158	182	43	18
157	182	43	18
156	182	42	18
157	181	42	19
157	178	40	20
156	178	41	20
156	176	39	22
157	176	38	23
158	176	37	23
159	175	37	25
159	174	37	26
159	172	38	27
158	172	38	28
157	170	40	30
157	169	41	33
158	167	42	35
157	166	43	36
159	163	43	38
160	160	44	39
161	158	44	38
163	156	43	37
163	155	44	35
164	153	45	35
165	151	45	35
167	150	44	34
169	147	44	34
170	144	44	33
173	143	42	30
174	142	40	31
176	140	40	31
179	138	35	32
181	136	33	33
182	135	31	34
183	132	30	34
184	130	28	33
182	128	29	33
181	124	28	31
180	123	28	28
176	120	30	25
176	119	29	26
176	118	28	25
175	116	27	25
174	116	27	24
174	115	26	23
175	115	22	21
169	114	24	20
166	114	24	21
168	115	21	20
167	116	19	21
162	119	17	28
159	124	19	28
158	125	18	27
155	129	19	29
153	133	19	27
151	137	18	24
145	140	18	24
143	142	18	26
142	144	15	27
138	145	14	31
131	147	17	31
127	150	18	30
123	156	19	29
120	161	19	25
120	164	16	24
115	172	18	20
111	174	19	19
110	175	18	18
107	178	19	17
100	180	22	16
97	181	23	17
95	183	22	17
93	187	24	19
93	192	23	16
90	194	25	20
84	194	30	21
79	194	34	22
77	193	35	23
75	191	37	24
76	190	37	24
72	189	41	24
70	187	44	25
70	186	45	26
73	184	44	25
73	183	45	25
74	182	46	25
75	181	46	24
75	181	47	24
76	181	47	24
81	181	45	22
81	180	45	21
83	180	45	19
84	179	45	20
85	179	45	19
86	180	47	19
87	179	46	19
88	180	47	19
90	179	47	20
90	180	47	19
93	179	47	21
94	180	47	21
96	181	47	21
98	180	47	24
98	180	48	23
101	179	48	25
101	179	48	26
103	178	47	27
104	177	47	28
105	176	46	28
106	175	46	29
106	175	45	28
107	174	44	27
110	174	42	26
110	173	40	25
110	172	39	25
113	172	36	25
114	171	32	24
115	170	31	24
116	171	29	22
116	171	26	23
116	173	25	22
117	174	22	20
116	174	21	21
114	175	22	21
113	175	23	21
110	175	25	22
105	174	27	21
103	174	27	20
102	173	28	21
100	173	29	22
98	172	30	22
97	169	30	23
96	168	30	23
97	168	30	23
95	166	31	23
95	166	32	23
95	164	35	23
95	163	37	23
99	162	41	24
102	161	41	24
104	161	43	25
104	160	45	24
107	158	46	23
106	159	47	22
107	158	48	22
107	158	47	20
110	158	46	18
112	158	45	18
114	159	44	17
116	158	44	18
128	160	43	18
134	159	41	21
140	160	39	22
144	160	41	23
146	160	40	25
145	162	42	26
148	163	40	26
148	168	41	24
149	168	41	25
150	172	42	23
150	173	41	22
151	175	43	21
158	179	40	19
165	178	38	21
172	178	37	21
173	176	38	24
171	176	41	25
170	174	39	26
170	174	38	25
171	174	37	24
173	173	34	23
174	173	33	23
177	173	28	20
177	172	24	20
176	174	24	20
176	174	23	20
175	175	22	21
176	175	22	19
176	176	21	20
173	176	21	19
168	179	24	17
166	179	24	17
163	181	27	15
162	180	29	16
167	179	33	18
169	178	34	19
175	175	38	21
181	174	38	21
187	171	39	23
188	170	42	22
194	170	43	22
197	170	45	22
209	168	44	23
215	167	43	23
219	167	47	23
228	166	48	21
233	166	48	21
238	167	48	21
244	167	49	22
249	166	48	22
255	167	48	22
260	166	47	24
261	165	47	24
262	163	48	24
263	163	49	24
263	162	49	25
265	161	49	25
266	158	50	25
269	158	49	23
271	155	47	25
273	155	45	24
274	154	43	23
277	154	40	24
280	151	37	25
281	150	36	26
284	149	33	26
283	148	32	23
285	148	30	20
284	146	30	20
285	146	27	19
284	145	27	20
283	143	28	22
281	145	27	21
277	144	27	22
279	143	24	24
279	146	23	22
279	146	20	23
277	148	20	23
275	149	20	22
275	150	19	21
269	150	22	22
269	151	20	22
269	152	19	21
268	153	20	20
265	156	20	18
258	157	24	18
259	157	24	18
259	157	22	19
254	158	26	19
254	157	26	20
253	158	26	20
252	158	27	19
246	158	31	20
245	157	32	21
244	156	34	21
245	154	35	23
244	154	37	22
243	154	38	23
240	153	42	26
238	153	45	25
237	153	47	22
239	152	47	22
239	152	48	21
238	152	49	19
240	152	48	19
241	152	48	19
243	152	48	19
243	153	48	18
246	152	46	18
246	153	47	18
247	153	46	17
248	153	46	18
250	152	45	18
254	151	44	20
258	151	41	20
258	151	41	20
260	150	41	22
260	150	42	22
260	149	43	23
261	147	45	25
263	147	44	24
264	146	45	26
264	144	46	27
265	143	46	27
268	141	45	28
268	140	45	28
269	140	45	27
270	139	44	26
272	138	42	25
272	136	42	20
274	135	37	20
275	134	35	19
279	134	32	19
279	132	30	20
281	134	27	18
281	134	26	17
282	134	23	18
283	134	21	18
284	132	18	20
284	134	17	19
283	134	16	19
278	135	18	19
276	136	19	20
275	138	19	19
273	139	20	18
274	141	18	17
269	143	20	15
267	142	21	15
265	141	23	16
262	141	24	17
260	140	27	17
260	139	26	18
261	137	26	21
258	138	28	21
255	136	30	22
251	134	36	24
248	132	40	26
247	132	42	26
243	130	47	26
243	129	48	26
244	127	49	27
245	126	48	27
247	126	47	27
248	125	47	27
249	123	46	28
252	121	46	31
254	119	44	31
256	118	44	31
258	116	43	32
258	114	43	32
259	112	44	32
259	110	44	32
260	109	45	31
260	107	46	31
261	104	45	30
263	103	44	29
264	101	44	30
267	100	43	27
268	98	42	27
269	96	43	27
270	93	42	26
271	91	41	24
273	89	41	24
273	88	40	23
275	87	38	23
277	84	38	24
279	82	39	22
279	81	40	22
280	79	38	23
281	80	40	21
283	77	39	23
283	77	39	22
284	75	40	22
284	75	41	22
285	73	41	23
283	73	43	22
283	72	45	22
282	71	46	21
282	69	47	22
284	71	48	21
285	68	48	22
285	69	49	20
285	69	50	20
287	67	51	21
289	66	50	20
290	64	51	22
291	64	50	22
293	61	51	24
295	62	51	23
297	62	50	23
299	61	51	24
301	60	51	24
302	59	50	24
303	57	50	24
306	56	50	21
307	54	50	22
308	55	50	21
310	55	50	21
311	53	51	22
312	53	50	23
314	53	48	22
318	53	46	21
318	51	46	22
320	49	44	23
320	50	45	22
323	49	43	22
324	48	41	21
327	46	37	20
327	46	37	20
327	47	37	20
330	48	34	18
332	51	33	16
333	52	30	15
332	56	31	14
333	58	30	13
334	61	28	15
333	63	28	14
333	69	28	13
332	72	29	12
333	75	28	12
333	78	29	11
332	82	31	13
332	85	31	14
331	87	31	13
332	90	31	14
331	93	31	15
329	99	34	15
329	101	34	15
329	106	33	16
330	109	33	19
326	111	36	19
326	117	38	19
325	117	38	20
324	119	39	20
323	125	40	19
322	130	41	20
321	132	42	21
322	135	42	20
320	139	42	22
317	143	44	23
314	151	43	24
312	160	44	22
312	165	42	21
315	171	39	21
316	179	38	21
314	183	37	21
312	191	38	22
310	196	39	24
306	202	43	25
303	202	45	27
302	201	45	28
302	202	45	28
301	203	44	30
301	202	44	30
300	206	45	28
300	206	45	28
299	209	46	28
301	211	45	27
300	214	46	26
300	218	44	25
299	220	42	23
300	224	41	21
300	228	39	18
300	230	37	18
304	232	32	17
308	233	27	19
309	234	25	19
309	235	23	19
309	239	24	19
302	241	29	20
296	241	33	21
293	240	36	21
290	240	39	21
288	240	41	21
289	240	41	22
288	240	42	22
290	238	44	24
288	237	46	23
287	236	51	22
288	236	52	20
289	234	53	21
291	233	53	21
296	232	52	21
296	232	53	22
299	232	53	21
301	234	54	21
306	236	53	20
310	237	52	19
312	238	51	19
317	242	51	18
319	242	52	18
320	242	52	20
324	242	53	23
326	242	54	24
330	243	55	25
336	248	55	23
338	250	55	23
343	252	54	22
348	255	53	21
352	258	52	19
356	259	52	21
357	258	52	23
361	258	51	25
364	257	50	26
371	257	46	26
377	256	41	28
384	256	36	29
386	256	34	29
390	256	30	29
397	257	26	26
398	257	23	25
399	257	23	24
399	258	22	23
398	259	23	22
398	260	24	22
397	262	24	22
396	262	23	22
396	263	22	24
396	263	23	24
395	264	23	26
395	266	23	27
392	267	26	27
388	267	28	27
389	267	30	27
389	268	32	27
391	268	30	26
388	270	34	24
387	271	37	23
388	275	38	22
386	275	42	23
385	276	46	22
386	279	49	21
386	280	51	21
387	284	55	20
390	284	55	21
391	286	56	20
394	289	58	20
397	290	59	20
401	292	60	20
403	295	60	21
411	297	58	21
413	300	59	22
415	301	58	22
415	305	56	23
413	306	57	24
412	307	56	26
412	307	55	28
411	308	51	30
409	308	47	30
408	308	38	31
407	309	37	30
400	307	34	31
395	307	35	30
394	309	34	27
386	312	35	25
375	314	35	25
372	315	34	25
362	317	33	25
359	319	34	26
356	321	33	28
352	324	33	28
346	329	36	28
343	330	38	30
340	335	38	29
336	342	36	28
330	352	37	23
330	355	34	21
329	353	31	22
323	350	26	25
322	344	24	27
321	344	24	26
321	338	24	30
319	333	25	32
318	329	28	35
315	323	31	39
316	323	33	39
312	317	37	39
310	314	40	40
312	299	55	27
318	292	58	25
328	286	54	29
331	283	55	31
333	282	54	33
351	271	49	40
365	265	40	45
370	267	47	55
371	262	53	73
366	219	43	56
371	209	33	47
375	203	29	45
376	197	28	46
377	195	29	49
376	190	31	48
375	184	30	46
377	181	32	54
377	179	31	55
376	172	30	55
376	166	27	46
371	159	32	31
371	160	31	28
372	160	30	27
366	159	33	25
365	158	35	27
365	158	35	27
359	159	36	24
359	158	35	25
357	158	36	24
355	158	35	23
354	158	34	22
355	159	32	22
349	156	31	23
349	156	29	24
348	156	27	23
348	156	25	23
346	155	27	23
343	156	31	24
343	156	33	23
342	157	35	26
340	157	40	26
340	158	43	27
342	157	44	26
344	157	43	25
345	158	44	24
348	157	45	24
349	157	46	24
351	157	46	23
354	156	48	24
355	155	48	25
356	154	48	28
358	152	47	28
359	149	46	28
364	147	41	29
366	145	39	30
368	144	38	31
370	143	35	32
373	143	32	31
375	142	31	31
376	142	30	30
378	140	27	27
380	138	25	28
379	139	26	24
379	135	24	25
381	135	22	25
380	134	20	24
379	134	19	24
380	135	18	25
379	136	18	27
377	137	19	28
375	139	19	27
376	139	17	26
377	142	17	22
376	142	17	22
375	143	18	22
375	144	18	24
372	145	19	27
372	147	19	25
371	147	20	27
370	147	23	29
369	147	23	31
370	146	23	33
370	141	24	35
368	139	26	35
368	140	27	32
367	141	30	34
365	142	33	35
367	144	35	35
367	146	35	35
366	147	38	35
364	149	40	37
366	151	41	35
366	150	44	33
367	150	45	32
369	148	48	33
370	147	50	34
372	147	51	34
376	147	53	31
378	148	53	28
380	150	54	26
385	156	55	22
391	160	55	20
393	161	55	20
400	162	53	23
404	161	53	23
411	159	50	26
414	157	48	29
423	154	42	32
426	155	41	30
431	156	37	29
437	160	33	32
442	162	31	30
443	163	31	31
442	162	32	27
443	162	32	27
442	162	33	24
444	163	34	22
447	162	33	21
449	160	33	21
453	158	30	21
454	156	33	22
455	154	34	23
454	151	38	24
453	149	40	25
453	148	42	25
451	145	42	28
444	145	43	26
441	143	43	28
439	143	42	28
430	143	45	29
426	145	46	26
421	146	45	24
414	149	44	22
413	149	41	23
407	149	38	23
398	150	38	21
392	150	40	22
390	151	40	21
385	150	42	21
377	149	42	22
373	148	46	21
366	151	49	17
365	148	45	19
363	148	44	19
355	146	47	20
355	144	43	22
348	143	42	22
342	146	39	21
337	150	37	20
331	149	38	21
325	149	37	22
325	149	35	22
322	149	34	22
315	149	32	24
315	148	29	24
308	148	27	27
309	147	23	28
299	146	24	27
298	147	22	28
292	146	23	28
281	146	25	27
270	145	30	27
259	145	32	29
257	144	33	29
247	144	32	28
238	143	29	28
231	141	29	28
221	140	27	27
214	140	27	27
206	141	25	26
196	140	27	27
189	138	26	28
189	138	26	28
187	136	27	27
186	135	28	26
185	135	29	24
182	134	32	24
183	133	33	24
181	131	34	24
182	131	36	23
180	130	38	23
178	129	42	25
179	128	43	26
180	127	46	27
181	126	46	28
183	124	46	29
187	123	44	30
189	121	43	30
193	119	42	31
196	116	40	31
198	115	39	30
200	113	38	29
203	111	37	29
205	108	36	26
207	107	34	26
209	105	32	26
212	103	29	27
213	102	26	25
216	100	24	26
216	98	23	26
216	96	23	26
215	96	23	24
213	94	24	23
208	94	26	20
208	95	26	18
206	96	26	18
203	96	27	18
200	97	28	17
194	98	32	17
194	99	33	16
191	100	33	15
190	101	33	16
183	101	37	17
180	103	37	16
178	104	37	16
172	105	38	15
168	106	33	15
166	104	30	18
165	105	29	17
163	104	25	20
160	102	24	22
156	100	23	22
156	97	23	23
152	95	25	21
151	93	26	21
149	92	27	21
148	91	28	21
142	90	31	21
139	89	33	22
140	89	32	21
137	88	34	23
136	88	33	23
136	86	33	25
133	85	35	25
132	84	36	25
134	83	36	26
133	82	37	27
133	81	39	27
132	80	41	27
130	79	44	26
129	78	49	23
129	77	50	21
130	76	51	21
133	76	53	19
135	74	54	18
138	75	55	17
148	73	56	17
152	74	57	16
160	73	56	17
165	72	56	17
173	71	57	18
175	72	57	17
178	72	56	17
182	71	55	17
183	71	58	16
193	71	58	17
206	70	53	17
212	71	52	16
213	70	51	17
215	69	48	17
218	69	48	17
218	69	47	17
220	69	48	18
226	68	48	19
232	66	44	20
234	65	46	20
237	63	42	21
239	63	40	23
238	62	39	23
240	62	36	24
241	62	35	24
241	61	33	25
241	61	33	25
242	62	33	25
241	62	32	25
243	62	31	25
242	64	30	25
242	65	28	25
242	67	28	23
240	71	26	24
239	74	28	23
235	82	29	20
232	91	33	19
229	97	36	17
227	100	39	16
226	101	41	17
225	99	41	18
226	97	41	19
228	97	40	19
231	94	39	22
231	94	39	22
232	93	38	22
237	89	34	27
237	87	35	27
239	86	35	27
240	84	33	27
242	79	32	27
244	78	29	28
244	78	27	29
246	78	27	29
246	80	27	29
246	82	26	28
246	82	26	28
244	82	28	28
246	83	26	25
245	85	27	27
244	85	29	25
243	86	30	25
245	88	29	24
244	88	29	24
245	89	29	23
245	90	31	24
246	90	31	23
246	90	31	23
247	88	31	24
247	81	30	28
247	79	29	29
245	74	31	31
244	72	31	32
244	71	30	32
243	68	31	32
241	63	33	32
242	61	32	31
239	58	32	30
237	54	31	30
238	52	31	30
236	50	30	28
233	45	28	28
232	43	27	28
231	40	27	26
230	39	25	25
228	36	23	25
225	34	23	24
222	33	23	24
217	30	24	25
214	30	26	26
211	28	28	26
202	25	32	29
197	23	34	30
188	22	37	31
180	19	40	34
178	19	40	35
173	13	37	40
165	11	39	42
165	11	38	42
152	12	38	43
147	13	40	43
141	13	42	45
131	15	47	44
127	17	49	44
116	20	52	44
111	22	50	45
107	23	49	45
97	25	48	48
88	29	48	48
83	31	49	48
80	33	45	48
68	37	40	52
65	40	37	51
55	46	36	51
52	48	36	53
47	49	36	55
43	52	36	55
38	56	36	55
30	62	33	55
26	65	33	56
22	70	35	58
14	80	40	56
13	84	41	53
8	98	51	48
10	104	53	45
14	110	53	43
22	124	57	38
26	132	58	37
29	135	61	36
35	140	60	36
49	150	56	35
55	152	54	36
65	157	54	37
70	157	51	37
75	160	51	37
84	166	55	33
88	172	56	28
100	182	56	22
117	187	52	20
126	188	48	21
134	191	49	22
141	190	49	27
150	194	49	29
160	198	46	29
169	202	46	30
171	202	50	29
178	206	53	29
180	211	56	27
182	220	57	22
184	223	55	21
191	226	51	21
194	227	49	21
201	228	46	24
205	229	43	24
207	228	43	27
207	231	45	28
209	237	46	29
209	239	49	30
208	245	53	26
209	248	52	26
211	251	54	22
212	254	54	23
215	253	52	24
220	254	48	24
228	256	39	23
232	255	35	22
235	257	31	22
239	257	31	25
241	257	29	25
246	256	30	25
253	255	30	26
254	257	32	25
256	258	36	24
261	259	41	25
269	258	41	28
277	257	38	27
288	253	34	23
291	249	31	24
291	249	30	24
292	247	28	26
290	246	28	27
289	244	29	28
283	244	31	28
283	244	30	29
283	241	26	32
283	242	24	31
278	241	25	30
277	242	23	28
273	244	23	26
272	246	25	21
274	247	25	19
276	247	25	18
279	246	27	20
279	244	28	22
280	245	31	23
278	241	34	28
271	240	42	30
268	241	46	30
267	240	48	31
270	240	51	28
278	239	51	25
289	241	51	22
294	242	52	22
305	244	52	21
304	245	53	21
307	245	54	22
312	245	54	23
315	248	56	22
316	248	57	23
317	249	58	22
324	249	55	25
332	247	51	29
336	245	49	28
342	242	44	29
345	240	43	27
349	235	39	25
352	232	35	25
354	233	33	24
355	233	29	23
355	234	27	23
348	234	28	25
345	235	29	23
341	236	29	25
