215	224	25	76
214	225	28	75
215	225	28	75
215	225	28	75
217	225	27	75
217	225	28	76
218	225	28	76
219	225	28	76
219	226	28	75
220	226	28	76
221	226	28	77
221	226	28	76
222	226	27	76
223	226	27	76
223	226	27	77
223	226	27	77
223	226	27	77
223	227	27	78
223	227	27	76
223	227	27	77
224	227	27	76
223	228	27	77
223	228	26	76
223	227	27	76
223	227	26	76
223	228	27	76
223	227	27	76
222	227	27	77
221	227	27	76
222	227	27	76
222	227	27	76
221	227	28	77
221	227	27	77
221	227	28	76
221	227	27	77
221	228	28	77
221	228	27	77
222	228	27	76
222	228	27	77
223	228	27	76
223	229	28	77
224	229	27	77
223	229	27	77
224	229	28	77
224	228	28	77
225	228	28	77
226	228	28	78
226	228	29	78
227	229	28	78
226	229	28	78
226	229	29	79
227	228	28	79
227	229	29	79
227	229	28	79
228	230	29	80
228	229	29	79
227	230	29	79
228	230	28	79
227	230	29	79
227	230	29	79
227	230	29	79
226	230	29	80
227	231	28	78
227	231	28	78
227	230	28	78
227	231	28	78
227	231	28	79
227	231	28	78
227	230	28	78
227	231	28	79
227	231	28	79
227	231	29	79
229	232	28	79
229	232	29	79
229	232	29	78
230	232	29	78
231	232	29	78
231	232	29	78
232	232	30	79
233	233	30	79
233	232	31	79
234	232	31	80
235	232	31	80
235	232	31	80
237	231	30	82
236	232	31	81
237	232	31	80
237	233	30	80
237	233	30	80
238	234	30	80
238	235	30	80
239	234	29	81
239	235	30	80
238	234	29	79
238	235	30	80
239	234	30	80
239	234	29	80
239	235	30	81
240	235	29	80
240	235	29	80
240	235	29	79
240	234	29	79
240	235	29	79
241	235	29	80
241	236	30	79
241	236	29	80
242	237	29	80
242	236	30	81
243	236	29	80
243	236	29	81
244	236	29	81
244	236	30	80
245	237	30	81
246	237	30	81
246	236	30	82
246	237	30	81
246	236	31	82
246	236	31	81
246	237	32	82
246	237	32	82
247	237	32	82
246	237	33	83
246	237	33	83
246	237	33	83
246	238	33	83
245	238	33	82
246	238	33	82
245	239	33	82
245	239	33	82
246	239	32	83
245	238	32	83
246	238	32	82
246	238	33	82
245	239	33	82
246	239	32	82
246	239	33	82
246	239	34	84
247	239	32	82
248	236	32	82
247	211	32	85
247	191	33	86
247	174	34	89
247	154	33	90
248	141	33	86
249	118	33	87
249	101	34	88
249	85	33	88
250	67	32	87
249	48	32	88
250	30	32	89
250	14	34	88
250	18	35	89
251	35	35	96
251	53	35	93
250	70	36	98
251	91	36	92
253	111	35	93
254	130	35	92
253	148	36	92
252	165	38	94
253	184	37	93
253	203	36	90
254	220	36	93
253	240	37	87
255	237	34	88
256	214	33	87
256	200	30	88
255	188	33	84
254	164	33	90
254	148	32	90
255	131	30	89
255	113	32	89
254	95	31	89
255	74	32	90
253	58	33	91
253	44	34	86
254	21	32	87
255	21	33	86
255	27	35	100
256	47	36	99
258	67	37	99
262	85	38	99
260	106	36	95
262	123	37	99
263	143	37	96
265	162	37	97
266	182	36	96
267	200	35	94
268	218	35	94
268	239	35	94
268	242	35	90
269	224	33	93
269	211	33	90
268	193	34	90
268	173	33	89
268	156	33	89
269	140	33	90
268	119	32	91
267	101	36	91
267	81	35	96
265	64	36	96
264	50	36	93
271	26	34	94
264	20	34	93
264	23	34	100
265	48	35	95
266	67	36	97
267	81	36	100
270	105	36	98
269	117	37	103
268	143	37	95
271	162	37	94
274	174	36	101
272	197	36	96
275	216	36	95
276	235	37	95
276	247	36	91
281	231	34	95
273	215	38	93
278	195	37	94
277	178	36	91
279	163	33	92
276	146	35	92
305	119	41	95
273	107	38	95
277	91	39	92
273	73	37	91
275	56	35	92
280	38	35	87
273	24	36	90
272	25	37	97
272	47	39	98
275	60	37	104
276	79	38	105
278	100	43	103
276	118	38	100
278	140	39	99
280	155	36	100
280	173	36	101
282	195	35	100
285	214	34	98
284	229	34	101
285	250	35	93
287	244	32	92
286	223	33	92
288	206	31	91
290	188	31	93
288	171	31	91
290	154	32	91
286	133	33	91
289	120	34	88
287	99	34	92
288	78	33	95
290	61	33	95
288	46	33	94
290	27	34	94
290	27	34	93
317	43	36	100
289	60	36	103
292	78	37	102
293	98	37	101
293	119	37	99
294	134	38	102
296	155	37	100
296	175	36	101
297	195	35	99
299	214	35	96
297	232	38	101
300	253	36	96
301	253	35	91
302	230	35	94
302	214	42	94
299	199	34	93
304	179	36	93
299	162	36	93
300	141	36	96
301	125	34	94
301	108	35	93
304	87	33	95
303	73	32	92
303	58	32	91
306	34	32	93
305	29	33	96
307	42	33	103
306	61	34	102
307	80	34	103
309	97	35	103
312	117	35	103
313	133	36	105
315	156	36	99
315	171	35	108
316	191	35	106
321	210	36	101
319	228	33	102
340	248	40	101
322	256	34	94
322	257	34	94
326	258	33	92
325	259	32	93
326	259	31	94
326	260	32	93
327	259	32	94
328	259	32	94
328	260	32	95
329	258	33	97
331	259	31	93
331	259	33	96
332	258	32	93
333	259	32	91
335	258	32	90
336	257	33	90
336	258	33	91
337	258	33	93
338	259	33	92
339	259	34	93
340	260	34	92
341	260	32	91
346	259	34	92
343	258	32	95
344	257	33	94
345	257	32	95
346	255	31	96
347	257	32	95
348	256	32	97
347	254	33	99
349	256	33	98
348	256	34	97
349	257	32	96
350	257	33	99
351	257	33	99
352	257	33	97
353	258	33	96
353	258	33	97
354	258	32	97
353	259	33	96
354	258	33	98
355	259	34	97
355	259	34	98
357	259	33	97
356	257	34	99
357	258	34	99
358	258	34	99
358	260	34	98
358	259	34	101
359	259	34	99
359	259	35	99
360	260	35	99
361	259	35	100
362	260	35	98
356	261	40	99
327	262	39	98
326	263	42	98
288	264	40	100
290	265	41	98
273	263	39	100
250	265	41	98
213	266	43	101
186	266	44	101
173	267	47	101
147	267	45	102
133	268	46	99
114	268	50	101
88	268	50	102
107	266	47	102
72	268	47	104
57	272	49	97
39	270	44	101
21	273	39	98
18	273	38	100
20	272	37	99
20	272	37	98
20	273	36	98
22	272	37	100
23	273	37	99
23	273	35	99
23	273	37	100
23	272	37	100
24	274	36	100
25	274	36	98
27	273	35	100
27	274	36	98
28	274	36	100
28	274	37	101
29	275	37	99
30	275	38	99
31	277	37	97
33	277	36	97
33	276	36	97
33	277	36	98
34	277	35	98
35	277	36	99
36	278	36	97
36	277	37	100
37	277	35	99
38	277	37	99
37	278	37	99
40	278	37	100
39	279	36	100
39	279	37	99
40	279	37	99
42	279	36	98
42	279	36	99
41	280	37	101
42	281	37	100
42	280	37	99
42	280	37	102
42	280	37	102
43	281	37	102
42	281	39	101
45	281	38	101
45	280	38	101
47	281	38	102
48	281	38	99
49	281	37	99
50	281	37	98
49	280	37	101
50	283	37	98
51	282	37	99
52	283	37	99
53	284	36	98
53	284	37	100
53	284	37	100
54	285	37	99
56	285	36	98
58	285	35	99
57	285	36	100
59	285	36	100
60	284	37	100
60	284	36	100
61	284	37	102
62	285	37	100
63	284	37	102
64	285	37	102
64	285	38	103
65	286	37	103
65	286	38	102
66	285	37	101
67	286	37	102
68	286	36	101
69	286	36	102
69	286	36	103
69	286	37	105
70	287	37	103
70	286	38	105
71	287	38	102
72	287	37	103
73	287	38	104
73	287	40	104
75	287	39	100
76	287	40	102
77	288	39	99
78	287	39	102
77	288	39	103
79	288	40	101
78	288	41	102
81	289	41	102
79	288	43	104
81	288	41	103
83	290	39	102
83	290	39	102
85	290	38	102
86	291	38	102
86	291	39	103
87	291	39	102
88	291	39	101
89	290	39	104
90	292	39	102
91	291	38	102
91	292	39	104
90	293	39	104
91	293	40	104
91	293	40	104
92	293	40	104
93	294	40	102
93	295	41	103
94	294	40	104
94	296	41	104
94	293	41	106
95	295	41	105
96	296	39	105
97	295	40	105
97	295	40	105
98	295	39	105
99	294	41	106
99	295	40	104
100	294	42	106
101	294	40	104
102	294	39	104
103	296	39	104
103	295	39	105
104	295	39	105
105	295	39	105
104	295	40	106
109	297	40	102
108	296	40	104
110	298	39	103
111	297	38	105
114	298	38	104
113	297	39	105
115	297	38	107
115	298	38	104
116	296	38	106
117	297	39	106
118	297	39	105
119	297	39	103
121	296	38	105
120	298	38	104
123	297	38	105
123	298	38	106
124	297	38	105
124	298	38	106
125	298	39	109
126	298	39	109
128	299	39	106
128	299	39	108
130	298	38	107
132	300	40	106
132	300	40	108
132	299	39	108
134	299	39	108
134	301	42	110
141	301	44	110
188	298	50	109
156	301	45	108
162	301	47	112
169	301	46	110
179	302	49	109
182	302	47	109
195	302	50	108
197	301	49	108
204	303	49	110
213	304	45	107
218	304	42	106
221	301	42	108
219	302	43	108
219	302	41	107
219	303	41	105
220	302	40	108
221	303	39	109
221	303	40	110
223	303	40	109
224	304	41	110
223	304	42	110
224	304	41	110
225	304	41	110
225	305	42	110
226	306	42	109
226	305	42	112
226	307	44	109
226	307	44	110
229	307	42	110
228	306	43	110
228	307	43	110
229	308	43	108
231	308	42	109
233	307	41	110
235	307	39	110
236	308	41	107
236	308	40	109
235	309	42	110
235	309	42	109
236	310	42	110
235	310	43	108
237	311	44	110
237	310	42	108
238	310	44	109
238	309	46	111
239	305	44	111
239	302	49	111
241	298	47	111
244	294	46	112
243	290	47	113
245	286	48	114
244	283	46	115
244	281	49	114
244	276	51	115
244	275	49	113
245	270	52	113
247	268	49	112
249	265	48	112
249	261	47	114
250	258	48	114
250	254	49	113
252	252	48	113
253	248	47	111
254	244	47	110
254	242	47	109
256	238	49	112
256	234	47	112
257	230	48	112
257	228	48	111
259	225	49	109
262	221	46	110
263	217	46	112
263	215	46	111
264	212	47	109
265	209	45	111
267	205	45	110
267	202	45	110
269	198	45	111
270	196	45	112
270	192	45	111
270	191	47	110
271	187	46	111
272	184	47	113
273	184	47	112
273	184	48	113
273	184	49	114
276	184	48	114
274	183	51	115
276	184	52	115
275	184	52	118
277	184	52	118
279	184	53	119
279	185	55	119
280	184	54	122
279	184	55	122
283	185	55	120
283	185	55	122
285	184	54	122
287	185	54	121
287	184	54	122
290	186	55	122
293	185	51	118
294	187	50	119
297	187	49	119
300	187	47	118
304	187	45	117
303	189	47	117
303	189	47	117
306	189	48	118
306	190	49	119
308	190	50	120
308	189	50	119
310	190	49	120
310	190	52	119
309	189	53	120
311	189	52	119
311	189	54	121
311	189	55	121
314	190	54	123
311	192	58	120
312	191	56	123
316	191	54	120
316	192	55	121
316	192	55	120
318	192	54	121
319	193	54	120
319	193	54	119
322	192	53	121
323	193	52	121
324	194	52	121
325	194	52	120
326	193	52	120
327	194	52	118
327	194	52	118
328	194	53	118
328	194	52	115
329	193	53	119
328	194	55	120
328	194	56	120
328	194	58	121
328	195	58	120
329	195	61	121
328	195	60	120
328	195	61	119
329	195	59	120
329	194	58	120
330	194	57	121
330	195	55	120
330	195	55	121
330	195	56	122
330	195	55	122
332	196	55	123
332	196	56	123
331	197	58	123
332	196	57	125
333	196	58	125
334	197	59	124
335	197	58	124
335	197	59	125
335	198	59	122
337	198	58	125
338	199	59	122
342	199	56	123
342	200	56	125
343	200	56	124
343	201	58	123
346	202	57	124
347	202	57	122
347	202	57	121
347	202	59	120
347	202	59	119
348	202	59	121
347	202	60	122
348	202	59	124
349	202	58	124
350	203	58	122
350	202	59	121
352	202	57	122
353	202	57	121
355	202	55	121
354	203	58	122
357	203	56	120
358	204	56	122
359	205	55	120
360	205	54	120
362	205	53	121
363	204	52	122
364	205	53	120
365	204	54	121
365	205	54	122
360	205	58	122
358	206	56	121
353	206	56	123
348	207	57	122
342	207	57	121
338	208	58	123
334	208	56	127
329	209	57	128
326	210	54	129
320	212	55	127
314	211	57	128
308	214	56	125
305	215	57	121
309	216	58	123
315	217	58	122
321	217	59	123
326	217	62	123
336	216	59	122
341	217	61	120
348	215	62	120
355	215	63	123
