385	273	22	59
384	273	21	58
385	273	22	59
385	273	21	59
386	274	22	58
387	273	22	59
387	274	22	58
388	274	22	58
389	274	22	58
389	274	22	58
389	274	22	58
390	273	23	58
390	274	24	59
391	273	24	58
391	274	24	59
391	273	24	59
391	274	24	58
392	273	23	58
392	274	23	59
392	274	24	59
392	274	24	59
392	275	24	59
392	274	25	59
392	274	25	59
392	274	25	59
392	274	26	60
391	274	25	59
392	274	24	59
391	274	23	59
392	274	22	59
392	274	22	59
392	275	22	59
393	275	22	59
392	275	22	58
393	275	22	58
392	276	22	58
392	276	23	58
392	276	24	58
393	277	25	58
392	276	25	57
393	276	25	58
393	275	25	58
392	275	24	59
393	275	24	59
393	275	23	58
393	276	24	60
394	276	23	58
393	275	24	59
393	276	24	59
393	276	24	59
394	277	24	59
392	276	24	59
393	276	24	60
392	276	25	59
392	276	25	60
392	275	25	60
393	276	25	60
393	276	25	60
394	277	25	60
394	278	25	60
394	278	25	59
395	278	24	59
396	278	24	59
396	279	24	59
396	278	24	59
397	278	24	59
398	277	24	59
397	276	24	59
398	276	25	60
399	277	25	59
399	276	24	58
400	276	25	57
399	277	25	57
399	278	24	57
400	278	25	58
400	278	24	59
400	279	25	61
401	279	25	59
401	278	24	59
402	278	24	60
401	279	24	60
401	278	24	60
401	278	24	61
401	279	24	60
402	279	25	60
403	279	24	61
403	279	24	61
403	279	24	61
404	278	23	62
404	278	23	63
404	278	23	62
404	278	24	63
403	278	23	63
403	278	25	64
403	278	23	64
403	278	24	64
403	279	24	64
403	279	24	63
402	279	24	63
402	280	24	62
401	279	24	63
400	279	25	63
401	278	24	63
399	279	25	62
399	279	25	62
399	279	24	62
399	280	24	61
399	281	24	61
399	281	24	61
399	280	24	61
398	281	24	61
397	281	24	61
398	281	24	61
397	280	24	62
396	280	24	62
395	281	24	61
395	281	24	63
395	281	24	62
396	280	23	63
395	280	24	62
395	280	24	62
395	280	23	62
395	280	23	62
395	280	23	61
395	280	22	62
396	280	22	63
396	280	22	63
397	279	22	63
397	280	22	63
397	281	23	63
397	280	23	63
398	281	23	63
398	279	26	62
401	279	27	62
401	280	24	63
402	280	28	63
405	280	24	62
405	280	25	62
406	281	26	63
406	280	27	61
408	280	30	63
409	280	29	62
411	281	28	63
366	283	26	58
365	282	23	58
364	282	22	59
365	282	23	59
364	282	24	60
364	282	24	59
364	282	24	59
365	282	25	60
366	282	24	60
365	282	24	60
364	283	25	59
365	284	24	59
365	283	22	59
363	283	24	60
363	285	23	58
364	284	23	59
362	283	23	59
364	286	24	58
364	284	23	58
364	283	22	60
364	283	22	59
364	283	21	60
364	283	21	59
364	284	21	58
364	285	23	59
365	284	21	59
365	284	21	59
366	285	21	59
365	285	21	59
366	285	21	59
366	285	22	60
366	284	21	61
367	285	21	59
368	286	20	60
366	287	21	60
367	287	21	58
367	288	23	58
366	286	25	58
368	287	24	57
366	285	22	59
368	286	22	58
368	287	21	59
368	286	21	58
367	286	23	60
368	287	22	60
368	288	23	59
368	288	23	59
369	289	23	59
369	288	26	59
367	287	24	62
368	288	23	60
384	289	27	59
368	289	24	61
370	289	28	61
367	288	25	61
369	289	27	62
367	289	29	63
366	288	25	63
365	289	25	62
366	289	26	61
365	289	27	63
365	289	26	63
363	288	24	63
364	290	24	60
364	290	26	61
364	290	24	62
364	291	24	61
365	291	25	61
365	290	25	61
368	290	29	61
380	291	26	64
363	291	24	61
364	291	23	62
363	291	25	62
362	291	24	62
363	291	23	62
362	291	23	63
363	292	23	63
362	291	23	63
362	290	23	64
361	291	23	63
361	290	23	63
361	291	23	63
361	291	23	62
360	293	24	63
361	292	23	63
361	294	23	61
361	294	23	61
361	294	23	61
360	294	23	61
360	293	23	63
360	293	23	63
359	293	24	63
359	294	24	63
359	293	25	64
359	294	25	64
358	294	24	64
382	292	26	65
384	293	27	65
355	293	27	66
356	294	24	65
356	294	25	64
356	294	25	64
356	294	25	65
354	295	26	65
356	295	25	64
355	297	25	63
348	295	26	65
343	296	26	64
338	296	26	65
333	295	28	66
358	294	28	68
320	295	31	67
282	290	29	72
281	292	33	70
271	292	29	71
271	293	28	70
271	293	29	70
274	295	28	69
274	294	27	69
274	294	27	69
275	294	27	70
276	294	28	69
274	293	28	71
275	294	27	71
276	294	27	71
275	295	28	70
276	295	27	70
275	295	27	70
275	296	27	70
276	297	27	70
275	296	27	70
276	295	27	71
275	296	27	70
276	296	27	71
277	297	27	71
276	296	26	71
277	297	26	70
280	298	28	70
306	300	25	65
305	300	26	66
307	301	24	66
307	301	24	67
307	301	24	67
306	301	27	67
281	297	27	71
282	298	28	70
282	297	27	72
282	298	27	72
283	299	28	70
283	300	27	71
283	299	27	72
283	299	28	72
284	300	28	72
284	300	28	73
285	300	29	72
284	300	28	71
285	300	27	72
286	299	28	73
286	299	28	73
287	300	27	73
288	301	29	72
286	301	28	72
287	301	28	72
315	305	27	68
337	300	28	69
336	299	29	69
334	302	31	67
336	302	29	66
387	294	26	68
387	294	25	68
388	293	25	70
388	293	25	69
391	292	26	71
391	293	29	73
392	293	28	70
393	293	29	75
393	293	28	72
394	293	28	75
396	294	28	75
397	293	28	76
396	292	28	77
397	293	28	78
398	293	29	78
398	293	29	77
399	293	28	74
399	293	29	77
400	293	29	74
401	293	29	75
400	293	30	75
400	294	32	75
402	294	31	76
403	294	31	71
404	290	31	74
402	287	34	76
402	285	36	76
404	282	37	77
350	288	29	70
352	284	29	71
352	281	29	72
351	278	31	71
354	273	30	72
355	273	31	69
356	269	32	73
355	268	32	73
358	268	31	73
358	267	31	74
359	268	31	74
361	267	30	73
364	267	29	72
363	268	31	72
365	265	29	72
364	260	30	73
365	257	32	73
365	256	30	72
365	253	32	71
367	249	29	70
368	248	30	70
367	249	31	70
370	249	30	71
426	242	26	70
426	245	25	68
428	247	24	66
430	245	25	67
432	246	24	66
431	245	25	68
431	245	25	69
432	244	25	69
433	245	25	69
432	245	27	68
436	247	25	68
432	249	27	68
431	250	27	68
427	254	30	68
430	251	30	72
429	253	31	69
434	248	29	71
431	252	30	70
434	250	30	71
428	255	34	71
428	251	34	75
434	249	31	75
432	251	31	74
437	249	28	73
441	244	26	74
440	245	27	72
439	247	29	71
440	247	28	72
441	248	29	71
443	246	29	74
444	248	28	71
446	250	27	70
446	248	28	75
447	248	27	73
446	247	29	75
447	248	29	73
448	249	28	73
449	249	28	72
448	249	29	73
447	247	30	75
446	249	30	75
448	250	30	72
449	251	29	71
448	250	28	73
449	250	29	73
449	249	29	74
449	250	30	74
450	250	29	75
451	252	29	73
452	253	29	75
452	252	29	76
453	251	29	77
454	253	30	75
455	253	29	76
454	251	30	78
455	254	29	74
455	251	31	77
456	250	31	78
456	251	32	77
455	252	33	75
455	255	32	74
457	253	31	77
455	252	31	79
456	254	30	76
456	252	31	79
457	252	30	79
456	252	31	78
456	252	32	80
455	252	32	81
455	251	32	81
455	252	31	81
455	252	31	81
455	253	30	80
454	253	31	81
454	253	32	80
454	253	31	81
455	253	32	81
454	252	32	82
454	253	33	82
453	253	33	80
453	254	33	81
453	255	31	78
452	255	29	78
453	255	32	77
452	256	32	78
450	256	30	77
449	257	31	77
449	258	31	75
447	259	31	74
446	258	31	76
444	257	30	77
444	257	29	77
443	257	29	77
441	257	30	78
441	257	30	77
440	257	31	79
440	258	31	78
440	259	31	78
439	259	31	77
439	259	31	77
438	259	31	78
438	259	32	78
436	259	31	78
437	259	31	79
436	259	32	79
436	260	31	79
435	259	31	80
436	260	31	79
435	261	31	79
434	261	31	79
433	261	32	79
433	261	32	79
431	260	32	80
431	260	31	80
430	260	31	80
430	260	32	81
429	261	32	81
429	262	32	80
429	262	32	79
429	263	32	79
429	263	32	79
430	263	32	79
430	263	31	80
429	263	31	80
428	263	31	80
429	263	31	81
427	263	32	82
420	263	36	83
418	263	35	82
414	264	33	81
404	264	33	83
396	268	35	83
393	266	32	81
383	265	35	86
377	265	35	84
372	264	35	87
363	264	35	95
359	265	34	87
355	265	35	89
345	267	34	96
340	267	36	105
394	277	33	76
388	275	32	77
381	275	32	79
375	274	34	78
367	276	35	78
362	277	35	77
357	277	35	78
353	277	35	78
345	279	35	78
340	278	36	77
334	277	37	79
333	278	34	79
323	279	36	80
317	279	36	80
251	272	36	85
246	271	35	87
242	271	34	86
233	270	34	88
229	272	33	85
230	273	33	85
229	273	32	85
230	274	32	85
231	274	32	84
231	274	32	84
232	275	32	83
233	274	31	83
231	275	32	83
232	274	32	84
233	274	33	85
232	273	34	85
232	274	34	86
232	274	33	86
232	275	32	87
233	276	32	86
232	276	31	85
231	276	31	85
232	276	31	86
231	277	32	86
230	277	32	86
230	276	32	85
229	277	32	86
230	277	32	86
230	278	33	86
231	277	32	86
230	279	32	85
231	278	32	85
232	279	33	85
233	280	32	85
234	280	32	84
234	280	32	84
235	280	32	86
236	280	32	85
236	279	33	87
236	278	33	87
