195	153	89	128
190	149	93	131
187	152	96	127
184	154	99	126
176	158	104	122
174	159	108	122
168	163	113	117
168	164	113	118
164	164	116	117
167	168	114	113
165	164	114	118
166	168	113	115
168	170	111	114
170	176	109	112
168	176	112	117
169	180	110	117
168	187	110	117
169	188	112	118
169	187	111	118
171	186	110	119
175	181	107	123
177	180	105	125
179	180	100	123
179	181	101	129
184	180	99	132
182	182	96	134
189	185	91	135
187	183	96	141
189	183	94	142
195	183	89	147
195	188	90	145
207	192	80	147
215	189	72	153
219	189	70	154
224	193	65	155
227	193	64	161
226	196	66	162
225	196	66	166
229	204	64	159
227	204	65	166
226	211	66	162
225	209	65	168
225	217	66	162
225	216	65	165
222	214	66	171
221	214	67	173
223	222	64	165
220	219	66	171
222	229	65	165
216	226	69	173
216	229	68	170
216	227	67	172
214	232	67	167
215	233	65	166
213	236	66	164
210	238	68	164
211	245	68	160
207	246	69	164
204	253	69	158
203	258	70	159
197	257	71	165
198	262	69	161
192	268	69	159
186	269	71	158
182	269	72	159
180	273	72	156
178	273	74	158
172	274	78	159
169	274	80	161
166	275	80	161
158	275	79	162
156	276	77	160
150	277	70	160
148	277	68	162
141	281	71	158
134	281	72	152
142	288	65	146
129	282	64	150
108	272	68	146
110	288	67	137
79	247	70	129
74	200	69	149
77	186	65	121
80	177	65	134
69	198	66	133
76	192	63	132
76	181	59	127
76	196	59	131
74	192	59	125
84	173	56	120
76	183	64	113
75	187	57	117
79	194	56	116
78	175	58	120
77	181	57	123
74	197	57	118
81	177	57	117
74	192	58	112
83	176	56	112
76	192	63	110
80	178	60	115
73	191	59	116
80	177	60	113
74	192	60	109
78	196	55	111
82	176	58	117
80	183	62	116
80	183	62	125
83	185	63	128
74	191	65	101
74	189	55	116
91	174	48	121
81	184	55	117
70	202	57	117
75	194	59	118
82	172	58	120
74	189	60	117
80	177	60	122
74	196	64	113
82	180	59	129
81	198	64	134
73	200	67	140
79	209	72	139
73	195	65	108
79	192	64	114
78	194	64	104
82	200	62	126
70	205	64	130
101	245	60	114
78	202	61	121
74	200	65	130
102	251	59	134
81	220	65	141
71	208	68	126
75	198	65	121
76	185	59	119
84	198	62	120
80	194	64	119
74	198	64	107
88	198	68	124
115	216	66	143
122	217	70	144
129	219	70	144
137	220	71	146
145	219	71	154
148	226	72	152
166	221	69	151
169	220	71	159
175	216	73	156
186	220	73	151
191	213	71	168
195	215	72	166
201	214	64	158
202	209	67	157
203	211	64	153
207	209	68	161
210	214	70	147
215	213	73	156
220	216	76	150
229	215	80	152
239	213	72	157
241	213	64	155
242	213	68	158
243	205	68	163
241	205	72	168
240	208	76	158
236	207	78	162
243	207	73	157
241	208	76	158
248	208	71	153
254	198	68	160
253	199	68	161
255	198	68	160
256	201	67	156
258	201	67	158
258	203	70	153
260	203	70	148
266	201	68	149
268	199	72	148
268	200	67	149
269	194	72	153
270	197	72	152
274	198	72	148
269	201	78	145
271	201	78	135
278	198	72	148
276	200	77	140
279	199	74	142
281	193	71	147
287	189	71	151
280	203	71	135
288	187	69	150
284	199	69	139
294	191	67	147
292	199	67	139
300	190	66	146
304	195	62	145
299	187	66	150
304	183	69	154
304	183	68	154
303	193	72	146
310	194	70	141
303	191	82	142
303	194	82	136
414	163	69	158
412	162	68	157
406	161	71	154
401	159	71	154
392	156	76	152
386	154	79	151
383	153	79	151
377	151	76	149
364	150	81	146
352	149	80	142
342	147	82	153
339	145	78	167
330	141	79	166
326	138	75	149
308	135	82	141
296	134	86	158
280	136	90	165
270	134	86	142
253	131	83	140
235	128	77	154
221	139	81	140
284	165	75	142
279	162	71	142
284	169	69	141
279	170	64	134
279	170	69	131
287	169	63	133
287	168	60	135
289	165	62	135
283	162	62	134
286	162	62	130
279	162	65	133
216	116	65	117
215	114	55	119
219	114	55	121
223	114	62	120
223	111	53	123
231	116	61	121
271	158	58	134
267	155	60	136
263	158	61	132
261	163	61	132
251	159	67	129
254	172	63	132
253	175	63	126
252	178	62	128
249	180	62	116
249	140	58	113
252	143	52	108
254	147	51	112
255	154	52	107
254	156	54	108
260	163	51	109
263	164	54	115
266	167	53	118
270	171	57	120
271	174	57	118
272	170	55	118
274	170	54	117
280	170	52	116
286	171	51	117
289	170	53	116
289	170	56	117
294	169	54	119
296	170	55	114
296	170	56	119
299	169	54	118
302	169	61	116
310	167	61	119
321	167	57	122
327	166	62	119
336	165	62	120
340	162	63	122
347	162	68	121
354	162	69	120
359	162	72	120
369	162	72	120
376	161	72	119
380	161	71	118
388	160	66	120
395	159	64	119
404	158	61	121
409	157	63	119
414	158	61	120
422	156	59	121
427	156	64	122
436	156	62	120
442	157	63	117
446	157	65	120
454	154	66	124
461	154	69	121
472	154	64	120
478	156	65	126
483	153	64	122
494	152	60	119
503	152	60	116
510	152	57	114
513	153	58	113
520	152	57	110
526	151	57	109
533	150	57	113
535	148	59	114
544	147	58	109
549	147	59	116
557	146	57	117
560	146	60	121
569	147	57	114
574	146	52	121
583	142	46	106
589	145	40	113
591	146	37	118
594	138	32	115
589	157	38	120
587	166	42	132
587	199	39	143
584	203	42	143
579	196	48	128
579	199	49	139
582	198	46	150
580	210	49	141
545	257	79	111
443	236	70	111
448	236	64	129
452	241	73	102
459	246	74	100
469	241	72	108
478	231	69	115
484	230	67	125
489	237	72	114
493	238	68	116
492	240	68	109
493	238	63	105
490	242	60	113
488	251	61	106
497	236	58	108
489	246	57	107
497	231	57	115
493	230	61	123
489	241	64	120
442	252	77	139
481	251	72	94
491	246	63	107
494	240	62	110
491	244	66	117
491	245	59	103
488	243	63	110
491	244	63	106
562	193	63	131
557	206	64	142
514	207	85	135
503	224	87	124
509	225	85	125
514	233	89	124
527	203	92	134
536	192	88	153
549	201	77	152
551	204	75	148
549	202	74	146
547	210	81	135
549	236	78	121
561	201	66	142
567	194	59	147
565	199	58	146
564	192	61	148
561	190	64	150
558	186	66	151
559	190	67	145
568	189	60	145
571	187	54	157
572	190	53	158
567	184	57	145
571	189	57	147
572	177	56	138
568	181	59	145
557	198	65	149
561	186	68	115
574	191	55	144
573	184	54	136
573	185	55	111
582	185	47	138
585	182	44	136
584	178	44	137
585	180	43	147
578	185	51	125
581	184	48	147
584	178	45	137
586	178	42	119
582	185	47	116
578	194	47	137
574	180	53	127
578	181	51	135
580	193	48	125
586	191	42	116
588	192	39	120
582	203	43	142
581	202	46	137
583	199	42	147
581	199	45	140
577	200	47	144
