480	321	62	98
484	318	53	112
484	318	54	113
483	316	55	107
485	313	52	111
485	311	49	120
485	311	47	127
485	311	48	128
482	311	49	120
481	307	47	137
482	304	46	139
482	302	46	121
481	303	46	122
482	303	47	124
483	302	47	130
485	302	46	129
485	300	48	131
486	296	47	132
488	296	45	129
488	292	44	139
487	290	47	147
486	291	50	147
486	293	49	141
487	290	50	144
487	288	49	140
487	288	49	138
488	287	49	137
489	288	49	130
491	285	49	138
491	284	51	136
492	285	51	124
492	280	52	127
493	279	50	122
493	277	47	132
492	276	47	137
491	274	48	140
488	273	50	137
488	270	49	137
488	269	49	137
488	271	47	126
487	268	47	130
486	267	51	134
486	268	54	128
486	267	53	120
486	264	51	127
485	263	50	129
484	261	50	134
483	260	50	133
483	260	48	133
481	260	48	137
478	258	49	136
476	257	51	135
474	256	49	131
473	254	47	130
471	254	48	130
470	255	48	125
467	255	51	125
465	254	53	128
464	254	53	116
462	253	50	108
463	249	44	113
461	249	42	116
455	248	45	123
451	247	48	129
447	244	48	127
444	243	48	126
441	242	48	125
435	241	50	129
433	241	53	129
430	240	54	130
429	238	55	128
428	237	51	119
426	233	50	127
424	230	49	128
423	234	49	126
419	231	48	128
416	230	51	130
413	228	50	129
411	227	50	128
406	222	51	132
406	224	49	124
401	219	52	118
399	230	54	117
399	227	52	127
399	224	51	123
396	218	50	119
391	211	48	102
391	213	44	120
388	223	46	115
388	216	41	118
385	226	44	118
381	222	46	122
376	222	45	121
372	221	45	122
369	222	47	121
366	223	47	119
361	223	51	119
357	220	53	120
355	217	53	121
353	215	54	119
352	214	52	114
350	210	50	119
349	207	48	119
348	207	47	119
344	208	50	117
341	207	50	115
339	210	50	115
336	208	50	115
332	206	50	115
327	204	49	111
325	204	48	103
325	206	46	108
322	207	47	107
322	205	46	110
319	202	46	106
317	205	45	103
312	198	47	104
307	204	51	100
310	183	42	103
308	182	41	96
309	178	39	100
310	186	39	93
310	182	39	93
298	198	44	85
317	176	39	96
316	174	40	96
314	173	40	96
317	176	38	98
314	179	40	92
313	177	39	92
311	175	39	94
311	174	40	95
307	177	42	95
307	179	41	91
305	180	42	90
279	181	44	90
280	185	45	89
275	189	49	94
307	169	43	101
310	164	40	103
311	166	40	100
313	163	39	102
315	164	39	101
312	163	41	100
313	164	40	100
317	162	37	102
311	162	43	97
315	163	40	99
305	164	49	94
305	164	43	95
279	159	42	88
307	164	45	99
309	162	45	102
314	162	43	99
306	164	52	94
319	163	46	95
313	164	45	91
320	163	45	88
333	161	39	87
330	158	39	95
336	158	37	95
339	159	34	94
340	160	33	93
338	159	35	92
339	161	34	94
338	159	35	93
338	158	35	95
338	158	35	92
338	158	35	93
335	158	38	94
331	157	40	96
328	157	41	94
326	157	44	96
324	157	45	98
254	167	44	102
254	165	43	100
255	164	43	100
257	164	42	99
257	164	41	97
257	164	41	97
259	164	41	97
261	164	42	95
261	162	40	94
262	162	39	91
262	159	40	93
262	159	40	93
262	156	40	98
267	160	39	94
264	156	40	99
266	161	41	96
269	157	40	99
271	159	42	96
269	159	41	94
274	160	40	90
256	134	34	84
258	145	33	72
258	147	34	88
256	146	35	68
258	144	34	78
257	142	32	70
259	136	31	63
258	141	31	58
261	141	29	58
247	136	28	57
259	144	32	56
246	132	30	57
242	132	29	55
242	134	30	56
243	138	31	57
241	139	29	58
242	140	33	57
238	140	33	63
238	140	32	63
237	142	34	63
235	142	32	65
235	142	32	65
234	141	33	64
233	142	31	66
233	139	30	59
233	140	28	54
231	141	27	54
230	142	26	54
229	143	26	55
231	143	27	63
229	147	34	76
228	145	35	80
227	142	34	80
223	143	33	81
230	140	39	81
257	127	35	56
259	134	27	53
259	136	24	52
257	138	23	56
258	138	25	61
253	138	29	63
209	142	32	83
208	143	34	84
207	145	34	83
206	145	34	84
206	145	35	85
211	144	36	84
207	143	34	85
208	145	36	84
228	143	35	86
228	143	34	85
228	143	32	85
229	145	32	83
231	146	36	81
206	146	36	87
207	147	38	86
204	147	36	84
206	147	35	88
209	149	34	86
205	151	34	87
209	151	34	86
212	150	36	87
238	150	34	88
259	132	32	79
262	128	29	66
261	131	28	60
263	129	26	51
263	129	24	55
264	130	24	56
266	130	24	61
265	130	25	64
267	130	25	72
268	131	26	76
269	129	26	60
270	129	25	60
