404	233	20	15
403	232	19	15
403	232	19	15
404	233	19	15
404	233	19	15
405	233	19	14
404	234	19	14
405	234	19	15
405	233	20	15
405	234	19	15
405	235	19	14
404	234	19	15
405	234	19	15
405	235	19	14
405	236	19	14
406	234	20	15
406	235	20	15
406	234	20	15
406	235	20	15
407	235	20	15
407	236	19	15
407	237	20	15
408	237	19	15
408	236	19	15
408	236	20	15
409	235	20	16
408	235	20	16
409	236	19	16
408	236	20	16
408	236	20	16
409	237	19	16
409	238	20	16
409	238	20	15
409	237	20	16
410	237	18	16
410	237	19	16
410	237	19	16
410	236	19	16
411	237	19	16
411	238	19	15
411	239	20	16
412	239	20	16
412	240	19	16
411	239	20	16
412	238	21	16
412	239	21	16
413	238	19	16
413	238	20	16
413	239	21	16
412	239	21	16
413	239	21	16
413	241	21	15
413	241	20	16
413	241	21	16
413	240	21	16
413	240	20	16
413	240	20	16
414	240	19	17
414	242	20	16
413	242	20	16
414	241	21	16
413	240	21	17
412	240	22	17
413	240	21	18
412	240	21	18
412	239	21	19
412	240	21	19
412	241	21	17
412	242	21	17
412	241	20	18
411	242	20	17
411	242	21	17
411	241	21	17
410	243	21	17
410	242	21	18
409	242	21	18
408	244	22	17
408	244	21	17
408	244	21	17
407	244	21	18
407	244	21	17
407	243	21	17
406	243	22	17
407	243	21	17
407	244	21	18
407	246	22	17
406	246	21	17
406	247	21	17
405	246	21	17
405	246	20	17
405	246	21	17
404	246	22	17
404	246	20	17
404	246	21	16
403	247	22	17
403	249	22	16
403	249	21	16
403	249	21	16
403	248	21	17
403	248	21	17
402	247	22	17
403	247	21	17
403	247	22	17
402	248	22	18
401	249	22	17
401	249	23	17
400	249	22	17
401	250	22	17
400	250	22	17
399	250	22	17
401	250	22	17
400	249	23	18
399	250	22	17
399	249	23	18
400	250	22	18
399	251	22	17
399	251	21	17
399	251	22	18
400	252	22	17
399	252	22	17
399	248	21	18
399	244	23	16
398	243	22	16
398	240	22	18
398	237	21	16
399	233	21	17
398	229	21	16
399	228	21	17
398	228	21	17
398	229	22	16
399	230	22	16
399	230	22	16
399	230	21	17
399	230	22	16
399	229	21	18
399	230	21	17
398	230	22	17
398	231	22	17
399	229	22	16
399	226	22	17
398	221	23	17
400	216	22	19
399	214	24	19
400	211	22	19
401	209	23	20
401	210	22	19
401	210	23	18
400	209	23	19
402	211	23	18
403	212	23	17
403	211	24	18
403	211	24	18
404	211	24	19
404	212	24	18
404	213	24	18
405	214	23	18
406	215	24	17
406	215	24	18
406	215	24	17
407	213	24	18
407	214	24	17
408	214	23	18
408	215	23	18
409	216	23	17
410	213	22	18
411	208	21	16
410	205	23	16
410	197	24	18
411	194	24	17
411	188	24	18
409	186	25	18
411	183	24	19
412	181	24	18
413	179	24	18
413	179	25	18
412	179	25	18
414	177	24	19
414	177	23	19
416	178	23	19
415	179	24	20
416	180	24	19
417	180	23	19
416	179	23	20
416	178	22	20
417	179	23	19
417	180	24	19
418	180	24	19
418	181	24	19
418	182	23	18
417	182	25	19
418	184	24	19
417	180	23	17
418	176	24	18
420	173	24	18
412	167	19	19
420	166	24	20
420	165	25	20
421	168	24	18
420	165	25	20
421	168	24	19
420	168	26	19
420	168	26	19
422	169	26	19
421	168	26	19
422	170	26	18
421	168	26	20
423	169	25	20
422	170	25	19
423	169	25	20
422	171	25	19
423	169	23	21
423	171	25	19
424	169	25	20
424	172	26	19
424	171	26	20
425	172	27	20
424	172	27	20
425	171	26	21
425	173	25	20
424	173	26	20
425	174	26	20
426	174	26	20
426	174	27	20
426	174	26	20
428	173	25	21
428	173	23	21
428	175	25	21
428	175	24	21
428	175	23	21
429	175	25	20
428	173	25	19
429	168	24	19
430	162	25	20
430	161	26	21
429	159	26	22
430	162	27	22
430	162	25	22
431	165	26	20
431	163	27	20
432	165	27	20
432	163	27	21
434	167	26	20
436	166	27	21
435	165	28	21
437	167	27	20
437	166	27	21
438	168	27	21
437	166	27	22
438	170	27	20
438	169	28	21
438	169	28	21
438	169	28	21
430	168	29	21
427	169	28	21
421	168	29	22
416	171	28	20
411	173	27	19
405	171	28	21
401	171	28	21
396	173	28	20
390	173	29	20
383	172	29	22
379	174	29	20
378	171	29	23
381	174	27	21
383	175	26	21
384	174	25	21
386	177	23	20
386	176	23	22
381	175	24	22
378	176	22	21
374	176	21	22
370	177	20	21
362	179	20	20
359	178	20	20
359	180	20	21
359	182	20	19
360	182	19	20
361	182	19	19
361	182	19	20
362	182	19	20
362	181	19	22
361	180	20	22
360	182	21	22
366	182	18	22
359	180	21	35
351	174	25	38
335	170	31	37
335	165	30	40
336	169	29	38
334	172	29	37
335	178	26	32
336	176	24	31
341	174	29	36
338	160	30	29
340	183	29	38
323	162	33	50
312	161	38	56
304	164	34	58
302	164	33	75
292	165	35	76
289	165	38	81
293	165	37	75
286	166	34	59
286	168	34	50
288	169	34	51
288	181	32	37
290	187	29	30
293	186	25	29
292	189	26	27
294	189	26	27
294	187	26	28
291	190	29	27
294	190	28	29
292	191	31	28
285	192	34	28
281	194	34	27
280	194	33	25
291	195	20	24
291	194	20	23
292	194	20	22
293	196	20	23
294	198	20	23
295	199	19	21
296	200	20	21
297	199	19	21
297	199	21	22
297	200	21	22
297	199	23	24
299	200	22	24
299	199	23	24
301	200	23	24
300	201	24	23
302	201	24	24
301	201	26	22
303	203	26	23
303	203	28	23
302	204	29	23
304	205	28	23
304	206	29	22
304	207	28	22
304	208	29	22
303	210	28	22
303	210	29	22
303	210	29	22
305	210	29	22
304	210	29	22
304	211	28	21
303	211	29	23
304	212	29	22
302	213	30	22
302	214	29	22
301	214	29	22
291	214	31	22
285	214	31	22
279	215	31	21
269	215	35	23
269	215	30	23
261	217	31	23
255	217	32	23
251	219	30	22
245	219	31	23
245	220	31	23
243	218	32	24
243	219	31	24
242	216	31	25
242	219	31	24
241	218	31	25
240	222	32	24
240	221	31	28
240	224	30	25
240	223	30	26
240	222	31	26
238	223	31	25
238	224	31	25
237	222	30	25
235	224	31	25
234	224	32	26
233	227	33	26
233	227	31	26
232	228	32	25
230	228	32	24
229	227	32	24
229	227	32	25
229	229	31	24
228	229	32	25
228	231	31	24
226	233	32	24
226	233	33	24
226	234	32	24
225	234	31	24
224	234	32	24
224	234	32	24
223	233	33	25
222	234	33	25
222	234	33	25
221	235	33	26
221	235	33	26
219	237	34	26
218	237	35	26
217	238	36	26
216	238	37	26
215	238	37	25
216	239	37	26
215	239	37	26
217	238	35	26
216	239	36	27
215	240	35	27
215	242	36	26
216	243	34	26
216	246	35	25
215	246	35	26
214	245	35	26
215	245	35	27
216	245	35	28
214	247	36	27
214	248	35	27
213	248	36	27
214	251	35	26
213	252	35	26
212	251	35	26
211	251	36	26
210	251	35	27
211	251	35	27
212	252	35	26
211	254	35	26
211	255	35	26
211	257	34	26
210	257	34	26
208	258	35	27
209	259	35	26
209	259	36	27
208	259	36	27
208	259	37	27
207	258	37	29
206	258	38	30
211	259	38	29
216	260	37	29
221	261	37	29
232	262	36	28
233	263	38	28
239	263	38	28
245	263	37	28
245	264	36	27
245	263	37	28
246	263	36	29
245	264	38	30
244	266	38	30
245	267	37	30
