158	338	13	47
158	339	16	44
160	339	15	45
163	340	16	46
165	340	16	48
166	340	17	49
168	340	18	51
171	341	18	50
173	341	18	50
176	342	17	48
177	344	18	48
183	345	19	48
185	344	17	48
188	345	18	47
189	346	18	47
191	348	17	45
197	347	18	45
197	346	19	48
202	348	19	47
205	348	20	49
207	350	21	46
210	349	21	50
216	352	21	47
220	353	20	46
223	352	20	47
224	351	21	47
227	354	20	46
230	354	19	46
233	356	18	44
236	357	17	43
239	359	17	37
242	360	17	37
239	360	17	39
242	361	18	40
251	361	17	42
253	360	18	43
253	360	18	42
259	359	17	44
257	362	18	39
262	363	18	41
269	362	19	42
271	362	20	42
274	363	19	42
278	364	19	44
271	363	20	43
285	367	19	42
287	367	17	41
291	369	19	41
295	368	18	41
298	368	17	41
302	367	18	43
304	369	18	42
305	368	18	43
309	369	19	44
312	368	20	44
315	366	20	46
317	368	20	44
322	368	21	45
324	370	22	46
327	370	21	47
330	371	22	45
333	372	21	44
336	372	22	46
340	371	20	44
344	372	19	43
347	372	19	42
349	374	19	42
352	373	20	42
354	374	19	41
356	374	20	42
359	371	21	45
362	368	20	46
364	366	19	43
367	363	21	45
368	361	20	46
372	356	22	48
375	354	21	47
377	349	23	50
378	345	23	50
383	343	23	48
386	339	22	47
388	338	22	49
390	333	22	48
392	328	22	48
391	327	25	50
396	323	22	45
391	316	22	47
390	313	28	49
405	313	21	49
408	308	18	43
402	308	18	41
397	301	21	42
416	298	21	44
414	295	23	45
407	293	21	45
410	287	22	45
424	285	22	45
430	279	21	44
430	276	23	46
431	274	22	47
433	268	23	45
437	265	22	45
433	260	25	45
442	254	22	45
443	252	21	48
442	251	20	45
449	248	19	40
448	243	22	41
447	238	23	46
453	234	23	47
455	231	23	48
457	226	22	47
460	222	23	46
460	221	21	42
463	214	21	45
465	210	22	43
466	208	23	45
464	203	22	47
466	200	20	43
467	195	20	43
468	192	19	42
469	186	21	42
467	181	20	44
468	173	22	45
468	171	22	45
467	160	24	48
466	161	23	45
466	150	23	47
466	147	23	51
469	149	24	49
468	148	25	50
469	143	27	53
471	148	26	51
473	148	24	48
471	157	27	47
472	152	27	44
472	159	27	47
474	151	26	43
475	153	27	47
475	152	29	50
478	153	29	54
478	152	30	55
478	152	30	57
479	150	31	60
477	152	28	58
477	151	29	56
477	153	30	55
478	151	31	57
472	147	34	66
468	151	36	63
456	144	40	73
454	147	36	72
442	151	36	69
437	143	36	74
433	147	35	70
425	147	33	70
418	144	32	71
413	148	32	67
405	147	30	66
398	146	28	65
391	147	26	62
384	151	26	58
377	147	28	61
370	145	28	60
363	148	27	56
356	148	27	59
343	150	30	56
340	150	29	59
331	150	27	55
329	149	26	56
319	147	27	57
310	148	29	60
302	146	29	63
298	150	30	60
286	148	32	58
288	151	29	58
281	153	27	59
273	151	27	59
264	151	27	57
251	154	31	57
250	150	31	63
237	150	32	63
244	140	32	67
222	153	32	63
216	150	33	64
216	147	35	70
203	150	35	68
191	154	33	66
182	155	31	62
181	158	30	54
180	157	25	52
162	157	25	52
163	158	25	50
163	156	26	53
163	155	26	53
160	155	26	55
161	153	25	55
165	156	26	50
175	159	24	48
179	159	25	48
181	158	25	46
182	159	26	52
181	158	28	52
182	157	28	52
182	157	25	50
179	156	24	48
179	156	23	47
178	155	22	49
177	154	22	47
179	156	22	46
175	155	22	45
179	154	21	47
186	150	23	49
187	150	23	52
185	150	23	50
182	153	23	47
181	153	23	48
182	153	23	47
180	156	21	43
178	156	26	43
161	156	27	48
171	160	23	45
164	157	24	47
162	159	26	46
160	156	27	47
161	155	24	49
161	156	25	47
176	158	24	43
173	160	22	42
160	157	23	46
160	157	22	45
161	155	26	46
162	155	28	46
163	154	26	51
163	157	24	48
161	156	24	50
160	156	25	49
161	156	24	48
160	156	25	49
159	157	24	49
162	157	25	46
162	159	24	46
162	160	23	46
163	160	24	46
163	161	25	48
164	160	24	49
173	160	23	48
174	159	22	49
166	159	25	50
179	159	23	51
180	158	24	46
162	157	26	47
162	157	25	50
160	158	25	50
161	157	26	50
159	156	26	51
160	156	26	52
161	156	26	51
160	157	26	50
162	155	26	49
160	157	26	49
159	156	26	50
160	156	25	50
160	158	25	48
160	158	25	47
161	158	25	46
159	159	24	46
161	159	24	46
160	159	24	45
158	159	25	47
161	158	24	47
159	157	25	48
161	158	25	46
162	158	26	47
178	159	25	43
177	160	26	43
178	159	26	44
174	158	22	43
177	156	21	45
175	155	22	45
168	152	27	47
166	155	26	47
165	154	27	50
166	156	29	51
168	156	28	53
168	154	26	54
167	157	26	49
169	154	26	49
170	156	24	47
169	156	26	48
167	155	26	49
167	156	28	49
169	157	26	48
169	153	24	49
167	155	29	47
169	158	27	48
169	155	26	48
169	154	27	50
169	155	26	47
168	154	26	49
169	157	27	48
168	155	26	50
168	157	26	49
166	156	27	48
168	156	24	47
171	154	25	49
171	155	25	50
170	154	25	49
170	155	25	50
171	155	27	50
174	155	25	52
184	155	26	51
182	155	26	53
184	154	26	50
186	153	25	49
188	155	24	49
190	153	24	49
192	154	25	49
192	152	26	55
191	153	27	57
187	152	29	57
188	152	29	58
170	152	25	55
173	154	24	54
172	153	23	50
172	154	24	49
171	153	24	49
169	153	24	48
167	155	25	48
166	155	26	49
165	154	24	50
165	154	25	50
163	154	25	52
159	155	24	49
162	154	26	52
158	156	25	49
155	156	25	48
155	158	25	51
155	157	25	52
154	157	25	51
189	152	27	56
188	153	26	52
185	154	27	50
187	153	27	54
183	155	27	52
183	154	25	53
181	154	26	50
177	154	27	54
177	154	24	50
175	154	23	47
173	155	22	43
172	153	22	46
169	152	22	48
165	152	22	48
164	153	22	48
162	152	23	48
158	154	23	50
156	152	23	49
155	152	22	49
152	152	22	49
148	152	21	48
145	153	22	48
142	154	24	51
142	155	22	48
139	157	22	47
136	154	22	50
133	154	23	52
132	154	22	51
131	152	23	48
126	152	24	50
124	150	23	49
119	150	23	50
112	151	24	50
107	151	24	48
105	151	24	50
104	151	22	48
100	151	21	48
98	150	22	47
98	152	22	44
104	151	22	45
106	152	23	47
110	149	25	49
117	149	23	47
119	148	22	45
122	148	22	45
127	149	22	45
129	149	23	44
135	149	22	43
137	148	22	43
141	148	23	43
145	146	24	43
149	146	22	40
153	146	24	42
157	145	22	43
162	145	23	44
165	144	21	43
170	142	21	44
172	142	24	44
176	143	26	43
185	143	25	43
189	142	21	40
191	141	24	41
194	140	26	41
196	140	25	42
199	139	23	40
203	140	21	40
204	140	20	39
209	138	25	40
215	137	26	41
220	134	22	43
222	132	22	40
224	134	23	37
227	134	18	38
231	133	19	37
236	134	21	39
241	130	20	39
245	131	19	38
250	131	20	39
256	131	22	38
258	130	23	39
262	128	22	39
268	123	25	44
273	122	28	45
275	120	30	46
278	118	28	47
286	116	28	49
287	117	29	48
291	114	30	51
294	113	29	54
298	116	28	49
305	114	27	50
306	116	28	50
311	113	25	52
315	112	25	46
318	111	25	47
321	110	24	45
323	110	28	44
326	108	26	45
330	108	25	45
335	106	24	46
340	106	22	45
344	106	23	45
346	106	25	43
351	106	23	45
355	105	22	45
356	102	20	45
361	103	21	45
363	101	22	44
365	101	29	46
368	99	26	48
371	99	26	46
376	99	23	44
380	97	22	44
387	97	22	45
388	96	24	46
393	96	26	44
397	96	24	43
402	97	25	42
406	96	23	42
408	94	23	44
410	92	25	43
415	91	25	44
420	91	25	46
423	90	24	43
419	85	26	44
424	76	26	48
436	86	22	48
438	87	23	45
438	86	25	46
438	81	26	47
450	84	22	42
452	85	21	39
458	84	22	42
461	82	21	44
463	82	23	45
462	80	24	44
466	79	24	42
469	79	25	42
476	78	22	45
