67	133	19	34
67	130	16	37
67	131	17	38
69	131	18	40
69	130	17	41
72	129	17	41
72	129	17	40
71	130	18	40
73	131	18	38
78	131	18	40
78	130	18	42
78	130	19	41
80	129	18	41
79	130	18	40
81	131	19	40
83	132	18	41
85	130	18	43
90	130	17	44
90	130	17	43
91	131	19	42
94	133	19	40
94	132	18	43
98	132	19	45
100	131	18	45
101	132	18	44
102	131	18	48
103	133	18	44
102	132	17	44
102	133	17	45
103	133	17	46
102	133	18	44
103	133	16	48
102	133	17	46
112	134	20	41
114	136	19	40
116	137	18	40
114	137	20	40
115	136	19	40
116	137	20	41
119	138	20	41
121	137	21	40
123	138	19	38
124	138	18	38
125	140	20	35
129	138	19	36
129	139	20	36
133	141	19	36
137	140	18	35
137	140	18	36
139	140	19	37
138	141	20	34
141	141	21	36
143	141	20	36
145	141	19	37
147	140	19	38
150	141	19	36
152	140	20	39
153	139	20	42
152	139	21	40
152	140	21	42
152	141	20	42
153	141	20	43
153	141	21	42
153	141	20	41
154	141	20	42
156	141	20	42
156	140	20	43
157	139	20	44
159	139	19	43
161	139	18	43
163	139	19	44
169	140	20	45
168	140	20	49
168	140	20	50
169	142	19	47
171	141	19	49
174	141	20	46
175	141	20	49
176	142	20	48
178	141	20	50
179	141	20	46
180	142	20	47
182	143	19	46
184	143	18	48
185	143	19	48
184	143	18	47
184	145	20	45
185	144	20	43
187	144	19	39
190	144	18	34
192	144	18	34
191	144	18	36
192	145	18	38
191	143	17	31
191	143	16	31
192	143	16	33
192	146	18	40
194	146	20	52
193	144	21	51
194	145	19	53
194	146	21	51
194	145	21	52
195	146	21	50
195	146	21	49
197	146	20	49
200	146	20	49
203	147	21	52
204	148	22	52
204	148	23	51
206	148	21	52
209	147	22	53
210	146	22	54
210	147	21	53
214	148	20	52
215	147	20	53
215	148	24	54
215	149	23	53
216	148	22	55
219	148	21	53
220	149	20	53
223	150	21	54
226	149	21	54
226	149	23	56
227	149	23	54
229	149	23	55
232	149	22	55
237	149	23	56
235	152	21	54
235	151	23	56
234	152	25	55
233	153	26	56
234	154	24	55
237	153	22	54
239	152	22	54
242	154	23	54
243	155	21	54
246	155	21	52
246	156	23	53
247	157	23	53
248	156	23	52
249	157	23	53
252	156	23	54
256	156	22	55
256	155	22	56
258	157	21	54
258	158	21	53
262	157	20	55
263	156	20	54
263	157	23	55
263	160	23	53
264	161	23	50
268	161	22	49
272	158	22	52
273	159	22	55
274	159	22	52
276	159	22	52
278	158	22	52
278	157	22	51
279	159	23	53
280	160	23	52
281	162	24	50
289	160	25	53
296	162	24	51
296	164	26	49
301	163	24	50
308	161	23	57
306	164	23	57
307	165	21	56
310	166	23	54
312	168	21	53
322	167	22	56
323	168	21	55
321	168	22	54
322	170	22	53
324	170	23	53
327	170	22	53
331	169	21	53
333	170	22	57
335	170	22	58
337	170	22	56
336	169	23	58
337	169	23	57
337	171	23	56
339	170	24	56
343	170	23	57
346	172	21	59
348	172	24	59
349	172	24	60
358	172	23	59
360	174	23	59
364	176	23	58
365	176	24	60
365	175	25	59
368	175	25	61
368	175	25	60
371	174	25	63
373	174	26	63
376	174	25	63
379	178	24	62
381	177	25	62
382	177	25	62
380	178	27	63
385	180	23	59
386	179	24	59
388	179	25	58
396	182	24	62
397	181	24	60
398	182	24	59
400	184	25	59
401	183	26	59
410	182	22	61
410	183	23	62
414	185	24	58
416	184	27	58
417	187	26	60
423	186	24	53
438	184	24	58
432	186	23	58
435	185	23	62
438	186	24	59
437	186	24	60
439	187	24	58
447	180	23	65
444	183	25	63
442	186	25	63
458	187	25	67
465	190	24	62
459	192	24	58
461	192	24	61
478	189	25	65
465	189	28	66
466	192	29	65
464	194	27	65
474	192	25	66
477	195	25	65
485	195	24	66
485	196	25	64
484	197	27	63
486	199	26	62
490	200	26	66
497	198	26	72
510	206	29	67
511	205	29	67
514	205	29	66
519	203	27	69
524	207	26	62
527	210	26	68
530	210	26	67
531	208	27	70
532	209	28	72
533	209	30	72
534	210	29	75
535	210	31	75
540	210	30	74
546	208	28	77
549	209	28	78
552	210	28	77
557	210	27	79
558	211	30	79
559	211	32	78
563	212	32	79
569	211	29	77
574	211	29	78
578	213	28	78
584	214	30	80
