7	163	25	86
8	162	26	85
11	163	27	85
13	162	27	85
15	164	28	84
15	164	29	83
17	164	32	84
19	164	32	84
22	163	32	86
26	163	29	85
32	163	26	83
33	163	27	83
37	163	26	83
40	162	29	81
41	162	31	82
42	162	35	83
43	163	35	82
45	164	34	84
49	162	33	86
54	161	32	87
60	162	29	86
61	161	29	86
62	162	30	86
65	163	31	86
66	163	31	85
70	163	31	85
73	162	32	88
78	160	29	88
83	161	26	88
86	160	26	87
89	160	27	89
91	160	28	88
92	160	33	88
92	161	36	87
93	162	36	88
94	163	36	87
96	164	36	87
101	161	33	89
106	161	28	89
112	162	26	88
115	162	30	86
117	163	33	87
119	163	35	87
122	162	35	89
125	162	33	89
129	162	33	89
132	160	32	90
135	160	31	90
137	160	30	89
140	161	31	89
141	162	34	88
141	162	35	88
142	161	37	89
143	159	38	91
148	160	36	91
154	159	32	91
157	159	29	92
161	159	28	92
162	159	28	91
164	159	28	91
167	160	30	90
168	161	32	89
168	159	35	91
170	161	35	90
172	161	33	91
177	162	29	89
179	161	30	90
180	160	31	91
181	160	32	91
185	160	30	90
186	160	31	91
187	159	34	90
188	161	36	90
189	162	37	89
190	160	36	90
192	161	35	90
193	161	36	90
196	161	36	91
200	160	34	91
203	160	33	90
221	159	28	89
220	159	28	88
219	158	27	90
215	160	28	89
213	159	30	90
210	159	33	91
209	160	33	92
209	159	32	93
208	159	31	93
206	159	32	93
205	159	32	92
204	160	33	91
199	160	33	91
199	160	32	91
195	159	29	91
196	161	28	90
188	161	29	88
188	160	28	89
195	158	34	93
191	159	33	92
182	161	28	89
180	161	27	88
182	162	27	87
180	162	29	86
180	161	29	89
182	161	29	89
176	161	27	87
175	161	27	87
184	159	31	90
183	159	32	91
166	160	29	88
184	159	29	91
160	162	28	87
163	161	28	88
159	161	27	89
180	159	30	91
176	161	33	90
176	162	33	90
173	161	34	90
163	162	33	89
159	162	30	89
158	163	30	88
158	162	32	88
158	162	31	89
158	162	33	90
157	161	32	89
157	161	33	91
157	162	31	90
156	162	32	90
157	161	31	91
156	161	32	91
158	161	29	90
156	162	32	90
155	163	30	88
157	162	30	89
154	163	31	88
153	161	31	88
154	162	30	88
155	161	31	90
155	160	31	90
152	161	33	90
155	162	31	88
151	160	32	89
150	162	31	88
150	159	33	91
151	161	30	88
152	162	30	88
155	160	29	89
147	165	29	86
150	161	31	89
146	163	32	87
150	163	31	88
145	161	32	90
149	162	33	89
145	161	34	91
145	162	33	89
147	161	33	90
145	162	34	90
146	162	33	89
144	161	34	90
147	161	34	90
144	162	33	90
148	163	32	89
147	160	34	91
150	161	31	89
150	161	32	91
146	161	32	89
156	160	31	91
155	162	31	90
152	161	31	91
155	161	30	91
151	160	30	91
151	162	29	89
154	161	29	89
157	162	28	88
151	161	30	88
155	162	29	89
157	161	29	89
156	162	30	89
156	160	30	91
156	160	31	90
158	160	30	91
158	161	29	89
158	161	30	89
158	161	29	89
158	161	30	89
158	161	30	89
157	162	30	88
159	162	30	88
156	162	30	88
159	162	31	88
156	162	30	87
157	160	32	88
157	162	31	87
155	161	32	88
156	161	31	88
156	161	31	88
156	161	31	88
154	161	30	88
152	162	29	87
151	160	29	87
151	162	29	85
152	162	28	86
152	162	28	84
150	162	29	85
151	162	29	85
178	159	29	89
177	159	30	88
175	158	29	89
173	158	30	89
173	159	29	87
169	158	29	89
167	160	28	87
163	160	28	87
160	161	29	86
152	160	29	87
153	160	31	87
149	162	32	86
149	161	34	88
146	161	34	89
145	160	31	88
143	160	29	89
142	160	29	88
140	161	30	86
138	160	31	88
138	161	30	86
136	160	31	88
134	161	31	88
134	162	31	86
131	161	32	87
132	161	31	87
129	161	32	89
130	162	33	88
131	161	31	87
132	162	31	88
132	161	31	89
133	161	31	90
133	161	31	88
134	161	32	89
134	161	31	89
134	161	31	89
136	161	31	89
137	160	31	89
138	161	30	89
140	163	31	88
141	163	33	87
142	163	33	87
143	164	34	87
143	161	34	90
145	160	34	91
148	160	32	91
150	161	30	90
155	160	29	90
156	159	29	90
158	160	29	90
160	161	28	89
162	160	29	89
163	160	29	89
164	162	30	88
164	164	30	87
168	162	29	89
172	160	30	91
173	162	29	90
179	161	28	91
181	159	30	92
181	161	28	89
182	163	29	87
183	163	32	87
184	161	34	88
185	163	36	88
186	161	36	89
185	162	37	89
186	161	37	91
188	161	38	90
192	160	36	91
192	160	36	92
199	159	33	91
202	160	31	91
178	163	29	87
176	162	30	87
176	162	29	86
175	164	30	85
174	163	29	86
175	164	29	84
173	162	29	87
173	163	27	85
172	161	28	84
172	160	28	85
170	161	28	86
171	164	28	83
172	162	29	85
172	163	29	85
174	162	28	85
175	161	29	86
172	163	30	85
173	161	29	87
175	163	30	86
172	162	32	86
174	162	31	86
174	162	31	86
175	162	33	86
204	157	31	92
202	158	32	90
200	159	30	89
199	158	29	90
198	157	30	91
197	158	30	90
194	160	31	88
193	160	32	89
193	158	32	91
191	159	33	91
191	159	33	91
190	158	33	91
191	159	31	89
190	159	31	89
188	158	32	90
189	160	31	89
188	158	32	91
187	159	32	90
187	158	32	91
187	158	31	91
188	160	31	90
186	159	32	91
186	159	32	90
188	160	31	89
187	158	31	91
187	159	31	90
187	161	32	89
186	159	32	91
188	160	31	88
187	159	32	91
187	160	32	89
187	160	32	89
187	159	32	90
187	159	32	90
188	160	31	90
188	159	31	91
188	160	32	89
188	158	31	91
188	159	31	90
188	160	31	89
189	159	31	89
188	160	32	89
188	159	31	90
188	160	31	89
187	159	32	90
187	161	32	87
188	159	32	89
188	160	31	89
186	159	32	89
184	160	33	88
189	160	29	88
183	160	34	88
188	160	30	88
183	160	35	88
184	160	35	88
183	160	37	87
186	160	37	88
187	161	36	87
188	160	36	88
192	160	33	88
194	159	31	89
197	159	31	90
198	159	32	89
205	159	30	88
214	160	31	85
211	161	33	84
214	161	34	85
217	161	36	84
221	161	35	85
224	160	32	87
230	159	29	87
234	158	27	88
237	158	27	88
238	159	29	86
238	160	30	85
240	159	31	87
241	159	32	87
242	160	32	86
243	158	33	87
246	158	32	88
248	157	31	90
249	157	32	89
251	157	31	91
252	157	29	91
252	156	31	91
253	157	30	91
252	159	32	88
253	159	31	90
252	159	31	90
252	158	31	91
250	158	32	90
252	158	31	90
249	157	33	91
251	158	32	91
249	158	33	91
249	158	33	92
249	159	32	91
248	159	31	90
247	160	31	89
245	159	31	91
244	159	31	91
242	159	30	91
241	158	29	91
239	159	29	91
237	159	32	90
233	162	34	88
187	158	34	91
188	159	32	90
227	162	36	88
226	162	36	89
222	162	37	88
221	161	35	89
188	159	32	90
190	159	33	91
189	159	31	90
190	158	30	90
191	158	29	90
190	157	29	90
193	159	29	92
192	159	30	91
193	158	31	91
190	159	32	92
190	159	33	92
189	159	34	93
187	159	34	93
188	159	33	92
188	159	32	92
189	160	31	92
195	158	29	93
191	158	30	91
195	159	28	90
192	159	29	89
195	158	29	90
192	158	31	90
193	158	31	91
193	158	30	91
192	157	31	91
194	158	29	91
192	158	30	91
193	158	29	91
195	158	29	91
195	158	29	91
192	158	30	91
194	158	29	91
192	158	30	91
194	158	29	92
192	158	31	91
193	158	29	91
193	158	29	92
190	157	31	92
194	158	29	91
189	158	31	90
192	159	28	90
188	158	31	91
189	159	29	90
191	159	28	90
189	160	29	88
189	159	29	90
187	157	30	90
184	157	32	90
182	159	35	89
178	160	38	88
176	159	39	89
174	159	40	89
175	159	39	90
174	159	39	90
173	158	39	90
172	158	39	91
172	158	38	91
168	158	41	90
172	159	36	89
169	159	36	91
169	158	33	92
168	158	33	92
110	163	33	87
110	161	34	87
110	162	34	87
110	162	33	86
111	162	33	86
171	157	32	91
174	159	30	90
176	158	29	91
175	158	30	91
177	158	29	91
176	158	31	90
175	158	30	91
175	158	31	91
175	156	32	94
176	160	31	89
176	160	30	90
175	159	30	90
176	161	30	89
176	159	30	91
176	158	30	91
176	160	31	89
177	158	30	91
178	159	30	90
176	160	32	89
177	159	32	91
176	159	32	91
175	158	32	91
175	160	31	89
174	158	31	92
175	159	29	90
175	156	30	92
176	159	28	90
175	158	28	90
173	158	30	90
173	157	29	90
174	158	29	89
171	156	31	92
173	158	30	90
173	157	30	91
173	158	30	90
173	156	29	93
174	158	29	89
174	156	29	92
176	158	28	89
177	157	27	90
178	158	27	89
178	158	28	88
179	159	34	88
180	160	36	89
180	159	37	90
182	160	37	89
182	160	38	90
185	160	37	89
187	159	36	90
193	159	32	90
196	157	31	93
199	158	32	90
201	159	34	89
202	160	37	89
203	159	38	89
204	158	39	92
209	158	36	91
213	157	33	91
218	157	30	90
221	157	28	91
223	156	28	90
225	157	29	90
226	156	33	90
228	157	38	90
226	157	41	90
229	158	41	89
231	159	40	90
234	158	38	90
239	157	33	90
248	156	27	92
252	156	27	91
254	156	29	91
255	157	32	90
255	158	35	89
257	159	37	88
256	158	38	89
259	159	36	90
262	156	34	92
271	157	30	90
276	156	31	91
279	155	32	91
282	155	35	92
284	157	39	91
285	158	43	89
287	155	49	91
295	155	41	85
300	154	37	86
300	153	37	84
303	156	39	82
307	153	40	81
310	155	48	74
315	156	32	80
319	157	28	77
325	154	28	68
332	155	26	67
335	153	28	70
337	152	40	74
341	152	41	75
344	152	40	77
349	154	36	74
352	154	35	78
359	154	37	78
360	154	35	76
365	154	36	79
368	153	33	76
371	152	32	75
375	154	30	73
380	153	30	73
383	153	30	73
387	153	34	78
391	152	36	80
393	150	41	83
397	153	45	82
402	154	42	86
406	154	37	91
410	154	34	91
415	154	30	92
417	152	28	92
