529	73	27	113
525	72	31	113
523	72	30	115
521	72	31	115
519	72	32	114
516	72	33	114
513	72	36	112
510	73	38	112
509	72	38	114
508	72	39	115
507	73	38	117
503	72	39	119
502	73	39	115
502	73	38	115
501	73	37	112
501	74	35	112
498	74	37	114
498	76	37	114
497	76	36	115
496	77	36	114
493	77	36	114
492	76	35	115
491	76	34	115
490	75	33	115
490	75	32	116
487	75	33	116
485	76	32	117
484	76	31	115
482	76	32	114
476	76	36	113
472	77	39	114
470	77	39	114
468	78	39	115
468	77	36	115
467	78	36	115
466	77	35	115
465	78	36	115
463	77	35	115
462	77	34	115
459	77	34	115
457	78	36	115
455	78	39	114
451	78	41	115
449	77	42	117
446	78	42	118
446	78	41	117
446	79	40	114
446	79	38	116
444	81	37	113
443	80	38	113
443	81	36	115
443	81	35	114
441	81	36	117
440	83	36	115
438	83	36	116
438	83	34	114
438	84	33	113
435	84	33	113
434	84	32	114
433	84	32	115
432	84	33	115
430	84	33	117
427	84	34	116
423	85	34	113
420	85	36	112
417	85	38	113
415	85	38	114
416	86	35	115
415	86	33	115
412	86	35	116
411	86	33	116
410	86	31	116
409	84	32	117
408	85	30	116
406	84	32	115
405	85	34	115
403	85	35	115
400	85	37	118
399	85	38	118
398	86	40	119
399	86	44	122
396	86	41	122
395	87	45	121
394	86	42	121
393	87	44	121
392	87	43	121
391	88	42	121
391	90	41	119
390	89	40	118
393	91	38	117
391	92	38	118
390	92	36	118
388	90	37	120
385	91	39	120
385	91	37	120
382	91	38	121
381	92	38	119
379	92	39	118
375	92	41	118
372	91	42	118
372	91	43	119
368	92	44	119
367	93	43	119
369	93	41	119
368	94	39	119
370	95	38	117
370	96	38	118
366	95	40	118
364	94	41	120
361	94	43	121
358	93	42	123
355	92	41	124
354	92	41	124
351	92	43	124
350	91	42	125
348	91	45	125
348	91	45	125
346	91	47	123
344	91	46	126
343	92	45	125
341	93	46	124
340	92	45	121
340	93	44	123
335	94	46	126
334	93	46	122
331	92	48	123
332	92	45	124
334	92	44	124
334	92	40	126
329	94	42	125
327	96	41	123
333	95	37	120
338	94	33	121
334	95	35	119
334	96	35	119
331	97	37	117
331	97	37	118
325	98	39	118
328	99	39	117
322	99	41	119
318	100	44	119
312	100	45	119
307	99	46	122
309	99	45	123
305	100	46	122
303	101	45	123
297	102	46	121
294	101	46	123
292	101	45	124
291	101	44	125
292	100	42	124
290	103	44	121
289	103	42	119
287	102	42	119
286	103	43	117
284	102	43	119
285	101	44	121
279	101	45	123
278	104	45	119
275	104	46	119
271	103	45	122
269	104	45	122
265	106	45	123
264	105	43	122
262	106	44	123
262	106	42	123
259	104	43	126
257	105	41	120
255	105	41	120
253	105	42	119
254	106	42	120
249	106	44	120
249	105	44	122
247	106	45	122
240	108	49	122
238	108	48	123
236	106	48	123
233	104	50	127
232	105	48	127
226	105	49	128
225	106	47	126
222	106	47	126
220	106	47	127
216	104	47	130
215	105	45	127
214	103	45	126
211	105	46	123
209	105	46	124
207	105	45	123
204	106	45	125
207	106	44	124
200	107	50	125
200	108	47	123
195	108	48	125
195	107	46	124
191	108	45	125
190	107	43	126
189	108	44	123
186	107	42	126
182	106	44	124
181	106	42	124
173	106	47	125
171	105	46	126
169	106	47	125
170	107	46	125
168	109	48	123
161	109	52	125
161	109	51	125
160	109	50	125
155	108	52	126
155	106	53	129
151	107	53	132
148	106	51	133
146	105	51	133
145	104	49	134
144	104	46	132
143	106	43	133
139	107	42	128
142	108	39	126
136	109	44	122
132	110	43	121
133	108	45	125
124	107	51	125
124	105	52	128
120	104	57	132
119	105	59	130
114	105	60	133
112	105	62	131
110	104	56	133
107	103	55	135
108	103	50	134
107	102	46	134
105	102	47	133
104	101	42	129
105	103	38	127
102	104	39	126
101	104	39	126
97	103	39	128
95	105	41	125
94	105	40	125
94	104	40	126
96	104	38	126
91	103	41	125
91	103	41	127
86	102	42	128
87	102	41	131
84	102	40	131
84	102	39	129
83	102	38	123
81	102	37	128
77	101	36	119
76	102	36	124
72	103	37	122
73	102	37	122
69	103	38	122
66	105	39	121
66	105	40	121
61	104	41	120
60	105	43	123
68	105	46	128
73	105	49	127
84	104	50	128
86	102	53	130
100	101	46	128
105	100	49	130
121	98	40	125
126	101	43	125
137	99	40	122
143	100	45	126
157	99	39	126
163	100	42	123
173	100	44	127
181	102	44	123
191	102	46	124
198	102	48	124
206	101	49	125
218	103	51	121
228	102	50	123
233	106	55	121
241	102	55	120
246	120	57	103
261	119	52	103
272	114	45	106
277	100	50	118
288	115	47	107
304	116	40	99
319	122	36	98
324	115	38	103
332	107	42	113
339	115	42	107
336	97	55	126
342	105	60	120
348	108	62	118
371	100	53	123
374	107	55	119
397	101	47	122
396	101	51	123
401	101	41	122
413	100	43	118
421	101	43	124
431	97	45	129
439	96	48	132
450	96	48	132
446	98	47	128
456	99	40	126
455	98	36	126
457	99	36	122
461	95	34	123
458	94	35	127
455	95	35	126
450	94	35	126
435	98	37	126
443	96	35	123
439	95	37	127
443	95	35	126
434	95	39	122
433	95	40	126
432	95	40	126
430	95	39	124
430	95	36	125
427	94	33	126
424	95	37	125
422	95	39	125
418	96	40	126
416	94	39	126
416	96	38	126
414	96	38	124
412	97	39	123
406	98	43	122
406	98	42	122
403	96	43	122
402	98	42	123
400	97	39	122
397	97	38	121
397	96	34	122
391	96	35	123
392	96	32	124
386	95	33	126
387	95	34	126
383	97	37	124
383	96	36	124
379	96	36	124
379	96	35	124
376	96	37	123
373	97	39	122
372	97	39	123
369	98	41	123
365	96	43	126
363	95	43	128
362	95	41	126
360	95	40	124
359	95	39	123
358	96	36	122
355	95	35	122
354	95	35	125
350	95	36	124
348	95	36	125
345	96	38	123
344	97	39	122
339	97	40	124
337	97	42	123
335	99	43	124
333	99	44	123
330	98	45	123
328	98	44	122
326	98	41	121
326	97	38	120
324	98	38	122
322	97	37	123
319	98	37	122
317	97	36	126
315	97	37	124
312	98	38	122
310	98	40	122
308	100	41	122
306	100	41	121
303	100	42	121
302	100	42	122
299	101	45	122
296	100	46	122
293	99	48	124
291	98	48	126
289	98	47	126
286	97	47	126
286	96	44	126
284	96	41	124
282	96	40	123
281	95	38	124
279	95	37	126
277	94	38	126
276	96	39	125
274	96	41	125
271	95	42	125
269	95	42	125
266	96	44	126
266	96	43	127
261	97	45	125
259	98	47	123
257	99	48	122
255	99	48	121
254	99	48	120
253	98	47	123
251	99	48	121
249	99	42	120
247	100	40	120
246	99	39	121
246	99	37	121
241	99	38	121
242	98	37	123
238	100	38	121
237	99	39	120
233	100	41	121
229	99	42	122
227	99	42	122
223	100	45	122
223	100	46	122
220	100	47	122
218	98	49	123
216	100	49	122
213	100	50	122
212	99	46	122
212	99	45	123
210	98	42	124
208	98	39	121
207	98	38	122
205	99	37	122
204	98	37	124
202	99	37	124
198	100	40	122
198	98	40	124
195	100	40	122
190	99	43	122
189	101	45	122
185	101	46	121
184	101	46	120
181	100	48	119
177	100	50	122
175	100	49	122
174	99	48	123
174	99	44	121
171	101	42	120
169	99	41	123
167	99	39	122
165	100	39	122
163	99	39	124
162	100	39	122
160	99	39	123
158	100	41	122
156	98	41	126
152	98	43	125
151	100	43	123
148	100	44	123
146	101	45	122
144	99	46	122
151	101	46	120
160	98	41	123
168	99	47	120
177	97	42	123
190	99	42	120
198	98	39	120
209	97	39	122
220	98	40	123
227	96	37	124
242	98	40	120
246	96	39	120
260	97	42	120
265	96	41	120
274	97	44	119
281	97	46	119
265	99	42	120
304	97	46	119
311	96	44	120
311	96	44	118
306	95	42	120
304	95	42	118
304	94	39	119
299	92	39	119
300	92	35	120
297	92	37	119
295	92	38	118
293	91	38	119
292	90	40	118
293	89	48	116
301	87	83	107
296	85	82	108
292	86	76	112
287	83	70	117
282	82	69	117
278	84	62	125
270	87	61	125
262	85	65	127
256	87	61	124
269	88	47	126
265	87	46	126
265	87	42	126
263	88	40	126
263	88	38	124
262	89	38	123
262	90	38	123
259	90	40	122
258	91	40	120
255	91	42	119
254	90	42	121
251	90	43	122
251	91	43	123
249	92	43	122
246	91	46	121
244	91	45	120
244	91	45	120
241	92	45	120
240	92	43	120
239	91	42	119
238	91	39	119
235	90	38	119
235	90	37	121
232	91	37	120
229	91	39	121
229	90	37	120
228	90	37	120
225	91	36	119
225	90	37	119
221	90	39	119
221	89	39	119
220	90	38	119
219	90	39	119
218	89	39	119
216	89	39	120
216	88	39	121
214	88	40	121
213	87	40	122
211	87	39	123
210	86	39	121
207	87	40	119
206	87	39	119
205	88	39	119
203	87	38	119
202	87	38	119
201	88	39	118
197	86	40	118
194	87	41	118
192	87	43	119
190	87	44	119
189	88	45	119
187	87	46	121
187	86	46	122
185	86	48	121
183	86	48	122
182	85	46	123
179	85	45	122
179	84	42	121
177	85	41	120
175	85	40	119
