539	340	47	118
541	332	44	127
541	332	44	127
541	333	44	126
541	332	43	127
542	332	43	126
543	333	43	126
543	333	43	126
543	332	43	126
544	332	43	127
544	331	43	126
543	332	44	126
544	331	44	127
543	331	44	127
542	331	44	127
542	331	45	127
542	330	45	127
542	330	45	128
540	329	46	128
541	329	47	128
541	328	46	130
542	329	45	129
541	328	46	131
540	328	45	129
540	327	44	131
540	330	45	128
543	329	44	129
543	331	44	127
544	328	44	130
544	331	44	127
546	333	43	125
547	332	45	127
546	331	46	128
541	328	50	130
539	328	52	130
539	329	54	129
540	329	54	129
546	332	51	126
548	333	51	125
551	334	53	124
554	334	50	124
557	332	49	125
558	333	48	125
558	331	46	128
559	331	47	127
558	332	46	127
558	331	48	127
557	332	48	126
557	331	48	126
556	332	49	126
555	332	49	126
554	333	49	125
554	332	48	126
553	331	49	127
552	331	47	128
551	331	48	128
551	330	47	129
549	327	48	132
548	329	49	129
546	327	49	131
545	327	50	129
545	328	51	130
546	329	50	129
546	329	50	129
546	328	49	130
545	327	49	130
545	327	49	130
544	328	50	129
543	327	49	130
543	328	51	129
543	328	49	129
544	328	49	130
545	328	49	130
546	328	50	130
547	330	48	128
550	330	47	128
553	331	46	128
554	332	48	127
557	334	48	124
561	334	47	124
563	334	48	124
564	335	49	124
565	333	49	125
565	336	51	123
568	333	49	125
566	336	50	123
566	335	51	124
565	335	50	124
564	335	49	124
564	335	47	124
565	336	46	123
565	336	46	123
565	336	45	123
566	334	45	125
568	336	45	123
569	335	46	123
569	335	45	124
570	334	44	124
572	334	43	124
573	335	42	123
573	334	41	124
573	335	42	122
573	334	42	123
573	334	42	124
573	334	42	124
572	335	42	123
573	335	42	123
572	334	42	123
573	336	42	122
573	334	42	123
574	335	42	123
574	333	42	124
572	335	43	123
573	335	42	122
574	336	43	122
572	334	44	123
571	336	45	122
571	336	44	122
570	335	45	123
568	335	46	122
566	335	46	123
565	334	46	124
564	334	46	125
563	335	44	123
559	335	48	123
559	335	49	123
557	336	50	122
555	336	51	121
555	336	52	122
555	336	51	122
554	335	51	122
555	336	50	122
555	336	49	122
555	335	48	122
555	336	48	123
554	337	49	122
555	336	49	123
555	335	49	122
556	336	50	122
556	336	50	122
558	335	50	121
558	335	51	123
558	335	46	123
559	335	46	122
561	336	48	122
562	335	44	123
561	336	45	123
561	335	45	123
563	336	46	122
562	336	43	122
561	335	46	123
563	335	46	122
562	336	44	122
562	335	44	122
561	336	46	122
562	336	46	122
561	335	44	123
562	336	46	121
563	336	45	122
563	337	46	122
562	334	44	123
563	335	46	123
562	336	44	122
564	336	45	122
562	336	44	122
563	334	46	123
564	336	45	122
563	335	44	122
563	335	44	122
563	336	46	122
563	336	44	122
563	336	47	122
563	335	45	123
563	336	45	123
564	336	44	122
564	337	46	122
564	336	44	122
564	336	45	122
564	337	46	121
565	336	44	122
566	337	46	122
566	337	45	121
566	335	44	123
566	336	44	121
567	336	43	122
566	336	45	122
565	336	46	121
566	338	44	120
565	334	44	124
565	340	46	119
566	337	44	122
566	337	45	121
564	337	43	121
565	338	46	121
563	336	46	122
564	336	47	122
565	336	46	123
567	333	47	125
567	340	52	119
563	342	55	117
564	339	54	118
565	340	54	117
568	338	49	119
569	330	46	129
569	327	49	132
567	323	51	136
561	316	54	142
559	322	51	137
561	324	49	135
562	331	51	128
562	332	47	126
568	324	46	135
565	332	52	126
565	334	51	123
565	334	50	125
565	334	52	124
565	334	52	124
564	335	51	123
565	334	50	123
565	335	47	123
565	336	46	122
564	336	46	123
563	334	45	125
564	336	46	122
564	334	45	124
564	336	46	123
564	336	44	123
564	335	46	123
564	335	45	123
564	335	45	124
565	335	45	124
564	334	45	124
566	334	45	124
565	335	46	124
566	334	45	124
565	335	46	123
566	334	45	124
565	335	46	124
565	335	46	124
566	335	46	123
566	335	46	124
565	336	47	123
566	336	46	123
566	334	46	124
565	337	48	122
566	335	46	124
566	336	46	123
565	335	47	124
566	336	47	123
566	335	47	123
567	335	45	123
566	335	46	123
567	335	45	124
566	334	46	124
567	336	46	123
567	335	46	124
567	334	47	125
568	335	46	124
566	335	48	124
568	334	45	125
568	335	46	124
568	336	47	123
567	335	46	124
568	334	47	124
568	336	47	123
567	335	46	124
567	335	47	124
567	335	47	124
567	334	47	125
567	335	47	124
567	335	46	124
566	336	47	123
567	335	46	124
566	335	46	124
566	335	46	123
566	336	46	123
565	335	46	123
565	335	45	124
566	335	44	124
564	335	46	124
564	336	44	123
563	336	45	123
564	335	44	123
564	335	45	123
564	334	45	124
564	336	46	122
564	334	45	124
564	334	45	125
564	333	46	126
566	334	46	125
566	334	48	125
566	336	49	123
566	334	48	124
565	334	49	124
565	334	48	124
565	334	46	124
565	336	46	123
565	333	45	125
565	333	45	126
566	334	45	125
565	335	46	124
564	334	45	125
564	335	44	123
564	335	45	123
564	335	45	124
565	335	45	124
564	335	44	124
565	334	46	123
565	334	45	125
565	334	45	125
564	334	45	125
565	335	46	124
565	334	45	124
564	334	45	125
564	334	45	125
565	335	45	124
565	334	44	124
565	334	45	125
564	334	46	125
565	334	46	125
565	334	45	125
565	334	45	125
566	333	46	126
566	332	46	126
565	334	46	125
566	333	45	126
566	332	45	126
566	335	46	124
565	334	46	125
564	334	46	125
563	335	46	124
562	334	46	123
564	335	46	123
563	333	46	125
564	334	46	125
564	334	46	125
564	333	46	126
565	333	46	125
564	334	45	125
565	334	45	125
564	334	45	125
565	335	45	124
566	335	44	123
565	334	43	124
566	336	44	123
565	334	44	124
566	334	44	124
566	336	44	123
565	334	44	125
564	335	45	124
564	332	44	125
563	335	45	123
561	334	44	124
560	336	47	123
557	336	44	123
558	334	48	124
556	335	47	123
555	335	46	122
553	335	47	123
553	332	46	126
551	335	49	123
547	332	49	125
546	334	49	124
543	328	48	130
542	328	49	131
540	323	48	135
539	322	48	135
536	323	49	134
535	322	47	135
531	322	49	134
526	318	51	139
521	318	52	140
515	315	55	142
512	313	57	144
506	310	58	146
501	312	61	143
500	311	60	144
495	313	63	142
494	311	62	144
490	305	62	149
488	305	61	150
487	303	59	153
484	301	55	155
482	301	56	156
475	301	59	156
471	301	59	153
470	300	60	155
465	299	58	155
463	298	59	157
455	295	60	159
454	292	60	161
447	292	62	162
447	292	60	160
440	292	61	158
438	293	62	157
434	292	62	155
431	289	62	158
431	288	57	156
429	285	54	157
426	284	53	156
419	285	55	153
416	284	53	150
412	281	52	150
411	279	53	152
405	276	55	152
402	275	56	153
397	272	60	155
395	275	59	153
390	273	61	153
389	274	61	150
385	272	61	147
386	270	58	149
385	268	56	149
385	266	54	145
383	264	51	146
382	264	51	145
378	265	52	143
376	264	49	139
373	262	51	140
368	260	53	141
364	258	54	142
362	258	55	144
357	256	56	143
353	258	59	143
352	257	59	143
349	257	59	141
346	254	58	141
347	253	56	141
346	249	50	137
344	249	48	140
339	249	50	133
335	248	51	137
331	245	52	138
327	242	52	138
321	239	55	139
317	240	58	141
315	239	59	142
313	241	59	139
313	241	57	140
311	239	58	139
309	237	56	139
310	236	54	136
310	235	49	134
310	234	47	135
308	235	46	134
306	234	46	131
304	232	45	133
302	232	46	132
300	231	47	134
295	229	50	132
293	227	52	133
290	226	52	133
289	227	53	135
288	227	53	132
284	227	55	133
285	227	54	133
284	224	53	133
284	221	51	132
285	221	49	130
285	220	46	129
282	220	45	126
280	220	45	125
280	220	44	125
276	219	47	128
272	216	49	128
268	214	49	128
267	215	50	128
263	214	52	129
261	215	53	128
259	215	54	128
259	216	51	126
259	214	50	125
258	213	50	124
256	210	49	120
255	209	47	122
253	208	47	122
251	209	45	118
250	209	43	116
205	205	41	113
212	206	37	111
215	203	34	111
218	202	35	113
222	201	35	115
225	203	35	114
225	204	34	113
228	204	39	117
223	204	44	118
225	205	42	116
231	205	37	115
233	204	35	112
233	205	36	111
230	205	39	112
201	203	45	117
234	205	42	116
234	207	43	115
234	207	43	115
234	207	44	116
188	203	50	117
187	203	48	115
189	202	47	116
186	202	49	115
185	202	47	114
183	201	47	115
180	200	48	117
180	199	47	117
178	197	49	115
178	196	48	115
177	195	49	115
176	194	50	117
175	195	51	116
173	195	52	115
174	195	49	115
174	194	48	116
175	192	45	114
174	190	44	114
175	190	43	114
174	190	44	114
172	190	44	113
170	190	44	114
168	189	45	114
165	188	46	114
165	187	47	112
162	185	47	114
160	185	49	113
159	185	49	113
157	186	50	112
156	186	49	111
155	184	48	112
154	183	47	111
154	182	44	110
154	181	43	110
152	181	42	110
149	181	43	109
148	181	41	107
147	181	42	107
143	180	44	108
142	179	44	107
139	177	45	108
137	178	46	109
134	177	48	108
134	177	47	107
133	179	48	107
131	178	48	107
131	176	47	107
131	176	44	104
131	175	41	104
130	175	40	105
130	175	40	105
128	174	40	105
126	174	41	104
124	174	41	104
123	172	40	104
122	173	41	103
120	171	43	104
117	170	45	104
116	171	45	105
115	171	46	104
113	171	46	104
112	171	45	103
111	170	45	104
111	170	44	102
110	168	40	101
108	168	38	101
107	168	39	100
104	168	40	101
104	169	39	101
101	168	41	101
100	167	41	100
97	165	41	100
96	165	41	100
94	165	43	101
92	165	45	100
91	166	45	100
90	165	45	100
89	165	45	100
89	164	43	98
90	164	42	99
90	162	39	98
90	162	38	97
89	162	38	98
89	163	38	97
87	162	39	97
86	162	38	97
83	161	40	98
83	160	41	97
80	159	42	98
80	158	42	98
78	158	42	98
77	158	43	97
76	159	44	96
76	159	44	96
76	159	41	96
76	158	41	95
76	156	38	94
77	155	37	93
75	156	38	94
74	155	38	94
74	156	38	94
72	156	38	94
71	155	38	94
69	155	39	93
66	154	41	93
65	153	40	94
63	153	41	94
61	153	42	94
59	154	42	94
58	154	42	93
57	154	41	92
57	153	40	91
55	153	39	90
55	152	38	91
54	151	39	91
52	150	39	91
51	151	40	92
51	151	41	91
51	151	40	90
51	151	38	91
50	152	36	90
49	152	32	90
47	151	32	90
46	150	33	89
45	150	33	89
41	150	34	89
41	150	35	90
39	151	36	90
38	152	35	87
38	151	35	88
38	151	36	88
37	151	37	89
36	151	35	88
36	151	35	87
35	150	36	89
34	149	36	89
34	149	38	90
35	150	38	90
34	150	40	89
34	149	41	90
34	149	40	89
35	149	38	88
35	150	38	89
34	150	37	88
33	149	38	89
33	149	40	89
34	149	37	89
33	149	37	89
33	149	37	89
33	149	39	88
32	149	37	89
32	148	39	91
32	149	38	89
32	149	39	89
32	148	39	88
33	150	37	88
32	149	38	89
33	149	37	86
33	148	37	87
34	149	36	88
33	149	39	89
34	149	40	89
35	149	39	89
36	148	39	89
38	149	37	88
39	150	37	88
39	150	38	88
39	150	38	89
38	150	39	88
38	149	41	89
39	150	40	88
38	150	40	88
39	150	39	89
38	150	40	88
38	149	40	90
38	150	40	88
38	150	40	89
38	149	38	88
38	150	38	88
37	150	38	88
38	151	39	88
37	150	41	94
36	150	41	85
44	150	32	85
42	150	35	90
41	149	35	88
40	150	35	88
39	149	36	87
40	149	36	88
39	150	35	90
40	149	34	89
39	150	36	90
39	149	36	90
39	150	36	90
39	149	36	88
38	150	37	89
37	149	38	87
37	149	40	91
37	149	40	90
37	149	40	88
36	150	40	86
36	149	40	87
36	149	40	89
36	149	41	88
36	149	41	90
35	147	43	88
36	148	41	87
36	148	39	89
36	149	40	90
35	149	41	90
35	149	41	90
36	148	41	90
36	149	41	91
35	149	41	90
36	149	40	90
36	149	40	90
37	149	40	90
37	149	39	88
38	149	38	90
38	149	38	89
38	149	37	86
38	149	37	89
38	149	36	89
39	149	37	88
39	150	36	89
39	149	36	88
40	149	37	89
41	150	36	88
41	150	37	89
41	151	38	88
41	150	38	87
42	150	39	88
42	150	39	89
42	151	39	88
42	151	39	89
43	151	39	87
42	151	39	89
43	151	38	87
45	151	38	88
46	151	37	88
47	152	37	88
48	152	38	90
50	152	37	90
52	152	38	89
53	151	39	90
55	152	39	91
56	152	41	91
57	152	41	93
58	152	41	91
58	152	42	91
58	153	41	92
59	153	41	91
60	153	40	91
61	153	39	91
63	154	38	91
65	154	37	89
66	154	37	90
68	154	36	91
71	155	36	92
73	154	36	91
75	155	39	92
76	155	41	93
77	154	42	93
78	155	42	94
77	154	43	94
79	155	42	93
80	156	40	94
79	156	40	94
81	156	38	92
82	156	37	94
82	156	37	93
83	156	36	93
85	156	36	94
85	157	36	92
86	156	36	92
86	157	36	92
88	157	36	93
89	157	36	93
89	157	37	94
89	157	39	95
91	156	39	94
93	156	39	93
95	157	40	96
96	156	40	96
97	157	41	97
96	157	43	97
97	157	43	99
97	157	43	99
97	158	42	98
98	158	41	96
99	158	41	97
99	159	40	96
101	158	40	96
102	159	38	96
103	158	38	96
103	159	39	97
105	159	38	98
106	159	38	98
106	159	39	98
107	160	40	98
107	160	42	99
108	159	42	98
110	160	42	99
110	160	43	99
111	160	43	97
111	160	44	97
113	160	43	93
113	159	43	90
112	161	43	89
117	161	40	93
117	163	40	98
118	165	40	101
116	164	43	104
113	162	45	106
115	162	45	106
114	163	45	105
115	163	43	99
116	164	42	100
117	165	42	97
118	165	42	102
118	166	42	104
118	168	43	99
119	168	43	95
120	167	42	98
120	167	42	98
121	167	42	100
122	167	40	99
122	167	40	99
122	168	39	100
123	169	37	98
123	169	37	99
121	168	38	100
121	168	37	100
119	169	38	100
122	169	37	98
121	169	38	99
133	167	35	96
131	168	36	97
126	167	39	98
125	167	43	103
124	167	42	104
123	166	38	105
115	165	33	93
114	166	32	92
111	166	33	92
108	166	33	91
105	165	33	92
102	165	32	94
102	164	32	93
99	165	31	92
97	164	32	91
96	165	33	91
95	165	33	91
94	165	34	92
92	164	34	94
92	164	33	94
90	163	33	94
90	164	33	93
89	163	33	94
88	163	34	96
88	164	33	96
89	164	33	94
87	163	34	97
88	163	34	95
87	162	34	97
86	162	33	95
86	162	34	97
85	162	34	95
85	162	34	96
84	162	35	96
84	162	35	95
83	161	35	95
83	161	34	96
81	161	36	98
81	162	36	96
80	161	36	96
80	161	37	98
79	162	37	98
78	161	37	98
78	160	37	98
79	161	37	97
78	160	37	97
78	160	37	96
79	161	36	94
79	161	36	96
80	160	36	95
80	161	36	95
80	160	36	96
80	160	36	96
80	160	36	96
81	161	35	94
81	161	35	95
81	161	35	94
81	161	35	96
80	160	36	96
80	160	36	95
80	160	37	96
80	161	37	93
80	161	38	97
80	162	39	93
80	161	38	92
79	161	39	95
77	161	41	96
78	161	40	94
78	160	40	95
77	160	40	94
77	160	42	96
76	162	41	94
77	165	43	92
76	169	48	89
114	198	48	114
116	198	49	117
119	199	48	116
122	199	48	116
125	199	46	116
126	200	45	118
126	202	48	118
128	203	48	119
128	204	48	118
129	204	47	120
130	205	48	120
132	204	46	119
133	205	46	119
135	206	44	119
136	208	44	116
138	208	45	120
139	208	46	122
140	207	46	124
142	210	47	122
142	210	48	121
144	210	50	123
145	211	50	124
147	214	52	123
148	217	51	123
150	217	52	123
153	217	49	122
154	216	50	124
158	218	46	120
160	217	46	121
161	218	46	121
164	220	47	122
166	220	47	121
168	220	48	124
172	222	47	123
174	221	48	124
177	221	48	125
180	222	52	126
182	223	53	129
182	225	54	129
186	228	52	125
188	229	53	127
190	229	50	126
192	230	50	127
194	229	49	126
198	229	47	125
201	231	47	124
203	232	46	124
205	233	46	125
207	235	45	126
210	235	46	126
211	233	49	131
214	233	50	131
213	235	53	133
214	236	56	135
216	237	56	136
219	240	54	135
221	240	54	137
223	240	53	138
227	240	50	138
229	240	49	136
232	240	48	136
235	243	47	135
239	246	47	134
242	247	47	135
244	247	50	135
258	252	57	139
259	254	58	139
263	255	55	141
265	256	55	142
269	255	52	142
275	255	48	139
279	256	48	139
280	257	51	141
283	259	53	141
284	262	55	140
286	261	56	141
294	261	53	145
305	261	51	145
308	263	55	146
312	266	58	144
314	267	58	147
317	270	58	146
321	271	57	147
322	271	55	146
327	271	52	142
333	270	49	144
335	271	53	148
338	274	54	146
340	275	59	148
338	276	64	151
343	277	67	151
350	278	66	150
353	278	75	145
342	225	105	115
342	229	117	114
347	234	118	109
369	232	107	105
374	242	107	108
376	284	59	159
381	288	54	154
386	289	52	147
388	289	52	148
394	289	50	148
396	289	52	151
401	291	52	151
405	293	58	154
407	295	61	158
410	296	63	160
414	296	61	159
420	294	58	162
425	295	57	162
429	296	57	161
431	297	59	158
432	301	63	155
434	302	65	155
436	305	64	150
441	307	60	148
444	306	57	149
450	305	51	151
452	303	52	152
456	304	53	151
459	306	53	150
462	308	53	147
465	310	53	145
470	310	52	146
472	309	53	147
479	307	49	149
485	308	48	147
487	308	50	147
490	309	50	147
492	310	51	147
494	311	52	146
497	312	52	145
498	313	55	144
496	313	61	143
496	312	64	144
490	312	73	143
490	314	75	141
490	313	75	141
493	313	71	142
497	314	64	141
497	313	63	143
497	313	61	141
498	314	58	142
498	312	56	145
496	313	57	144
497	311	55	145
495	313	57	144
494	314	58	143
494	314	59	142
494	314	59	142
494	314	60	142
496	313	58	142
495	313	59	143
497	313	59	142
497	313	61	143
497	314	60	142
498	313	60	143
497	313	61	143
498	314	60	142
498	313	59	142
499	312	58	144
498	312	59	144
498	313	60	144
499	312	58	144
498	313	60	143
500	314	60	143
500	314	59	142
499	312	59	145
500	312	59	144
500	313	58	144
500	311	57	145
499	312	58	144
500	311	55	144
499	313	57	143
499	312	56	143
497	313	56	143
498	312	55	144
497	312	56	143
496	312	56	143
496	312	56	144
496	312	55	145
496	313	54	144
496	313	54	143
495	313	55	144
493	312	56	144
493	313	56	144
492	313	57	144
492	313	58	144
492	313	56	143
492	313	56	143
491	313	55	143
491	314	56	142
490	314	55	143
489	314	56	143
489	314	57	142
488	313	57	143
487	314	58	143
488	313	57	142
487	312	59	144
485	312	59	144
486	310	56	144
485	309	55	146
483	308	56	148
482	307	56	149
481	307	56	150
480	306	55	150
479	307	54	149
476	304	55	152
472	306	57	151
469	304	56	152
464	302	57	153
463	302	58	153
460	302	59	154
457	301	60	154
455	302	61	154
453	301	62	155
452	298	62	156
451	299	62	156
451	297	61	157
451	294	57	159
450	294	57	160
448	293	55	160
445	293	56	160
442	294	56	158
436	294	59	156
432	292	58	158
432	291	58	156
426	289	58	158
421	288	59	158
417	287	60	158
411	286	62	158
411	287	62	157
405	286	60	155
406	285	58	154
401	282	59	154
402	280	55	151
400	279	53	151
396	277	51	152
392	277	52	151
390	278	54	151
384	279	55	148
382	277	55	148
379	276	55	149
378	274	55	150
372	270	54	151
368	268	53	151
363	267	54	150
361	268	56	152
355	268	59	150
354	270	59	148
352	268	57	147
352	266	58	144
348	263	56	145
349	262	52	143
348	261	51	144
342	261	53	143
338	261	55	143
335	260	55	142
329	257	56	143
325	254	54	143
321	252	54	143
320	253	54	144
316	253	55	144
315	255	54	143
312	253	55	143
310	252	55	142
310	250	54	142
307	247	54	144
302	246	55	140
299	244	55	142
295	244	58	141
288	245	59	140
284	244	58	136
281	245	58	136
279	242	58	138
277	240	58	137
275	240	61	137
272	240	62	137
271	240	64	136
273	241	60	137
274	241	59	134
273	240	55	137
270	238	53	137
267	237	52	136
263	235	52	133
260	235	54	133
259	236	56	134
253	236	56	132
252	235	56	134
252	235	54	131
247	235	54	131
247	233	53	131
243	233	52	130
243	231	53	129
240	231	51	130
238	230	53	131
236	232	49	130
234	229	52	131
231	231	52	130
230	227	57	131
229	235	59	121
228	243	60	113
224	226	57	125
215	223	64	129
209	221	72	129
208	222	76	128
209	221	72	128
210	221	66	126
215	221	59	121
218	219	55	116
215	218	54	119
218	219	52	119
218	219	50	125
155	207	51	115
155	207	50	113
158	207	46	113
159	204	47	117
158	205	46	117
160	206	45	119
162	209	44	117
163	208	45	121
162	208	47	117
161	207	47	120
160	206	45	120
161	208	42	120
163	209	40	116
165	210	40	115
161	208	38	119
170	211	39	110
175	213	36	110
170	213	38	108
169	214	38	110
168	212	37	115
165	212	40	116
163	211	40	119
164	213	39	119
164	213	41	117
165	213	40	114
165	213	38	119
165	214	38	118
165	214	38	117
166	215	39	114
167	215	40	116
164	215	45	115
163	216	46	116
169	217	45	118
169	218	46	100
165	220	47	101
171	224	43	98
167	219	46	107
170	220	42	112
166	222	43	108
165	221	43	114
165	223	42	118
166	225	43	113
166	227	45	117
166	227	46	119
168	229	45	119
169	227	45	119
171	226	44	120
174	225	44	119
172	227	46	122
176	228	45	122
180	231	46	120
188	231	45	110
193	231	44	96
198	226	41	108
202	230	41	98
205	222	40	111
208	227	47	109
211	236	51	95
213	229	52	106
214	230	56	103
212	232	58	102
214	231	56	99
216	229	56	97
215	226	55	99
211	231	59	92
212	228	58	94
187	199	50	116
181	203	56	107
173	196	57	111
169	191	61	115
233	234	58	85
232	233	61	86
245	243	59	110
255	246	57	103
262	244	54	95
264	248	55	123
264	248	56	121
266	250	55	126
271	249	52	130
274	248	52	132
277	249	51	134
280	251	52	132
280	251	54	135
281	251	54	132
283	251	55	134
284	251	53	132
284	252	53	128
283	253	55	134
281	256	58	128
279	258	58	112
280	265	57	106
280	264	57	106
281	262	51	99
281	260	44	100
280	258	40	99
278	259	50	103
289	264	50	121
289	263	52	120
283	265	56	120
275	264	62	120
282	265	66	134
279	264	62	134
282	264	65	135
278	262	67	138
279	263	70	139
277	264	71	138
275	265	71	136
268	264	76	132
271	264	73	137
269	264	72	136
277	263	66	139
271	265	66	137
273	262	64	133
277	264	57	127
277	265	54	119
277	265	47	123
279	266	47	118
279	267	49	121
277	266	50	130
278	266	49	122
278	265	48	130
278	266	50	135
275	267	56	139
271	268	59	138
268	262	61	144
266	258	65	148
261	260	72	145
259	260	77	147
254	265	81	143
264	264	73	142
267	265	68	144
270	265	67	143
271	264	65	142
271	264	66	141
276	263	61	143
276	264	60	139
276	264	60	140
274	263	62	141
272	264	63	141
272	265	63	140
274	265	61	141
272	264	64	141
272	264	65	140
270	263	68	140
277	263	65	142
269	264	67	142
260	264	75	140
258	264	80	144
257	264	84	142
261	263	80	144
272	262	62	144
274	264	58	143
273	264	54	142
273	264	52	142
272	263	52	143
270	263	53	144
269	263	54	144
266	263	55	143
267	263	53	142
265	264	53	142
266	264	53	141
264	264	53	142
263	263	53	142
261	261	55	141
254	261	62	144
251	261	62	144
251	261	64	143
247	262	69	143
249	262	68	144
252	261	67	143
253	261	63	143
258	262	57	143
257	262	60	144
261	263	54	139
261	262	53	140
262	263	51	140
262	264	54	142
261	262	53	143
261	263	55	143
259	264	54	140
260	264	51	140
257	263	53	141
253	263	56	141
252	263	56	140
250	263	62	142
252	263	66	143
250	262	67	143
248	262	66	144
250	263	64	143
249	263	63	143
247	262	63	142
247	262	64	143
243	262	68	143
240	263	70	144
237	262	74	143
239	263	73	141
233	262	78	141
233	262	80	139
233	262	71	138
238	261	62	138
242	260	53	135
243	261	51	135
242	261	49	134
240	262	49	134
239	262	49	130
236	259	50	134
237	258	49	131
234	256	50	136
234	253	49	134
234	251	48	136
233	249	49	135
232	250	49	133
229	249	52	133
229	250	55	134
228	248	55	136
228	246	54	135
230	244	52	133
228	243	53	134
228	243	52	134
228	243	51	133
228	243	50	134
230	241	48	133
230	238	48	131
231	235	46	132
232	233	46	132
233	233	46	133
234	233	45	131
234	234	48	131
234	233	48	131
235	231	47	128
235	229	47	130
233	228	46	128
234	227	43	124
233	228	43	123
233	228	41	123
234	228	40	123
231	225	42	123
231	223	43	122
230	221	42	122
229	221	43	122
229	221	42	122
228	221	43	122
227	219	42	123
226	218	41	121
225	217	42	120
225	216	42	120
223	216	42	119
222	217	41	118
222	215	41	116
220	213	41	118
219	213	42	118
217	210	42	117
218	209	40	113
217	210	40	112
216	211	40	113
215	210	40	111
214	209	41	113
213	209	41	114
212	207	41	113
211	206	42	113
209	206	42	113
209	206	39	114
208	206	39	112
206	206	40	113
205	206	41	112
202	201	41	114
203	200	40	113
201	198	39	111
200	198	39	113
199	198	39	114
198	200	39	111
196	198	39	111
196	198	38	112
194	196	38	112
194	195	39	111
191	194	40	111
191	194	39	110
190	195	39	110
186	195	39	110
186	194	39	109
184	194	40	111
183	191	38	110
180	190	38	110
179	189	37	109
177	190	38	110
176	190	39	110
173	190	36	109
173	188	37	106
172	189	37	105
169	187	37	107
168	187	37	105
165	187	38	107
165	187	39	106
161	186	40	108
159	187	40	105
158	185	40	106
156	185	39	106
155	184	38	106
152	184	38	107
150	184	37	104
148	185	38	105
146	184	37	105
144	182	37	107
142	182	37	105
141	181	37	105
137	180	38	108
135	180	40	107
134	181	41	107
130	181	40	104
129	181	40	105
126	181	39	104
126	180	38	103
124	180	37	104
120	179	38	105
119	180	36	103
119	178	35	103
114	180	36	102
113	180	37	101
105	181	40	102
102	180	42	106
100	179	42	108
101	181	42	110
100	182	42	109
96	182	45	113
93	180	47	117
88	181	46	112
84	180	43	109
84	178	38	99
81	178	37	103
79	177	38	106
76	178	38	102
71	178	39	95
69	178	39	99
67	178	41	98
63	178	41	100
59	176	42	102
56	177	42	105
53	174	41	119
51	176	42	122
53	180	39	105
51	177	38	111
47	179	40	108
43	179	40	105
40	180	41	98
38	180	39	96
36	180	38	98
36	179	38	97
31	178	40	99
29	179	41	101
24	180	44	101
23	180	42	100
24	182	41	101
22	182	41	101
21	182	40	101
20	181	39	101
19	181	38	101
20	182	38	104
19	183	38	102
19	184	37	103
18	185	38	103
17	185	39	103
18	185	38	102
18	184	38	103
17	184	38	105
17	183	38	105
18	185	37	105
17	188	38	105
17	187	37	105
18	187	37	105
18	186	38	107
19	187	38	107
20	188	38	108
21	189	38	108
22	191	38	107
23	191	37	107
24	190	39	107
25	191	38	108
26	190	38	108
27	190	38	107
28	192	38	107
30	194	38	107
29	194	39	108
30	194	38	108
32	193	38	109
35	194	37	107
36	195	40	108
37	197	43	109
32	198	48	108
28	198	66	108
19	194	80	115
16	192	93	116
19	186	87	123
21	183	84	126
23	186	84	124
25	191	85	121
45	203	52	109
42	204	68	108
47	204	60	108
51	205	49	107
57	206	40	105
57	207	40	105
57	208	41	104
58	210	43	104
62	210	44	106
67	210	42	108
70	209	41	108
74	209	40	110
79	210	39	111
83	211	40	110
84	212	41	111
87	213	43	110
90	213	42	111
94	213	41	110
96	212	42	112
99	213	44	111
100	214	47	111
101	215	48	112
105	215	45	112
113	215	42	112
118	214	48	113
134	215	62	114
136	216	56	113
143	217	46	117
145	220	45	115
148	219	50	116
151	220	49	119
154	219	48	124
157	223	48	123
158	224	48	124
161	223	45	122
162	225	48	124
162	227	54	126
159	228	59	125
161	228	57	125
160	229	61	126
161	228	63	127
161	228	70	128
160	229	73	128
159	229	76	129
159	230	76	129
160	232	74	130
160	232	74	129
160	232	74	130
161	233	71	130
162	233	70	129
166	233	65	129
168	234	63	129
175	237	56	130
178	239	54	130
182	239	47	131
181	240	47	130
181	240	46	130
182	239	48	131
183	240	48	131
184	241	48	132
185	241	47	131
186	243	47	131
187	244	47	132
188	244	47	132
188	245	46	131
188	246	46	130
190	247	45	130
188	246	47	132
190	247	45	133
191	248	44	132
191	250	44	132
193	251	45	132
194	251	45	133
195	252	46	133
195	251	45	134
197	251	45	134
199	251	44	134
199	250	44	135
202	251	42	135
203	252	42	136
205	254	41	135
205	255	42	136
205	255	43	137
206	256	43	135
208	255	43	133
210	256	42	133
210	256	43	133
212	257	43	133
214	257	43	134
214	256	46	136
216	258	46	136
218	258	47	137
220	258	46	138
223	259	45	136
225	259	44	136
227	260	45	135
229	259	44	136
233	260	43	139
234	260	43	138
236	260	43	138
237	260	43	138
237	260	43	137
238	260	43	138
238	261	43	137
238	261	43	138
238	261	44	139
238	261	45	140
237	261	45	140
238	261	45	139
237	261	46	140
237	261	46	139
234	261	45	139
232	260	46	140
231	260	46	140
230	260	46	140
230	261	46	139
228	260	48	139
227	260	48	139
227	260	47	139
225	260	49	139
225	260	49	140
225	260	48	140
225	259	48	140
226	259	48	140
227	259	48	140
227	259	47	140
229	259	49	140
230	259	49	141
230	259	48	141
232	259	47	141
233	258	47	142
234	258	47	142
234	258	48	142
235	258	47	141
235	258	48	141
237	257	47	142
237	258	47	140
238	257	47	141
239	258	46	140
240	257	47	140
240	258	48	140
240	257	48	141
240	256	47	141
239	256	47	142
239	256	48	140
238	255	47	142
237	255	47	140
238	254	47	140
237	255	48	138
236	254	51	141
236	253	51	138
236	253	53	140
235	253	51	140
238	253	48	139
237	253	48	138
237	252	50	139
238	251	47	137
237	251	47	140
238	250	47	139
239	249	48	139
239	248	48	139
237	248	51	134
238	249	49	139
238	247	48	139
237	246	46	140
237	246	48	140
236	247	48	138
233	248	47	138
233	247	48	138
231	247	47	138
229	246	48	137
229	246	46	138
227	244	47	136
226	245	46	136
225	244	46	137
224	244	46	134
223	244	47	134
223	245	47	133
220	245	48	134
220	246	48	133
219	245	47	135
220	244	45	132
220	244	44	132
214	243	48	133
213	240	49	134
211	242	49	135
212	241	48	133
210	242	49	133
209	241	49	134
207	240	50	135
207	241	48	135
207	241	46	134
206	239	46	135
204	239	46	134
203	239	45	133
202	240	45	131
201	239	46	131
200	239	47	131
200	240	47	130
199	238	49	133
198	239	48	133
199	238	48	134
199	239	47	131
199	237	46	131
198	238	48	132
198	238	48	131
195	238	47	133
194	238	48	133
192	239	50	131
191	238	48	132
189	237	48	133
188	236	49	133
186	236	47	134
185	236	47	133
185	236	45	132
182	235	45	131
181	235	47	131
180	236	46	130
178	233	45	134
178	235	44	130
177	234	43	131
176	234	44	131
173	231	46	135
174	232	48	134
174	228	49	139
173	233	48	133
173	230	46	132
171	228	45	133
171	224	46	137
170	224	46	138
166	218	46	144
163	210	48	151
160	213	48	148
146	191	51	168
145	215	50	142
140	216	50	142
141	222	47	137
142	227	45	132
141	225	46	133
140	225	46	133
140	228	44	128
140	227	44	125
138	225	47	128
136	227	47	128
137	227	46	128
136	225	46	131
134	227	47	128
134	226	45	129
133	226	45	128
132	227	44	127
129	224	44	129
126	224	45	128
124	225	46	125
123	224	46	126
122	224	46	126
123	224	43	124
120	224	43	125
121	223	42	125
120	223	41	125
120	224	41	125
118	223	42	126
117	222	42	126
115	223	42	122
114	220	42	126
112	221	45	126
110	220	46	125
108	221	46	124
107	221	47	126
107	221	46	125
107	220	44	124
107	219	43	125
105	220	43	125
102	218	45	126
100	220	44	123
100	219	44	123
98	219	44	123
97	219	43	123
97	219	42	122
96	219	41	123
95	219	42	122
95	220	42	123
95	218	42	122
96	219	43	122
96	218	40	120
95	218	42	120
94	219	42	120
91	217	43	119
89	217	44	120
89	217	42	120
87	215	42	122
86	215	43	121
84	215	42	122
83	215	43	122
81	213	43	122
81	214	44	122
80	214	43	123
79	213	42	122
79	213	41	121
78	214	42	120
78	214	41	120
77	213	41	120
77	213	41	120
77	213	42	121
77	214	40	120
77	214	41	120
77	213	40	119
76	213	41	118
76	212	41	119
75	211	42	120
75	212	41	119
73	212	41	120
73	212	40	119
72	212	41	119
71	212	41	120
70	212	42	120
68	211	41	121
67	212	41	118
66	212	40	118
64	213	40	119
64	212	40	118
63	212	40	119
64	212	40	118
63	212	40	118
63	211	40	119
63	212	39	117
63	210	40	117
63	210	39	116
61	210	40	117
61	210	40	118
61	211	40	118
60	210	41	119
59	210	41	118
59	211	40	117
58	210	40	119
59	211	39	118
58	210	39	118
58	210	39	118
58	211	39	118
58	210	39	118
58	211	39	118
58	210	39	118
58	210	39	118
58	210	39	118
57	209	40	120
57	210	40	119
57	209	40	120
56	209	40	118
56	209	41	120
55	209	41	119
55	209	40	119
55	209	40	119
52	209	42	120
50	209	42	119
52	210	39	118
50	209	41	118
50	210	40	118
48	209	41	119
49	210	40	117
47	208	40	120
47	207	41	121
47	207	39	121
45	207	40	121
45	204	38	123
44	203	39	123
45	205	38	120
43	205	40	121
42	205	39	120
41	204	40	123
39	205	42	121
34	203	45	123
33	202	46	124
32	202	47	124
33	206	45	121
33	205	46	122
33	206	44	120
32	207	41	119
30	207	42	119
29	205	41	120
28	204	42	121
27	204	40	121
25	204	40	120
24	204	40	119
24	204	41	118
23	203	41	119
24	206	42	117
23	203	42	120
23	205	42	118
23	205	40	117
22	204	42	117
22	205	42	116
23	206	43	114
22	206	41	113
23	205	43	115
22	204	43	116
23	205	42	115
23	204	42	117
23	203	42	118
23	204	41	115
23	201	42	117
23	203	41	116
23	202	43	117
21	202	43	117
22	201	42	117
21	199	44	119
20	201	46	117
21	200	43	116
21	200	43	117
22	201	42	116
23	201	41	114
22	201	41	114
23	201	40	112
22	201	41	113
24	201	39	112
25	202	39	112
26	201	40	113
26	199	41	115
28	198	40	117
28	199	40	116
27	199	39	115
27	197	42	116
28	199	41	116
28	201	41	114
27	200	43	115
28	200	42	116
27	201	45	116
27	201	43	115
28	199	44	117
28	200	43	116
28	200	43	116
27	201	42	115
26	200	42	116
26	201	41	115
25	200	41	116
23	201	42	114
22	200	42	115
22	199	43	116
21	200	45	115
19	199	46	116
18	198	47	115
18	198	51	115
20	198	50	115
19	198	50	115
19	199	48	112
18	198	44	114
20	197	39	112
21	197	38	113
20	196	39	111
20	196	38	111
19	195	39	111
19	195	40	111
18	196	43	112
17	194	45	112
13	193	50	114
10	192	53	113
10	192	53	113
8	192	54	112
10	191	51	111
13	192	45	112
15	192	40	111
17	192	38	110
18	192	37	109
17	191	39	110
17	191	38	110
16	190	41	108
18	190	39	108
17	190	40	108
18	190	40	109
17	189	42	109
17	190	43	109
18	190	42	109
16	189	43	109
15	188	43	108
15	188	43	108
13	187	44	108
13	187	43	107
14	188	42	106
14	188	42	107
13	188	43	106
13	187	44	108
12	187	43	107
12	186	42	105
11	184	42	106
11	185	40	106
12	185	39	105
12	185	38	105
12	185	37	104
9	184	38	104
5	185	39	103
3	183	39	106
3	183	37	106
1	183	37	106
0	183	39	106
0	183	38	105
0	185	39	106
0	185	39	103
0	186	37	102
0	186	31	101
0	188	23	98
0	187	21	100
1	183	21	109
2	193	23	114
1	200	22	122
2	215	23	111
1	211	22	116
1	209	21	119
2	213	22	112
1	214	21	111
0	211	20	116
3	213	21	112
2	214	21	111
1	211	20	116
2	210	21	117
1	212	21	113
3	212	22	115
2	210	21	117
1	210	22	114
2	206	21	120
2	207	22	118
2	206	21	119
1	206	21	120
2	208	22	118
2	207	21	120
2	206	21	122
1	206	22	120
2	204	22	123
2	207	22	119
1	207	21	119
1	206	21	121
2	207	21	119
1	209	21	118
3	210	22	115
1	209	22	117
1	206	21	121
1	207	22	117
3	208	21	118
1	209	22	116
3	207	21	118
1	207	21	119
2	208	21	116
1	209	21	114
3	208	21	118
1	208	23	117
1	204	22	122
3	206	23	120
1	207	22	116
2	209	22	116
0	208	21	116
2	208	21	117
1	208	21	117
2	210	22	112
1	206	21	117
0	207	21	117
0	203	21	105
0	207	21	100
0	204	22	103
0	201	24	106
0	201	27	107
0	200	28	107
0	201	29	107
0	200	33	110
0	199	35	112
0	199	36	112
0	198	37	114
1	199	38	113
5	195	45	117
15	201	41	113
20	201	39	111
23	201	40	112
28	202	40	112
29	204	45	111
30	204	47	112
34	203	45	113
36	204	44	113
38	203	42	113
41	203	42	114
45	203	42	114
46	203	44	113
48	204	43	114
51	204	43	114
51	205	45	114
53	206	44	114
55	207	44	114
55	206	44	114
58	207	41	113
58	207	43	113
60	206	43	114
62	207	43	113
63	207	44	114
65	208	44	114
66	207	44	115
67	209	43	114
69	209	42	115
73	209	40	115
73	208	42	116
74	208	42	116
76	209	43	116
77	209	44	117
77	209	45	117
77	210	45	117
78	210	45	118
79	212	44	117
79	210	43	118
80	211	43	117
79	211	44	116
82	211	42	117
82	211	42	117
82	212	43	118
83	213	42	118
82	213	42	117
83	214	42	117
82	214	43	117
84	215	42	118
85	215	40	117
87	214	40	118
86	215	40	117
86	215	40	118
84	215	41	118
83	216	40	119
83	217	40	118
81	217	40	119
80	217	40	119
77	218	42	119
77	218	41	119
74	217	41	119
72	216	41	119
71	216	40	119
71	217	39	119
67	216	38	121
67	217	38	122
64	217	39	120
62	218	40	121
61	217	39	121
59	218	40	121
59	218	39	120
56	218	40	119
56	219	39	119
55	219	39	118
52	219	38	119
52	218	38	120
52	218	38	120
51	218	39	121
51	219	38	120
51	219	40	120
51	219	40	120
51	218	40	121
53	218	40	121
52	218	40	121
52	217	41	122
53	218	40	121
54	217	40	122
53	217	41	122
53	216	41	121
53	216	40	120
52	217	42	121
50	216	44	122
51	215	45	122
49	216	46	123
48	216	46	121
49	215	45	121
49	216	45	121
48	215	46	121
47	215	46	121
47	215	44	122
46	216	44	121
46	214	43	122
45	215	43	121
43	214	43	122
44	215	42	119
44	214	43	119
42	215	42	119
42	214	42	119
40	213	44	119
42	214	41	118
41	214	43	118
41	214	42	118
43	213	41	120
44	213	41	119
44	214	41	119
46	213	40	119
47	213	41	119
47	213	41	120
47	213	41	119
48	213	41	119
48	213	41	119
49	212	41	119
50	212	41	119
51	212	41	118
49	211	43	120
49	211	43	120
50	212	41	118
50	212	42	120
49	212	42	120
48	213	41	119
49	212	41	121
48	213	41	120
45	213	43	120
44	214	42	120
43	214	40	118
41	214	41	119
40	214	41	119
40	213	40	119
38	214	39	118
36	214	40	118
38	215	39	117
37	214	40	118
37	215	40	118
36	214	40	120
38	215	40	118
38	214	41	119
40	214	41	118
40	213	41	118
42	212	42	120
43	213	41	120
44	212	41	121
43	212	41	120
44	212	43	121
45	212	41	121
46	211	41	121
49	211	41	119
48	211	41	118
50	210	40	116
49	210	40	115
48	210	40	113
46	211	40	117
40	211	40	115
43	210	42	117
40	212	43	117
44	211	42	118
45	210	41	119
47	211	42	115
45	210	42	115
38	211	43	116
38	211	43	115
33	211	45	117
36	211	45	118
31	210	47	119
31	210	44	117
28	210	48	119
30	211	46	118
27	211	50	119
26	211	51	119
27	211	50	119
25	211	50	118
26	212	48	118
25	212	48	117
25	211	47	118
26	211	42	118
25	211	41	117
24	212	40	115
23	212	40	115
21	212	39	115
21	212	39	115
19	211	40	114
18	211	41	115
16	211	41	114
16	212	39	115
16	212	37	116
14	212	38	117
13	212	38	117
11	211	38	117
10	212	39	116
11	211	38	118
10	210	38	118
10	211	38	117
10	211	37	117
9	212	37	116
8	212	38	116
8	212	38	118
9	213	38	117
9	212	38	116
9	211	39	118
8	212	38	117
9	211	38	118
10	211	38	117
8	212	39	118
10	212	39	117
13	212	38	116
14	212	39	118
22	214	44	117
9	201	48	127
9	208	51	115
5	212	49	119
4	212	51	118
6	213	45	119
8	214	45	118
6	212	45	119
4	213	47	119
3	212	43	121
3	212	42	120
2	213	44	120
1	212	43	119
1	212	43	119
1	209	43	119
1	210	42	120
1	208	40	124
2	210	41	123
2	209	41	120
3	210	39	119
4	210	37	117
4	210	37	119
3	207	38	122
5	207	38	119
5	208	39	115
3	207	41	117
2	206	41	118
3	205	41	118
3	205	40	118
2	205	42	119
2	206	42	118
3	207	42	117
2	207	43	116
2	207	42	118
2	206	41	115
2	205	41	117
2	204	41	117
1	202	41	117
2	202	39	115
1	202	40	116
2	203	39	115
1	203	39	113
2	202	38	112
2	202	38	113
1	201	38	115
3	201	39	114
2	200	38	114
3	200	39	114
2	200	40	114
3	200	39	113
2	200	40	111
2	199	41	111
2	198	41	112
3	198	42	114
2	197	44	115
4	197	42	113
4	197	41	111
5	197	40	111
7	197	40	111
7	197	40	110
9	198	40	110
11	198	39	109
13	196	38	108
14	197	38	108
16	197	38	108
16	197	38	108
17	196	37	108
18	196	35	108
20	195	35	108
19	197	36	108
20	196	37	109
20	196	38	109
18	195	41	109
14	194	47	110
11	193	48	109
11	193	48	108
12	193	47	109
12	192	46	109
11	192	46	109
11	193	44	109
10	193	45	109
8	194	46	109
6	193	46	109
6	194	46	107
7	194	42	106
6	193	42	108
4	193	43	106
4	193	42	106
5	193	40	106
5	192	41	107
5	191	42	106
5	191	46	107
5	190	51	108
4	190	56	108
6	191	60	108
8	190	61	111
10	189	63	110
11	190	64	110
14	189	58	109
16	191	52	108
19	190	44	109
20	190	43	108
21	190	40	107
22	189	40	106
21	191	42	107
21	192	45	108
23	191	45	106
26	192	44	107
28	191	47	106
29	192	48	106
31	192	51	106
32	192	51	107
32	192	52	108
34	192	52	107
37	192	47	106
39	193	47	106
42	193	45	105
43	194	46	106
44	194	45	105
46	194	44	107
48	193	44	108
50	193	45	108
54	193	43	108
55	192	44	109
56	192	46	109
59	192	45	109
59	193	47	109
61	194	46	110
62	194	47	109
63	194	46	110
65	194	46	111
66	194	47	111
67	194	48	110
70	194	46	110
72	194	45	111
75	194	43	111
75	195	44	110
77	195	44	111
78	196	44	110
81	196	43	111
83	196	42	111
86	196	41	111
86	195	43	112
87	197	43	112
90	196	43	111
89	196	44	112
92	196	43	112
92	196	44	113
94	197	43	112
93	197	45	114
95	198	44	112
94	197	44	113
95	198	44	112
96	198	44	113
97	199	44	114
98	199	45	112
99	198	45	112
100	199	44	112
101	200	44	112
101	200	44	112
103	201	43	113
105	201	41	113
104	201	42	113
105	201	42	112
106	201	42	114
107	201	43	113
108	201	42	114
108	201	42	113
108	202	43	113
108	202	43	114
110	203	42	114
109	203	43	115
109	204	42	114
108	204	42	115
108	204	42	114
107	204	43	114
108	205	43	115
106	206	44	115
107	205	44	114
106	205	44	115
107	206	42	115
106	207	42	116
107	207	42	116
107	206	42	116
107	206	41	115
107	207	42	115
107	208	41	115
107	208	42	115
107	207	41	115
106	207	41	115
105	208	42	115
106	208	40	115
103	208	42	115
102	209	42	115
99	208	43	115
98	207	43	116
95	207	45	116
94	208	45	116
91	207	44	117
91	206	42	116
89	206	42	116
88	206	39	116
86	206	39	115
81	206	41	115
78	206	43	115
67	206	51	114
70	206	47	114
69	207	47	113
68	207	47	114
64	205	48	114
62	205	47	114
61	204	46	114
59	200	46	117
57	202	47	115
57	202	47	115
56	202	46	115
55	201	44	115
56	201	42	113
55	201	41	114
54	199	43	113
52	198	44	113
51	197	45	114
50	196	46	114
49	198	47	114
49	198	47	113
48	197	49	113
48	196	47	114
49	194	46	110
51	195	44	112
53	194	42	111
54	193	42	112
54	193	42	112
54	193	42	112
56	192	41	112
56	193	43	112
55	193	43	110
56	190	43	109
55	190	44	108
53	190	47	107
52	190	48	107
52	191	49	107
53	191	49	107
55	190	47	107
57	189	47	107
59	187	45	106
61	186	43	106
64	185	40	107
65	185	41	108
66	185	40	106
66	185	40	107
68	184	40	108
70	185	39	107
69	183	40	106
70	182	40	105
69	181	43	105
68	182	44	104
67	182	47	104
67	182	47	104
68	181	47	105
70	180	45	105
73	179	42	101
74	178	41	102
74	178	41	103
74	178	40	102
75	178	40	101
74	178	40	102
75	178	40	103
75	178	40	101
73	177	41	100
73	175	41	98
70	175	42	99
70	175	44	100
68	176	43	100
69	176	42	99
68	176	44	99
69	175	43	98
69	174	42	97
69	174	40	97
70	174	39	96
68	173	40	96
68	173	39	96
67	173	40	97
67	173	40	97
66	173	40	95
65	171	40	95
64	170	40	96
63	169	41	95
61	169	42	95
60	171	42	96
60	171	40	95
59	169	40	95
60	168	40	95
60	166	39	95
61	166	38	95
58	165	39	95
58	165	40	95
57	165	40	96
57	165	40	95
56	165	40	95
56	164	39	95
57	162	39	94
56	161	38	94
55	161	38	95
54	161	39	94
54	161	39	95
54	162	39	94
53	161	40	94
52	160	39	93
52	159	38	93
50	158	39	93
50	158	39	93
49	158	40	93
47	158	40	94
46	157	39	94
45	158	40	93
45	158	38	93
45	157	38	91
43	155	36	92
43	155	37	91
42	155	37	91
41	156	37	90
38	156	38	91
40	156	36	91
39	155	37	91
34	154	38	90
33	153	41	90
31	153	42	91
30	153	43	90
27	152	46	91
25	152	47	90
24	153	47	89
23	152	46	89
23	153	44	88
24	152	41	89
24	151	38	88
23	151	37	88
23	151	36	88
20	153	35	88
22	152	33	87
18	153	34	87
17	152	35	86
16	152	34	86
16	150	33	87
14	150	32	86
13	151	31	86
10	150	30	85
9	151	33	87
8	151	33	86
6	151	35	86
5	151	34	86
6	151	34	87
5	148	35	87
4	148	36	89
5	149	35	87
3	149	37	88
4	149	37	86
4	148	37	87
5	149	36	86
6	149	35	85
6	150	33	85
7	150	33	86
6	150	32	86
6	149	33	86
6	149	33	85
6	149	32	86
4	148	34	89
4	148	34	88
3	148	35	91
2	145	35	93
2	147	34	92
1	145	35	100
2	147	33	83
0	147	33	92
1	146	31	92
0	146	30	93
1	148	30	92
0	149	29	94
0	148	30	86
0	148	30	88
0	148	30	88
0	148	30	89
1	148	30	88
1	148	30	89
0	148	31	89
1	148	34	89
1	147	35	90
1	148	37	89
1	146	37	90
2	149	37	88
3	148	37	88
4	147	37	89
5	148	37	89
8	148	35	88
10	149	34	88
12	149	32	87
12	148	34	89
13	148	34	89
13	149	33	88
14	149	33	88
15	148	32	88
15	148	32	88
15	148	33	88
16	149	32	87
17	150	32	87
16	149	33	88
16	149	33	88
16	150	34	87
16	150	34	87
16	150	34	87
17	150	34	87
16	149	34	87
17	150	35	87
17	149	35	87
17	150	36	87
17	149	37	87
17	150	36	86
17	150	36	87
18	150	36	87
18	151	34	87
19	149	34	87
19	151	35	88
20	151	35	87
20	151	38	87
20	151	40	87
21	150	40	88
20	151	43	88
18	150	48	89
18	150	50	89
17	150	50	88
20	150	46	89
19	151	47	90
19	151	47	89
21	151	48	89
20	150	51	90
20	150	52	89
21	151	52	88
21	152	51	88
23	152	51	89
23	152	52	89
24	151	50	90
25	152	49	88
27	153	46	88
27	153	48	88
30	154	45	89
31	154	46	89
31	154	45	89
34	154	44	88
34	155	42	89
37	155	40	88
38	155	40	88
40	156	37	88
41	157	37	88
41	157	37	86
43	159	37	87
43	159	36	85
44	160	36	86
45	160	36	87
45	160	37	88
46	159	39	87
49	159	39	88
49	158	41	89
50	158	41	91
50	159	43	90
52	160	42	90
53	161	42	91
54	161	40	90
55	160	38	91
57	160	36	90
57	161	36	91
59	163	36	89
58	161	37	92
60	162	36	92
61	162	37	91
61	163	39	91
61	162	40	93
63	162	41	93
65	162	39	93
65	162	40	93
66	163	40	93
67	164	40	92
69	165	37	94
70	165	38	93
70	165	37	93
72	165	36	94
72	164	37	95
72	166	38	94
72	167	39	94
73	168	40	95
73	168	40	95
74	168	40	95
75	169	39	94
76	169	38	93
78	169	37	94
78	170	37	95
80	171	36	95
82	172	35	95
82	172	37	95
84	173	37	95
84	171	37	96
84	171	38	97
86	172	37	97
87	172	38	96
87	173	39	97
88	174	40	97
88	175	40	96
89	175	41	96
89	174	41	97
90	174	40	98
92	173	40	99
91	174	41	100
95	175	39	98
94	176	40	99
97	177	38	99
98	177	40	98
98	177	40	98
99	177	40	99
100	176	41	99
101	177	41	100
102	177	41	99
103	178	41	100
104	179	41	101
105	180	42	101
107	180	40	99
107	180	41	100
109	180	39	101
110	179	39	102
113	179	37	102
114	180	37	100
115	181	38	101
117	182	37	102
118	182	37	102
119	182	38	102
120	181	38	102
122	180	38	104
122	181	38	103
123	181	38	104
123	182	38	104
123	183	39	104
124	182	38	103
125	183	38	102
125	183	38	103
125	183	39	104
127	184	37	103
126	183	38	103
128	183	39	104
129	183	37	104
129	184	38	105
132	185	36	105
132	184	38	106
132	183	38	107
134	184	38	106
133	184	39	107
134	185	40	107
134	184	39	107
134	184	39	107
134	184	40	108
135	184	38	107
134	183	39	108
135	185	39	107
134	184	39	107
134	184	39	107
134	184	39	107
134	184	38	106
134	184	39	107
133	185	39	107
133	184	40	108
133	184	39	107
133	185	39	107
134	185	38	106
133	184	39	107
133	185	39	106
133	185	38	107
133	184	39	107
134	184	38	106
132	185	39	106
133	184	39	107
132	185	39	107
133	185	39	107
133	185	39	107
133	184	39	107
134	184	38	106
134	185	39	106
135	185	38	106
135	184	38	107
135	184	38	107
135	184	37	106
134	184	39	107
135	185	39	106
136	185	38	106
136	185	38	106
137	184	36	106
138	183	37	106
140	185	36	105
141	185	35	105
143	186	36	104
143	186	35	103
144	186	34	102
146	186	34	104
148	187	35	104
149	188	39	106
148	188	41	112
148	187	45	117
148	187	47	119
149	187	45	117
164	187	36	110
169	188	34	107
169	191	35	103
170	190	36	104
171	190	35	106
171	190	38	106
173	190	37	107
173	190	39	108
179	189	38	108
180	189	39	109
181	189	40	109
181	191	44	108
181	193	46	108
183	194	46	107
185	194	45	106
188	194	44	107
192	195	42	106
193	196	42	104
194	196	42	105
197	198	44	106
199	200	43	101
203	199	42	99
206	200	42	101
207	199	44	106
209	198	44	109
210	198	45	111
211	199	44	111
214	200	44	110
215	201	43	108
216	203	43	109
218	205	44	106
220	205	45	107
223	204	43	107
224	203	43	106
224	203	44	108
226	207	44	105
229	209	41	105
229	209	41	107
232	209	38	107
231	209	40	108
233	208	40	107
234	208	39	110
234	208	39	108
237	210	37	110
234	210	41	111
236	211	40	111
235	214	42	111
232	214	45	112
233	216	46	109
233	216	46	106
233	215	47	109
232	215	49	111
232	216	52	114
231	217	55	112
236	222	54	109
234	224	54	110
237	225	50	108
239	227	45	107
238	227	46	105
241	227	45	106
239	229	46	109
241	229	44	109
240	232	47	109
238	232	50	109
239	233	51	112
242	234	50	110
245	234	48	107
248	235	47	103
247	234	49	107
249	236	49	106
253	237	47	106
254	241	48	103
252	241	53	104
254	241	53	105
255	236	53	111
256	236	50	112
259	236	47	112
262	237	47	107
258	237	51	114
261	238	50	112
264	240	48	109
263	240	48	113
265	240	49	118
266	239	49	118
265	239	49	120
267	238	48	122
267	240	50	124
268	243	49	124
269	244	47	122
269	245	48	123
270	245	48	124
269	243	52	129
269	242	51	120
268	244	55	129
268	244	55	130
268	246	54	129
267	246	54	131
268	246	51	126
268	248	51	128
267	247	51	129
265	247	52	130
263	247	53	131
265	248	50	133
268	248	49	135
266	249	49	137
264	253	52	136
262	252	53	135
261	251	54	138
260	250	59	135
260	250	61	135
265	250	59	135
268	252	58	137
271	250	55	136
277	251	51	137
279	250	51	137
280	252	50	136
283	251	51	137
284	252	51	137
285	253	51	136
287	251	50	138
286	251	52	138
284	252	54	136
284	252	56	135
284	253	57	135
287	254	56	133
287	253	57	135
286	253	58	134
286	250	57	135
285	250	58	138
286	248	55	137
284	247	56	136
285	247	55	135
282	246	57	135
282	247	57	136
283	247	55	135
282	247	56	137
278	246	58	137
279	246	56	134
278	246	57	134
278	243	55	132
277	244	56	132
274	243	58	132
274	243	57	131
275	243	56	130
273	242	56	131
273	243	54	130
272	242	55	132
271	241	53	131
270	240	53	131
267	239	55	131
268	238	53	131
264	238	56	130
264	237	55	130
264	236	53	131
258	236	56	131
256	237	61	131
251	237	60	129
249	237	62	129
253	237	59	130
252	235	59	130
252	233	57	130
257	231	51	128
258	231	51	129
257	231	50	127
256	232	50	127
253	232	50	128
253	230	49	126
252	230	51	127
250	228	51	128
251	228	51	126
250	227	52	128
249	224	50	127
247	224	51	127
244	225	52	127
244	225	53	127
242	226	50	125
240	224	51	127
238	221	52	127
237	222	49	125
236	221	49	124
233	221	50	124
233	221	48	123
229	219	49	124
227	220	49	123
228	219	48	122
227	219	46	121
224	218	47	124
222	216	47	123
220	215	49	124
217	215	51	124
210	214	56	125
207	215	56	123
207	215	53	121
206	216	52	114
212	215	48	118
211	212	46	116
211	213	46	118
209	213	46	116
208	212	45	117
206	212	47	117
202	212	48	117
200	212	48	116
199	212	48	115
197	211	47	117
197	209	46	118
194	207	48	119
192	206	48	119
192	205	47	119
192	206	47	119
190	207	48	119
189	207	48	119
187	204	49	118
185	204	50	119
183	204	49	115
184	203	46	115
185	203	45	116
186	203	42	115
184	203	45	116
180	203	46	118
180	202	46	116
181	201	45	117
181	201	43	115
181	199	43	115
179	199	45	115
179	199	46	114
179	199	45	115
178	199	45	115
176	198	46	116
176	197	44	115
175	197	44	113
175	197	42	111
174	198	42	111
182	202	37	104
175	198	39	105
179	202	39	101
185	206	34	89
186	203	35	88
184	202	37	87
182	200	40	87
178	197	43	87
177	194	45	95
168	192	55	91
102	170	43	105
105	172	41	104
107	173	40	104
108	173	42	104
110	173	41	102
112	175	43	102
115	174	41	102
115	174	42	102
120	175	39	100
120	174	39	102
123	175	39	102
123	174	38	102
125	175	38	104
126	176	38	103
128	178	38	99
127	177	37	96
129	179	37	93
133	178	41	94
137	179	44	96
138	177	42	101
140	177	40	101
141	176	39	101
142	178	39	103
145	179	37	106
145	179	38	105
148	179	36	105
144	178	37	103
141	177	37	106
142	178	38	106
136	179	40	103
136	179	39	102
133	180	41	100
131	179	43	102
127	179	44	97
125	180	49	96
126	179	53	102
125	178	53	99
126	180	55	104
124	180	53	99
124	177	53	99
123	179	51	90
128	178	46	96
127	178	50	102
130	177	51	107
128	177	55	107
131	176	54	108
128	178	56	108
130	177	56	108
127	177	59	107
127	177	59	107
124	177	60	105
123	179	56	97
124	177	55	100
112	178	50	92
116	177	48	96
108	182	40	89
108	184	40	85
110	190	38	81
112	179	36	92
101	178	37	92
119	180	39	91
121	184	44	86
123	184	41	85
124	189	39	77
123	185	43	84
125	184	44	84
127	181	45	90
133	181	43	96
132	207	39	79
132	188	42	89
133	186	45	98
136	180	43	106
139	181	42	108
141	183	42	107
141	184	43	108
140	185	43	107
140	185	45	104
139	185	47	100
138	185	48	104
138	184	58	103
140	184	60	94
139	186	60	96
139	186	61	102
141	187	57	107
140	187	56	108
140	187	55	107
140	187	53	111
141	186	51	111
140	185	51	112
141	187	52	111
142	188	52	113
143	189	53	113
144	189	52	113
147	191	50	110
148	191	50	103
152	190	49	97
153	191	48	99
154	190	48	102
159	191	45	112
161	192	45	113
162	192	43	112
167	194	40	113
166	194	43	114
168	195	47	113
170	195	52	115
174	196	59	114
177	196	62	112
177	195	63	111
177	196	62	113
176	195	57	119
176	195	57	120
176	195	56	121
176	194	72	120
176	194	77	122
177	193	72	123
176	194	72	124
177	193	75	124
182	193	68	128
181	193	67	128
181	196	59	125
182	196	59	126
185	196	57	126
187	199	62	122
188	200	58	121
191	206	62	117
193	207	60	119
194	209	65	117
194	210	65	119
196	212	75	119
198	214	77	118
196	215	74	119
199	215	70	114
199	214	73	116
196	216	75	116
194	216	75	118
192	216	77	118
189	218	80	117
185	218	87	117
186	218	83	118
185	220	87	116
190	217	85	120
191	218	88	117
195	218	88	120
194	218	91	122
191	217	96	125
188	220	98	121
196	223	92	124
198	224	90	123
209	229	79	119
218	231	68	116
223	234	62	114
234	236	52	112
240	238	47	111
242	241	48	109
242	242	51	109
242	243	53	108
243	251	53	102
244	255	51	99
247	266	50	90
246	268	51	88
247	273	52	82
251	279	50	77
248	282	53	74
248	283	54	74
249	278	54	80
248	273	56	84
250	270	55	87
249	262	54	95
250	257	55	99
250	252	54	103
250	245	54	110
250	240	55	114
248	236	58	117
247	234	61	120
248	233	63	123
251	232	62	125
250	231	67	127
253	231	67	129
258	232	65	127
264	230	62	129
266	230	63	130
271	231	59	132
273	233	59	132
276	235	59	133
277	236	56	134
277	238	58	134
279	240	58	130
280	240	59	131
280	240	61	130
284	242	58	125
285	242	60	122
290	246	56	124
293	245	55	125
298	247	54	127
297	247	57	126
299	247	57	126
304	247	55	128
305	248	56	127
306	248	57	129
306	248	60	130
306	247	62	134
307	251	64	133
306	253	66	136
305	254	69	136
313	254	61	135
317	254	58	139
315	253	61	140
315	254	63	139
317	253	63	138
319	254	62	140
319	256	64	137
324	259	60	136
330	259	56	131
334	259	58	139
335	259	61	138
337	257	72	143
332	257	84	145
332	257	85	146
334	258	81	148
335	262	78	149
339	263	70	145
341	265	67	146
343	266	66	147
343	265	71	150
347	265	72	150
350	265	69	149
354	266	64	146
358	267	61	148
361	271	60	147
363	272	60	147
367	273	60	145
368	275	62	147
369	273	64	144
377	275	58	148
384	274	55	149
386	275	56	149
388	276	55	151
390	278	57	152
392	279	57	153
394	282	58	150
398	284	56	152
399	285	61	156
401	285	64	157
402	285	66	158
405	285	63	158
404	284	63	159
404	284	66	160
402	286	72	160
400	288	75	160
401	290	76	157
410	294	68	158
414	295	64	158
425	296	52	154
431	295	48	152
433	295	49	154
438	294	50	155
439	294	53	156
442	294	54	158
444	296	54	158
446	297	54	157
446	296	56	158
445	295	56	159
444	294	57	160
441	294	67	161
440	296	75	160
441	296	80	160
435	298	95	158
431	297	101	158
438	297	92	157
442	298	83	157
443	298	79	157
445	298	67	156
448	298	64	158
447	297	63	158
448	297	61	158
446	298	64	158
443	297	67	159
441	296	69	160
434	296	79	159
430	296	84	156
426	296	90	157
424	294	96	159
423	293	98	161
424	293	92	162
426	294	85	159
427	295	72	157
429	294	64	158
432	294	63	159
431	292	61	159
427	293	64	159
429	292	62	160
425	290	66	160
425	289	69	161
404	288	106	162
390	290	123	159
397	288	113	162
399	288	109	161
394	288	112	160
381	290	122	159
379	288	112	162
384	287	88	160
382	285	79	162
386	284	69	155
393	282	59	155
388	280	58	154
386	280	56	153
386	281	54	149
380	280	57	147
378	281	56	146
376	281	57	146
372	278	58	150
370	277	58	150
366	272	58	151
363	273	58	148
360	271	57	151
361	270	55	149
359	270	57	151
356	270	64	150
355	270	66	152
354	269	67	152
355	269	69	151
356	267	65	154
356	265	63	151
356	263	55	146
352	263	55	146
350	262	53	145
344	262	57	145
342	261	59	145
339	261	60	146
336	262	59	146
334	259	56	143
332	259	56	143
329	258	56	142
325	255	56	142
320	255	60	143
309	253	81	145
290	253	110	146
293	253	109	146
297	253	102	146
296	254	101	142
296	254	99	144
292	252	103	144
285	250	103	144
283	248	86	141
292	248	68	140
294	247	63	139
297	247	54	140
297	246	49	140
299	246	46	136
299	244	45	139
295	244	46	142
290	242	49	136
285	240	56	139
280	240	72	137
269	239	89	139
256	239	106	140
260	239	101	140
264	240	94	140
265	239	88	139
265	239	88	138
258	237	92	138
255	235	91	137
259	232	78	135
261	233	68	135
263	232	56	135
262	231	51	137
263	229	48	137
262	229	48	134
259	228	50	135
256	228	49	134
251	226	48	134
251	225	48	134
249	225	48	134
246	225	50	135
244	226	50	133
243	226	50	132
241	224	48	134
240	224	49	133
239	218	45	134
236	218	45	132
232	219	47	128
235	220	46	129
231	215	46	132
229	214	46	130
226	218	46	129
226	218	46	126
223	217	46	130
220	215	46	128
217	213	46	127
216	214	47	128
213	215	48	127
212	216	47	127
211	216	48	127
210	215	49	127
206	215	50	125
205	213	50	127
201	211	50	122
200	211	50	122
194	210	50	123
196	208	47	126
192	208	46	129
193	210	45	125
190	208	46	128
186	207	50	128
186	207	49	130
185	205	49	140
183	204	50	143
181	204	52	138
178	203	51	126
179	203	53	125
180	202	54	125
176	204	55	122
174	202	54	123
172	201	53	121
173	201	51	120
171	199	48	118
171	199	46	119
169	198	47	118
165	197	50	120
164	197	50	120
160	198	53	119
158	197	53	119
157	197	52	118
155	197	53	118
153	196	52	119
151	196	53	117
148	195	55	117
144	193	55	118
141	192	58	118
140	193	57	115
139	194	58	114
136	195	57	115
135	194	57	116
135	192	53	115
135	192	49	113
134	190	45	113
134	190	43	112
131	189	42	113
130	189	42	112
128	189	42	112
128	189	42	112
124	187	46	113
119	185	51	112
113	185	60	113
110	184	68	113
107	185	74	114
103	186	77	115
104	186	71	114
104	186	75	112
101	185	77	112
106	184	62	112
114	182	50	110
116	182	45	110
116	181	43	110
117	182	42	110
117	182	41	111
117	182	40	110
117	182	41	111
116	182	42	110
111	180	52	110
106	180	61	108
99	178	78	108
99	176	80	110
98	177	78	110
101	177	75	109
103	179	73	109
109	178	67	108
110	179	60	108
112	179	51	106
114	178	44	107
114	175	41	108
115	174	38	109
113	174	39	109
112	174	40	104
111	175	43	104
109	173	43	106
107	172	44	106
106	172	44	104
104	171	45	106
103	171	45	106
102	171	45	104
101	171	45	104
100	171	46	104
98	171	49	105
98	171	47	104
97	169	46	103
97	169	43	102
97	169	42	102
96	168	42	103
96	169	42	103
95	168	42	103
94	168	41	102
92	168	41	103
90	166	42	103
88	167	42	102
86	166	45	102
83	166	47	102
80	166	49	101
79	166	50	100
78	166	50	101
76	165	50	100
76	165	48	100
75	163	45	99
75	163	42	99
73	163	40	101
71	160	40	102
69	158	40	105
68	156	40	107
62	154	44	107
66	154	40	107
65	155	40	103
63	154	41	104
60	155	44	103
57	157	45	101
55	159	47	98
53	159	47	100
51	158	47	98
52	157	45	99
52	156	42	97
52	156	41	96
52	156	40	97
51	156	39	97
51	157	38	97
49	157	38	96
49	156	39	96
47	157	40	95
43	155	40	95
42	156	40	94
39	155	42	94
38	154	43	95
36	154	44	95
35	154	45	95
35	154	44	95
33	154	44	96
33	154	42	95
33	154	40	93
32	152	39	90
32	151	38	91
29	151	39	93
29	151	38	93
27	152	40	92
26	151	40	91
26	152	39	92
25	152	39	92
25	152	37	92
23	152	35	91
22	151	34	92
22	151	33	91
19	151	31	90
19	151	31	91
18	151	31	91
18	151	31	90
17	152	32	89
16	152	32	89
14	150	33	90
13	151	36	90
11	151	38	91
9	152	39	90
6	152	42	92
6	151	43	92
7	150	42	92
9	151	40	92
10	151	40	91
11	151	40	92
12	152	40	91
12	151	40	92
13	152	40	91
13	152	39	91
13	152	40	91
15	152	39	89
15	152	39	89
16	152	38	90
18	153	39	89
18	152	40	90
19	151	41	91
21	152	41	92
21	151	42	92
23	151	42	92
25	151	40	92
27	151	40	92
27	151	42	92
27	151	44	92
28	151	44	91
29	152	45	91
31	152	44	91
34	153	42	90
38	153	42	93
39	153	43	97
41	153	43	111
41	154	44	122
41	153	45	128
41	154	44	108
41	155	44	106
43	154	42	103
47	154	40	98
49	155	40	95
53	155	38	94
53	156	39	94
55	156	42	94
54	155	44	94
54	156	45	96
55	156	46	97
57	156	45	97
59	156	44	96
60	157	42	95
64	157	39	94
64	158	38	94
67	159	37	95
67	159	37	96
70	159	35	95
70	159	36	96
71	160	38	96
72	160	39	98
72	160	42	98
71	159	45	99
72	160	45	99
72	161	46	99
73	162	46	99
74	163	46	99
76	163	46	99
79	163	42	98
81	164	40	97
83	165	38	98
84	166	39	97
87	167	36	97
87	167	36	97
89	168	37	98
90	168	37	99
91	167	40	100
91	168	42	99
90	168	46	100
91	169	47	101
91	169	48	101
93	170	48	101
94	170	47	102
97	171	45	101
99	171	43	99
103	171	39	101
103	171	40	102
105	172	39	101
108	173	38	103
109	174	38	102
112	173	39	103
113	172	41	104
114	173	44	105
115	174	47	106
115	175	50	106
117	176	49	105
119	177	48	105
120	177	48	105
122	177	46	106
125	177	44	105
128	177	41	106
130	177	41	106
132	178	40	106
135	180	40	105
137	180	41	106
139	179	42	107
141	178	43	109
143	180	45	108
144	181	45	109
146	182	45	109
147	182	41	108
150	184	40	105
151	184	39	106
154	184	37	106
157	183	38	109
158	183	39	111
158	182	41	112
160	184	42	112
166	185	40	112
174	186	37	109
173	186	38	110
174	186	39	111
174	186	40	110
177	186	41	111
179	186	44	112
180	187	47	111
181	190	50	112
183	192	50	110
182	192	51	110
184	192	49	110
185	192	49	110
188	192	45	110
189	192	44	111
190	193	42	110
194	194	41	109
196	195	42	109
197	196	43	111
200	196	43	112
201	196	43	111
203	195	45	111
207	196	43	112
207	196	47	114
206	198	51	115
207	198	52	116
208	200	51	115
210	200	50	114
211	200	48	115
215	200	44	114
216	203	43	111
219	205	41	110
220	207	42	110
222	208	42	112
223	207	42	112
225	208	43	112
226	209	45	113
226	209	46	114
228	210	47	114
226	210	50	116
226	211	51	116
227	212	50	115
227	213	49	114
228	213	47	114
229	214	44	114
229	213	43	112
230	214	43	112
232	215	43	113
233	215	41	114
233	215	42	116
233	215	44	119
233	216	43	115
234	216	45	118
232	217	48	119
232	218	47	119
233	219	49	122
233	220	51	122
232	221	51	123
232	223	49	120
233	222	49	120
233	221	49	122
234	221	51	124
235	223	51	126
236	223	51	126
239	225	49	126
239	224	50	125
241	223	49	126
243	224	49	128
243	225	52	128
243	225	53	129
245	225	52	130
245	226	52	131
246	228	52	131
248	230	51	132
247	230	52	131
249	230	51	130
249	229	52	133
251	229	50	131
251	228	50	133
254	230	49	131
254	231	49	133
255	233	51	134
256	233	49	134
258	234	53	134
259	233	52	135
260	233	56	136
261	233	56	134
259	231	59	142
257	232	61	141
225	198	46	109
234	198	38	107
241	199	36	103
239	198	39	106
242	197	38	109
246	196	37	109
251	198	38	108
253	198	38	108
253	196	39	108
235	193	41	110
240	194	40	109
241	193	40	110
243	194	43	110
266	197	39	106
269	197	38	107
272	196	38	108
275	196	38	107
278	196	35	107
266	193	41	107
282	194	39	110
286	196	38	107
291	197	38	103
293	195	38	106
296	195	35	105
284	193	42	107
287	189	40	108
292	189	43	110
306	189	39	110
306	188	38	111
306	189	38	108
301	190	43	110
302	186	47	112
303	189	46	111
310	183	45	110
308	188	44	112
312	179	48	113
316	183	43	111
321	184	48	111
322	183	51	110
321	183	52	111
318	182	59	113
324	181	56	113
325	181	49	110
335	179	45	111
338	177	42	108
344	177	38	105
348	175	37	106
351	176	39	104
352	176	40	103
353	176	41	104
356	175	42	104
356	173	44	106
357	172	46	108
357	171	45	109
363	168	40	105
367	165	37	106
367	166	38	105
368	167	39	105
369	167	40	104
371	167	38	104
374	165	38	105
375	164	37	104
374	163	34	103
381	162	34	103
379	163	35	104
378	161	35	105
378	161	35	103
379	160	34	102
379	160	34	101
403	162	43	102
404	159	42	105
384	158	42	103
388	159	41	102
388	160	43	100
389	160	46	99
394	161	47	99
421	158	39	104
393	157	44	101
401	160	43	100
395	157	41	101
401	154	38	103
409	155	35	102
424	153	36	106
408	154	33	104
414	154	34	104
411	152	35	107
412	151	34	105
413	152	33	103
416	152	33	105
419	152	35	105
413	152	33	105
417	152	34	104
412	152	33	102
414	150	32	105
414	150	33	104
415	151	33	103
415	151	34	104
416	152	36	103
413	152	38	104
416	151	36	104
414	152	37	104
419	152	34	102
418	151	37	105
422	152	37	104
429	154	35	103
442	155	35	102
437	155	35	101
435	155	37	102
436	155	41	103
439	155	42	102
419	151	41	104
437	153	42	103
450	154	40	102
444	158	38	97
462	158	34	94
446	157	36	94
466	157	33	96
463	158	34	95
470	158	30	93
470	157	33	94
473	153	35	97
473	154	37	97
474	152	39	100
477	153	39	100
480	154	38	100
483	153	39	99
475	151	42	99
462	153	40	97
470	153	43	96
488	150	39	101
489	151	37	99
493	151	34	98
495	149	37	99
499	151	39	99
500	149	38	100
484	147	40	102
484	151	38	97
490	155	35	90
489	153	34	92
493	153	33	92
495	151	34	95
