503	206	31	89
501	206	32	90
498	205	32	90
497	205	32	90
495	206	33	91
490	207	37	91
488	208	38	92
487	208	37	93
486	210	36	93
486	210	34	92
483	210	34	92
482	210	33	92
479	209	33	93
478	209	34	93
476	210	34	92
474	213	34	93
473	213	34	92
471	214	33	92
470	214	33	91
469	214	34	93
467	214	34	94
466	214	34	95
464	213	34	95
463	214	34	96
461	215	35	96
458	217	37	94
457	218	37	94
456	217	36	95
454	218	36	95
452	218	35	96
450	218	35	96
448	218	35	96
444	219	37	96
445	219	36	98
443	219	36	98
442	222	35	95
441	223	36	95
439	223	36	96
438	223	36	97
437	223	36	97
435	223	36	98
433	224	35	97
432	223	35	97
430	224	36	98
426	226	38	97
424	226	38	96
424	228	38	98
422	228	37	96
422	228	36	96
420	228	36	99
418	228	35	99
415	227	36	99
413	227	37	99
413	228	36	100
409	231	36	98
409	231	37	99
409	231	35	96
407	232	36	96
404	232	36	96
403	233	36	98
401	232	35	98
399	231	36	98
398	232	36	98
396	232	36	98
394	232	37	99
390	234	38	98
388	235	39	97
386	235	40	98
383	235	40	99
381	234	40	99
379	235	38	98
377	235	36	98
376	235	37	98
373	235	37	97
370	236	38	96
368	237	37	97
366	239	37	95
364	239	36	94
363	239	36	96
361	239	36	98
358	240	36	101
356	240	36	100
355	239	37	98
351	238	37	99
350	239	37	99
348	240	37	96
345	243	37	98
344	243	37	96
341	243	38	97
337	243	37	97
335	245	38	95
333	244	37	98
331	244	38	96
329	244	38	96
329	245	37	93
327	245	37	94
325	247	36	94
323	249	36	93
320	251	38	92
318	251	37	93
316	253	38	94
311	251	40	97
311	252	37	93
311	253	36	88
307	252	38	90
305	251	38	91
303	253	38	93
300	254	40	93
297	255	40	94
293	257	40	92
292	258	39	91
289	257	39	92
287	258	40	91
284	258	39	92
280	258	40	93
280	258	40	93
277	257	40	96
274	259	41	94
271	260	41	93
269	261	40	94
267	261	41	95
264	262	41	97
263	263	41	99
261	261	40	103
258	262	40	102
255	263	40	103
252	262	41	105
249	265	40	106
247	266	42	106
244	266	41	109
240	269	41	108
239	268	41	106
236	268	39	109
232	269	41	108
230	267	42	109
227	267	42	108
225	268	41	109
222	271	42	109
219	272	42	111
215	273	43	110
214	274	44	109
212	273	43	111
208	273	43	110
205	273	44	111
203	273	45	112
200	273	43	114
198	274	45	115
196	274	45	117
182	275	56	117
179	275	57	119
178	276	57	119
178	278	53	118
179	279	51	117
179	279	49	114
175	279	46	117
173	280	44	118
171	279	43	118
168	279	43	119
164	281	45	121
163	281	44	120
159	282	45	120
157	283	45	120
155	283	45	122
152	284	44	121
150	284	44	121
149	284	44	123
146	284	45	122
143	283	43	121
141	283	44	122
133	285	50	122
125	287	56	123
125	289	53	125
126	290	52	123
126	291	50	123
124	291	47	124
121	291	46	122
119	291	46	123
113	291	47	123
109	293	48	125
109	293	49	126
107	296	47	123
105	298	45	125
100	298	48	127
99	298	45	126
97	299	44	125
92	298	47	126
90	298	48	127
87	298	48	126
81	302	49	124
74	301	57	127
71	303	58	125
71	305	56	125
71	308	55	125
71	309	54	126
69	310	49	125
67	307	48	125
65	308	44	125
59	308	46	126
57	309	47	128
57	312	45	128
52	314	46	126
47	315	47	128
45	311	48	133
42	316	48	130
39	317	47	130
37	316	46	129
33	316	44	128
30	316	46	128
24	318	48	128
17	318	53	129
9	319	60	130
6	324	59	127
