57	98	18	28
59	97	19	30
60	97	20	30
63	97	20	31
65	98	19	31
67	98	20	31
70	99	19	31
71	99	19	31
73	100	19	31
74	100	19	32
76	100	20	32
79	99	23	34
79	99	24	35
82	99	24	36
84	99	26	36
84	100	24	36
88	101	20	34
90	101	19	34
91	102	20	34
93	102	21	35
95	102	21	35
96	103	21	35
99	103	21	36
100	104	21	35
103	103	20	35
106	103	21	36
108	104	21	37
111	105	22	37
112	104	24	36
117	105	22	37
118	106	23	37
120	106	22	37
122	106	22	37
123	106	21	37
124	106	22	38
126	106	22	37
127	106	22	38
137	108	22	39
142	109	22	39
147	110	23	38
149	110	23	38
152	111	23	38
155	111	22	39
157	111	23	39
158	111	23	40
160	110	22	41
163	111	21	41
164	111	22	40
165	112	22	39
168	114	23	39
183	114	26	43
184	114	24	41
191	116	23	41
192	116	23	40
195	116	21	41
196	116	22	42
198	116	21	40
200	116	21	40
202	117	22	40
205	118	23	39
208	119	21	37
211	118	20	35
214	118	19	35
217	120	22	39
221	120	22	42
223	121	22	41
227	122	21	40
230	123	22	40
231	123	21	41
234	123	21	42
235	123	22	43
240	124	21	42
243	124	20	43
245	125	19	42
248	125	20	42
249	125	21	43
253	126	21	42
255	125	22	44
256	125	24	44
258	127	24	45
261	126	22	44
263	127	23	45
266	128	22	45
266	129	23	45
269	129	22	44
273	129	22	46
275	130	22	46
276	129	23	46
280	131	21	45
284	132	21	44
285	132	22	43
288	133	22	45
291	132	23	47
291	132	24	48
295	133	23	47
296	132	23	47
300	135	22	47
300	135	23	46
304	135	22	46
305	136	23	46
308	136	23	47
309	135	23	48
310	134	24	49
315	136	22	47
317	136	23	47
319	138	23	47
322	139	23	46
323	139	23	46
326	139	23	47
328	139	23	49
331	139	23	49
333	139	23	48
335	140	23	48
338	142	22	47
339	142	23	47
340	144	23	46
343	144	23	47
344	143	23	47
348	143	23	48
348	143	24	47
350	143	23	47
352	143	23	47
354	144	23	45
356	145	22	43
358	146	22	40
361	145	21	41
361	146	22	40
364	145	22	40
365	147	22	41
367	146	23	42
367	147	24	43
370	147	24	45
373	148	25	46
374	148	25	45
377	149	24	46
379	150	24	47
380	150	24	46
382	150	24	46
383	150	24	46
385	150	24	45
387	152	24	46
387	153	25	45
390	152	25	46
391	152	26	45
392	151	25	46
395	151	24	47
396	151	24	46
399	151	23	47
399	152	23	45
401	152	23	46
400	152	23	44
402	153	23	45
405	153	23	45
404	152	23	45
406	153	23	46
406	152	23	46
408	151	23	48
411	152	22	48
410	152	24	47
412	154	24	47
413	152	25	47
412	152	26	47
414	151	27	48
416	153	25	47
418	153	25	47
416	154	25	45
418	153	26	46
419	154	24	46
420	154	25	46
421	154	26	44
421	155	25	42
422	153	25	44
422	155	25	43
424	155	25	43
425	154	25	44
426	155	25	43
427	155	25	42
428	156	26	43
429	156	26	43
430	157	26	42
432	157	25	41
432	157	25	41
434	158	25	41
435	158	26	41
437	156	26	43
438	156	26	43
437	157	26	43
438	157	27	44
438	157	27	44
440	155	26	44
437	156	27	45
440	158	27	44
441	156	27	44
439	156	27	45
441	155	27	46
440	155	26	46
440	154	27	48
442	153	28	52
442	152	28	53
443	151	28	53
443	151	28	53
444	153	28	52
445	151	28	53
447	150	28	54
447	152	27	54
448	151	27	54
447	151	28	54
449	151	27	54
448	152	28	55
449	151	28	54
448	151	29	55
450	151	29	54
450	151	28	56
449	151	29	57
450	150	28	57
449	150	29	56
447	150	29	56
449	150	28	56
448	150	29	56
450	151	28	55
447	152	29	54
448	151	28	53
448	153	28	52
447	153	28	52
445	152	28	52
445	154	27	52
444	154	28	50
442	154	28	49
443	153	27	53
443	154	28	49
444	154	24	50
443	154	24	48
443	154	24	46
442	154	24	45
441	154	24	46
440	154	24	46
439	154	25	45
437	154	26	46
436	154	26	45
432	155	24	40
431	155	25	43
431	156	25	42
429	155	26	43
423	153	27	44
423	155	26	43
420	155	26	42
419	156	26	44
419	156	26	44
417	155	27	44
416	156	27	44
414	155	28	45
412	154	28	46
412	153	27	46
410	151	25	47
410	151	24	48
410	153	24	48
404	151	25	48
404	151	26	49
398	151	27	47
398	152	28	47
397	151	25	46
389	149	29	48
392	149	28	49
389	150	27	48
380	148	23	47
378	149	26	46
375	147	26	48
373	147	27	49
376	147	25	47
368	144	25	42
371	148	24	42
353	143	26	48
354	146	26	45
352	145	24	45
349	142	24	47
349	143	22	47
345	142	23	49
345	142	24	48
340	141	26	48
339	142	27	48
335	142	28	47
337	142	26	48
331	141	27	47
329	141	26	47
328	139	26	48
326	138	25	48
322	136	24	48
319	137	25	48
318	136	25	49
315	137	27	48
311	137	30	47
307	137	32	47
308	137	31	47
304	137	32	46
301	138	33	46
300	137	33	46
300	137	32	47
296	136	32	46
295	135	32	46
294	135	31	46
293	135	30	46
291	135	30	46
291	135	29	46
288	134	30	45
285	134	29	46
283	132	27	45
284	133	26	44
282	132	25	44
280	131	23	45
278	130	25	46
276	129	25	46
274	129	26	45
271	129	26	46
272	128	26	47
268	129	25	46
268	128	25	46
264	126	25	45
261	124	25	46
260	123	25	47
259	124	25	47
258	122	25	48
258	124	23	47
255	123	25	47
249	122	26	47
251	121	24	46
245	119	23	48
241	118	24	48
236	118	26	48
232	117	27	48
228	117	25	46
224	116	25	47
222	117	25	45
218	118	28	45
217	118	27	44
213	119	28	43
209	119	30	42
207	119	28	42
203	119	30	41
201	117	29	42
199	115	28	43
198	114	28	43
195	113	28	44
195	111	24	45
192	109	24	46
190	108	26	47
188	107	26	49
186	107	26	50
184	107	26	49
183	108	26	48
181	107	26	48
179	108	26	48
177	108	25	47
175	108	25	46
173	107	25	46
173	108	25	47
171	107	24	46
170	107	24	46
169	107	25	46
169	107	24	46
168	107	24	46
165	106	25	47
163	107	26	46
162	107	25	46
161	106	25	47
159	107	25	46
156	106	25	46
154	105	25	46
150	104	24	46
147	104	24	44
146	104	25	44
145	103	24	44
144	102	24	42
141	102	25	45
140	102	25	45
137	103	25	44
136	103	25	44
134	104	25	44
133	103	24	43
129	104	25	42
128	104	25	42
126	102	24	42
125	102	24	42
124	102	24	43
124	101	23	42
122	100	24	43
120	100	24	43
119	99	23	42
116	99	24	43
114	99	23	42
111	100	23	41
110	100	24	41
108	100	24	41
104	100	24	40
103	99	24	42
103	98	24	43
99	99	27	43
99	98	27	43
97	98	27	42
98	98	27	43
97	98	27	43
97	98	26	42
98	98	26	42
98	98	26	43
98	98	26	44
98	97	26	43
98	97	26	44
98	95	26	44
98	95	26	44
98	96	26	45
97	96	26	45
97	96	26	43
97	96	27	43
96	97	26	43
96	96	26	41
95	97	25	43
95	97	25	42
96	97	24	42
96	96	24	43
98	96	23	43
98	95	23	43
99	96	23	44
101	96	22	43
104	96	21	44
105	96	21	44
106	96	22	44
107	95	21	44
107	97	22	44
108	96	22	45
108	96	22	44
109	97	23	45
110	98	22	45
111	98	22	45
113	97	22	44
114	98	22	44
116	98	22	45
118	98	22	44
119	98	22	45
121	97	22	46
122	97	23	46
123	98	22	46
124	98	22	46
125	98	23	46
126	99	22	46
126	98	23	46
128	98	22	46
129	98	22	46
130	99	22	46
130	99	22	45
133	100	22	46
134	100	22	46
136	100	22	46
136	100	22	47
138	100	22	47
138	101	23	46
140	101	22	46
141	101	23	47
144	101	23	47
145	101	23	46
147	102	22	46
148	103	23	46
150	102	23	47
151	101	23	49
152	102	23	49
154	102	22	48
156	103	21	48
157	103	22	48
158	103	22	48
160	104	22	47
162	105	22	47
164	105	22	47
165	104	23	48
169	105	22	49
172	104	21	49
172	105	22	49
174	105	23	49
174	105	22	50
177	105	23	49
177	107	23	49
179	105	22	49
181	106	22	48
183	108	22	48
186	108	22	48
187	107	23	49
188	107	23	49
191	106	22	50
192	108	23	49
195	109	22	46
196	109	22	47
197	109	23	48
199	110	22	47
201	110	22	47
204	110	22	44
206	110	22	43
209	110	21	40
210	111	21	42
212	110	21	42
213	110	23	43
215	110	22	44
217	112	23	44
219	112	23	42
220	113	24	41
222	114	23	47
225	113	24	48
227	112	24	50
228	111	24	52
231	112	25	52
232	113	25	52
235	115	26	52
239	117	24	51
241	118	25	50
243	118	25	51
245	116	25	52
250	116	24	53
253	117	25	53
256	118	26	54
259	119	27	54
263	121	25	52
265	121	25	53
269	120	25	54
272	120	25	54
274	120	26	55
276	120	26	56
280	123	26	54
284	128	25	51
289	130	26	50
292	132	25	48
294	133	25	48
297	133	25	49
300	132	26	50
303	133	25	50
304	133	25	48
307	135	24	47
310	136	25	48
311	136	26	48
311	136	27	48
314	136	26	49
315	135	26	50
318	136	26	50
319	137	26	49
321	138	25	48
324	139	26	47
326	140	26	48
327	139	26	48
328	139	26	49
330	140	25	48
331	142	25	48
332	141	25	48
334	141	24	48
334	141	25	49
336	140	25	50
337	141	25	50
339	142	24	49
343	144	24	47
346	145	24	47
347	145	25	45
349	145	24	46
351	144	24	46
353	144	23	45
355	145	23	44
356	147	22	43
359	148	22	41
361	149	22	40
363	149	22	40
364	149	22	41
367	148	23	40
369	147	23	41
370	149	24	41
375	149	24	44
375	150	24	42
376	151	24	45
378	151	24	44
380	152	24	44
380	151	24	44
383	151	23	45
383	152	23	46
383	151	24	45
384	150	25	47
384	151	25	45
385	152	25	46
385	151	26	45
386	151	26	47
385	148	27	49
386	150	27	48
387	149	27	49
388	150	27	48
389	149	27	48
388	150	28	48
389	149	28	48
389	150	28	47
389	149	28	47
392	149	27	49
394	150	26	48
395	150	25	48
396	150	25	47
398	150	24	48
400	151	24	48
404	153	24	47
404	152	24	46
405	152	23	46
405	149	24	48
407	149	24	49
408	150	24	50
410	151	23	50
408	150	24	50
410	149	24	50
410	149	24	50
412	151	25	49
414	153	25	47
417	152	24	48
419	154	24	46
420	154	24	45
421	153	24	45
421	153	24	45
423	155	24	44
425	155	24	43
427	155	23	42
429	157	23	42
431	156	22	42
434	157	22	41
435	157	23	41
438	157	23	42
437	156	23	42
440	156	23	43
440	155	24	45
442	156	25	45
447	158	24	47
449	156	23	49
451	157	24	48
454	157	24	50
453	155	24	51
455	156	25	53
456	154	25	52
455	155	26	53
454	154	27	54
453	153	27	54
456	154	26	54
453	155	27	52
451	155	29	51
452	155	28	52
450	155	29	52
449	154	29	52
447	155	29	52
447	155	28	50
447	155	29	50
445	155	27	49
444	156	27	46
444	157	25	46
444	159	24	42
443	159	24	42
442	159	24	43
442	158	24	42
440	159	23	41
440	159	23	40
436	159	25	39
438	160	23	39
436	159	25	39
433	159	24	38
433	160	24	38
424	156	27	42
424	156	26	42
423	156	27	43
422	156	28	43
420	157	27	42
420	157	26	42
418	156	27	45
416	156	28	44
416	155	26	45
408	153	29	46
415	155	27	45
411	155	26	46
404	153	25	45
405	151	25	47
403	152	25	48
406	153	26	46
406	155	25	45
404	153	25	47
396	151	27	45
400	154	27	46
400	154	26	45
396	154	26	44
388	152	29	44
384	150	26	47
381	149	27	47
378	149	27	48
380	149	25	46
376	150	26	45
375	149	27	45
372	149	28	46
371	149	30	46
365	147	29	45
364	147	29	44
363	146	28	43
362	147	28	44
360	147	28	44
359	147	29	46
358	147	28	47
357	147	28	45
355	147	27	44
353	146	27	46
352	145	27	45
351	145	26	45
350	145	26	45
350	143	25	48
348	142	26	48
347	144	26	47
344	143	27	47
344	142	26	48
343	142	27	47
340	143	29	48
339	143	29	47
339	143	28	47
334	142	30	47
330	142	31	48
328	143	31	47
326	142	31	47
324	143	32	46
322	144	33	45
321	145	34	45
319	146	35	44
318	146	35	44
317	146	34	43
317	144	33	45
316	142	33	46
314	140	33	46
314	139	32	46
314	139	31	46
313	138	31	47
313	137	30	48
313	136	30	48
313	134	29	49
311	134	29	50
310	134	30	51
309	134	30	51
308	134	29	51
308	133	29	51
307	133	28	51
305	131	28	52
305	131	26	52
305	129	25	52
304	129	25	53
303	129	25	52
302	129	25	53
301	129	26	52
300	128	26	52
299	129	27	52
297	130	27	51
294	130	29	51
292	130	31	51
289	130	31	51
289	129	31	52
288	128	30	52
288	127	29	52
289	125	26	52
288	125	26	53
285	124	25	52
285	124	25	52
282	124	26	53
280	123	28	54
277	123	29	53
275	123	31	53
275	123	31	53
268	122	27	52
266	121	25	52
265	120	24	51
264	121	24	50
262	120	25	51
260	120	26	51
260	121	25	50
259	121	25	51
256	120	27	50
253	119	28	51
250	118	27	51
250	118	24	49
248	118	23	50
247	117	23	50
244	116	24	50
243	117	24	51
242	118	23	49
240	116	24	50
238	116	24	50
238	118	25	50
235	117	24	47
231	115	23	48
228	114	23	49
228	113	23	49
227	114	24	48
226	113	22	49
226	114	23	49
224	113	23	49
221	114	24	48
219	115	24	47
218	113	23	45
215	114	23	42
214	112	23	42
211	112	23	41
209	111	23	40
206	110	23	40
206	111	23	40
205	110	23	39
203	110	23	42
202	110	24	43
200	111	23	44
196	112	23	44
190	111	23	46
187	112	24	44
186	111	23	44
184	112	23	43
180	111	22	44
178	111	23	43
177	112	24	43
174	111	25	42
172	112	25	42
171	111	25	42
169	111	25	42
165	112	26	41
162	111	25	43
161	111	25	42
159	110	22	41
158	109	22	41
157	109	23	42
155	109	23	41
155	109	22	41
153	109	22	42
151	109	22	41
151	109	23	41
147	110	22	38
144	109	24	39
143	109	24	40
140	109	25	40
138	107	26	40
136	107	27	40
136	107	26	40
134	106	26	42
134	107	25	40
134	106	24	41
134	106	23	41
134	105	23	41
134	105	22	41
135	105	22	42
134	105	22	40
134	105	22	41
134	105	21	40
135	106	21	39
135	106	21	39
135	105	22	40
136	106	21	40
137	106	21	40
136	106	21	41
137	106	21	41
137	106	21	40
138	105	21	40
139	106	21	41
140	106	21	40
141	107	21	40
141	107	22	41
143	107	21	41
144	107	21	41
144	107	22	41
145	108	22	41
146	108	22	41
147	108	22	42
149	107	21	42
150	108	21	42
150	108	21	42
152	107	21	42
153	108	21	41
156	109	20	41
158	110	20	41
158	110	21	41
160	110	21	42
160	109	21	42
162	110	21	43
163	110	22	43
164	111	22	43
165	110	21	43
166	110	22	43
168	110	21	43
170	111	21	43
171	110	21	42
172	111	21	43
174	111	23	43
175	113	24	42
177	114	25	42
179	112	23	43
182	113	23	43
182	112	23	44
183	113	24	44
184	112	24	44
186	113	25	44
186	112	25	45
186	112	25	45
187	112	25	46
188	113	25	44
188	114	26	44
189	114	26	43
190	115	25	43
190	115	26	43
191	115	26	43
192	115	26	43
192	115	26	43
193	115	26	43
194	115	25	43
194	115	24	43
196	116	24	42
197	115	24	42
198	115	23	43
201	115	22	43
203	116	23	40
206	116	22	41
206	117	22	41
208	117	21	39
210	116	21	38
210	116	20	36
212	117	20	33
213	117	20	35
214	117	21	35
215	117	20	36
216	118	20	36
218	119	19	34
219	119	20	34
220	118	21	39
219	118	22	41
222	119	22	41
222	119	23	44
223	119	23	42
225	120	22	43
226	120	23	42
228	121	22	41
230	121	21	42
232	122	22	42
233	121	23	43
235	120	23	45
237	121	24	45
239	120	23	45
240	122	22	45
242	123	21	44
244	124	21	44
247	124	21	44
249	123	21	44
251	124	21	45
253	123	21	45
256	124	22	45
257	125	22	45
260	125	22	45
261	125	22	46
264	125	21	47
266	125	22	47
268	126	21	47
268	125	22	48
268	125	22	48
271	126	21	48
272	127	22	47
272	127	22	48
275	128	22	47
279	130	22	46
278	128	23	48
280	128	22	48
281	127	23	49
282	128	22	48
283	129	22	49
285	129	21	48
285	128	22	49
287	128	22	48
288	129	22	49
288	129	22	48
290	128	22	50
291	129	22	49
294	129	23	50
294	128	23	52
295	129	23	50
296	129	23	50
297	130	23	50
297	129	23	50
297	130	23	50
298	129	23	50
300	131	22	50
299	131	23	49
301	131	22	49
302	132	23	50
303	132	23	50
303	132	24	49
303	132	23	50
304	131	23	50
304	132	23	49
304	132	24	50
304	132	24	50
303	132	25	50
304	132	24	50
303	132	24	49
303	132	24	49
303	133	24	49
303	131	25	50
303	131	24	50
302	131	24	49
302	130	23	51
302	130	23	50
303	132	22	49
303	131	22	50
303	131	22	50
302	132	21	48
301	135	21	46
300	134	22	46
300	136	22	44
299	134	21	44
298	133	20	45
297	133	22	45
296	132	23	43
292	130	25	49
289	130	24	47
291	130	24	49
285	130	24	46
288	129	23	46
289	129	21	47
287	131	21	45
288	130	22	43
281	129	24	45
284	127	24	48
283	127	22	49
281	128	23	48
269	127	26	48
270	126	27	48
270	126	27	48
271	127	26	47
270	127	27	47
270	127	26	46
252	128	29	43
246	127	28	41
246	130	28	40
239	127	28	40
268	127	24	45
238	128	27	40
238	128	28	39
265	124	24	48
265	125	25	47
264	125	26	47
262	126	26	46
263	126	25	45
261	126	26	46
257	125	28	46
263	125	24	46
258	125	26	46
260	124	24	46
256	126	26	44
259	125	24	46
257	125	25	46
255	125	25	45
253	124	24	44
250	124	23	45
247	123	23	43
243	122	24	44
242	123	23	44
238	122	24	43
235	122	24	43
228	120	24	41
227	120	23	41
222	119	24	43
217	119	25	42
215	118	25	40
214	117	23	40
211	117	24	42
211	116	22	40
208	115	24	42
206	115	24	44
204	115	25	45
202	114	24	44
202	114	24	43
199	116	24	42
195	115	24	42
193	112	24	44
190	113	25	44
189	112	25	43
185	112	24	45
185	113	25	44
182	113	25	44
178	113	26	43
175	112	25	42
174	112	24	43
170	111	23	42
168	110	23	43
164	110	25	43
161	110	25	42
152	109	25	42
149	109	26	42
148	108	22	41
146	107	23	41
142	106	24	41
140	107	24	41
135	105	25	42
134	106	25	40
126	104	25	40
123	104	25	40
123	104	24	40
122	104	25	40
121	105	25	40
122	105	24	40
122	105	24	40
123	105	23	39
123	105	24	39
122	105	24	39
122	105	24	39
122	105	24	39
121	105	24	39
120	105	24	39
120	105	25	39
119	105	24	39
120	105	25	39
121	105	25	40
120	105	25	40
122	105	26	39
122	105	25	39
123	105	25	40
125	106	24	39
126	106	24	38
127	106	24	39
127	107	25	39
127	106	25	41
129	107	25	40
129	106	24	40
129	106	25	40
130	107	25	40
132	107	25	40
134	108	24	39
136	108	24	38
139	109	23	38
141	109	23	38
146	111	21	37
149	111	22	39
153	111	21	39
155	111	22	39
155	111	23	40
155	111	23	41
157	111	23	40
157	112	22	39
159	113	21	38
160	112	22	39
161	113	22	39
162	113	23	40
163	113	22	40
164	113	22	41
165	112	23	41
166	112	22	41
167	112	23	41
168	112	23	42
167	112	25	41
169	112	24	42
169	113	25	41
169	113	25	42
169	112	25	42
171	112	25	42
170	112	25	43
170	111	26	43
171	111	25	43
171	111	26	43
172	112	26	43
172	112	26	43
173	112	26	42
175	113	26	42
176	113	26	42
178	113	26	43
178	113	26	43
180	112	26	43
180	112	26	43
181	112	26	44
181	112	26	44
181	112	26	44
182	112	26	44
182	112	26	45
182	112	26	44
183	113	25	44
183	112	26	44
183	112	26	46
184	112	26	45
184	112	26	45
185	112	26	44
186	112	26	45
186	112	26	45
188	112	25	46
189	113	25	45
191	113	24	44
194	115	23	43
196	115	23	43
199	114	22	44
201	114	22	44
203	112	23	43
205	113	24	45
209	114	21	43
209	114	23	42
212	115	22	41
214	117	22	39
214	116	22	37
217	118	22	37
217	117	22	37
220	117	20	38
221	120	21	42
223	119	22	44
224	119	22	45
226	119	23	45
228	119	22	44
229	120	22	45
231	120	23	44
231	121	24	43
235	121	23	45
238	120	23	46
240	121	23	46
241	120	23	46
242	121	22	47
244	121	22	47
245	121	22	47
247	123	22	46
251	123	22	46
253	124	22	46
255	124	23	46
257	123	24	47
260	124	23	47
260	123	23	48
262	123	24	48
263	124	23	48
265	125	23	47
268	126	22	47
270	127	23	47
271	127	23	47
273	127	23	48
273	126	24	49
274	126	25	50
275	126	25	50
276	126	26	50
278	127	25	50
280	127	24	50
282	128	24	48
284	128	24	48
287	129	23	48
289	129	24	50
290	129	25	50
291	129	26	50
292	129	25	50
294	130	25	50
295	130	24	50
297	131	24	49
298	132	24	48
300	133	24	48
301	133	24	48
303	134	25	48
304	133	25	49
306	133	25	49
307	133	25	49
307	133	26	49
309	133	24	50
310	133	24	50
311	133	25	50
312	134	24	50
314	135	24	50
318	136	24	50
319	136	24	50
321	135	24	51
322	134	24	51
323	135	23	50
324	134	23	52
325	134	23	51
326	136	23	50
327	135	22	51
329	136	23	51
329	137	23	50
331	138	23	50
332	139	24	49
333	139	24	49
337	140	24	49
338	139	24	50
339	140	24	49
341	139	23	51
341	139	24	50
343	140	23	50
345	140	23	49
346	141	23	50
347	141	24	50
350	142	23	48
351	143	23	48
354	142	23	46
353	143	23	46
356	142	23	48
358	143	23	45
365	145	23	42
371	146	24	45
374	145	25	48
375	146	26	48
377	146	24	48
380	148	24	48
382	149	24	48
383	149	24	47
385	150	24	47
387	149	25	48
389	149	26	48
390	148	27	49
393	149	26	49
395	149	25	49
395	148	25	49
397	150	24	48
399	150	24	48
400	150	24	47
402	152	24	47
403	152	25	47
405	150	24	47
405	151	24	48
408	151	24	48
409	150	24	47
412	152	23	48
412	152	25	48
415	152	25	48
417	152	24	47
420	154	24	46
420	152	26	48
421	151	26	47
421	154	26	45
422	152	27	47
422	153	26	45
423	154	27	45
422	153	28	46
420	154	28	45
419	153	28	46
420	154	28	45
418	154	27	45
415	153	28	47
412	153	28	47
414	152	27	48
412	152	27	47
413	153	25	47
413	151	25	49
407	152	25	48
407	152	23	46
409	154	23	46
405	153	25	47
404	150	24	47
405	151	25	47
403	150	24	47
405	152	24	50
401	151	24	48
401	151	24	48
401	151	25	48
399	151	25	47
400	150	25	48
396	150	27	48
396	150	26	48
389	149	29	47
393	149	27	48
391	150	28	48
387	149	29	48
388	150	27	48
387	150	27	48
384	150	27	48
386	149	27	49
384	149	27	49
384	149	27	48
384	150	27	49
383	150	27	47
381	149	28	48
381	150	27	48
380	149	28	47
379	150	27	47
379	151	27	47
379	150	26	47
377	150	26	47
377	150	27	46
375	148	27	47
375	149	27	46
374	149	27	47
373	149	27	46
372	149	27	46
371	148	28	45
370	148	27	44
366	147	26	43
363	147	26	42
363	146	24	43
362	146	24	44
360	146	24	46
358	146	24	44
358	146	24	43
355	147	24	44
352	147	25	43
348	146	25	44
347	146	25	44
345	144	26	46
345	144	25	46
343	142	25	47
343	143	24	46
340	143	25	47
339	143	25	46
339	143	24	46
337	142	26	47
336	143	26	46
335	144	26	45
333	143	26	46
331	143	26	45
330	143	25	45
330	141	25	47
327	142	25	46
326	141	25	47
326	141	26	47
321	141	26	46
321	141	27	45
319	141	28	45
318	140	27	46
316	140	26	46
314	139	24	46
314	139	24	46
313	139	23	45
311	138	24	46
310	138	26	46
307	138	27	45
308	138	26	46
306	138	27	44
307	138	26	44
304	138	26	44
304	138	24	43
302	138	24	44
300	137	24	43
297	137	25	45
299	137	24	44
273	145	23	44
290	136	28	48
292	136	27	51
292	137	26	49
292	137	25	50
292	136	25	51
290	135	26	52
287	137	29	48
284	136	26	49
286	139	24	45
273	133	25	40
272	134	26	40
272	133	26	41
272	133	27	41
271	133	27	43
270	133	27	42
270	133	27	43
268	133	27	42
267	132	27	41
268	131	25	43
266	130	25	43
266	130	25	43
265	130	25	43
267	129	23	42
264	129	25	44
262	129	25	43
263	129	24	44
262	130	25	44
263	130	24	43
260	128	25	42
259	129	26	43
254	128	27	42
253	129	27	42
251	128	26	42
250	127	25	41
248	127	24	40
247	126	24	41
245	125	25	42
242	125	25	42
242	125	25	42
240	125	25	42
240	124	25	42
238	125	25	42
236	124	25	41
235	123	24	42
234	124	25	41
233	123	23	40
232	123	23	41
230	122	24	41
229	122	24	41
228	122	24	40
226	122	25	40
224	122	25	40
222	122	25	41
219	122	27	41
217	121	26	41
215	120	27	42
213	119	25	44
211	119	24	38
210	118	24	40
208	118	24	40
206	117	24	42
204	118	25	42
202	118	25	39
200	116	25	39
197	116	24	41
195	117	24	41
193	117	24	41
192	117	25	40
190	116	25	41
187	115	25	42
185	115	26	42
183	114	25	42
182	114	25	42
181	115	25	41
178	115	24	40
174	115	25	40
171	114	26	41
169	113	26	41
167	112	25	42
162	111	27	43
161	111	27	42
154	111	24	40
147	110	24	40
147	110	25	39
144	109	26	40
142	108	25	39
140	109	25	39
137	108	25	39
134	107	25	41
132	107	25	40
130	108	24	39
126	105	23	40
122	106	25	38
120	105	24	38
118	104	24	38
116	104	24	38
114	104	24	38
113	103	23	38
112	103	23	38
108	103	23	37
106	103	23	37
105	103	21	37
103	103	21	36
100	102	22	37
98	102	23	36
95	102	23	36
93	101	23	36
93	101	22	36
91	101	23	36
90	101	23	36
89	100	22	35
89	101	21	34
86	101	22	35
87	100	21	34
83	100	20	34
80	98	22	35
78	97	22	35
77	98	22	35
76	98	22	34
75	97	23	34
74	97	23	34
73	98	23	34
73	98	23	34
72	98	22	33
71	98	23	34
70	98	24	34
68	98	25	33
67	98	24	34
67	96	24	34
65	96	25	34
65	97	24	33
64	96	25	33
64	96	25	33
65	97	24	34
64	97	24	35
66	97	23	34
66	98	24	34
67	98	22	33
69	98	24	34
70	98	24	35
71	98	24	34
72	98	24	35
77	99	24	35
79	99	24	35
81	100	24	34
83	101	23	34
84	101	23	34
86	101	23	34
87	101	22	34
89	101	22	34
89	101	22	34
92	102	22	35
93	103	21	33
95	104	21	33
96	103	21	34
98	104	21	34
101	104	21	34
104	104	22	35
105	104	22	35
106	104	23	36
109	105	22	36
122	107	22	37
121	107	23	35
123	107	22	36
126	107	22	36
128	107	22	37
128	107	22	37
132	109	22	37
135	110	23	37
140	110	22	37
142	110	22	37
143	110	22	38
146	110	21	38
148	111	21	38
149	111	22	38
151	111	22	38
153	112	22	38
157	112	21	38
160	112	22	38
163	112	21	40
164	112	25	40
171	113	23	40
173	114	24	39
176	115	24	39
182	115	24	39
189	116	23	41
194	117	23	40
202	117	25	39
208	119	23	37
214	119	21	37
225	120	20	34
229	123	23	40
232	123	24	39
240	125	23	41
251	125	23	42
258	127	23	42
266	128	22	43
274	129	23	44
282	131	24	45
286	131	23	45
299	135	23	45
309	136	23	46
323	140	22	46
328	141	22	45
336	143	23	46
341	143	22	47
351	144	22	45
362	148	23	41
371	151	25	41
376	152	25	43
385	154	25	43
401	152	23	44
409	156	24	43
420	159	24	40
424	159	24	40
438	164	22	36
447	166	21	35
456	169	20	37
464	167	23	41
476	170	22	39
488	171	22	41
495	171	23	41
504	177	23	37
511	176	22	37
520	174	22	39
523	176	22	39
529	178	20	40
536	179	22	40
541	179	24	42
546	179	25	42
552	181	24	40
554	181	23	40
555	180	22	42
559	180	21	41
565	185	21	41
568	185	24	43
570	188	23	49
571	186	24	49
571	184	25	48
571	183	25	49
570	182	25	50
570	184	27	49
568	183	27	48
566	182	25	48
567	187	23	44
563	186	27	50
550	180	24	44
558	180	25	49
553	180	25	46
556	178	25	50
553	180	26	48
551	180	25	47
550	181	23	42
549	180	24	41
541	179	23	39
547	183	23	43
530	178	23	34
526	182	24	38
523	181	21	38
518	179	24	44
519	184	23	47
511	183	24	48
504	182	24	46
513	190	20	45
496	186	21	47
493	183	24	50
499	189	22	50
494	191	25	54
485	188	29	58
483	188	28	59
475	186	30	60
472	186	29	53
467	184	28	52
466	184	28	50
464	184	27	50
459	185	26	49
456	187	27	46
457	188	23	45
456	189	22	45
455	187	24	45
455	187	24	46
455	186	25	46
455	187	24	47
455	187	25	45
455	186	24	46
454	187	25	45
455	186	24	47
455	186	24	47
455	186	24	46
456	186	23	47
456	186	23	47
456	186	24	47
455	186	25	47
456	185	23	45
456	186	24	46
455	186	25	46
455	186	23	47
455	186	24	47
456	185	24	47
455	185	24	47
455	186	23	46
412	173	33	39
391	184	24	47
393	184	23	47
394	181	21	44
390	183	24	48
389	183	24	48
387	182	24	47
386	182	23	46
386	181	20	37
384	183	22	45
383	180	22	45
383	181	24	47
381	181	25	46
380	182	25	46
379	181	26	45
378	182	25	43
377	181	25	41
375	180	24	43
376	178	24	43
377	178	24	43
378	177	23	44
371	175	25	46
369	176	25	46
367	176	26	45
364	177	24	43
363	174	26	37
361	173	25	37
354	172	21	34
354	172	20	34
354	171	21	34
354	172	22	35
352	171	21	37
350	172	22	35
350	171	23	37
349	171	23	39
347	170	24	42
347	168	25	41
343	168	27	43
343	168	27	43
341	168	26	44
338	168	29	44
336	167	29	44
335	166	28	44
335	164	28	43
333	164	30	49
331	164	30	49
330	163	30	51
328	164	30	47
328	165	29	49
325	163	29	50
325	161	26	50
323	160	27	44
323	158	27	45
321	158	28	48
320	157	28	40
320	157	27	44
318	158	28	48
317	157	28	47
314	158	28	46
314	158	27	44
311	158	29	46
309	156	30	46
307	155	31	49
307	154	31	49
307	154	31	50
304	154	31	48
304	155	29	48
304	156	30	50
304	155	29	50
303	155	29	52
303	155	28	49
304	154	28	50
301	155	29	50
300	154	30	52
299	154	29	51
299	155	28	50
297	154	28	50
296	153	28	40
295	152	28	41
293	150	30	40
293	149	30	41
291	150	31	43
291	151	30	54
291	153	30	59
290	150	30	56
290	152	30	54
289	151	30	55
289	151	30	52
287	151	31	50
284	151	32	48
284	151	31	49
283	152	31	50
282	151	31	48
280	152	31	48
278	151	30	48
276	152	31	48
274	151	30	50
271	150	27	47
269	150	27	43
269	151	27	42
267	152	28	42
267	151	28	42
264	152	30	41
266	152	27	42
264	152	29	41
263	151	27	43
263	150	25	43
262	149	25	43
260	150	25	41
259	151	25	40
248	151	27	44
246	153	28	44
240	153	26	44
239	153	24	44
229	149	26	46
226	147	25	45
220	147	24	42
219	148	23	38
214	148	23	37
212	149	21	35
208	148	22	34
202	146	24	36
202	148	24	34
196	146	24	38
195	144	25	41
190	143	28	42
188	143	26	42
185	143	26	42
183	145	24	40
182	145	23	40
178	143	24	41
178	142	24	42
174	139	26	42
174	139	25	43
171	138	26	43
168	138	25	41
166	138	25	41
163	137	26	42
161	135	27	45
158	133	26	45
156	132	26	44
156	131	26	45
152	131	27	45
153	131	26	46
151	131	27	45
149	130	27	44
147	130	27	44
145	130	27	44
142	128	27	44
140	127	28	44
140	126	27	45
137	126	27	45
138	126	25	45
136	125	27	44
133	126	29	44
130	125	31	44
128	125	30	45
128	125	29	45
124	123	29	45
124	121	28	46
124	120	28	47
123	120	27	46
123	120	26	47
122	119	27	47
121	118	27	47
119	119	28	47
117	118	30	47
116	117	31	47
113	117	31	48
112	116	31	48
111	116	32	48
110	114	33	49
109	114	33	50
109	112	33	51
108	113	33	52
108	111	33	52
107	111	33	50
108	110	32	51
107	110	32	50
107	110	31	50
108	111	30	51
108	111	30	51
108	112	28	50
108	111	28	50
108	111	28	50
107	111	29	50
108	110	29	50
108	111	28	50
107	111	29	49
108	110	28	49
108	109	28	50
108	110	28	49
108	110	27	49
108	110	28	50
108	110	28	49
109	109	26	48
109	109	26	49
108	109	26	48
109	109	26	49
107	109	27	47
106	109	28	48
106	110	29	47
106	106	29	51
91	95	25	58
95	96	25	57
100	97	28	59
101	97	29	59
103	97	31	61
102	99	32	59
103	107	34	56
102	105	35	57
104	106	36	57
118	106	29	60
120	108	28	60
101	109	30	51
101	108	29	52
100	109	31	51
101	109	31	53
101	109	31	55
100	110	31	52
101	109	31	55
101	109	32	55
102	109	32	55
102	108	33	57
103	109	32	57
103	110	33	56
103	109	32	54
104	109	32	54
104	110	30	54
105	109	31	54
104	110	32	53
104	110	31	52
104	109	32	52
103	109	32	53
103	109	32	52
102	109	32	53
102	109	32	55
101	107	32	54
101	107	32	55
101	108	31	55
100	107	32	56
101	108	32	52
101	108	31	54
102	108	31	53
102	108	31	54
102	108	31	56
103	108	31	54
104	107	31	56
104	107	31	55
105	107	32	55
105	107	31	56
104	107	32	56
105	108	31	56
105	107	31	55
105	108	32	55
105	108	31	55
104	108	31	55
104	108	31	56
103	106	31	57
102	107	32	57
103	106	32	58
104	106	32	57
104	107	32	56
103	108	32	55
105	107	31	57
104	107	31	55
105	107	31	57
105	106	32	58
105	106	32	58
105	105	32	58
106	105	32	58
105	106	33	57
106	106	32	57
106	107	32	59
106	107	31	56
105	107	32	56
105	106	31	56
104	106	31	56
104	104	32	58
104	106	32	58
104	105	31	57
103	105	32	59
104	105	31	58
105	106	31	58
105	106	31	58
106	106	31	58
106	106	31	57
106	106	31	58
106	105	32	59
106	104	32	60
108	104	32	60
108	104	32	59
108	105	32	59
108	104	33	59
108	105	32	59
107	106	32	57
107	105	32	58
153	117	31	37
153	117	28	35
150	117	29	35
148	118	29	32
145	117	30	34
140	115	28	35
141	116	25	34
134	115	24	34
132	116	26	32
110	107	28	50
109	104	30	57
109	103	31	59
109	103	32	60
109	103	32	61
107	103	33	60
107	103	33	61
107	104	33	60
107	104	33	60
107	104	32	59
87	103	26	43
84	108	21	31
77	106	21	28
75	106	17	27
70	107	18	26
66	105	18	27
63	104	19	27
57	104	19	24
50	103	19	24
44	103	19	26
39	101	20	25
36	100	18	25
33	98	16	27
27	96	18	27
25	95	17	29
25	97	18	30
23	98	19	29
23	97	19	31
24	97	19	30
24	97	19	31
22	98	19	29
24	98	19	29
25	98	19	30
22	96	20	31
22	94	20	32
21	96	19	29
23	98	19	31
24	98	19	30
23	98	20	30
23	97	19	30
25	98	18	30
24	100	20	29
23	99	19	30
23	94	19	30
24	99	19	30
23	99	21	29
22	98	20	30
21	97	20	30
23	95	19	31
22	96	20	30
24	96	19	30
22	97	20	29
21	96	20	31
25	96	19	29
24	98	19	28
23	98	19	29
25	97	19	33
23	93	20	30
23	95	19	30
22	96	18	30
25	97	18	31
24	100	19	29
24	96	18	29
24	95	19	30
23	95	19	30
24	97	19	30
24	96	20	30
22	97	20	31
23	95	20	31
22	97	20	29
24	96	20	32
24	98	20	30
23	98	20	29
22	97	20	31
23	95	19	32
24	95	20	31
24	97	19	29
23	96	21	31
20	97	21	30
26	95	18	30
23	97	19	29
24	97	19	31
24	96	19	31
21	97	20	30
24	96	19	30
24	95	19	30
24	95	19	31
23	101	20	30
24	100	20	30
23	99	20	29
24	97	19	30
24	96	19	31
23	98	19	30
23	97	20	31
21	97	20	30
24	96	18	30
24	95	18	30
24	97	19	29
22	96	20	29
22	95	19	30
25	93	18	31
24	96	19	30
25	98	19	29
22	98	20	28
24	98	18	32
24	98	18	30
23	99	18	30
23	99	18	31
25	100	18	30
25	100	20	29
24	94	19	30
24	95	18	32
22	95	19	31
23	95	20	32
22	96	20	29
23	95	19	31
24	94	19	31
22	95	19	30
23	99	19	30
26	98	18	30
25	99	19	28
25	95	18	29
26	95	17	29
26	96	18	30
26	96	19	30
25	95	20	31
56	90	21	49
46	89	26	50
39	90	25	47
37	92	22	44
37	92	21	41
32	95	19	34
32	97	18	31
32	106	20	26
27	102	19	29
25	96	17	30
23	95	18	31
23	96	19	29
23	97	19	31
23	98	20	30
22	97	21	30
23	96	20	32
22	97	19	29
24	97	18	31
24	96	18	31
21	98	20	29
20	99	20	29
25	96	19	31
23	97	19	29
23	96	19	30
23	95	19	31
21	95	21	32
25	95	19	32
23	95	20	30
24	94	19	31
22	94	20	31
21	95	21	33
23	98	21	31
20	98	21	29
22	96	20	31
23	96	20	30
23	96	19	29
24	98	18	30
22	97	19	29
24	96	18	30
25	96	18	29
24	97	18	29
24	97	19	28
22	96	20	31
23	96	19	31
21	95	20	31
23	97	19	31
23	98	20	30
25	97	19	29
23	96	19	30
23	97	19	31
22	96	20	29
24	96	18	32
23	96	19	31
24	96	18	29
23	95	19	30
23	96	20	30
23	98	20	30
24	97	19	31
23	96	20	31
22	96	20	31
22	96	20	31
23	95	19	32
23	95	20	32
21	97	21	29
23	96	20	30
22	95	19	31
23	95	20	31
22	96	19	30
23	96	20	31
24	96	19	30
23	96	19	31
23	96	19	30
22	96	19	30
22	97	20	30
23	96	19	30
24	96	18	32
22	97	19	30
23	97	19	30
25	96	18	33
23	98	20	28
24	97	18	29
24	96	19	31
22	99	19	29
24	96	20	32
23	95	20	32
21	96	20	30
24	95	19	32
23	96	19	31
18	112	19	31
18	113	20	32
16	112	21	34
17	116	24	36
21	100	21	37
21	113	22	34
25	103	21	30
24	97	20	30
22	97	20	30
22	95	19	31
24	95	20	30
23	97	19	30
24	96	20	31
21	97	21	30
24	96	19	31
25	96	18	31
23	97	20	30
23	96	20	30
21	96	20	31
23	96	19	31
22	95	20	30
24	95	19	31
22	96	19	30
23	96	19	31
23	95	20	31
21	96	21	29
21	95	21	31
24	96	19	32
22	99	20	27
23	94	19	31
25	93	19	31
24	100	19	30
23	96	20	30
23	96	19	29
23	95	18	31
25	95	18	30
24	97	19	30
23	97	19	29
24	97	18	30
22	97	19	29
25	95	18	31
24	96	19	29
22	96	19	30
24	95	19	32
23	97	18	29
25	96	18	31
24	96	19	31
23	96	20	30
22	97	20	29
25	96	18	31
21	98	20	28
23	96	18	31
22	95	20	30
23	94	19	32
24	95	20	31
24	96	19	30
23	96	20	30
23	97	20	30
24	96	19	31
22	97	19	29
23	96	19	32
24	97	20	29
23	97	20	29
24	96	18	30
23	96	19	30
23	96	18	31
24	96	19	29
24	97	18	29
24	97	19	31
24	97	19	30
22	96	19	30
24	96	18	31
25	96	19	31
22	98	21	28
23	92	21	32
21	93	22	32
24	99	20	31
22	99	21	30
22	98	20	30
22	98	20	31
23	98	20	30
24	98	19	29
24	97	19	30
23	95	19	30
22	95	19	31
22	95	20	30
23	95	19	31
21	97	20	30
22	96	19	32
23	97	19	30
24	96	19	31
23	96	19	30
22	96	20	30
24	95	19	31
23	96	19	30
24	97	19	32
23	98	19	28
23	97	18	31
24	96	19	31
23	96	19	31
24	95	19	31
23	97	19	30
24	97	19	31
21	97	20	28
23	96	18	30
22	94	19	31
24	94	19	31
24	96	20	30
25	96	19	29
23	96	20	31
21	95	20	30
24	94	19	31
22	96	19	31
23	97	20	29
22	97	19	30
24	96	19	31
22	97	20	31
23	97	19	30
23	98	19	29
25	98	18	30
22	99	20	29
23	98	20	30
22	97	19	30
24	93	19	31
22	100	20	28
23	98	19	30
24	96	19	31
22	96	21	31
22	95	20	30
23	100	20	30
24	99	20	30
22	99	20	28
24	94	19	30
23	99	20	31
20	98	20	29
23	98	19	30
24	98	19	29
23	97	19	30
22	98	19	30
24	97	19	30
25	96	18	31
24	97	19	30
23	96	20	30
22	95	20	31
23	95	20	30
23	97	20	32
21	98	20	30
24	98	19	30
23	99	20	28
23	96	20	31
23	95	20	31
23	96	20	31
23	97	19	30
24	98	20	31
23	97	20	30
23	96	20	31
22	97	20	30
23	97	19	30
24	97	18	29
23	98	19	30
25	95	18	31
22	95	19	30
24	94	19	32
23	99	20	30
23	97	20	30
23	97	19	31
22	97	20	31
22	96	21	31
22	95	19	31
22	97	20	30
24	98	19	31
23	97	20	30
23	97	20	31
23	99	19	31
25	99	18	32
23	97	18	32
24	98	17	32
24	99	17	32
23	103	20	28
23	98	19	31
17	104	20	35
15	112	21	33
15	115	20	34
15	114	20	31
24	99	20	31
23	101	20	30
22	96	21	30
22	95	20	31
23	96	19	32
23	96	19	31
23	96	21	32
19	96	21	31
24	94	19	31
24	95	20	31
22	97	21	30
23	97	20	30
24	95	19	31
23	95	20	31
23	96	20	29
23	95	20	30
23	95	20	30
20	97	20	29
24	95	19	30
24	96	19	29
23	96	19	30
24	97	19	31
24	97	20	29
22	97	19	29
23	96	19	30
23	97	19	31
22	99	21	29
24	100	21	31
23	95	20	29
25	95	19	30
22	96	20	30
24	97	19	32
23	98	20	29
23	97	19	30
22	97	20	30
23	93	20	31
24	98	19	30
25	97	19	30
22	99	19	28
24	99	19	30
24	99	20	29
24	97	19	30
24	94	20	29
24	99	19	29
22	99	19	28
25	96	18	31
23	96	19	30
24	97	20	28
24	96	19	29
22	96	19	30
21	96	19	31
18	112	18	33
17	107	20	30
18	112	19	32
17	112	20	31
16	112	21	32
15	116	23	36
15	115	24	34
22	121	20	34
26	96	20	31
23	98	19	29
23	97	19	30
23	97	18	30
25	96	18	31
21	97	20	30
23	95	19	31
23	95	20	30
23	96	20	31
23	97	20	31
24	97	20	32
23	96	20	30
23	95	19	31
24	96	19	31
21	98	19	29
24	99	18	29
24	96	18	30
24	96	18	31
23	97	19	29
24	96	18	31
22	96	19	31
24	96	18	30
23	97	19	29
22	96	19	31
23	96	20	30
23	95	19	30
23	95	19	32
23	97	20	30
21	97	20	31
25	96	19	31
23	97	19	29
22	96	18	29
22	95	18	32
24	96	18	31
24	96	19	32
22	96	20	30
23	97	20	30
25	97	20	30
24	96	19	31
23	97	20	30
24	98	19	29
23	98	19	30
24	99	19	30
23	93	20	32
23	94	20	31
22	96	20	30
21	95	19	31
23	95	20	32
20	97	20	30
24	95	20	31
23	96	19	29
24	96	19	29
24	97	19	30
22	96	19	32
25	92	18	31
23	99	18	29
23	97	19	32
24	98	20	30
22	98	20	30
23	97	20	32
22	94	20	30
22	96	20	30
21	96	19	32
22	95	20	31
24	96	19	32
22	98	21	30
23	97	21	30
21	97	20	30
22	96	19	31
22	96	20	30
24	96	19	30
23	96	19	30
23	96	20	31
20	97	21	32
22	95	20	31
23	95	19	32
24	95	19	31
22	97	20	30
23	97	19	30
23	96	20	31
23	96	19	30
24	98	19	30
23	97	20	30
21	98	20	30
25	92	19	31
24	93	20	31
23	96	20	31
22	97	20	30
23	96	20	31
22	97	20	30
22	96	19	30
23	98	18	29
24	103	17	30
24	96	19	31
24	96	19	31
24	96	20	31
22	98	20	29
25	96	18	32
23	98	20	29
22	97	20	31
23	98	20	30
23	99	19	29
24	98	18	30
