144	266	47	104
145	264	47	108
147	263	48	108
148	264	49	108
152	264	47	106
151	264	48	106
154	264	47	104
154	263	48	105
157	261	48	104
159	261	47	104
164	258	45	108
165	258	45	109
168	258	45	108
170	258	44	107
172	259	43	106
176	259	42	104
178	258	42	104
179	257	42	103
181	257	41	103
182	255	41	104
182	254	42	104
185	255	41	104
187	255	40	103
191	253	39	103
194	254	37	102
195	254	38	100
196	253	38	99
198	253	36	100
199	252	35	101
201	251	34	98
202	248	35	100
203	248	36	102
204	249	41	102
204	249	47	103
206	250	49	100
206	250	49	100
206	250	50	102
210	249	48	102
212	249	46	103
216	248	42	102
219	246	39	99
225	245	34	103
228	244	32	100
229	245	33	100
230	245	36	99
233	245	36	103
233	245	38	105
235	244	38	103
235	243	38	101
236	243	39	101
237	242	43	101
238	242	44	101
240	241	43	104
241	241	45	103
242	241	47	101
243	241	47	102
244	241	46	103
246	242	44	102
248	241	42	101
248	240	43	100
249	239	42	99
250	237	43	99
250	235	44	102
250	236	46	99
250	236	46	101
251	234	49	107
253	235	45	95
256	232	44	97
259	232	42	97
261	232	41	96
263	232	41	98
263	231	41	97
263	229	43	102
264	228	43	101
264	228	44	101
265	228	44	97
265	228	44	95
267	228	44	96
266	228	44	91
269	226	44	96
269	225	44	95
271	224	42	97
272	223	43	97
273	224	43	97
275	224	42	96
277	223	40	98
278	223	40	96
278	221	41	96
278	220	43	95
278	220	43	93
280	219	42	93
280	220	43	94
282	220	41	92
281	220	42	92
283	219	41	90
283	217	42	92
285	217	41	92
285	217	42	92
286	216	41	92
289	217	39	92
289	217	39	93
290	216	41	89
291	214	41	92
292	214	41	95
291	213	43	92
293	213	42	88
293	213	42	88
294	214	42	87
294	214	42	88
295	213	41	91
297	212	41	90
298	211	40	88
300	210	40	91
300	209	41	92
302	210	41	96
304	210	40	92
304	209	40	89
305	207	41	92
305	206	40	87
305	206	43	90
306	207	42	93
306	207	43	89
307	206	43	89
310	204	41	89
309	204	43	91
310	202	41	90
312	202	39	91
312	203	39	90
314	203	38	92
314	202	38	91
315	200	39	92
315	199	41	95
315	198	41	91
314	198	42	89
315	198	41	93
316	198	41	95
317	199	39	91
318	198	39	86
317	197	40	86
318	196	39	89
317	196	40	89
318	196	40	89
319	195	39	90
319	196	39	90
321	195	38	91
321	195	39	85
321	193	39	87
320	192	40	91
322	192	38	87
323	194	38	82
322	194	38	87
324	193	38	89
323	192	39	89
322	191	39	86
321	190	41	85
323	189	39	87
323	190	38	85
324	191	38	84
325	190	37	86
326	189	36	87
327	190	37	85
326	188	38	87
327	187	37	87
327	186	38	86
327	187	39	84
327	189	39	82
329	188	36	82
328	188	37	84
327	187	39	83
328	185	39	81
329	186	38	83
330	184	37	85
330	184	36	83
330	185	36	80
331	185	37	84
332	186	35	83
334	185	35	83
334	184	36	85
334	181	37	86
334	181	37	86
334	181	37	81
337	181	35	85
337	183	35	77
337	183	35	80
336	182	36	80
336	181	36	81
337	180	37	79
337	181	36	80
338	179	36	82
339	180	36	78
340	180	35	80
342	181	34	81
341	179	36	81
342	178	36	79
343	177	37	82
342	178	38	80
342	178	38	80
343	178	38	79
343	179	39	79
344	178	37	78
344	177	37	77
345	175	37	80
344	174	37	81
344	175	38	80
343	174	40	81
344	175	38	80
346	175	35	78
348	175	35	79
348	174	36	78
348	173	36	78
348	172	36	79
348	172	37	80
348	172	37	79
349	174	37	77
349	174	37	77
349	173	36	77
348	173	38	77
348	172	38	78
349	170	38	79
350	170	37	78
350	171	37	75
351	170	36	76
353	168	35	77
355	170	33	74
355	169	33	74
356	170	33	72
356	169	34	74
354	169	35	73
355	169	35	73
354	167	35	73
355	167	34	73
355	167	34	72
355	167	35	73
355	167	35	73
357	166	34	73
358	165	34	71
359	165	35	72
360	165	35	73
360	164	34	73
360	165	34	71
359	164	35	72
360	165	34	71
361	166	34	70
361	164	34	71
361	163	36	70
363	163	35	70
366	162	34	70
368	161	33	70
369	160	33	70
369	160	33	70
368	161	33	68
368	161	34	69
369	159	33	68
369	159	33	68
370	159	33	69
371	158	33	70
372	158	32	69
371	158	33	69
372	159	33	68
374	157	32	69
375	158	32	68
375	156	32	70
375	156	32	69
375	154	32	69
375	154	33	71
375	155	33	69
375	155	32	69
376	155	32	67
375	156	32	67
376	154	34	70
375	154	33	69
376	151	33	72
375	151	33	72
377	152	32	69
376	153	32	69
378	153	31	68
378	152	32	69
379	151	32	69
378	150	33	68
377	148	33	70
378	148	32	71
379	151	32	69
379	152	32	66
380	151	31	66
380	151	31	67
379	149	32	67
378	149	33	68
378	147	33	68
379	146	33	69
379	146	33	69
380	149	33	66
382	149	32	65
384	148	31	66
383	150	31	65
384	148	31	65
384	147	31	64
386	148	31	65
385	149	31	65
386	148	30	64
387	149	31	63
388	148	31	64
389	147	32	64
389	148	32	66
391	148	32	68
391	146	32	70
390	146	32	66
391	145	31	65
392	145	31	65
393	146	31	64
393	146	31	63
394	145	31	64
393	146	32	64
394	144	32	65
396	144	31	66
396	143	32	66
396	145	32	65
397	144	31	64
398	143	30	65
399	143	31	64
399	142	31	64
399	142	30	65
399	142	31	63
399	142	30	62
399	143	31	62
398	142	31	62
398	142	32	63
398	141	31	62
398	141	30	63
398	141	31	63
398	141	31	64
397	142	31	62
398	141	30	62
398	141	31	61
399	140	30	62
398	140	30	63
399	139	30	62
399	139	29	63
397	139	30	62
399	140	30	62
398	141	30	61
399	140	30	62
398	140	31	62
399	139	30	63
399	139	29	60
399	139	29	61
399	139	30	61
400	139	30	61
401	138	29	61
403	139	28	60
403	139	28	60
404	137	28	60
404	137	29	60
404	136	29	60
405	136	29	58
405	137	29	59
405	137	30	60
405	137	30	58
406	136	30	59
406	136	29	60
408	135	29	59
406	135	30	61
409	135	29	61
409	136	28	59
411	135	28	60
411	133	28	59
412	133	28	60
412	134	29	59
411	134	29	59
411	133	29	59
412	135	30	58
410	134	29	59
412	134	28	60
411	133	28	59
411	132	28	60
411	132	28	60
411	132	28	60
410	133	28	59
410	132	28	58
410	132	28	58
410	131	29	59
409	131	28	57
409	131	29	57
410	132	29	57
409	133	28	57
408	131	29	59
406	133	30	56
407	131	29	58
406	130	29	56
404	128	29	58
403	128	28	58
405	130	28	58
402	130	28	55
404	129	26	57
403	129	27	56
403	129	27	57
405	129	25	56
401	127	28	60
401	129	28	57
401	129	29	56
399	127	31	58
397	126	33	59
398	127	30	57
398	128	28	58
398	128	28	58
396	126	29	55
398	126	28	56
396	125	29	59
396	125	28	59
395	127	28	59
394	125	29	59
394	127	29	58
395	125	29	57
395	126	28	54
395	125	27	55
395	126	27	54
395	126	28	55
395	126	29	54
394	126	29	56
394	125	29	54
395	124	28	55
394	123	28	54
394	124	28	56
394	124	28	55
394	125	27	54
394	125	27	56
393	125	28	55
392	123	28	55
392	123	29	54
391	123	28	54
392	123	28	56
393	123	27	55
392	124	28	54
393	123	27	53
392	123	28	55
393	122	27	54
392	122	27	53
391	122	28	54
390	122	28	54
391	122	27	54
391	123	28	54
389	123	29	53
389	122	29	52
388	121	28	52
388	121	27	55
387	121	28	53
387	120	28	55
387	121	28	53
387	121	28	53
386	120	28	54
386	119	27	53
385	119	28	53
384	119	27	54
384	120	26	51
384	120	27	50
383	120	26	49
381	120	27	48
381	119	27	50
379	119	27	50
379	118	27	49
378	118	27	50
378	119	26	50
376	120	27	49
377	119	27	51
375	118	27	50
376	118	27	49
375	118	27	49
376	118	26	49
375	119	27	49
376	118	25	49
376	119	26	49
373	118	26	47
375	118	25	51
373	118	24	47
371	117	25	48
371	116	25	50
371	117	25	50
370	117	26	48
372	117	24	49
368	117	26	49
370	116	25	49
368	115	26	49
369	114	25	49
370	115	24	46
368	115	25	47
366	115	25	46
367	115	25	46
366	115	25	46
365	115	26	47
364	113	26	48
363	114	27	46
365	113	26	46
365	114	25	46
364	114	25	47
366	114	24	46
364	113	26	46
365	112	26	47
365	112	25	46
365	112	26	46
364	113	25	47
363	114	27	45
361	113	27	46
361	113	27	45
