281	76	10	30
277	76	11	31
274	76	12	31
274	76	12	32
274	75	12	33
274	76	13	34
272	75	13	33
272	76	13	31
271	77	12	32
270	76	12	32
270	77	12	33
270	76	12	31
269	77	11	31
268	77	11	32
267	78	12	32
266	79	12	30
265	78	12	29
266	77	12	31
265	77	12	32
265	76	11	31
264	76	12	34
265	77	12	34
265	78	12	33
264	78	12	32
263	80	12	30
262	79	12	31
261	79	12	31
262	79	12	31
261	78	11	32
261	77	11	32
260	80	12	30
260	79	11	32
258	78	12	33
258	77	13	34
257	79	12	32
258	78	12	32
257	78	12	33
257	79	12	33
256	79	12	32
256	78	12	33
255	77	13	33
254	77	13	35
254	78	13	34
254	78	12	33
252	79	12	33
251	78	12	31
251	77	12	34
250	77	13	35
249	79	13	33
249	78	12	34
248	79	12	33
248	79	13	32
248	79	12	34
247	79	12	33
248	79	12	33
247	79	13	32
247	78	12	34
246	80	14	33
244	80	14	33
242	80	14	32
242	80	13	32
240	79	12	34
237	78	13	34
237	79	13	34
236	80	12	34
234	80	13	33
233	79	13	35
233	79	14	35
234	79	13	35
233	79	13	35
233	80	13	34
233	81	13	34
232	81	13	32
232	81	13	33
230	79	14	34
229	82	14	32
227	82	14	32
226	79	14	35
225	81	13	34
224	81	14	34
224	82	14	33
223	81	13	34
222	82	14	33
221	82	14	33
221	81	13	34
219	81	13	35
218	80	14	35
217	81	14	34
217	82	14	33
217	80	16	37
215	82	14	35
214	81	14	35
213	81	14	35
211	82	13	34
209	81	14	36
209	81	13	36
206	82	15	36
206	80	14	37
205	81	15	37
205	82	14	36
204	82	14	35
204	81	13	36
203	80	14	36
203	81	14	36
202	82	14	36
203	83	14	34
201	83	14	35
200	84	13	35
198	84	14	35
198	82	14	36
197	82	13	35
196	82	13	35
195	82	13	35
194	85	13	33
193	85	12	33
192	84	13	34
191	84	13	35
191	85	13	34
190	83	12	36
190	82	13	36
189	83	13	36
188	83	13	36
187	82	14	37
185	86	14	33
184	87	13	33
182	85	14	35
182	84	13	35
183	82	14	38
187	81	16	37
180	79	16	39
180	81	17	39
177	80	18	40
176	81	16	39
176	80	16	41
174	79	16	42
176	85	14	36
173	84	15	40
174	87	13	38
172	86	14	38
170	85	14	38
170	85	13	38
169	86	13	37
168	88	13	36
166	87	14	37
165	88	14	37
164	88	14	36
164	88	14	36
163	89	14	37
163	88	13	37
163	87	13	37
163	87	12	37
162	88	13	36
161	89	13	37
159	90	14	36
158	88	14	38
157	88	14	38
157	87	13	37
156	88	13	35
160	87	15	37
154	88	15	37
150	91	16	34
150	88	14	35
148	89	15	36
149	87	15	38
149	90	15	36
148	88	14	37
148	88	15	37
147	90	15	35
146	89	15	36
145	89	14	36
144	89	14	35
145	88	15	38
144	89	16	37
144	90	14	37
142	90	14	35
142	91	14	36
140	91	15	36
141	89	16	35
147	88	15	35
140	91	15	34
139	90	14	36
140	89	14	35
139	88	15	36
139	89	14	36
135	89	18	37
134	88	17	39
134	91	15	39
135	90	15	39
133	88	17	40
133	88	16	39
132	92	15	38
133	90	16	39
132	89	16	40
130	90	16	38
131	92	15	38
132	92	16	37
131	92	15	37
130	90	16	38
130	93	15	38
131	92	16	39
128	94	17	37
127	94	17	37
128	92	16	36
127	94	16	37
128	93	16	35
129	91	15	37
128	93	15	36
127	97	16	33
127	95	16	34
126	95	15	37
126	95	15	38
126	96	16	36
127	97	16	37
127	96	16	37
126	96	16	37
123	95	16	39
125	98	16	37
125	97	16	37
125	97	15	38
124	97	16	38
123	97	15	37
125	95	15	37
123	96	15	38
121	100	16	36
120	100	15	38
119	99	17	36
121	100	16	37
120	99	16	37
118	101	16	37
119	99	15	38
119	98	16	38
120	101	16	38
117	101	16	37
117	99	15	40
117	99	15	41
116	99	16	43
117	100	17	42
115	102	15	38
116	101	15	40
114	100	17	40
113	101	16	40
114	102	16	37
113	101	16	40
114	102	15	38
111	104	15	39
112	104	15	38
113	104	15	39
111	103	15	40
112	104	15	40
112	102	15	41
112	103	15	37
112	103	15	37
110	105	14	35
111	105	16	36
110	105	15	36
110	103	17	39
110	103	17	40
108	103	16	39
108	103	16	38
108	104	16	39
108	104	16	40
109	104	16	41
108	105	16	39
108	103	15	38
107	103	16	39
107	103	16	40
108	103	16	43
105	104	16	40
106	104	16	40
107	104	17	38
105	103	15	38
104	105	16	36
105	105	16	36
104	105	15	33
103	102	16	33
103	106	15	36
101	107	15	35
99	109	16	32
99	110	16	35
96	109	15	39
97	108	15	41
96	106	16	41
96	109	15	41
96	109	17	37
95	108	17	41
94	109	16	42
93	107	16	41
91	108	16	39
93	111	16	36
90	108	18	38
88	109	17	43
88	107	17	46
87	109	16	45
87	108	17	40
88	108	18	45
86	110	18	39
85	109	16	44
85	109	17	38
83	110	16	43
82	110	16	46
81	112	16	43
79	112	15	42
79	110	15	43
78	110	15	45
77	111	15	45
77	110	15	44
77	111	15	44
75	110	16	46
75	110	16	47
75	111	16	45
73	112	17	47
72	112	15	45
66	111	17	46
64	113	16	45
62	112	16	47
62	114	15	45
61	113	15	43
61	114	15	45
60	114	15	45
60	114	15	45
59	115	15	43
58	115	15	46
58	116	15	44
58	116	15	44
56	115	16	44
57	116	15	44
56	117	15	44
56	118	14	42
55	119	14	42
54	118	15	42
54	118	15	42
54	116	15	43
53	117	15	44
53	117	15	44
53	118	15	43
52	119	15	42
52	118	15	43
51	118	15	42
51	119	15	41
51	118	15	43
49	118	15	43
49	118	15	43
49	117	15	43
49	118	15	44
48	117	15	45
48	117	15	45
48	117	15	43
47	118	16	44
47	118	16	43
47	118	15	44
47	119	16	41
47	120	16	41
47	117	16	43
48	117	16	44
48	117	16	46
47	117	16	45
47	118	17	46
47	118	16	45
47	118	16	45
47	116	17	49
47	119	17	47
46	118	17	47
46	116	17	49
47	117	16	50
47	117	16	51
46	118	17	48
47	118	17	49
46	118	17	48
46	119	17	49
46	119	17	49
45	119	17	48
46	118	17	51
45	118	18	50
45	118	17	50
44	118	17	50
44	118	17	52
44	118	17	52
43	118	17	53
43	120	17	53
42	120	17	53
43	120	18	54
41	120	18	52
41	119	18	53
41	120	18	53
41	119	18	53
41	122	17	51
40	122	17	51
41	122	17	50
40	121	17	52
40	125	17	48
41	124	16	48
40	120	17	53
40	123	17	51
39	121	17	54
40	120	17	56
39	125	17	52
39	124	17	51
39	123	17	52
39	123	17	53
39	124	17	50
38	124	17	51
38	123	17	52
37	125	17	51
38	125	17	51
37	125	17	51
37	122	17	52
36	123	17	52
36	122	18	55
35	122	18	55
34	123	18	54
34	124	18	56
32	125	18	54
33	124	18	56
32	124	19	56
32	124	18	56
31	124	18	54
31	124	19	56
30	125	19	56
30	127	18	54
30	126	18	54
30	127	17	52
30	128	18	53
29	131	17	53
27	128	18	53
26	127	19	55
27	127	19	55
26	129	19	54
26	131	18	54
25	132	19	53
25	131	18	53
25	130	18	53
25	128	18	56
24	128	20	58
23	131	19	55
23	131	19	55
23	132	19	55
23	131	19	56
24	131	18	56
22	131	19	56
23	132	18	55
22	132	19	55
21	134	19	53
21	134	19	55
21	134	19	54
21	135	18	53
21	135	18	53
21	135	18	54
20	136	18	55
19	135	19	56
19	136	19	56
18	134	20	58
18	135	20	57
17	134	20	59
17	134	20	59
16	134	20	59
16	134	20	60
16	134	20	62
16	135	20	61
15	138	20	59
15	137	20	59
16	138	19	58
15	139	20	58
14	136	21	61
15	138	20	59
14	137	21	59
15	138	19	60
15	139	19	59
16	141	19	58
15	141	20	58
16	140	19	58
16	139	19	59
16	138	20	61
15	139	20	60
16	140	20	60
16	139	20	61
16	141	20	60
16	142	20	61
16	141	20	63
15	140	20	65
13	144	21	63
12	142	21	64
12	144	20	62
12	144	20	62
11	142	21	66
10	139	21	69
10	147	19	62
9	147	20	62
8	147	19	61
4	150	19	61
3	150	22	62
3	149	21	64
2	151	20	65
