11	224	16	41
32	224	26	37
18	202	46	45
9	182	43	69
14	170	57	65
18	202	73	80
134	228	33	69
139	233	25	57
139	230	25	56
141	233	25	55
141	232	25	55
140	233	26	55
140	232	26	56
140	233	25	56
139	233	24	56
139	233	24	57
138	233	23	56
139	233	21	55
138	233	22	55
137	233	22	56
138	233	23	56
138	236	24	55
138	237	25	54
135	238	26	60
78	194	33	41
85	194	32	44
86	190	33	41
86	192	33	43
89	187	43	44
63	239	26	58
63	240	27	58
63	238	25	60
64	241	24	58
64	240	25	57
64	241	24	57
64	241	25	58
63	241	26	57
63	241	26	57
63	240	27	60
63	240	27	60
63	242	26	59
64	241	27	60
63	241	27	61
63	241	27	62
64	241	27	61
64	242	27	60
63	241	28	62
63	241	27	61
64	240	28	62
64	241	27	61
64	242	27	60
63	241	28	60
64	241	26	61
62	242	28	60
63	243	27	60
65	245	27	60
63	244	28	61
64	245	28	61
63	245	28	60
63	245	27	61
63	246	26	60
63	246	25	59
63	246	25	60
63	231	23	71
57	213	33	63
0	209	25	89
1	161	26	84
0	159	30	84
0	161	31	87
0	158	31	83
0	159	32	80
0	157	32	83
1	158	33	84
1	156	32	82
1	156	33	83
2	155	32	81
3	157	32	83
3	157	33	84
4	158	34	83
6	157	33	84
6	158	33	83
8	157	32	82
10	156	31	81
10	157	32	78
11	156	33	79
12	156	33	77
13	156	34	80
13	156	33	78
14	157	34	78
16	156	34	77
16	156	33	79
17	155	33	77
19	154	31	77
20	153	31	78
20	152	31	76
22	154	31	79
23	154	31	76
24	156	31	77
26	155	29	75
27	154	30	76
28	154	28	73
28	157	30	73
29	156	29	72
30	156	30	73
30	156	31	70
30	153	31	73
31	154	32	73
32	154	30	74
32	153	30	75
34	151	28	74
34	137	29	87
35	136	30	89
35	135	30	89
35	132	32	93
36	147	33	78
36	132	33	90
37	137	33	88
