410	243	82	44
416	243	80	49
422	240	81	51
428	240	82	53
433	241	83	52
436	241	82	53
439	241	83	52
444	242	84	51
448	244	83	51
456	243	81	50
461	243	80	49
468	241	78	49
470	239	79	49
473	237	81	49
478	237	80	49
482	236	80	48
488	237	81	49
491	238	83	48
498	239	82	48
504	239	78	48
510	237	77	49
516	238	85	46
520	237	82	47
436	243	80	42
381	241	78	43
404	241	81	43
405	241	79	44
411	239	79	42
413	239	80	43
419	239	81	42
423	237	82	43
429	239	80	42
435	239	79	43
441	241	75	44
443	240	74	43
445	241	74	42
450	240	69	42
459	240	77	42
462	239	80	43
392	246	101	56
318	238	77	53
331	243	75	47
344	244	76	47
353	247	63	92
359	241	64	101
364	240	65	100
369	238	65	101
373	240	66	103
375	240	65	102
379	241	71	96
381	240	70	97
389	241	72	89
363	245	80	98
296	238	84	47
300	240	79	39
306	238	75	36
308	235	71	37
312	235	70	38
314	234	69	38
318	235	74	38
322	234	67	38
325	235	73	36
327	235	75	37
331	237	75	36
330	237	75	36
331	234	78	38
339	231	68	40
342	232	70	39
346	235	72	37
351	233	75	38
348	231	77	39
348	228	77	39
356	226	70	38
351	228	74	39
358	223	71	40
357	223	74	38
363	220	71	41
364	221	71	40
368	220	71	41
369	218	71	43
367	218	74	41
371	217	72	40
372	220	70	39
370	218	72	40
370	220	71	38
370	218	71	36
369	216	71	36
370	215	67	38
369	216	66	37
372	219	62	67
367	214	66	44
364	217	65	62
360	217	68	43
360	213	68	35
365	213	62	35
365	212	62	36
363	210	63	35
364	209	64	36
367	210	61	36
364	210	64	36
365	210	62	34
364	209	62	34
365	209	61	34
364	207	63	35
360	208	67	31
363	206	62	31
363	205	59	33
350	204	71	32
357	209	65	32
354	204	64	31
359	205	56	30
360	205	54	30
357	203	57	31
357	202	57	31
359	203	59	31
349	207	69	33
354	201	65	34
353	206	68	38
356	202	67	36
369	206	47	72
354	196	67	35
367	199	47	79
356	197	57	81
357	199	55	89
361	198	52	84
363	199	50	74
357	195	54	77
347	188	66	38
364	192	53	31
351	191	61	28
349	190	64	29
346	189	66	31
348	186	69	30
348	186	67	31
349	187	65	31
353	188	62	30
358	186	59	30
360	186	58	28
373	186	50	28
370	184	52	30
372	184	50	30
360	184	62	30
359	186	61	30
364	184	55	32
360	183	62	32
375	181	49	30
375	181	49	30
369	179	55	32
369	180	56	30
377	178	50	32
376	177	53	31
373	174	56	33
371	173	58	31
375	169	56	31
377	167	51	30
376	167	52	27
376	167	51	26
374	166	53	24
371	165	54	26
376	166	51	25
378	163	47	27
369	161	56	28
369	159	55	30
372	156	56	28
372	156	54	28
371	155	53	29
373	155	51	29
371	152	52	31
366	153	54	30
362	149	60	31
362	149	60	30
365	146	58	29
365	145	59	28
365	144	57	29
363	144	57	29
361	144	58	30
358	143	61	31
360	141	63	31
360	136	61	32
358	135	63	33
360	134	61	34
360	134	61	34
361	133	61	34
361	133	61	34
361	132	62	35
360	129	63	37
360	126	62	35
363	125	62	35
361	123	63	34
360	123	63	36
359	122	63	36
360	123	62	37
358	123	62	36
357	122	63	39
358	120	61	39
357	117	62	40
359	116	62	38
359	115	62	37
360	114	63	37
361	114	63	36
363	113	61	35
365	113	60	33
367	114	58	32
369	113	59	31
370	109	55	31
369	108	54	30
369	105	52	30
370	104	54	30
370	101	50	32
369	101	51	33
368	101	53	31
368	100	57	32
369	100	56	33
365	99	60	36
365	95	61	32
366	97	59	36
368	98	56	79
371	94	54	88
371	95	55	90
369	95	58	98
372	94	57	95
376	95	55	98
378	95	55	92
380	95	54	93
382	92	52	96
381	90	55	98
381	88	56	93
382	88	55	89
382	90	54	88
383	92	55	85
383	92	55	92
384	88	54	91
386	88	55	87
387	85	52	84
389	82	52	82
388	82	51	75
389	84	50	86
391	82	48	91
391	81	50	81
394	83	50	48
391	86	55	25
397	85	52	24
401	86	48	23
404	84	54	25
406	82	54	26
408	82	46	25
411	79	48	27
411	79	51	27
411	79	53	27
415	82	52	26
414	81	50	27
417	82	47	27
418	82	45	24
419	78	45	26
422	77	41	26
425	72	37	28
425	74	37	27
432	72	35	29
429	73	41	27
430	71	38	29
431	71	47	29
433	67	48	31
432	67	48	30
433	63	46	32
435	60	50	31
433	58	45	31
434	60	51	30
433	59	47	30
433	60	49	28
434	59	51	29
433	59	53	32
432	57	51	31
437	60	48	30
437	55	44	30
438	56	46	27
438	56	47	29
435	55	50	29
439	56	46	27
437	56	44	27
439	57	43	25
442	56	45	27
441	55	44	28
440	52	40	30
442	51	40	29
439	51	42	28
438	50	44	30
438	50	45	30
437	50	45	30
438	48	44	33
438	48	43	33
437	47	44	35
438	45	46	37
440	43	48	40
438	43	47	40
439	42	47	39
439	43	48	41
440	42	51	42
439	41	52	41
447	41	52	41
440	38	52	41
447	36	55	41
443	36	48	42
453	36	48	41
451	35	52	39
447	35	51	40
449	34	49	44
451	35	51	44
451	31	48	47
453	30	48	50
452	29	52	49
452	27	48	49
456	26	48	48
456	27	47	58
454	27	53	50
456	28	52	47
457	27	54	42
460	28	52	46
460	24	53	46
462	23	50	48
462	22	51	49
462	21	52	55
461	18	53	58
464	18	51	61
462	19	51	56
463	21	48	65
461	17	55	48
462	13	64	50
461	12	62	48
463	13	65	48
467	13	64	47
470	10	56	73
466	9	65	69
473	6	57	74
473	5	58	76
472	6	60	72
473	4	58	74
473	5	59	71
