214	164	14	20
214	165	13	23
215	164	14	24
216	164	15	24
217	164	14	24
219	164	14	24
219	164	14	24
221	164	13	25
222	164	14	26
224	164	13	26
225	164	13	26
226	164	14	26
226	165	14	26
229	167	14	24
235	166	14	25
237	167	14	25
239	167	14	25
241	166	14	25
242	167	14	25
242	166	14	25
243	167	14	25
244	167	14	25
245	167	14	25
246	167	14	25
247	168	14	25
248	167	14	26
251	168	15	28
255	168	14	27
261	168	15	28
261	168	15	27
263	170	15	27
268	169	16	28
276	168	16	30
281	170	16	28
283	171	17	28
284	171	17	29
284	170	17	30
285	170	17	29
284	170	18	29
284	170	17	29
284	170	17	30
285	170	17	29
284	170	18	30
284	170	17	29
284	170	18	30
284	170	17	30
283	169	18	30
284	170	17	30
283	169	18	30
284	169	17	30
283	169	17	30
284	169	17	30
285	169	16	30
284	169	16	30
285	169	16	30
285	169	16	30
285	170	16	29
285	170	16	30
285	168	17	30
286	170	17	31
286	170	17	31
287	170	17	30
288	170	17	30
289	170	17	30
290	170	16	29
293	171	16	29
293	170	17	30
293	170	18	30
294	170	18	32
295	170	18	31
296	171	18	30
296	170	18	30
297	171	17	29
297	170	17	30
299	171	17	31
300	171	18	30
301	171	18	31
299	170	20	32
274	167	17	28
251	169	43	43
244	193	44	38
193	173	25	40
193	174	24	35
194	173	22	32
197	175	19	30
200	175	18	31
200	175	18	30
201	174	19	32
201	174	19	31
202	175	18	31
203	175	18	32
205	177	18	30
206	176	18	31
208	178	17	30
209	178	17	30
210	177	17	31
212	177	17	31
211	178	18	30
212	178	17	30
213	178	17	30
215	178	16	30
216	178	16	31
216	179	17	30
217	179	17	30
217	179	18	31
219	179	17	31
220	180	17	30
221	179	17	30
221	180	17	30
223	180	17	30
225	181	17	30
225	181	17	30
226	180	16	29
227	180	17	30
228	179	17	31
228	179	17	32
229	179	17	32
229	179	18	32
231	180	18	31
231	180	17	32
233	180	17	33
233	180	17	32
234	181	17	31
236	182	16	30
237	182	17	31
237	181	17	31
237	180	17	32
239	181	17	32
238	181	17	32
239	181	17	32
240	181	16	31
241	182	16	31
242	182	16	31
243	182	16	31
244	182	17	31
245	182	17	31
245	182	17	31
246	182	17	32
246	183	18	33
245	182	19	32
247	183	18	33
248	184	18	31
250	184	17	31
249	184	18	31
252	184	17	31
252	185	18	33
254	184	17	33
254	185	18	32
254	184	18	33
256	185	18	35
257	184	18	37
257	185	18	35
259	185	17	36
258	185	18	36
259	185	18	37
259	184	18	38
260	185	18	40
261	186	18	37
262	186	17	37
262	187	18	39
262	187	19	38
262	187	19	38
263	187	19	39
264	187	18	38
264	188	20	38
266	188	19	36
268	188	18	36
268	188	18	36
269	188	18	37
268	188	19	37
269	188	19	37
269	188	18	37
269	187	18	37
270	188	18	37
270	187	18	37
270	188	18	37
271	189	17	37
271	188	18	37
271	187	18	36
275	188	18	39
275	190	18	37
275	189	18	37
278	190	18	36
279	190	19	37
281	190	18	37
281	190	17	37
281	190	18	38
281	190	17	37
282	191	17	36
283	190	17	37
283	190	17	39
284	191	17	37
285	191	18	38
287	192	17	38
288	193	18	37
290	195	18	37
295	194	18	36
296	195	17	36
297	196	18	35
298	196	17	35
300	197	17	36
302	195	18	39
303	197	18	38
304	197	18	38
307	198	18	37
308	198	18	38
308	197	18	37
308	196	20	39
309	197	19	39
311	197	19	38
311	196	19	40
313	196	20	40
313	195	22	41
316	197	20	38
318	199	18	38
320	199	18	37
321	200	20	37
321	200	20	38
323	201	20	38
325	200	19	38
325	199	19	37
327	200	18	40
328	199	19	38
329	199	18	40
329	198	19	40
331	199	18	39
331	198	19	41
332	197	19	41
332	197	19	41
335	200	18	38
336	201	18	40
336	200	19	40
337	201	19	40
339	202	18	39
339	203	20	39
341	203	20	40
343	201	19	40
345	202	18	40
347	203	18	40
347	203	18	39
349	203	19	39
349	202	19	41
351	201	19	40
353	202	18	40
354	203	19	40
356	204	19	39
357	205	20	40
358	207	20	38
360	209	20	37
