313	107	20	51
313	107	22	51
314	108	22	51
316	107	21	52
319	107	21	53
322	108	21	52
324	108	20	52
325	107	21	53
326	109	22	52
329	110	23	53
333	110	21	53
335	109	21	55
335	111	23	54
335	120	23	56
336	123	23	55
337	124	22	55
337	124	22	56
337	124	21	55
338	125	22	55
338	124	22	56
339	124	24	56
339	126	24	55
340	128	24	56
341	138	22	58
342	143	22	55
343	144	21	56
344	144	21	56
345	144	21	56
345	145	22	56
346	144	22	56
347	145	23	57
346	145	23	57
347	146	23	56
348	146	23	57
349	145	22	58
350	146	22	58
351	146	21	58
351	146	22	57
352	146	22	57
352	146	22	58
353	146	23	59
353	147	24	58
354	147	24	58
354	148	24	58
355	148	23	58
357	147	22	59
357	148	22	59
358	148	22	59
358	149	21	59
359	149	22	59
359	149	23	59
359	151	24	59
360	151	24	58
362	150	23	59
362	150	23	60
364	152	22	59
365	152	21	59
366	152	22	58
367	152	25	60
368	152	25	61
370	152	23	62
372	154	23	60
373	155	22	60
373	155	23	60
373	154	24	60
374	154	24	61
374	154	25	62
375	155	25	62
375	155	26	62
375	155	26	63
376	154	26	63
376	154	25	64
377	154	24	64
379	155	25	64
380	156	25	64
381	155	25	63
382	155	25	64
383	155	26	65
382	156	27	65
382	156	28	65
382	156	28	64
383	157	29	65
384	157	27	65
386	157	24	65
387	158	24	65
388	159	24	64
389	159	24	64
389	159	24	64
389	159	25	65
389	159	27	65
389	159	27	65
390	159	27	66
389	160	27	65
390	160	27	65
390	159	26	66
390	159	26	68
391	161	25	66
391	162	26	66
392	161	26	66
393	161	26	66
393	161	26	67
394	161	26	67
394	161	26	68
393	162	27	66
393	162	27	67
394	163	27	67
395	163	27	70
397	163	25	70
398	165	25	68
398	165	25	68
400	164	26	69
400	165	27	69
401	166	28	69
401	166	28	69
402	166	28	71
404	167	27	71
406	167	27	71
409	168	26	71
411	168	28	71
413	169	29	71
416	170	30	71
419	170	29	72
422	170	29	72
426	172	29	70
429	170	27	72
433	171	30	69
435	173	32	72
435	174	34	72
438	174	35	73
447	173	33	74
452	174	30	72
456	175	31	74
464	173	28	75
467	174	29	76
472	176	32	75
477	176	32	76
483	175	28	76
486	175	28	77
487	176	34	76
488	177	36	76
476	177	37	75
469	177	31	77
459	177	32	78
454	180	33	75
458	181	35	75
467	180	30	76
472	180	29	77
474	180	36	76
467	180	39	77
458	180	36	78
452	180	31	78
449	182	32	75
453	182	36	75
463	182	31	65
473	182	26	59
480	182	25	58
488	183	25	55
495	183	23	56
501	181	23	54
507	182	26	55
510	182	29	54
514	182	31	55
520	182	29	53
527	181	25	51
536	181	23	48
545	181	23	46
552	181	23	43
557	181	22	41
562	179	22	46
566	182	24	53
572	182	23	54
576	182	24	54
583	180	23	40
587	180	23	38
590	179	22	37
599	180	21	39
605	183	21	46
