120	153	30	78
118	155	31	73
116	154	31	75
116	155	30	75
115	154	28	71
113	154	28	74
112	153	27	74
111	154	26	71
110	155	25	70
110	156	26	71
108	156	27	72
105	154	28	72
101	156	30	70
96	159	34	68
98	159	32	69
84	160	38	65
80	158	41	64
77	160	38	64
87	158	39	64
82	160	39	61
104	158	30	66
89	159	36	62
79	160	41	61
70	159	40	63
69	156	43	67
85	158	40	64
74	157	43	61
74	160	43	64
72	160	43	64
75	159	43	62
74	162	42	62
77	159	43	64
81	159	39	63
78	160	38	62
85	156	41	65
97	159	34	62
73	162	42	57
74	159	42	60
77	159	41	60
75	159	40	65
77	159	41	64
77	159	40	65
74	160	45	62
78	159	43	64
67	157	43	65
67	158	44	65
67	159	40	66
83	157	45	67
82	159	39	63
68	160	43	61
71	157	40	66
73	159	40	65
83	158	40	61
78	158	42	63
78	160	41	63
67	159	44	64
86	158	42	67
84	159	39	66
97	156	33	71
105	156	28	70
102	155	30	71
110	153	27	73
111	154	27	70
111	154	27	74
113	154	29	74
114	154	31	74
115	155	30	71
116	154	31	75
118	154	31	75
119	155	31	72
123	154	30	75
125	154	29	74
128	153	27	75
128	152	28	78
131	154	27	75
134	156	29	73
134	156	28	72
136	160	30	69
130	160	31	68
137	160	30	68
109	160	31	66
101	158	32	67
84	159	41	63
70	158	44	60
71	158	45	60
75	160	42	60
79	158	49	64
144	154	34	78
148	155	34	78
149	158	32	78
152	155	33	76
153	154	34	78
157	157	31	77
155	151	33	79
160	156	31	78
161	155	32	77
161	155	33	76
163	155	32	76
164	162	31	71
165	158	33	74
167	159	34	71
170	159	33	70
170	156	33	71
176	148	39	73
175	146	33	79
178	154	34	68
180	148	31	79
181	151	31	73
178	148	31	82
180	155	34	76
178	155	33	75
182	154	35	72
184	155	32	76
186	155	32	76
186	157	34	74
187	153	33	77
186	156	37	77
186	155	33	79
187	171	30	64
181	166	35	67
189	162	33	71
188	166	33	68
191	167	34	66
195	160	31	73
197	159	31	75
198	165	31	70
200	162	31	72
200	161	34	73
200	164	36	72
202	153	35	75
203	153	36	74
204	158	41	72
205	161	38	73
200	161	46	72
214	159	48	75
212	160	42	73
207	163	47	69
208	161	43	74
205	158	47	72
220	150	46	64
223	150	37	64
175	161	39	64
175	155	39	71
175	158	42	68
219	157	37	73
229	157	32	75
229	170	31	67
233	167	28	70
232	165	28	70
234	177	29	60
243	174	31	61
246	173	31	62
251	174	30	63
227	144	33	57
227	143	35	59
253	161	37	67
296	174	30	65
297	177	29	62
294	175	29	65
295	149	30	57
293	148	29	63
296	156	30	70
295	155	31	72
260	151	33	86
262	154	35	83
262	151	34	68
266	159	30	73
266	154	32	78
266	161	31	76
269	159	28	76
268	154	30	80
270	157	31	76
271	158	29	79
273	155	29	74
273	154	30	76
276	153	32	74
278	154	31	73
280	151	32	76
282	152	30	70
282	154	29	73
284	146	28	80
284	167	31	67
285	167	32	69
286	163	32	69
288	162	31	69
290	162	31	70
291	161	30	74
295	152	28	72
294	140	28	65
292	144	27	61
298	146	31	57
296	145	27	65
295	145	27	56
295	147	29	59
296	142	27	56
298	150	27	58
294	149	24	59
312	153	28	57
316	157	25	61
319	157	25	62
293	150	25	54
294	144	24	66
294	147	26	59
319	158	23	56
319	158	24	57
322	157	23	55
322	159	23	52
322	160	22	50
324	154	24	51
295	143	25	55
324	156	23	60
322	158	24	56
323	153	24	54
324	155	23	55
322	156	24	57
322	158	24	55
321	155	24	57
321	159	26	55
321	157	24	57
293	151	25	70
256	153	27	88
258	153	28	91
258	155	28	89
259	156	30	87
260	156	32	87
261	156	36	87
261	156	38	88
262	156	37	87
264	157	38	85
269	153	36	89
275	153	36	86
276	155	38	85
279	155	37	81
282	155	32	83
284	153	34	84
287	155	32	81
288	154	33	81
293	155	32	77
297	154	28	73
298	154	30	72
298	152	30	73
300	151	32	72
303	152	36	70
306	152	33	69
317	153	27	67
315	152	28	64
314	152	28	63
317	152	27	62
317	152	28	65
315	152	28	64
314	151	28	65
314	151	29	64
310	150	30	64
308	151	31	68
306	152	31	66
305	151	33	68
304	150	33	68
304	151	33	67
302	150	34	69
302	150	34	69
303	151	31	67
301	151	32	67
301	150	33	67
300	150	34	70
301	150	33	68
301	151	33	68
302	151	33	69
300	151	33	70
298	150	34	70
301	151	33	70
301	150	33	70
301	151	35	71
315	153	33	68
315	153	29	66
317	153	27	66
319	153	26	65
317	154	28	65
298	152	28	70
299	152	33	71
296	154	33	71
296	153	32	72
296	153	32	72
296	154	32	71
299	152	32	73
298	154	33	72
298	154	31	72
297	152	30	72
296	153	29	72
296	152	30	73
295	152	30	72
297	153	30	72
298	151	30	73
296	152	30	72
298	153	31	72
297	152	30	72
297	153	31	72
295	152	31	73
299	152	30	72
297	153	31	72
298	153	31	71
297	153	30	72
296	152	30	72
298	151	30	72
297	153	30	72
296	151	32	74
297	152	32	72
296	152	31	73
296	151	31	73
295	153	33	72
294	154	32	71
296	152	32	74
297	151	34	73
296	153	32	70
297	153	34	73
294	153	32	72
295	152	33	73
295	154	36	71
298	153	35	72
297	152	34	73
294	154	34	72
294	153	34	73
295	152	34	73
294	153	32	72
294	153	31	72
296	151	32	73
296	153	34	71
295	153	35	72
293	153	33	72
293	152	31	73
319	155	27	65
319	155	26	66
320	155	25	65
320	155	26	64
321	155	26	64
320	155	27	64
321	155	26	65
320	155	27	64
321	155	27	63
322	154	25	64
321	155	25	61
322	156	26	62
323	156	25	62
325	156	24	57
323	155	26	61
324	155	25	62
323	156	25	62
323	154	27	63
324	155	26	60
324	154	27	64
326	155	26	60
327	155	24	63
328	155	25	65
327	157	25	63
296	153	26	72
296	154	28	71
297	153	28	71
299	153	27	67
298	152	27	68
298	152	25	67
298	152	25	69
299	153	26	68
299	152	28	71
301	153	28	73
304	151	28	72
307	154	27	66
340	156	29	63
309	154	28	65
310	153	29	67
313	153	29	67
315	152	27	66
318	153	27	67
321	154	26	62
324	154	28	66
324	155	27	64
329	156	28	63
331	156	28	63
331	155	29	63
333	154	31	66
333	152	30	69
346	152	31	69
338	153	31	69
340	154	33	67
344	155	31	67
349	156	31	66
351	154	30	67
355	154	30	68
361	156	26	66
366	154	26	66
368	154	25	61
369	153	28	68
375	157	25	61
375	156	26	63
375	156	29	65
377	153	32	71
381	153	29	70
382	153	30	71
384	153	32	72
387	153	30	73
389	153	31	70
392	154	32	69
395	152	33	72
398	154	34	74
401	154	31	75
405	154	32	76
408	152	31	74
412	151	28	75
413	152	29	75
415	151	29	80
417	152	31	87
420	151	29	87
420	154	29	86
420	152	29	80
420	154	29	76
425	156	25	76
416	158	27	72
418	159	27	77
419	170	28	68
420	174	27	62
419	173	25	63
