258	181	23	55
257	179	23	56
258	179	23	56
259	179	23	57
259	178	23	58
259	179	23	58
260	179	24	58
259	180	24	57
260	179	24	57
261	179	23	57
260	180	23	59
261	179	23	58
262	180	23	57
262	179	23	58
262	179	23	58
263	179	22	57
262	178	23	59
264	179	22	56
264	179	23	60
264	180	22	59
265	180	22	57
266	180	23	59
266	181	23	59
265	181	24	57
265	181	24	59
266	181	23	60
266	181	23	60
261	181	25	60
238	181	25	59
245	179	27	65
242	181	27	63
245	181	26	60
245	181	27	63
246	183	26	61
246	182	27	62
246	182	26	63
247	184	27	60
247	182	27	61
248	183	27	61
249	184	27	60
247	181	27	61
251	183	26	60
250	183	26	59
252	181	25	60
253	183	25	59
253	183	25	59
254	182	24	58
256	183	24	60
255	185	25	58
256	184	24	60
256	184	23	59
256	185	24	60
255	185	24	59
258	185	22	60
257	185	23	61
257	185	23	62
258	185	23	61
258	185	23	62
258	184	23	59
259	184	22	61
259	184	22	62
260	185	22	62
260	186	23	61
260	186	22	59
261	186	22	59
261	186	23	61
261	186	23	61
261	186	23	61
261	186	24	64
261	186	25	62
262	186	24	62
262	186	25	62
262	186	25	61
263	186	25	61
263	186	25	62
263	186	25	63
263	186	25	64
263	187	26	63
264	186	25	63
264	187	25	63
264	187	25	62
265	187	25	62
264	187	26	64
265	186	25	63
265	186	25	64
265	187	26	65
238	188	27	65
248	186	29	69
244	188	27	65
246	185	30	68
244	187	29	67
248	187	28	66
249	188	27	66
247	187	28	65
250	189	28	62
247	187	29	67
250	187	29	65
250	188	27	66
251	188	28	67
251	186	28	66
253	188	27	64
255	187	27	62
255	187	26	60
255	187	26	61
256	188	26	62
256	188	25	61
224	193	26	62
232	177	33	76
236	175	35	84
236	176	33	89
235	179	29	76
238	182	31	73
237	177	28	79
236	175	32	82
239	173	32	83
236	171	31	74
246	171	28	74
239	183	29	75
238	178	30	76
238	174	30	80
242	174	28	79
243	188	27	66
244	190	26	61
245	190	26	58
246	192	27	63
245	190	28	61
246	191	30	66
244	190	30	65
246	190	30	65
246	192	29	65
245	192	30	65
247	191	30	64
248	192	29	66
249	190	28	65
248	190	28	64
249	191	28	61
249	191	27	62
249	192	26	64
250	193	27	63
250	192	27	62
250	193	27	65
251	192	27	64
250	192	27	65
250	192	27	65
251	191	27	65
251	191	28	66
252	192	28	67
250	192	27	70
221	192	29	68
232	192	32	76
230	193	30	74
229	192	30	72
231	193	32	72
229	195	31	71
231	193	31	69
232	195	31	74
231	194	30	73
233	193	30	70
231	194	29	69
235	193	29	69
233	191	28	71
235	194	27	70
236	195	25	67
235	194	26	62
236	195	25	66
237	195	26	66
236	195	26	67
236	196	26	66
235	195	27	68
237	194	27	66
237	195	27	67
237	195	27	67
237	194	27	65
239	194	26	64
238	194	28	67
239	194	27	66
239	196	27	67
239	195	27	66
239	195	27	69
241	196	27	68
242	196	26	67
242	196	26	66
243	196	26	68
242	196	26	68
243	196	26	69
245	196	26	67
244	194	26	68
246	195	27	68
246	195	26	68
247	196	26	66
247	196	26	68
248	196	26	67
248	196	25	66
249	197	25	66
250	197	26	66
250	197	26	65
251	198	26	64
251	197	26	67
248	197	27	66
219	199	28	66
231	195	30	68
228	197	29	72
230	197	30	70
230	196	30	72
230	198	29	69
232	197	29	71
230	198	31	73
234	199	31	70
233	198	31	71
233	198	31	70
237	200	32	69
236	198	29	69
238	199	30	70
238	199	29	70
240	197	28	69
239	198	29	71
240	199	28	69
239	199	28	68
240	200	29	68
239	200	30	68
239	199	30	67
241	200	28	68
244	201	27	67
242	201	27	66
244	202	26	67
244	202	26	66
243	201	26	66
244	201	26	66
245	201	27	65
245	200	27	64
247	200	27	65
246	200	27	65
247	200	27	70
246	201	28	69
247	201	28	68
248	200	27	69
248	202	28	67
248	201	28	66
249	202	28	68
249	202	28	66
250	202	29	67
250	201	31	70
251	201	30	69
250	201	29	68
252	200	27	70
253	201	27	69
253	202	27	67
253	202	28	67
253	202	28	67
253	203	28	66
253	204	28	67
253	204	28	67
253	204	27	68
253	205	28	67
253	205	27	66
253	205	27	67
254	205	28	67
253	204	28	68
255	205	28	69
255	204	28	70
256	204	27	69
256	204	27	70
256	204	27	69
256	204	28	69
258	205	29	70
259	205	28	68
258	205	29	70
260	205	30	71
260	205	32	70
261	205	32	70
263	205	33	70
262	204	35	72
263	204	34	73
263	204	34	73
263	204	32	73
264	204	32	71
265	204	32	69
265	204	31	70
267	205	31	70
268	204	28	70
267	205	28	71
267	206	28	71
267	206	30	72
269	205	30	74
269	205	30	74
268	205	30	72
269	205	31	72
269	205	30	71
270	205	30	73
270	206	29	72
271	206	29	71
272	206	29	72
272	207	29	72
273	207	29	72
275	208	28	70
275	207	28	70
275	208	29	70
277	208	28	71
276	208	30	71
277	208	31	73
276	207	31	75
278	207	31	75
278	207	32	74
278	207	32	74
279	207	33	75
280	207	31	72
282	208	30	73
283	208	30	73
283	208	30	73
283	209	31	72
284	209	29	74
283	209	31	72
284	209	31	73
285	209	30	72
286	210	30	73
286	209	30	73
287	209	30	73
288	209	30	74
288	209	30	74
289	209	30	74
288	209	32	74
289	209	32	74
290	211	31	73
291	210	32	73
292	210	32	74
292	210	32	75
293	210	32	75
294	210	31	75
295	210	30	74
297	209	29	76
298	210	30	74
297	210	30	75
297	209	31	76
298	211	31	76
298	211	32	74
298	212	32	74
298	212	32	75
300	213	31	74
299	213	32	74
