79	206	48	116
79	203	47	117
78	203	47	117
79	202	47	116
78	203	47	114
78	202	47	115
78	201	47	114
77	201	47	114
78	201	47	112
78	200	47	113
77	200	47	112
77	201	47	111
77	200	47	112
78	200	46	113
77	198	47	114
77	199	46	114
77	198	46	114
78	198	46	114
78	197	46	113
79	197	45	112
80	197	46	111
80	196	46	112
80	197	45	110
81	197	45	110
82	195	45	111
83	196	45	111
83	195	45	110
84	195	45	110
84	195	45	111
85	194	46	114
86	194	45	111
86	193	45	108
88	193	45	109
88	193	45	108
89	193	46	108
89	192	46	108
91	193	46	106
92	192	47	104
93	191	47	103
94	192	46	104
96	191	47	105
96	191	48	105
98	190	47	104
98	190	48	103
99	190	48	104
99	190	49	105
101	189	48	101
102	189	48	105
102	188	48	103
104	187	48	100
104	188	49	104
105	187	48	105
107	187	48	105
108	187	48	105
109	186	48	106
110	185	48	104
111	186	48	107
111	185	49	106
112	185	49	105
114	185	49	105
116	184	49	105
116	184	50	102
118	184	50	102
119	183	50	102
120	183	50	102
121	182	50	102
123	183	51	102
124	181	51	101
125	182	52	103
126	182	53	102
127	181	53	103
128	180	54	103
128	180	55	103
131	180	55	102
132	179	54	103
133	179	55	103
134	179	55	102
136	178	55	102
137	178	55	101
138	178	56	102
140	177	56	102
141	177	57	101
142	177	56	101
143	176	56	100
146	176	57	101
147	176	56	101
148	175	55	100
150	175	55	100
151	175	56	101
152	174	56	99
153	174	57	101
155	173	57	100
157	173	57	99
159	173	56	100
161	172	53	97
163	172	53	99
166	172	52	97
167	172	51	97
168	172	51	100
169	172	51	98
170	171	52	101
171	171	52	100
172	170	52	101
173	170	52	102
173	169	52	102
175	169	52	101
176	169	51	101
177	169	50	102
179	169	50	101
180	169	49	100
182	169	49	100
183	168	48	101
185	168	47	100
186	168	47	100
187	167	47	101
188	167	47	100
188	168	47	101
189	166	47	101
191	167	46	99
192	166	47	101
192	165	47	100
194	166	46	100
194	165	46	100
195	165	45	99
196	165	45	100
197	164	45	99
198	164	46	99
199	164	45	99
200	163	45	99
201	163	44	99
202	163	45	100
204	162	44	99
204	162	43	98
204	161	44	99
206	161	44	98
207	161	44	99
208	160	44	98
208	159	44	99
209	160	43	97
209	160	43	99
211	159	42	98
212	158	43	98
212	159	42	98
213	158	42	98
214	157	42	98
215	158	42	98
216	158	42	97
217	156	42	98
216	157	42	97
217	156	43	97
218	157	41	97
219	156	41	97
220	155	41	96
220	155	42	97
221	155	41	97
221	155	42	98
223	155	41	96
223	154	41	95
224	155	41	95
225	154	40	95
225	154	40	95
225	153	42	96
226	154	42	92
226	154	42	94
228	155	41	93
229	154	40	94
229	153	41	95
230	153	40	93
231	153	40	94
232	153	39	92
233	154	40	91
234	153	39	93
234	152	39	92
235	153	39	92
235	151	39	93
236	150	39	93
236	151	39	94
237	150	39	93
238	150	38	93
239	150	38	92
239	149	38	91
240	149	37	91
240	148	37	92
240	149	37	91
240	148	37	91
241	147	37	92
242	148	37	91
242	147	37	91
242	147	37	92
243	147	37	91
244	146	37	91
244	146	36	92
245	146	36	91
245	146	37	92
245	145	37	91
246	145	36	91
247	145	36	91
247	146	36	90
248	145	36	90
248	145	36	89
249	145	37	90
249	145	36	89
249	145	36	87
251	145	36	85
252	145	36	86
251	145	37	86
252	144	37	87
252	143	36	88
252	142	37	89
253	142	36	89
253	141	36	88
253	142	34	89
253	141	35	89
254	141	35	90
254	140	36	90
253	140	36	90
253	139	37	90
253	139	37	91
253	139	37	90
253	139	37	90
253	139	37	91
252	138	37	91
252	139	37	91
252	137	36	91
251	137	37	91
252	137	36	90
251	136	37	90
252	136	36	89
251	136	37	89
252	137	36	89
251	136	37	89
250	136	37	89
251	136	36	89
250	135	36	88
250	136	37	89
251	135	36	90
251	136	37	89
250	135	37	89
251	135	36	89
250	134	36	90
250	135	36	89
250	134	36	90
251	134	36	90
251	134	36	89
251	134	37	89
252	133	36	89
252	133	35	88
252	133	36	88
252	134	35	88
253	132	36	89
252	133	35	88
253	133	35	88
254	133	35	87
254	132	35	87
254	132	35	87
254	131	35	87
254	131	35	86
253	132	35	85
253	131	35	85
253	131	35	86
253	132	36	86
253	131	35	83
252	132	35	84
253	131	35	84
253	130	36	86
253	131	35	85
253	130	35	86
253	130	35	85
253	130	35	84
254	129	35	84
255	129	35	85
255	128	35	84
255	128	35	86
256	128	35	84
256	128	34	83
256	128	34	83
259	127	37	81
285	131	48	88
310	127	45	85
332	124	49	84
355	122	46	87
371	129	62	102
400	119	54	100
417	122	56	105
441	128	63	117
452	128	84	133
447	144	102	152
507	117	68	95
508	120	39	85
509	117	37	82
508	121	36	79
511	121	35	81
510	119	35	81
512	119	36	81
512	118	36	83
512	117	35	84
512	117	36	84
513	119	37	81
514	116	35	82
515	117	36	82
514	118	36	81
515	116	34	83
515	117	35	82
517	117	35	81
516	116	35	82
516	115	35	81
515	116	36	80
517	114	35	81
516	114	35	81
517	114	35	80
516	114	34	80
516	113	35	79
515	112	35	79
515	111	36	80
515	111	35	80
516	112	34	78
516	111	34	78
517	111	34	77
516	112	34	78
516	111	34	77
516	108	34	80
516	110	34	78
516	108	34	79
515	109	33	78
516	109	34	79
515	109	34	78
516	109	35	80
515	108	34	80
515	109	35	78
514	108	34	79
515	109	34	79
515	107	35	80
515	110	35	77
514	109	35	78
513	109	36	77
513	108	35	77
512	109	36	76
514	108	36	78
512	108	35	77
512	107	35	78
512	109	35	76
512	108	35	77
511	108	35	76
511	108	35	77
510	107	35	77
510	109	35	76
510	108	34	76
509	108	34	77
509	107	35	77
510	107	34	77
508	108	34	76
509	108	34	76
508	107	34	76
508	106	34	76
510	106	34	75
508	105	34	76
509	106	33	75
509	106	35	74
508	105	34	75
510	106	34	75
510	104	34	75
509	105	34	74
510	104	33	75
510	104	34	74
511	105	33	73
511	103	33	75
510	102	33	77
512	103	32	75
512	103	33	75
511	102	33	77
510	102	35	76
513	102	34	76
511	102	34	77
511	101	33	76
512	101	34	76
512	101	33	75
511	101	34	76
511	101	35	76
512	100	34	76
511	101	34	75
512	101	34	75
513	101	33	75
512	99	34	76
512	100	34	75
512	100	34	76
512	99	34	75
512	100	33	73
512	99	32	73
512	99	33	73
512	100	33	75
511	99	34	75
511	98	34	76
510	98	33	75
511	99	32	71
511	97	33	74
509	97	33	75
511	99	33	74
509	99	33	74
508	97	33	74
510	98	33	73
509	97	32	74
508	97	33	73
509	98	32	72
508	97	33	73
508	98	32	72
507	98	32	72
506	97	32	72
506	97	33	72
506	97	33	73
506	97	32	71
505	97	32	71
505	96	33	72
504	98	31	70
504	97	33	72
503	97	32	72
503	96	32	71
503	96	32	72
503	97	31	71
502	96	30	71
501	95	31	71
502	97	31	70
501	96	30	71
501	96	31	71
502	96	31	70
501	96	31	72
501	95	31	73
500	95	31	72
501	96	31	73
500	95	31	73
501	96	31	73
501	96	31	72
501	95	30	73
500	95	30	72
500	95	31	73
500	95	30	74
501	94	30	73
500	95	31	74
500	94	31	74
501	95	31	74
501	94	30	73
500	94	30	74
500	94	30	73
500	93	30	73
501	92	30	74
500	93	30	74
501	94	30	73
500	93	30	74
501	93	30	73
500	93	30	74
500	91	30	73
