422	77	21	50
424	74	21	54
427	74	22	53
429	76	21	53
431	74	21	52
432	74	21	54
435	72	21	54
436	74	21	52
437	73	20	52
439	72	21	52
441	72	22	53
442	73	21	53
443	72	21	51
444	71	22	53
446	70	23	53
447	71	22	52
451	72	22	53
455	70	22	52
457	70	21	53
459	69	21	53
468	67	20	54
468	66	21	54
469	67	21	53
469	67	22	53
470	66	22	53
471	67	22	50
470	65	22	52
471	66	22	53
472	65	22	53
473	66	22	52
474	66	22	52
482	63	21	53
483	62	20	52
484	62	20	53
485	61	21	52
485	61	21	52
487	63	21	52
486	62	21	52
487	61	21	53
486	60	21	53
490	60	21	52
493	60	21	52
492	59	22	52
499	58	21	53
500	57	21	53
500	58	21	51
501	58	22	51
503	58	22	50
504	57	22	52
504	56	22	51
506	58	22	51
508	55	21	50
512	56	22	49
511	54	24	54
512	54	24	53
512	54	23	52
514	54	23	52
517	54	23	49
516	53	23	50
517	54	24	49
519	53	23	50
521	53	23	51
524	56	23	48
526	55	24	45
532	39	24	52
534	42	24	56
495	47	25	56
505	47	23	51
494	46	22	53
490	44	27	54
488	52	30	59
454	115	26	49
457	129	23	46
457	128	22	46
454	113	22	47
452	113	23	49
453	114	23	48
