313	28	38	52
312	29	40	54
313	28	40	56
313	29	41	56
313	31	40	57
313	32	41	57
314	33	42	57
313	34	44	58
315	35	42	58
315	36	42	59
315	38	41	60
314	39	43	60
314	41	43	61
315	43	43	61
314	44	46	62
314	45	46	63
314	47	43	63
314	49	44	64
313	50	46	64
313	50	47	65
314	53	46	65
313	54	46	66
313	56	47	68
313	57	51	69
313	60	49	70
311	61	48	70
311	62	48	71
310	63	49	71
310	66	50	72
292	66	51	73
271	69	50	73
246	70	53	74
211	74	54	75
196	78	57	76
197	78	56	77
199	80	55	77
200	82	56	78
201	86	57	78
200	87	59	79
191	87	61	82
160	91	59	82
160	95	59	82
161	95	60	84
163	97	62	84
163	101	63	85
169	106	61	87
170	109	64	88
173	113	65	91
173	116	65	91
175	118	65	92
174	119	66	94
177	123	67	95
182	127	67	96
186	111	68	101
188	68	69	103
190	29	72	104
192	5	72	107
190	0	78	88
194	0	75	82
196	0	79	89
197	0	80	91
198	0	83	93
200	0	82	99
204	0	81	102
209	0	85	110
213	0	89	119
219	6	91	122
224	11	93	122
224	14	94	125
229	19	97	126
234	23	99	129
236	26	100	130
241	27	99	132
246	33	102	134
247	36	104	136
253	40	111	138
255	43	110	141
261	48	113	143
267	52	112	143
267	54	115	145
276	42	117	151
287	11	119	155
294	0	129	133
302	2	135	132
311	0	134	140
317	0	140	148
323	0	139	153
332	0	145	167
339	0	145	172
348	6	154	178
354	9	154	182
360	13	158	185
372	20	162	188
378	28	166	189
387	33	167	191
400	38	173	200
406	48	178	197
419	56	185	204
442	42	183	211
