371	197	19	32
371	196	19	33
370	197	19	33
369	197	19	34
368	197	19	34
368	197	19	35
368	196	19	34
365	197	20	35
364	196	21	35
363	197	21	35
362	197	22	36
361	198	22	35
361	198	21	35
358	198	22	35
358	198	21	35
358	198	20	35
357	199	20	35
356	198	19	36
355	198	20	35
354	199	20	36
353	198	20	36
353	199	20	37
351	199	21	36
350	198	21	37
349	198	21	36
349	198	21	38
349	199	21	38
348	199	21	39
347	200	21	40
347	199	21	41
346	200	20	37
345	200	19	39
345	200	19	40
343	200	20	41
340	199	22	43
340	200	20	41
338	199	21	42
338	200	20	41
337	200	21	43
336	199	20	42
335	200	21	43
334	199	21	43
333	199	21	43
332	200	21	44
332	200	21	45
332	200	22	45
331	199	22	45
331	200	22	44
330	199	23	45
329	200	23	45
330	199	22	46
329	200	23	46
329	200	22	46
328	200	23	46
327	201	23	45
327	200	23	46
326	201	23	45
326	201	23	46
325	201	23	46
324	202	24	46
324	201	23	47
323	202	23	47
322	202	24	47
321	202	24	47
321	201	24	48
320	201	23	47
319	201	23	47
319	200	23	48
319	200	23	48
318	199	23	49
318	199	23	48
318	199	23	48
317	198	23	49
316	198	23	50
316	198	24	50
315	197	23	49
315	198	24	50
314	198	24	49
313	198	24	50
312	198	25	50
311	198	25	51
311	197	24	51
310	197	25	50
309	196	25	50
309	197	25	50
309	196	25	50
309	196	25	50
309	196	25	51
308	195	24	51
308	196	24	50
308	196	24	50
309	196	24	50
308	195	25	50
308	197	25	50
308	196	25	50
308	197	25	49
308	198	25	49
308	198	25	49
309	197	25	50
309	197	25	49
309	198	24	50
310	197	25	50
310	197	26	50
310	196	25	50
310	197	25	50
310	197	26	49
311	197	26	50
311	197	26	50
310	197	26	49
310	197	26	49
310	198	26	49
310	197	27	50
311	198	26	50
311	198	25	49
310	198	26	49
311	197	26	49
311	198	26	49
311	197	26	50
312	197	25	49
312	197	25	50
312	197	25	49
313	196	25	51
313	197	25	51
313	196	25	51
312	197	25	51
312	196	26	52
312	196	25	52
312	196	25	52
312	196	25	52
313	196	24	52
312	197	25	51
313	197	25	51
313	196	25	51
313	198	25	50
314	197	25	50
313	198	26	50
314	199	25	50
315	198	25	51
315	198	25	50
315	198	26	50
315	198	26	50
316	197	26	50
317	198	25	50
316	197	25	50
317	198	25	51
317	197	26	50
316	198	26	50
317	197	26	51
317	198	26	50
316	198	26	51
316	197	27	50
317	198	26	50
317	198	26	50
317	198	26	50
317	198	26	50
317	199	25	50
318	198	25	51
317	198	25	50
316	198	25	50
316	199	25	49
315	199	26	50
316	198	27	50
315	200	28	49
314	199	30	50
314	200	31	49
313	200	31	49
313	200	33	48
313	200	33	49
312	200	35	48
310	199	36	49
309	198	38	49
311	197	37	50
309	198	29	49
309	197	26	49
309	197	29	50
308	197	29	50
308	197	35	50
307	197	32	49
306	197	30	48
305	198	27	48
306	198	36	48
305	199	32	48
304	198	29	48
304	197	33	48
304	198	35	49
301	197	38	49
301	196	37	50
302	195	36	50
301	195	35	51
300	195	37	50
299	193	38	52
298	194	38	51
297	194	37	52
297	195	37	51
295	194	37	51
294	194	39	52
293	193	38	51
290	193	39	53
290	193	39	52
290	192	37	53
288	191	36	53
288	190	35	54
286	190	34	56
285	189	32	54
284	189	31	54
283	190	30	54
284	188	28	55
283	189	27	54
283	190	27	53
281	190	28	52
280	190	28	52
280	191	29	53
279	190	29	53
278	190	30	53
278	190	31	53
277	190	30	53
276	189	30	53
276	188	28	54
275	189	27	52
275	189	26	53
275	188	26	53
274	189	26	52
273	189	26	51
272	190	25	51
271	190	26	50
270	190	26	49
269	191	26	49
268	191	27	48
267	191	27	47
266	191	27	46
263	191	28	45
262	191	28	44
260	192	28	44
260	191	28	45
257	192	28	45
257	192	26	46
256	191	26	46
254	191	27	46
252	191	28	47
250	191	28	47
249	191	28	47
248	191	27	47
247	191	28	47
246	191	26	46
244	191	25	46
241	192	27	46
238	191	28	46
237	191	26	45
235	191	25	44
233	190	25	45
231	190	26	46
229	189	27	47
227	188	27	48
223	186	28	49
222	188	27	48
219	188	28	48
216	189	27	46
214	189	25	45
213	189	27	45
210	187	26	48
206	187	29	47
204	186	27	48
201	185	27	44
200	186	26	44
197	185	25	44
194	185	26	43
190	185	23	42
187	183	24	46
182	181	25	49
179	181	26	49
176	179	27	49
172	179	27	49
169	179	26	49
165	179	24	48
162	179	24	48
159	179	27	48
154	178	28	48
150	178	29	48
147	176	28	49
141	176	27	48
139	176	27	47
139	175	27	45
138	174	27	47
138	173	26	47
138	171	27	48
138	171	27	49
138	168	28	49
136	168	28	49
138	168	27	46
137	168	27	46
137	169	27	45
138	168	27	43
138	167	28	44
139	165	27	44
137	164	27	45
138	163	27	44
137	162	26	45
137	162	27	44
137	162	27	44
137	161	27	45
138	161	27	45
137	157	25	45
136	155	25	45
135	154	26	48
137	152	25	47
137	152	25	45
137	152	25	43
137	153	25	42
137	153	24	42
137	152	25	41
137	151	24	41
137	148	25	43
136	148	25	42
135	146	25	42
136	145	24	42
136	145	24	41
137	145	23	40
138	145	22	39
138	145	23	39
138	144	22	39
139	141	22	39
138	140	22	40
137	140	23	40
138	139	22	38
140	140	20	37
139	140	22	37
139	140	21	37
137	138	22	38
137	136	22	38
138	134	21	37
140	134	22	39
139	133	23	38
140	132	21	36
141	133	21	36
