484	167	15	53
483	166	16	53
483	166	16	53
484	166	16	53
482	167	16	52
482	167	16	53
482	167	16	53
481	167	16	54
481	168	16	53
481	167	17	53
480	167	17	53
479	167	17	53
479	167	17	53
478	167	18	54
478	167	18	52
478	167	18	54
477	168	19	54
477	169	19	54
478	168	18	53
477	168	18	53
478	168	18	54
478	167	18	54
478	168	18	54
478	168	18	54
478	168	18	55
477	169	19	54
478	170	19	54
478	170	19	54
477	170	19	53
478	170	18	55
479	170	18	53
478	170	18	53
478	170	18	53
478	170	18	55
478	170	18	53
478	171	18	53
477	171	18	53
478	171	18	54
477	172	19	54
477	171	18	52
477	171	18	53
477	171	18	53
476	172	19	53
477	171	18	55
476	171	18	54
477	171	18	54
475	172	18	55
475	172	19	54
474	173	19	55
474	172	19	55
473	172	18	54
473	172	18	56
472	172	19	55
472	172	19	56
472	173	19	55
471	173	19	55
471	173	19	54
470	173	19	55
470	174	20	54
469	174	20	53
470	174	20	54
470	173	20	54
469	173	20	54
469	174	19	54
470	174	19	53
469	174	18	54
469	175	18	54
469	175	18	53
469	176	18	53
468	176	18	52
467	176	18	53
467	176	18	53
466	176	19	54
466	177	19	53
464	177	20	53
464	176	20	54
466	176	20	53
464	177	20	53
464	177	20	53
465	178	20	53
464	177	20	53
464	177	19	53
465	177	19	54
464	178	19	53
465	177	19	54
463	177	19	54
464	178	18	54
462	178	19	55
463	178	19	53
462	178	19	54
463	179	18	53
462	179	18	54
462	179	18	53
462	179	18	54
462	180	18	54
461	179	18	54
462	180	19	52
462	179	18	54
461	180	19	54
461	180	19	54
461	180	18	54
460	180	19	53
462	180	19	53
460	180	19	52
460	179	19	53
460	180	20	53
461	181	19	54
460	180	20	54
460	181	20	54
460	180	19	53
460	181	19	55
460	180	19	53
460	180	19	54
460	180	19	54
460	180	19	54
459	180	19	54
459	181	19	54
459	180	20	55
458	182	20	55
457	181	19	54
458	181	20	55
458	180	19	54
457	182	19	54
458	182	19	54
457	182	19	53
458	182	19	55
457	182	19	55
458	182	19	54
458	182	20	54
458	182	20	54
458	182	19	55
459	182	20	54
458	181	19	55
459	182	19	55
458	182	19	55
458	182	19	55
458	182	19	55
457	182	19	56
458	182	19	55
457	183	19	56
457	183	18	56
457	183	19	55
456	183	19	55
456	183	18	56
456	183	19	54
455	183	19	56
455	184	19	56
455	184	19	55
456	185	19	55
455	184	18	55
456	184	19	55
455	184	19	55
455	184	19	55
455	184	19	56
455	183	18	55
454	184	19	57
453	184	19	57
453	185	19	56
452	186	20	56
452	185	19	57
451	185	19	57
450	185	19	56
450	186	19	56
449	185	19	55
449	185	20	56
449	186	20	57
449	186	21	57
448	186	21	57
449	186	21	57
448	187	21	57
449	187	20	57
448	186	20	56
448	187	20	55
449	186	20	55
448	186	20	57
448	186	20	58
448	187	20	57
448	187	20	57
447	188	20	57
446	188	20	56
446	188	19	57
445	188	20	57
445	188	20	56
445	188	20	57
444	188	20	58
445	188	21	58
443	189	21	58
444	189	21	57
444	189	21	57
443	189	21	58
444	189	21	56
443	189	21	58
444	189	20	57
443	189	20	57
444	189	21	57
443	189	21	58
443	190	20	58
442	189	21	58
441	190	21	59
441	190	20	59
441	191	21	59
439	191	20	58
440	190	20	60
439	189	21	59
438	189	21	61
438	189	21	62
438	189	22	61
438	190	22	61
436	191	24	62
423	191	25	62
409	191	26	62
400	191	26	62
383	190	26	63
373	189	25	64
358	189	25	65
345	190	25	65
336	190	28	65
326	191	24	64
335	192	24	64
352	191	24	64
356	192	24	63
367	192	25	65
377	191	25	65
392	190	26	65
400	191	25	65
408	191	25	65
425	191	24	65
432	192	25	65
422	192	25	64
404	193	26	63
396	192	25	64
385	192	25	64
369	193	24	64
361	193	25	65
353	193	25	66
336	193	24	65
324	193	25	66
321	193	22	65
333	194	22	64
346	194	24	64
349	194	24	64
367	195	23	65
376	195	22	64
387	195	24	64
401	195	23	64
408	195	25	64
421	193	23	65
420	194	25	65
411	194	26	66
401	195	25	66
382	195	26	65
367	197	25	64
356	197	26	65
343	197	26	66
332	197	25	66
323	197	24	66
319	197	24	66
327	197	24	66
339	197	25	67
343	197	24	65
359	198	24	66
371	198	23	67
386	198	23	65
397	198	23	65
412	198	23	65
419	198	24	65
415	198	25	66
400	199	26	67
391	198	25	68
373	199	25	68
364	199	24	66
352	201	26	65
339	201	26	66
327	200	24	67
313	201	25	67
311	201	25	67
320	201	24	68
338	200	23	68
346	201	24	66
361	200	23	67
354	203	26	63
379	201	24	67
395	201	24	67
407	202	25	67
415	202	25	67
403	202	25	67
389	203	25	67
377	202	26	68
370	202	24	69
355	202	25	68
336	203	26	68
328	205	25	66
316	206	25	68
306	205	25	69
316	205	25	68
334	205	26	68
343	205	25	67
343	207	25	65
365	205	25	67
378	204	24	68
373	207	25	65
383	206	27	67
399	207	26	68
407	206	25	69
396	206	27	69
382	207	27	69
371	206	26	70
362	207	26	70
344	207	28	69
336	206	27	70
320	207	28	71
309	207	27	70
304	208	27	70
312	209	28	70
317	209	27	69
335	208	25	69
348	209	25	69
356	208	25	69
371	208	26	70
380	208	26	69
396	207	25	71
409	208	25	69
412	207	26	70
415	208	25	71
413	209	26	70
414	209	25	71
411	210	27	70
411	209	26	72
411	209	27	72
409	209	28	72
407	209	28	71
407	209	28	71
407	210	29	69
404	210	30	71
402	210	31	71
403	210	31	70
403	211	30	70
403	210	30	72
403	211	30	70
403	211	31	73
403	211	30	72
402	211	30	72
403	211	28	72
406	212	27	70
406	213	27	70
407	214	26	70
405	215	27	70
405	214	26	70
403	214	26	70
404	214	26	70
406	212	26	71
403	213	28	71
402	213	28	72
404	213	28	72
403	214	28	72
404	214	28	72
405	214	28	72
406	213	28	72
407	214	28	72
407	213	28	73
407	214	28	74
407	214	28	74
408	214	27	73
408	215	27	73
409	215	27	73
409	216	27	73
409	216	26	73
409	217	26	72
409	217	25	71
408	217	25	71
409	216	25	72
408	217	26	73
408	216	27	74
409	217	26	75
408	217	27	75
409	217	27	74
409	218	27	75
409	219	27	75
410	218	26	75
410	218	27	75
410	218	27	76
411	217	27	76
411	217	28	77
411	218	28	76
410	218	29	77
410	220	29	77
410	221	29	77
411	221	29	76
412	221	27	76
411	221	27	76
412	220	27	76
412	221	27	76
412	221	27	77
412	221	27	77
412	222	27	77
412	223	27	76
413	223	27	76
415	223	27	77
415	223	26	76
415	224	26	75
415	223	26	77
416	222	24	77
417	223	26	78
417	224	26	78
417	225	26	78
416	225	26	77
415	226	26	77
415	226	26	77
415	226	26	77
415	225	27	78
414	226	26	78
415	226	26	79
415	225	26	79
415	225	27	79
413	226	26	78
414	227	28	78
414	228	27	78
414	228	28	77
415	229	27	77
414	228	27	78
414	228	27	77
414	228	27	78
414	228	27	79
414	228	27	79
414	228	26	79
414	229	26	80
415	229	27	80
413	230	26	79
413	230	26	80
412	231	26	80
412	231	27	80
411	230	27	80
410	231	28	80
410	231	28	81
410	231	28	81
409	231	29	81
409	232	29	81
409	232	30	81
408	233	30	81
408	233	29	80
410	233	29	81
410	233	29	81
409	232	30	81
410	232	30	83
410	232	30	84
409	233	30	83
410	233	30	84
410	234	29	83
409	236	30	83
409	236	30	82
409	236	29	83
410	236	28	82
408	236	30	82
409	235	28	83
405	235	29	82
401	236	30	83
389	237	33	85
388	237	30	84
376	238	34	85
377	238	30	86
372	237	30	85
366	238	32	86
360	237	30	87
358	238	31	86
348	237	32	87
344	239	31	86
341	239	31	86
330	240	34	88
327	241	33	87
318	242	35	87
314	242	33	87
310	242	33	87
301	242	34	87
298	242	34	87
293	242	33	87
286	243	35	88
281	244	34	88
278	244	32	87
270	245	32	88
265	247	31	86
263	247	32	86
258	247	32	87
249	246	32	87
245	246	32	87
235	246	33	88
231	246	34	88
227	246	32	89
223	246	33	89
213	247	34	90
208	248	33	89
205	249	33	88
196	249	33	90
190	250	34	90
184	250	36	89
176	249	33	90
171	249	34	90
166	250	34	90
163	251	34	90
153	251	33	90
153	252	33	91
152	253	32	90
153	254	33	91
152	254	32	90
151	254	33	89
150	253	34	91
147	254	36	89
145	253	37	91
144	254	38	91
142	254	39	92
141	255	39	91
140	255	40	93
142	256	38	91
140	257	41	92
142	257	40	91
141	257	40	92
143	258	37	91
142	256	38	93
141	257	37	93
141	257	36	93
140	257	38	94
141	258	37	93
140	259	37	94
137	259	39	95
138	260	37	93
138	261	35	93
140	258	36	93
140	255	36	93
141	254	35	92
142	249	33	91
140	246	34	92
142	243	33	93
142	240	33	91
138	237	34	92
139	234	33	93
141	232	32	91
138	228	32	89
139	225	31	91
137	222	32	88
138	218	31	89
137	215	32	90
137	210	30	91
137	208	31	92
136	206	32	93
137	203	32	93
134	203	33	94
134	202	33	94
133	203	32	92
134	202	33	92
134	203	32	93
133	202	31	92
133	203	32	93
133	203	33	93
134	203	32	94
134	205	32	93
132	205	32	92
133	206	31	91
131	206	32	90
132	208	31	88
131	208	31	89
134	207	34	91
139	206	34	91
142	205	35	92
153	207	35	95
130	209	32	90
134	209	32	90
144	209	33	92
174	208	36	97
184	208	36	97
187	207	35	97
193	206	35	96
197	207	37	96
207	207	36	97
213	206	35	97
215	207	36	98
226	207	36	98
230	207	37	97
238	208	36	98
243	208	37	98
253	209	38	99
258	209	38	99
260	210	36	99
260	210	35	98
260	210	34	97
260	210	36	98
259	210	35	101
258	210	37	100
259	211	36	101
260	211	36	101
262	212	35	100
263	213	35	99
263	213	35	98
263	212	36	100
265	212	36	100
265	212	36	101
264	213	38	102
265	214	39	102
265	214	38	103
267	216	37	103
268	217	37	102
268	217	37	101
268	217	37	101
268	218	37	102
268	217	38	103
269	217	37	103
269	218	36	103
268	220	38	103
270	220	37	103
272	221	36	102
273	221	36	101
272	221	38	101
260	221	40	104
258	221	38	104
251	222	39	104
246	223	39	105
242	225	39	106
227	225	43	106
230	226	39	106
222	227	41	106
209	226	42	104
206	229	40	102
204	228	39	104
193	227	40	106
190	231	40	104
186	231	39	105
179	232	40	105
174	234	39	105
170	233	38	105
162	236	41	106
157	233	39	107
155	235	37	104
154	236	38	105
152	235	38	106
153	235	40	107
152	235	40	109
153	236	40	109
152	237	39	109
119	241	38	102
153	239	38	107
152	240	38	107
121	243	37	100
124	243	38	103
153	241	37	107
149	242	39	107
153	241	38	110
150	242	39	110
154	243	38	111
153	243	38	111
152	244	39	112
152	245	38	112
153	245	38	112
151	244	39	113
153	243	39	114
151	244	40	115
152	244	40	115
152	245	40	116
151	247	41	115
152	248	41	114
151	248	41	116
151	249	41	116
149	250	41	116
150	249	41	117
149	249	41	118
150	250	40	118
149	250	41	117
149	251	41	117
151	252	41	117
149	253	41	117
151	254	41	118
149	254	42	120
150	254	41	120
149	254	42	120
150	254	43	121
151	254	43	121
151	254	43	122
150	255	43	122
150	255	44	122
151	256	43	122
151	258	45	121
151	259	43	121
150	261	44	122
150	262	44	120
150	262	44	120
149	262	44	121
149	262	43	121
150	261	44	122
148	263	45	122
147	264	45	124
145	265	48	122
146	265	48	124
149	266	47	125
148	267	46	125
148	266	47	125
148	267	46	125
150	267	45	125
150	268	44	124
149	268	46	125
148	273	47	129
149	279	47	129
148	285	46	128
149	287	45	127
148	290	44	125
147	290	44	126
147	289	45	127
146	289	44	127
147	290	43	127
147	290	44	128
145	291	46	128
145	292	46	129
148	293	44	129
147	294	44	129
148	295	44	129
149	296	42	128
147	296	45	128
150	296	43	128
148	295	43	129
148	296	44	129
149	297	44	129
149	297	43	128
151	297	43	130
149	298	46	130
150	299	46	132
153	299	44	132
149	300	45	130
154	300	42	131
153	301	42	130
152	301	43	130
155	299	42	131
123	306	42	120
156	286	43	132
151	283	48	127
159	272	44	133
159	261	46	133
163	255	45	134
160	244	45	133
163	241	45	132
162	234	46	134
162	227	45	130
162	215	46	131
163	209	45	133
159	204	48	133
162	193	44	132
155	188	47	131
158	180	45	133
162	174	43	133
162	166	43	132
155	159	47	132
161	153	43	133
162	146	44	134
163	138	43	132
163	129	43	135
162	124	45	135
162	120	45	134
164	108	44	133
163	104	45	134
164	97	44	136
160	92	45	135
164	92	42	133
164	93	44	131
164	92	44	132
165	93	43	131
165	93	43	131
165	94	44	130
164	93	44	131
162	94	45	130
164	94	44	131
162	94	45	131
163	94	43	131
163	95	44	129
162	95	44	129
161	96	43	128
160	97	44	127
160	98	44	127
158	99	45	127
156	99	45	128
154	100	46	128
149	101	49	129
149	100	48	129
147	100	49	131
145	101	49	130
145	101	49	131
144	101	49	132
142	102	49	131
140	103	50	131
139	103	50	133
139	105	51	124
138	107	52	118
136	109	52	116
139	108	51	97
137	107	52	84
137	106	49	89
136	107	50	93
99	117	49	109
136	107	51	99
133	112	53	101
130	112	54	109
132	111	54	119
133	111	49	128
130	112	50	135
131	113	50	136
128	113	53	137
131	113	52	140
131	112	52	142
132	111	50	142
130	112	52	143
128	113	52	142
123	116	55	142
130	115	50	143
119	117	59	140
100	122	52	139
96	124	49	136
95	127	47	133
95	128	48	133
93	129	52	134
92	130	55	135
92	129	53	138
92	131	54	138
94	128	55	142
97	130	51	142
98	130	51	142
103	131	49	141
101	131	50	141
103	133	48	141
104	134	50	142
142	131	51	146
138	133	53	146
136	131	54	149
142	130	52	150
142	132	51	149
143	133	50	148
144	135	51	148
143	136	53	147
145	138	53	148
146	139	55	150
149	138	53	152
150	139	53	152
151	140	54	152
150	140	55	154
153	139	55	156
154	139	55	156
155	141	55	158
157	144	57	158
156	146	59	157
156	147	58	158
157	148	59	157
162	149	57	159
162	150	56	158
162	150	55	157
164	150	55	157
165	151	55	158
166	152	55	158
166	153	56	159
167	155	57	159
167	157	57	157
168	157	58	158
169	158	59	160
171	159	59	161
172	160	60	162
174	159	58	160
176	161	59	162
177	161	56	162
179	162	59	162
179	163	59	165
181	164	63	165
178	166	63	166
179	167	67	167
175	171	70	167
178	170	66	169
175	171	68	167
180	171	68	168
182	172	64	168
184	174	63	164
185	175	61	166
187	177	63	167
186	178	63	167
186	180	62	165
188	180	64	166
188	182	62	170
189	183	64	169
191	184	62	170
193	184	61	170
196	183	60	171
197	184	58	171
196	185	60	172
198	184	62	174
197	188	64	177
196	190	67	175
196	191	68	177
194	194	71	178
197	193	68	180
198	196	69	179
200	197	67	178
202	198	65	178
203	199	64	176
204	199	66	177
204	200	66	178
205	202	67	178
208	203	65	178
207	205	66	180
210	206	68	180
213	206	68	182
216	206	68	184
217	207	66	182
219	208	66	182
221	208	65	182
223	209	67	182
224	211	67	184
224	212	68	186
225	213	69	188
223	216	71	188
223	217	75	190
223	218	74	193
226	218	75	194
231	219	72	191
233	221	70	186
235	222	69	189
238	225	67	185
239	226	69	188
242	227	69	189
245	229	69	188
246	231	68	186
247	232	69	184
247	233	70	184
244	234	71	182
228	234	75	183
222	233	71	185
216	235	73	185
191	238	83	181
193	239	75	181
183	242	78	179
165	246	83	175
159	251	80	172
152	251	81	173
148	254	75	169
153	255	70	169
154	255	70	168
155	256	68	168
157	256	70	169
159	257	69	169
159	258	70	170
162	261	72	169
161	262	74	170
165	266	72	169
163	266	73	175
169	267	71	180
173	267	71	178
175	269	72	181
177	266	70	180
181	258	70	183
183	254	71	185
184	250	72	194
185	246	74	186
187	241	78	187
186	237	79	192
190	233	78	196
192	229	78	195
187	222	82	208
190	214	85	217
191	208	84	195
201	199	79	196
207	193	77	200
209	188	81	215
211	181	81	218
211	178	84	218
217	171	82	219
220	166	81	222
221	163	81	222
226	155	80	222
228	148	79	222
232	143	80	222
227	139	83	220
236	133	82	222
239	135	84	228
239	135	83	231
241	142	87	228
246	144	86	230
248	146	84	230
252	148	84	232
256	149	84	231
261	151	82	229
261	153	82	231
267	153	81	227
270	156	81	228
273	158	82	230
275	162	87	233
