305	117	37	90
305	117	36	90
304	116	35	91
302	117	36	90
302	116	36	91
301	117	35	90
301	117	35	89
301	118	35	89
300	118	35	89
299	118	35	89
298	117	35	88
297	117	34	88
297	117	34	87
296	117	34	87
295	117	33	88
294	116	34	89
292	116	34	89
291	116	34	89
291	117	33	88
288	117	35	88
287	118	35	87
286	118	35	87
285	118	37	88
283	118	35	88
281	117	37	89
280	117	36	87
279	117	36	87
278	116	33	84
276	117	34	83
275	117	34	82
271	118	36	80
275	117	31	82
271	119	34	82
273	118	31	78
270	121	33	76
274	120	30	78
274	123	30	74
272	124	31	66
272	126	30	66
272	127	31	59
272	126	29	56
273	123	29	61
272	124	29	60
271	127	31	57
269	125	32	58
266	129	32	54
269	124	29	57
257	126	34	57
259	127	37	56
247	122	39	64
249	119	42	70
249	119	40	71
243	119	37	72
244	123	40	72
257	121	38	69
245	121	40	70
249	119	40	70
263	121	36	66
245	123	37	68
248	122	42	66
252	122	40	67
245	120	40	67
256	119	39	66
249	116	39	70
246	122	37	64
251	118	39	65
267	118	33	63
269	119	30	60
271	119	29	61
270	120	29	62
270	119	29	66
275	121	27	65
275	119	28	69
274	120	29	73
279	118	27	78
276	118	31	78
279	118	32	81
279	119	34	83
280	119	33	84
280	119	34	84
281	120	35	84
282	120	35	85
283	119	34	86
284	118	33	87
286	117	33	87
286	117	32	87
290	117	31	86
290	117	32	87
291	115	33	87
292	116	32	85
294	116	32	86
295	117	33	86
296	117	32	88
297	117	33	88
298	117	32	88
299	118	32	87
300	118	32	88
301	118	32	87
302	117	33	87
303	117	34	88
304	119	34	87
305	118	34	88
306	118	33	88
306	118	33	88
307	118	34	87
308	117	37	88
309	118	38	88
310	119	41	86
310	118	40	89
311	119	40	88
313	119	39	88
314	118	39	88
315	117	39	89
316	117	38	89
318	117	36	90
316	116	37	90
318	116	36	90
318	117	36	89
319	116	35	90
319	116	36	90
320	116	35	90
320	115	36	90
321	115	36	89
323	115	33	90
325	115	32	90
325	115	32	91
326	114	33	92
327	116	32	90
327	116	32	91
326	116	33	91
327	116	32	90
328	116	32	90
327	116	33	90
327	116	32	89
329	116	32	90
328	115	32	91
328	117	32	89
329	116	31	90
329	117	31	89
329	114	31	92
330	117	31	89
330	117	32	89
330	117	32	90
331	115	32	90
332	117	32	90
333	116	32	91
334	117	32	89
335	118	33	86
336	118	33	85
337	117	34	86
339	119	35	86
340	117	34	88
340	119	36	86
340	119	42	88
342	118	44	87
343	118	43	89
345	118	42	89
347	118	40	88
348	117	38	90
350	117	37	89
350	117	38	88
352	117	36	89
355	117	35	88
355	117	35	89
356	117	35	89
359	118	34	90
359	118	35	90
362	117	34	91
364	117	34	91
365	117	33	91
366	117	33	90
367	118	34	90
370	117	33	90
370	117	34	90
371	116	35	91
372	117	34	91
374	117	36	91
375	117	38	91
376	117	42	91
377	117	43	90
378	117	43	90
379	119	42	88
380	117	42	90
382	118	41	90
383	117	41	90
384	116	39	91
385	117	39	91
388	116	36	91
390	116	35	92
392	116	34	92
394	116	34	92
395	116	34	92
396	116	34	92
397	115	33	92
398	116	32	92
400	117	32	91
401	117	31	91
403	118	31	91
403	117	31	92
405	117	31	92
406	117	31	93
407	115	32	92
409	114	33	93
410	116	33	91
410	115	35	92
412	117	34	92
413	116	35	93
413	116	38	92
414	116	40	93
415	116	40	92
416	115	41	93
418	116	39	93
419	116	38	93
420	115	38	93
420	114	37	94
421	114	37	94
422	114	39	94
425	113	37	94
429	114	35	95
431	114	34	94
432	113	34	94
434	115	35	92
435	115	35	93
436	117	35	93
437	114	36	93
439	116	34	93
440	116	35	92
442	116	35	93
442	116	35	90
443	116	36	92
443	115	38	91
446	116	39	90
447	115	38	91
450	116	36	92
450	116	35	90
452	116	35	90
453	115	36	92
454	116	36	92
455	114	36	94
456	115	37	90
459	114	35	89
463	114	33	87
464	115	33	85
467	115	32	80
468	115	33	81
468	115	32	79
470	114	33	81
470	115	33	79
471	115	33	81
472	116	33	81
473	116	33	78
474	115	33	79
475	116	33	79
476	116	34	79
478	115	33	74
479	116	33	71
480	116	33	74
481	114	34	77
481	115	33	76
482	115	34	77
483	116	34	77
483	114	34	78
484	116	35	76
486	115	35	77
487	116	36	80
488	115	35	79
490	115	36	79
491	115	36	81
485	115	40	83
441	118	42	82
424	116	44	90
396	120	41	89
355	118	45	90
320	119	47	89
305	120	45	90
272	121	42	89
246	120	46	86
249	119	43	85
247	120	41	79
249	120	39	78
247	121	39	77
247	121	37	75
246	121	37	74
244	120	36	73
243	120	36	74
243	120	35	76
241	120	35	77
238	120	36	78
237	120	36	78
236	121	36	75
235	121	36	74
234	121	37	76
232	122	37	77
231	120	37	79
231	121	35	79
229	120	36	80
228	122	34	77
227	121	35	77
230	116	37	87
278	121	37	83
294	117	38	80
293	119	37	81
292	118	35	80
291	118	35	78
290	118	34	78
289	119	35	81
289	119	34	83
286	118	34	81
291	120	40	81
322	118	43	84
349	117	40	87
352	115	37	87
353	116	36	86
351	117	37	87
350	116	37	91
347	115	37	92
344	116	39	90
340	116	42	92
337	116	44	93
335	117	44	93
334	117	44	92
335	118	42	91
334	119	41	90
333	118	40	91
331	118	39	90
330	117	39	91
328	116	36	93
327	116	34	92
325	116	35	92
324	117	35	92
323	116	35	93
322	117	35	91
321	118	36	92
319	117	36	93
318	118	37	93
316	117	36	93
315	117	35	93
314	116	34	92
312	116	33	92
310	118	33	91
309	117	32	91
307	116	33	93
300	116	39	93
295	118	41	92
292	117	42	92
291	118	41	91
290	118	38	91
286	116	33	92
285	116	34	91
281	118	34	91
279	117	36	92
276	118	35	92
274	118	34	91
272	118	33	90
269	117	33	90
266	118	33	91
261	117	37	92
257	118	38	91
254	118	38	91
253	118	39	91
251	118	39	91
248	118	38	90
246	117	34	92
243	119	35	89
241	119	33	90
239	116	32	92
235	119	32	88
233	118	31	89
230	117	33	90
224	118	37	89
220	118	39	90
218	119	40	91
216	117	40	92
212	118	39	89
210	117	35	89
208	118	34	89
206	118	34	89
203	119	34	89
200	119	35	89
199	119	34	87
195	118	35	89
191	119	35	87
188	119	35	88
185	119	37	89
181	118	35	87
179	119	34	86
178	118	32	85
176	123	33	75
173	125	33	79
171	127	34	73
172	127	33	64
174	127	32	59
173	124	33	62
159	122	37	62
145	129	42	66
146	116	41	78
142	120	40	72
144	117	39	77
141	116	40	77
139	116	38	76
140	125	40	75
141	122	39	74
142	118	38	80
140	119	38	79
142	117	41	79
139	123	39	78
141	119	36	79
138	121	34	82
135	121	35	82
136	122	35	81
138	126	34	74
147	121	42	73
143	116	44	73
146	113	41	78
145	114	42	79
144	119	41	74
142	117	38	75
145	117	40	71
160	119	39	69
173	119	32	70
177	121	31	79
179	120	30	82
181	120	30	82
183	119	32	82
186	120	35	84
188	120	39	84
189	119	44	86
191	119	41	87
195	118	39	86
200	118	36	86
206	117	34	89
207	118	34	87
210	118	34	89
212	119	32	88
214	120	33	87
216	118	32	88
218	118	32	88
221	118	34	87
223	119	35	86
225	120	35	86
228	119	35	87
230	120	36	86
232	116	38	90
239	116	35	89
244	117	31	91
246	117	32	90
248	117	31	91
250	119	31	88
252	118	31	89
252	118	33	89
254	118	34	89
257	117	36	89
258	119	43	89
260	119	43	87
261	118	43	89
265	117	41	90
271	117	35	90
276	117	33	91
278	118	34	91
280	118	34	91
283	119	32	90
286	118	32	90
287	119	33	90
290	119	34	90
292	119	41	90
293	119	43	90
296	119	40	89
297	118	40	90
299	118	40	91
304	117	35	92
310	116	31	93
312	117	31	92
314	117	33	91
317	118	32	92
319	118	33	92
321	117	33	91
323	118	34	90
325	119	34	90
326	120	41	90
328	119	39	88
330	119	38	89
332	117	38	90
335	117	37	90
336	117	38	92
341	117	35	92
343	117	36	91
346	118	36	91
346	118	38	90
347	117	37	90
349	118	37	89
349	117	38	89
351	117	36	89
352	118	37	89
352	116	37	92
354	117	36	91
355	114	36	92
356	117	38	91
357	115	40	93
358	117	40	91
358	116	41	89
357	116	41	90
358	116	38	90
357	115	36	89
356	117	36	90
353	117	37	89
351	118	37	87
348	117	39	89
346	117	37	89
343	117	37	90
340	118	37	91
337	119	37	89
335	118	36	92
329	117	34	91
327	116	34	93
325	118	35	92
323	117	34	93
320	117	36	93
318	117	34	91
315	118	34	92
309	117	36	92
302	118	40	92
299	119	42	91
296	119	42	91
294	118	41	90
293	118	36	91
291	119	35	91
290	118	34	91
289	118	33	91
288	118	33	91
284	117	35	92
283	118	35	92
281	119	35	92
277	117	36	91
275	118	33	90
271	116	34	91
268	118	36	90
262	119	39	90
261	119	39	90
258	119	41	91
253	118	41	90
251	117	35	91
250	118	33	91
249	117	33	93
247	118	33	91
246	119	34	90
245	119	34	90
243	117	35	90
241	118	33	88
239	117	32	87
236	119	31	89
231	117	35	90
228	119	37	89
226	119	36	87
226	119	36	89
223	119	37	89
223	119	38	90
219	119	39	88
219	119	39	88
217	118	37	89
215	117	34	89
214	118	33	89
213	117	32	90
210	118	34	90
210	119	34	89
208	117	34	91
207	117	34	90
205	116	35	92
204	117	34	89
202	117	36	89
201	117	35	89
199	115	34	91
197	116	34	90
195	117	36	91
193	118	37	90
190	118	37	89
190	118	37	88
187	117	38	89
