125	149	31	116
122	150	33	110
120	150	33	111
120	150	33	109
119	150	33	109
118	149	33	111
117	149	34	110
115	150	34	110
116	150	34	113
116	150	33	113
116	151	33	110
116	151	32	111
117	151	33	112
117	152	32	113
117	153	32	113
117	154	32	112
118	154	32	113
117	154	33	112
118	153	32	113
116	152	33	113
117	153	32	114
116	152	33	114
116	152	33	114
116	153	34	116
116	154	34	117
116	155	33	114
116	156	33	114
115	156	34	113
115	158	33	113
116	158	33	114
115	158	33	113
115	158	33	114
115	159	32	114
116	159	31	114
115	158	32	114
116	158	33	116
115	158	33	116
115	158	33	116
116	158	32	116
116	158	32	116
116	159	33	117
117	161	32	115
117	162	33	114
117	162	32	116
119	162	33	117
118	162	33	116
118	163	33	115
119	161	32	115
119	162	33	116
120	163	34	117
120	162	33	117
120	162	33	117
120	162	34	118
121	162	35	118
120	162	35	121
121	163	34	121
121	164	33	120
120	165	34	118
120	166	33	119
120	167	34	119
120	168	34	120
119	168	36	120
120	168	35	120
120	168	35	119
119	168	35	119
120	168	34	119
119	167	36	120
119	168	36	119
119	168	36	120
118	167	37	121
118	168	37	122
119	168	37	121
118	169	37	122
119	170	36	121
118	171	37	119
118	171	36	121
119	173	36	119
119	173	35	120
120	174	36	119
121	173	34	120
122	173	34	120
122	174	34	119
123	177	34	117
122	179	35	124
123	181	36	122
124	181	35	123
124	181	37	124
123	181	37	124
123	181	38	125
124	182	38	124
125	183	37	124
124	184	38	125
125	185	36	126
125	185	37	124
124	186	36	125
125	186	36	126
126	186	36	124
125	186	37	124
126	186	36	124
126	187	36	123
126	186	36	125
127	186	36	124
127	187	36	124
127	187	36	124
127	187	37	125
127	187	37	126
128	187	36	125
129	188	36	126
128	189	38	124
129	190	37	123
130	191	36	123
130	190	37	125
131	192	37	124
131	191	36	124
132	191	37	124
131	192	37	124
132	192	37	124
130	191	38	123
132	191	37	124
130	191	39	126
131	192	39	125
130	192	39	126
129	192	40	127
129	192	40	129
128	192	41	129
128	193	41	132
131	194	42	130
136	195	42	129
139	196	43	130
141	197	43	129
145	197	43	129
147	197	44	129
150	196	44	130
154	196	43	127
157	196	45	128
160	197	43	128
162	196	43	129
165	197	42	129
168	199	43	129
171	198	44	130
176	198	43	132
178	199	43	130
181	199	43	130
184	200	44	130
187	202	45	129
190	203	44	127
195	205	43	123
197	204	43	128
198	206	43	124
197	206	42	125
197	206	42	123
195	206	42	124
192	204	43	127
192	205	43	127
191	205	43	127
191	205	44	127
194	205	43	125
195	205	44	125
199	204	44	124
201	204	44	124
203	206	44	123
206	206	47	125
204	207	49	122
209	207	48	123
211	208	51	125
211	209	51	124
217	209	52	124
220	209	51	124
221	210	52	123
224	210	51	124
227	210	54	123
227	209	51	125
231	209	53	124
227	207	49	126
228	207	52	126
224	205	49	128
225	206	47	129
224	206	44	127
224	205	42	131
223	204	43	131
221	206	43	130
220	204	44	130
220	205	43	131
218	205	44	132
217	206	43	130
216	206	43	130
214	206	45	130
212	207	45	129
212	208	45	128
210	209	47	127
208	208	48	130
205	209	50	132
205	210	49	130
202	210	49	129
201	209	49	132
200	209	47	132
199	208	45	130
198	208	45	132
196	207	45	133
194	208	45	136
194	207	45	137
192	208	45	134
191	208	45	134
190	209	45	133
189	208	46	133
188	210	45	131
186	211	46	131
184	211	48	130
181	211	48	129
180	211	47	130
177	210	49	132
176	210	51	132
175	210	50	132
174	210	51	132
173	211	51	130
171	211	51	131
173	214	50	129
178	212	51	128
179	212	49	127
183	210	48	130
186	210	49	132
190	208	48	130
193	208	48	132
194	208	45	132
198	210	44	129
200	208	45	130
203	207	44	133
207	208	44	130
213	207	43	131
213	208	42	132
215	206	42	133
213	206	42	132
215	209	45	131
219	210	41	130
222	210	45	128
225	210	43	128
226	209	43	131
226	208	43	131
225	209	44	132
224	209	44	133
223	209	44	133
221	209	44	130
222	208	43	131
219	209	45	131
220	208	43	129
219	208	42	126
219	209	41	126
218	208	42	128
218	208	43	127
218	208	42	128
218	210	41	125
218	211	41	126
218	208	42	129
217	209	41	128
217	209	41	127
216	208	41	128
216	207	42	132
215	207	43	135
214	207	43	135
214	208	43	133
213	208	44	134
212	208	45	136
209	208	47	138
208	210	48	136
207	210	47	135
206	210	48	136
205	210	48	135
204	210	47	134
203	210	48	136
201	210	48	137
199	209	49	139
198	209	49	140
197	209	48	139
196	209	47	138
195	208	47	139
195	209	46	140
194	209	45	139
193	209	45	140
193	209	45	139
192	208	44	138
191	209	42	136
190	209	42	137
190	209	42	136
190	210	41	136
189	210	41	135
188	209	41	136
189	210	40	134
187	210	41	134
185	210	41	134
185	210	42	134
185	211	41	134
184	211	41	134
183	212	42	134
182	212	42	134
182	212	42	135
180	211	43	136
180	211	42	135
177	208	43	138
178	209	43	138
177	208	44	139
176	210	44	137
177	210	44	137
176	210	43	138
175	211	43	139
175	210	43	140
174	210	44	139
175	209	43	140
174	209	42	138
173	210	42	137
172	211	43	136
169	209	45	138
167	212	46	135
166	211	46	138
165	212	47	137
164	211	46	138
164	211	45	139
164	211	45	139
163	211	46	140
161	213	47	139
159	214	48	137
156	214	49	138
154	213	52	140
152	212	51	140
149	213	51	140
148	213	52	137
147	213	49	138
147	212	46	137
146	212	44	139
148	214	43	138
145	213	42	136
142	212	45	137
138	212	46	138
138	213	45	140
135	212	46	140
136	213	45	141
135	213	44	142
134	213	45	142
134	215	44	140
131	215	45	139
129	214	47	140
127	215	49	140
126	216	50	140
124	216	51	140
121	218	54	138
119	217	55	141
117	216	57	142
115	218	56	142
115	217	53	142
114	218	54	143
117	218	51	136
119	218	49	141
119	218	54	137
124	218	53	141
124	218	49	140
122	218	48	142
120	218	50	142
121	218	49	142
120	219	48	141
117	218	48	142
117	217	47	140
116	220	47	138
112	218	50	142
108	220	53	140
106	220	56	139
103	219	59	139
100	219	62	141
101	219	60	139
99	220	62	139
97	220	62	140
95	221	59	139
94	221	57	138
95	220	61	139
97	220	60	140
100	220	58	139
105	219	52	140
107	218	51	139
110	217	47	136
111	217	47	141
114	217	47	140
116	219	48	140
119	219	47	139
122	218	46	140
124	217	48	142
127	218	49	140
128	219	50	140
131	220	53	140
133	220	56	139
