317	115	21	50
320	114	20	53
320	114	22	53
321	115	26	52
322	114	27	52
344	116	25	54
342	114	30	53
347	114	23	53
354	115	21	52
358	114	22	53
363	114	22	53
366	114	21	54
368	114	21	55
372	114	21	55
374	113	23	56
377	116	23	54
378	117	23	55
379	116	26	58
382	118	24	54
395	104	20	52
395	106	19	53
397	102	18	52
397	106	21	62
405	105	21	61
407	114	20	58
410	118	21	55
413	118	20	54
414	118	23	53
417	119	25	54
422	119	25	54
427	117	26	55
438	118	22	57
445	117	21	58
445	118	22	60
446	119	22	61
448	122	22	56
452	122	23	54
452	119	23	61
449	118	24	61
448	123	24	59
446	126	24	57
449	122	23	58
450	122	22	58
476	118	25	57
480	114	23	61
485	117	26	56
490	120	23	56
494	121	23	56
496	119	28	58
500	119	28	59
505	122	26	55
514	119	24	55
518	114	23	60
521	113	27	61
521	117	28	59
523	118	28	59
531	121	24	57
532	114	24	61
536	120	23	57
537	111	25	64
540	116	28	59
543	118	29	59
548	119	26	58
551	119	25	58
555	117	23	59
558	120	24	57
560	121	25	58
561	122	30	55
562	121	31	56
564	120	31	57
569	120	29	59
573	116	27	60
577	115	26	61
580	115	26	62
583	116	27	61
584	119	28	58
583	116	30	61
585	111	30	65
590	111	28	65
599	117	25	59
