284	228	21	24
284	227	19	27
286	227	19	28
285	226	20	28
287	226	19	29
287	226	20	28
287	226	20	29
288	227	20	29
288	227	20	27
289	228	20	27
290	228	20	27
289	228	19	28
290	228	19	28
290	228	19	28
291	228	20	29
292	228	19	28
292	228	19	29
293	228	19	28
293	228	19	28
294	229	19	28
294	228	19	28
294	228	20	28
295	228	19	29
296	227	19	29
290	226	20	29
293	227	20	31
289	226	21	31
289	226	20	31
289	226	20	30
289	226	19	31
289	226	20	30
269	226	19	30
270	226	19	30
270	226	19	31
271	226	19	31
272	226	19	31
273	226	19	32
273	228	20	30
273	228	19	30
274	228	20	29
274	229	20	29
275	229	21	28
275	231	22	28
276	230	21	30
277	230	22	30
278	229	21	30
278	229	21	29
279	228	21	30
280	229	22	29
280	231	22	29
279	230	23	31
292	223	19	33
291	223	20	32
285	223	24	31
284	222	23	34
283	223	23	33
282	224	23	35
279	225	24	32
280	224	23	33
279	224	23	34
279	224	23	33
275	223	22	32
274	222	22	34
273	221	21	35
273	221	20	35
270	222	22	34
269	223	22	33
268	223	21	33
265	222	22	35
264	221	22	36
261	222	22	37
260	222	22	37
258	222	22	37
256	222	23	39
255	221	23	40
254	222	23	42
252	224	24	43
212	224	24	46
212	225	23	48
212	225	23	48
213	225	23	45
213	226	22	45
213	225	23	45
213	225	22	47
214	225	21	34
214	225	20	34
216	224	20	36
214	224	21	38
214	225	22	36
215	225	21	39
214	224	23	38
215	224	23	49
219	222	24	38
215	224	21	40
216	224	23	44
217	223	21	36
218	224	22	39
218	225	26	52
217	224	28	59
216	224	28	60
215	224	28	59
216	224	27	59
214	224	29	61
236	228	29	58
214	222	25	54
218	221	22	36
221	224	17	34
220	226	18	43
221	225	20	48
219	225	21	49
219	224	21	48
220	225	21	46
220	224	21	45
220	224	22	40
220	225	22	42
220	224	22	44
220	225	22	43
219	226	23	45
219	227	23	42
219	226	23	48
219	224	21	35
220	224	20	27
219	225	19	26
219	226	18	26
220	225	18	27
219	226	19	26
219	226	18	27
219	226	18	26
221	226	17	27
218	227	18	27
220	227	17	28
219	227	17	31
218	227	18	32
216	227	19	32
216	228	19	34
215	228	19	34
212	229	21	40
211	229	22	47
209	228	23	48
207	229	25	45
207	229	24	44
208	229	24	42
206	229	23	42
204	229	23	44
205	228	23	46
203	228	25	47
181	216	21	34
183	217	18	30
184	217	18	33
185	216	18	33
186	216	19	33
187	216	19	34
188	215	19	34
188	214	20	34
188	215	19	33
190	216	19	32
190	219	19	35
192	218	19	35
192	216	19	36
192	216	19	36
193	216	20	36
194	217	19	34
183	216	19	35
183	218	20	40
183	216	19	35
185	217	20	36
186	216	20	38
188	217	22	38
197	216	21	39
199	217	21	37
200	218	21	46
198	219	24	43
199	220	22	43
199	220	23	42
190	218	23	42
193	216	20	36
195	218	22	34
196	220	24	32
196	220	20	31
195	220	23	32
196	219	21	32
197	219	23	32
211	219	21	30
209	221	21	29
209	222	21	29
208	222	22	35
207	222	23	33
208	223	24	35
204	201	22	39
207	222	24	36
201	220	22	36
201	216	23	32
210	221	21	30
212	223	20	30
213	224	20	30
202	224	22	32
216	223	20	34
215	222	22	47
216	223	22	47
216	223	22	49
216	224	23	45
216	224	22	44
217	224	22	46
218	224	22	49
219	224	21	47
216	225	24	42
218	223	23	49
219	224	22	50
219	225	23	49
219	225	23	50
220	224	23	48
220	225	22	47
220	224	22	48
220	224	23	46
220	224	23	48
220	225	23	48
220	224	22	49
220	225	22	48
221	225	23	46
221	224	22	37
220	224	21	37
219	225	22	46
220	224	23	47
220	224	23	48
205	223	23	45
204	223	24	36
205	223	21	35
207	223	22	34
221	224	20	35
222	224	21	36
221	224	20	40
221	225	21	42
206	224	24	42
205	223	24	42
204	223	22	43
205	223	21	43
206	224	22	40
205	224	24	40
205	224	23	41
215	225	24	41
218	225	23	41
203	225	22	44
201	225	22	46
202	224	24	46
203	224	28	47
216	225	23	43
216	226	22	42
216	227	21	40
215	227	21	40
214	228	21	39
214	228	21	39
214	227	21	41
213	227	22	41
213	228	21	42
212	228	22	42
211	229	22	40
211	229	23	39
211	228	23	40
210	228	23	41
209	229	24	40
210	228	23	40
209	228	23	40
209	229	23	41
207	230	24	41
186	232	23	42
186	231	23	42
185	231	23	42
185	231	25	43
184	230	24	44
185	229	27	46
203	231	24	41
204	231	24	42
203	233	23	43
201	233	25	43
201	232	25	48
201	232	25	47
200	232	24	48
200	233	24	47
200	233	23	47
199	233	23	46
198	234	23	45
196	234	24	46
196	234	24	46
196	234	23	48
195	235	24	46
196	234	23	48
195	235	24	48
194	235	24	49
192	234	25	49
193	235	25	48
192	234	25	51
191	234	26	53
190	235	26	53
189	235	28	54
189	235	27	55
189	236	27	54
188	236	26	55
189	236	25	55
189	236	24	54
190	236	24	53
190	236	24	54
189	237	24	55
189	238	25	52
190	237	25	55
189	237	26	55
189	236	26	57
189	236	26	58
189	237	26	57
189	237	27	56
189	237	27	60
188	239	27	56
189	239	26	57
190	238	29	57
189	238	27	56
191	238	28	58
191	238	27	57
192	238	28	56
197	240	32	59
220	240	26	58
221	241	25	57
220	241	25	53
220	240	25	56
219	240	25	58
219	239	25	56
219	239	25	57
219	239	25	56
218	239	24	55
218	239	24	56
217	240	24	53
218	239	24	55
217	240	24	54
214	239	25	55
215	238	25	56
217	237	24	56
215	237	24	54
214	237	24	53
214	236	23	55
214	237	23	54
213	238	23	54
212	236	23	54
211	237	24	54
209	236	24	52
209	236	24	51
206	236	26	51
207	235	25	53
204	235	26	52
207	235	25	52
205	236	24	53
204	236	25	53
202	236	26	53
204	236	25	51
202	235	25	50
201	235	25	46
200	235	25	48
202	234	25	53
199	235	26	50
198	235	26	49
196	235	27	50
194	235	28	50
195	235	26	50
193	234	27	51
192	234	28	51
190	234	29	52
190	234	29	52
189	233	29	52
189	233	30	53
188	234	30	54
188	233	30	53
190	233	29	52
188	234	29	50
188	233	30	53
187	234	31	54
187	232	30	46
186	240	30	49
184	243	31	45
186	235	29	48
188	236	29	48
188	237	28	48
183	253	30	36
190	233	27	44
170	213	20	43
172	215	19	41
172	214	19	42
172	214	20	43
172	214	21	41
173	213	21	43
173	214	22	40
175	213	20	43
176	213	20	43
177	214	19	43
176	214	20	39
178	214	20	39
178	214	21	38
180	216	20	37
180	215	19	40
181	216	20	38
181	216	19	36
182	214	18	32
184	215	17	31
185	215	16	32
186	216	17	31
186	215	17	32
185	214	17	34
187	215	17	31
187	215	17	33
188	216	17	31
188	216	17	32
189	215	18	32
191	215	17	31
191	215	18	31
192	213	19	32
192	214	18	31
192	213	20	33
195	211	19	32
195	211	20	32
196	211	20	34
194	211	22	33
196	212	20	31
196	215	20	28
195	212	21	32
197	213	20	33
197	214	20	31
198	213	19	30
200	213	19	32
200	213	19	32
201	213	19	29
202	215	19	27
203	216	18	26
202	212	18	28
203	212	18	30
205	215	17	26
206	219	18	31
207	218	18	33
207	218	19	38
206	220	20	32
207	218	19	34
208	217	19	37
208	217	19	39
208	216	20	40
209	215	21	32
210	215	20	34
211	217	20	41
211	216	20	44
212	218	20	44
214	217	20	35
214	218	20	44
215	218	19	42
216	218	19	44
215	217	19	45
217	217	19	45
217	216	19	45
217	217	19	46
218	216	20	47
218	216	20	47
219	216	21	48
219	217	21	47
220	218	21	47
220	218	21	47
221	218	21	47
221	218	21	47
222	218	21	47
221	218	21	48
223	218	21	48
223	218	21	47
224	218	20	46
224	218	20	47
224	218	21	49
224	219	22	47
225	219	21	47
224	220	22	48
225	219	22	48
225	219	22	48
226	219	22	48
226	219	21	48
227	219	21	49
227	218	22	49
227	219	21	48
228	219	21	49
227	218	22	49
227	220	22	49
227	221	22	47
229	220	22	48
228	220	22	48
228	220	22	48
229	220	22	48
229	220	22	49
229	218	22	50
228	219	22	50
229	218	23	50
229	219	22	50
229	220	22	50
229	220	22	48
229	221	22	49
229	222	22	49
229	221	22	49
228	223	22	48
229	220	22	49
228	221	22	50
228	220	23	50
228	220	23	50
227	220	23	50
228	220	23	50
227	222	23	50
227	222	23	50
228	222	22	48
227	223	22	49
227	224	22	49
228	223	22	48
227	223	22	48
227	222	22	48
227	223	22	49
226	222	23	48
227	222	22	50
227	222	22	50
227	223	22	50
226	223	23	49
225	224	23	50
226	224	22	50
225	225	23	49
224	225	23	49
224	225	23	49
223	224	23	49
222	223	23	49
223	223	23	51
223	223	23	51
222	224	23	49
222	224	23	51
222	224	23	51
221	225	23	50
221	225	23	50
221	225	23	50
220	226	23	49
220	225	23	49
221	225	23	49
221	225	23	49
220	224	23	50
220	225	23	50
220	225	23	50
219	225	23	50
219	226	23	50
219	225	23	50
219	226	23	50
218	225	23	49
218	226	23	50
217	225	24	49
217	225	23	50
217	225	23	50
217	225	23	50
216	225	23	50
216	225	23	50
216	224	23	49
215	225	23	49
215	225	23	50
215	226	23	50
215	226	23	50
214	226	23	50
215	226	23	50
214	225	23	49
214	225	23	50
214	225	23	49
214	225	23	50
213	224	23	51
213	225	23	50
213	225	24	50
212	226	23	51
212	226	23	51
211	226	23	50
211	226	23	50
212	226	23	50
211	225	23	51
211	225	23	50
211	225	23	50
210	225	23	50
210	225	23	51
210	224	24	52
209	225	24	53
209	225	23	52
209	225	23	52
209	225	23	53
209	226	24	53
209	226	23	52
209	226	23	52
209	226	23	52
208	225	24	53
209	225	23	52
208	224	23	52
207	225	24	54
207	225	24	53
208	226	23	53
207	227	23	52
207	227	23	52
207	227	24	52
206	227	24	52
206	227	24	52
206	226	24	52
206	226	24	52
206	226	23	53
205	226	24	52
205	226	24	52
205	227	24	53
205	227	24	52
204	228	24	52
204	228	24	53
204	228	24	53
204	229	24	53
204	228	24	53
204	229	24	53
204	229	24	52
204	228	23	52
204	228	24	51
204	228	24	53
203	228	23	52
203	229	24	55
203	231	24	53
202	230	24	52
202	230	23	55
202	231	24	52
202	230	24	55
202	231	24	51
202	230	24	53
201	230	24	55
201	231	24	55
200	232	24	54
200	233	24	55
201	233	24	53
201	232	25	54
200	233	24	54
200	232	24	55
200	232	24	53
199	232	24	55
200	232	24	55
199	233	24	55
198	234	25	55
199	234	24	55
198	234	24	54
196	234	26	54
195	233	26	55
195	232	25	55
195	233	25	55
196	234	25	55
193	234	27	55
195	235	26	56
194	235	27	56
195	235	25	56
192	234	26	56
