244	233	20	45
243	231	19	48
243	232	19	47
243	232	19	47
243	232	19	47
243	232	19	47
242	231	19	47
242	231	19	48
243	232	18	48
243	231	18	48
242	233	18	47
243	232	18	48
243	232	18	48
242	232	19	47
243	234	18	46
243	233	18	47
243	232	19	48
243	232	19	48
243	232	19	48
243	232	20	48
243	233	20	48
242	233	20	48
243	232	20	48
242	234	20	48
243	233	20	48
242	233	21	48
242	233	20	48
242	233	20	49
241	234	20	48
241	233	19	49
242	232	19	49
240	232	19	50
242	233	19	49
242	233	18	49
242	234	18	49
244	233	17	50
243	234	19	49
243	233	19	49
244	233	19	49
244	233	19	48
243	234	20	49
244	233	19	50
244	234	20	49
244	233	20	49
243	235	20	49
243	235	20	49
243	235	21	49
244	235	21	49
243	235	20	49
243	234	20	50
243	234	20	49
242	235	20	49
243	235	19	50
243	235	18	49
243	235	19	49
244	235	18	49
243	235	19	49
243	235	20	49
244	236	20	49
244	236	20	49
244	236	20	49
245	234	20	50
244	235	20	49
245	235	20	49
245	236	20	50
244	237	20	48
244	238	20	49
245	236	20	50
244	236	20	50
244	237	20	50
245	237	20	49
244	237	20	49
245	237	19	49
244	236	20	50
244	236	20	50
245	238	19	49
245	238	20	49
245	238	20	49
244	238	21	49
244	239	20	48
245	237	19	49
245	238	20	48
245	237	20	50
245	238	20	50
245	238	20	50
246	238	20	51
246	238	20	50
245	239	21	50
245	238	19	50
244	240	20	50
244	239	20	50
245	239	19	50
244	239	20	50
244	238	19	51
244	238	19	51
243	238	19	50
243	239	19	51
245	239	19	51
244	240	20	51
244	240	19	50
244	240	19	50
246	240	19	51
245	240	20	50
246	240	20	50
246	239	20	51
246	239	20	51
246	240	20	51
246	239	20	51
246	240	20	51
245	241	20	50
246	242	20	51
245	241	20	51
244	240	20	51
245	240	20	52
245	241	20	52
244	239	20	52
244	240	20	52
245	240	20	52
244	240	21	52
245	241	20	52
244	241	20	52
245	241	20	52
244	241	21	53
246	242	20	52
246	241	20	52
245	241	20	51
246	241	20	51
246	241	19	50
245	241	19	51
246	242	19	52
245	241	20	52
246	242	20	51
245	242	20	52
244	242	20	52
245	243	19	53
244	242	19	51
243	243	19	52
243	243	19	52
243	242	20	52
244	242	19	53
243	242	20	53
244	242	19	53
243	244	20	52
245	244	19	53
244	244	19	52
244	244	19	51
245	243	18	52
244	243	19	52
244	243	19	52
244	244	19	52
243	243	19	53
243	243	19	54
244	243	19	54
244	245	19	54
244	245	19	52
243	244	20	53
243	244	19	53
242	244	20	53
242	244	20	53
242	245	19	53
240	244	20	54
241	244	20	54
240	245	20	54
240	245	20	53
240	244	20	53
240	245	20	53
241	246	19	53
241	245	20	54
241	245	20	53
243	246	20	54
240	245	21	54
241	246	21	53
241	246	20	53
241	246	20	54
241	246	20	54
241	246	21	54
241	248	21	52
241	247	20	54
240	247	21	54
239	248	21	53
240	247	20	54
241	248	20	54
239	247	21	54
239	248	21	54
239	248	20	53
240	247	20	54
239	248	20	54
240	247	20	54
239	248	21	54
239	248	21	55
239	247	21	55
239	249	21	54
240	249	20	54
239	248	21	54
238	249	21	53
240	248	21	54
239	249	21	54
238	250	22	54
238	248	21	55
238	250	21	54
237	249	22	55
238	250	22	54
237	249	22	55
237	248	21	54
236	249	22	55
237	250	22	54
236	248	21	56
236	250	22	55
236	249	22	56
236	250	22	55
235	250	22	56
236	251	21	56
237	250	22	56
235	249	22	55
238	251	21	55
236	250	22	56
236	250	23	57
236	252	22	56
236	250	22	57
235	252	23	55
236	252	22	55
236	251	23	56
235	253	23	55
235	252	22	55
235	252	22	55
234	252	23	56
234	251	22	56
234	251	22	57
233	251	22	58
235	250	21	57
234	252	23	57
234	251	22	56
234	253	22	57
234	252	21	57
235	251	22	58
235	251	23	58
234	252	23	56
237	252	23	57
236	252	23	57
237	253	23	56
235	253	24	57
236	254	23	57
235	254	23	57
235	254	23	57
236	253	23	57
235	253	24	57
234	254	24	57
235	253	23	57
234	254	23	57
234	253	23	58
233	254	23	57
233	253	22	59
233	253	23	59
234	255	23	58
234	254	23	59
233	255	23	58
234	256	23	57
235	255	23	57
236	254	23	58
235	256	24	57
236	255	24	58
236	255	24	58
235	256	24	59
236	256	24	58
235	257	24	58
233	256	24	58
234	257	25	58
233	256	24	59
233	257	24	58
232	256	24	59
233	256	22	58
233	257	23	58
232	256	23	59
232	257	23	58
232	258	23	59
231	257	23	60
231	258	23	59
231	257	23	59
232	257	23	60
232	258	23	60
232	258	23	60
232	258	23	59
231	258	23	60
232	258	23	61
231	259	24	59
231	259	23	59
229	260	24	59
230	260	23	59
229	259	23	60
228	260	23	59
227	259	23	60
228	259	22	60
228	260	22	59
226	261	23	59
225	260	23	60
225	260	23	61
226	260	22	60
226	260	23	60
226	260	23	61
225	260	22	60
226	260	21	60
226	260	21	59
225	261	22	60
226	262	22	60
226	262	21	59
225	262	22	60
225	262	22	60
224	263	22	59
223	263	23	60
222	263	23	60
222	263	23	61
222	262	23	60
220	262	23	61
219	262	23	61
218	261	24	61
218	264	23	60
219	264	22	60
218	263	22	60
218	264	22	60
219	264	22	60
217	264	23	60
218	264	22	60
217	264	22	60
218	263	21	60
218	263	22	60
217	263	23	60
217	264	23	62
217	263	23	62
215	265	23	61
215	265	22	62
214	264	24	63
214	264	24	63
214	265	24	62
215	264	23	62
214	264	23	63
213	264	24	63
212	264	23	63
214	265	22	64
213	265	22	62
214	266	21	61
214	266	22	62
213	266	23	64
214	267	23	63
214	266	23	64
215	266	22	61
213	266	24	63
213	267	25	62
213	267	25	63
214	267	24	63
212	268	26	63
213	268	25	64
212	268	25	64
212	268	25	64
212	268	24	63
211	268	25	63
210	268	25	63
210	270	25	62
209	268	24	63
208	268	24	63
209	269	24	63
209	269	24	63
210	270	23	63
210	270	24	64
210	270	24	64
210	271	24	63
210	271	24	63
210	271	25	63
210	271	25	62
208	270	27	64
209	272	27	64
208	272	27	62
208	272	27	64
209	272	26	64
207	273	27	63
207	273	27	64
206	272	26	64
205	272	25	65
204	272	25	65
204	273	25	64
204	273	25	64
205	273	24	65
203	274	25	65
204	274	24	66
203	274	25	65
203	273	25	66
204	273	25	65
204	274	25	65
204	274	26	65
202	273	26	66
203	274	26	66
204	275	26	66
202	275	26	66
202	276	26	65
202	275	26	66
202	276	26	66
200	276	27	66
200	276	27	67
199	276	26	66
199	276	26	66
199	276	26	66
198	277	27	66
197	276	27	66
197	277	27	67
196	278	27	67
197	278	26	67
195	277	28	69
198	277	26	67
197	277	27	68
196	278	27	66
198	278	27	66
196	278	26	69
196	279	27	68
196	279	27	67
197	280	26	67
195	280	26	67
195	280	27	67
194	280	26	67
194	279	27	68
192	280	28	67
192	280	27	67
191	280	27	68
192	279	25	67
190	281	26	68
191	281	26	68
190	282	27	68
190	282	27	68
191	281	26	68
192	281	26	65
192	281	26	67
192	280	26	66
192	281	26	67
190	281	27	69
192	281	26	69
189	282	27	65
191	282	26	66
188	282	26	68
187	283	27	65
187	282	26	67
186	283	27	67
185	283	28	69
184	283	26	67
184	283	27	68
182	283	27	65
182	284	27	69
183	283	27	69
182	285	27	69
181	285	27	70
181	285	27	69
181	285	26	70
182	284	25	70
182	285	26	70
183	285	26	69
181	286	27	68
