22	287	40	126
26	287	42	124
31	288	40	125
35	288	49	123
31	287	55	123
37	287	61	127
45	287	56	125
44	285	57	127
55	284	51	126
66	284	48	124
74	285	41	122
75	284	40	124
80	283	43	123
81	285	53	122
82	283	55	123
85	284	55	123
90	283	53	123
99	283	47	122
108	281	41	125
115	282	40	123
117	282	49	122
118	283	52	121
121	283	52	122
122	282	51	123
130	280	48	123
136	280	43	123
152	280	50	122
155	281	50	121
153	280	56	121
159	280	51	121
167	278	48	121
172	278	43	124
175	278	42	122
178	278	43	123
188	279	45	121
190	275	46	124
194	274	46	123
207	272	51	119
213	273	48	121
215	271	49	121
220	270	48	120
225	270	46	117
228	271	42	114
232	269	43	117
236	270	49	115
245	266	45	119
250	264	43	116
253	263	43	118
255	264	46	118
258	263	49	118
261	263	52	118
262	262	52	119
264	262	49	119
267	261	46	118
272	260	44	116
276	260	44	116
279	259	47	115
282	259	50	115
283	260	47	113
285	260	47	115
286	260	47	116
293	257	58	115
295	255	61	117
305	257	56	115
295	255	51	117
298	254	48	116
304	254	46	115
310	254	43	112
312	254	43	111
312	253	49	112
320	252	48	113
327	250	46	110
326	250	51	113
325	249	50	113
329	250	48	112
333	252	51	110
262	249	39	111
268	246	42	109
272	244	42	110
273	244	44	109
238	244	46	107
230	242	46	108
232	243	45	110
231	243	45	110
236	244	41	109
237	243	39	110
239	243	38	108
241	242	40	106
242	241	41	106
240	240	47	106
238	241	49	105
239	241	51	106
245	240	43	105
212	240	49	108
159	239	54	109
166	239	51	108
166	239	51	107
163	239	50	107
168	238	49	107
168	238	45	108
171	238	44	106
177	238	40	105
178	238	37	107
178	236	41	108
181	236	42	105
183	236	39	104
185	235	38	104
185	235	40	105
188	236	38	104
188	236	39	105
189	234	44	105
187	233	47	105
187	233	48	105
189	232	48	103
189	231	46	105
191	232	44	104
194	232	41	104
195	232	41	105
198	232	39	105
199	230	44	105
202	229	40	104
204	230	38	103
205	229	38	101
206	229	37	102
207	228	40	102
206	228	43	103
206	227	45	103
206	227	46	102
207	227	47	102
207	227	46	101
207	225	45	101
209	226	42	101
211	225	42	102
213	225	40	101
215	225	41	101
217	225	42	101
219	224	40	100
220	224	38	100
221	223	37	99
224	222	38	101
226	222	40	101
226	222	43	100
225	222	48	99
225	222	49	100
227	221	47	100
230	220	45	98
234	219	41	98
237	219	36	98
239	220	35	98
240	219	36	97
242	219	36	97
244	219	36	98
245	220	35	98
246	219	35	98
246	218	35	97
247	217	35	97
248	217	35	97
250	217	37	98
251	216	39	98
247	216	45	96
247	217	47	97
247	215	47	97
248	215	46	98
251	214	42	96
254	215	39	96
258	215	35	95
260	214	35	96
261	214	36	95
264	215	36	94
265	215	34	94
268	215	34	94
268	214	33	92
272	213	33	94
275	213	32	94
276	213	32	94
278	212	32	94
279	213	32	93
281	212	31	93
282	211	32	94
284	210	31	92
285	210	31	91
286	210	30	91
286	211	32	92
287	211	32	90
289	211	33	90
289	210	31	89
292	211	30	90
293	210	30	91
294	209	31	90
295	209	30	91
297	208	30	91
297	208	32	90
299	206	30	89
300	205	30	90
302	205	30	89
303	206	29	88
305	206	29	87
306	205	29	88
305	205	29	88
309	204	28	89
310	203	28	89
310	203	28	89
310	203	29	89
310	203	30	89
311	203	29	88
311	202	29	89
313	202	29	88
312	202	29	89
313	199	28	89
312	200	29	88
313	200	29	88
313	200	29	88
312	200	30	87
313	200	29	87
311	199	32	87
310	200	32	87
309	199	32	87
308	199	33	87
305	199	34	88
303	199	36	88
303	198	37	89
302	198	36	89
303	198	39	88
299	197	36	89
301	198	33	89
301	198	32	88
301	197	31	89
299	198	33	89
299	197	33	89
299	197	33	88
298	196	35	89
297	197	36	87
297	196	36	87
295	197	36	87
294	197	37	86
294	197	37	85
294	197	37	85
292	197	37	86
290	196	38	86
287	195	36	87
289	196	34	84
288	195	33	85
291	196	34	84
289	196	33	85
290	196	34	86
289	195	33	86
289	194	33	86
289	194	35	84
291	194	35	83
289	193	34	83
291	193	36	85
288	191	33	84
291	192	35	83
287	191	35	84
289	192	35	83
289	191	34	83
289	191	36	82
295	192	34	80
309	191	30	81
306	190	31	82
292	190	38	83
291	191	37	83
295	190	37	83
295	189	36	83
294	188	36	84
296	189	35	82
297	189	34	82
298	189	34	81
299	188	33	83
301	186	34	86
300	188	31	82
302	186	31	82
303	187	32	81
306	185	32	83
306	188	30	79
308	188	32	79
315	186	35	79
314	186	38	80
315	185	38	81
316	185	36	81
316	185	35	81
316	184	35	82
316	185	35	81
317	185	36	82
319	184	33	80
320	184	32	80
321	184	32	80
326	179	36	82
327	182	33	78
329	182	31	79
328	181	30	79
332	182	29	79
332	182	29	78
333	180	29	79
335	182	28	78
335	182	28	78
336	180	28	77
336	180	28	76
337	180	27	77
337	178	28	78
336	179	30	77
338	180	28	76
340	179	27	76
341	180	26	76
342	178	26	77
343	178	26	76
342	176	26	77
342	178	26	76
343	177	27	77
343	177	26	76
343	177	26	76
343	178	26	76
342	177	27	76
340	176	29	75
338	176	30	75
338	175	29	76
340	176	29	76
341	175	28	76
341	174	28	75
342	175	29	74
342	175	28	74
344	174	28	75
341	174	30	74
341	174	30	74
341	174	30	75
341	173	31	75
341	172	32	75
340	172	32	75
343	173	30	74
344	172	31	74
350	171	28	73
352	172	27	73
353	171	27	73
353	171	27	72
352	171	29	72
353	172	29	72
350	171	31	72
352	170	29	73
350	169	30	75
352	169	30	72
353	169	31	73
353	168	31	73
353	169	30	72
354	168	30	71
355	168	29	71
356	168	29	72
356	168	28	72
358	167	29	72
359	167	28	71
358	167	28	71
358	167	29	71
359	168	29	71
359	167	30	72
359	167	29	72
359	166	30	72
360	167	29	70
359	165	31	70
361	164	31	71
362	165	29	72
364	165	28	70
365	166	30	69
366	166	29	68
367	166	30	68
369	165	27	68
369	165	27	69
372	164	26	69
375	164	25	69
374	163	28	69
376	162	28	70
377	160	28	70
377	160	28	71
380	159	27	71
380	158	30	70
382	160	26	68
385	158	24	69
385	157	26	68
387	159	24	68
385	158	26	69
388	157	25	68
391	156	23	69
391	156	24	68
390	157	24	68
392	157	24	68
393	157	24	67
393	155	25	68
394	155	27	69
395	157	25	68
396	155	24	68
396	154	26	69
399	150	32	70
401	150	30	71
400	152	27	68
400	153	25	67
400	154	25	68
400	153	26	68
402	152	27	69
403	151	29	69
407	148	30	71
411	147	34	70
406	149	28	69
414	147	29	69
408	149	24	68
411	145	32	70
410	145	35	72
409	147	31	70
407	148	28	68
406	149	25	67
408	147	26	67
409	146	29	68
406	150	24	68
406	147	25	68
406	150	23	65
407	146	26	69
406	148	24	67
406	147	25	67
406	148	25	65
407	147	26	66
405	148	24	65
405	147	25	67
405	146	26	66
407	147	23	66
407	146	24	66
410	145	24	65
409	146	23	65
408	144	25	66
410	144	25	65
409	146	23	63
411	141	31	67
410	144	24	67
410	144	25	66
411	144	23	65
411	143	23	64
411	144	23	64
411	143	24	65
412	143	23	63
411	144	22	63
412	144	22	62
412	145	22	62
412	143	23	64
413	143	24	63
412	144	23	62
414	141	23	64
413	143	23	63
415	141	25	64
413	140	25	65
413	141	23	64
413	143	22	62
414	139	26	65
413	142	22	63
412	141	23	63
412	142	22	61
414	139	27	64
424	139	26	62
414	139	23	63
413	140	21	62
415	138	25	64
412	139	24	63
412	142	22	61
411	138	28	63
410	140	21	61
410	140	22	60
410	140	23	60
410	139	23	61
410	140	22	60
410	138	23	62
411	137	23	62
411	137	23	62
409	139	23	61
409	138	24	62
410	138	23	60
410	138	22	59
411	137	22	60
410	137	23	60
410	137	23	60
411	137	23	60
410	137	23	60
411	136	23	60
410	138	22	59
412	137	21	60
411	137	22	60
412	136	21	60
413	136	21	59
412	137	21	60
413	137	20	59
413	135	22	61
413	137	21	59
413	136	21	59
413	136	20	58
413	136	21	58
413	135	20	58
414	135	20	58
416	134	22	58
415	135	21	59
416	136	20	56
418	133	23	59
417	135	20	59
416	134	20	59
419	133	22	60
427	130	24	59
427	131	26	59
427	130	24	58
428	130	24	58
429	130	23	58
428	131	22	58
429	131	22	57
429	132	21	56
427	129	22	58
428	132	22	57
430	131	21	56
427	130	22	57
425	131	21	56
424	131	24	57
419	131	23	56
421	132	22	56
422	130	24	57
420	131	24	57
421	131	23	56
418	132	23	55
416	132	22	56
417	130	22	56
415	130	22	56
417	130	22	56
417	131	22	55
422	130	22	54
422	129	22	56
421	130	21	55
414	130	21	55
412	129	23	56
417	126	24	57
415	128	24	56
410	130	23	55
416	128	22	56
410	130	20	55
410	129	21	55
408	130	21	55
410	129	22	55
409	129	22	55
408	129	22	54
408	128	23	55
407	128	22	54
410	129	20	53
407	128	23	56
409	126	24	57
406	127	25	57
405	126	23	56
407	125	22	56
405	127	23	54
408	127	22	54
406	127	24	55
408	127	23	53
406	124	24	57
405	125	24	56
404	123	26	57
405	121	28	59
403	120	30	60
405	118	32	60
404	122	27	59
406	120	29	58
403	121	25	57
387	122	23	54
404	122	23	55
383	124	23	53
405	123	21	53
410	116	29	57
401	119	24	55
410	118	26	55
397	119	27	55
410	118	27	54
398	118	26	56
402	117	27	54
398	118	22	56
396	119	23	53
387	118	24	52
390	118	23	53
387	118	22	55
398	119	19	53
399	117	20	54
402	117	22	53
396	116	27	54
399	115	28	55
399	115	25	58
398	115	28	56
398	115	28	56
399	114	26	57
398	114	29	57
397	114	26	56
400	114	27	56
400	114	29	57
399	114	24	58
402	115	23	55
406	114	30	55
398	114	24	56
400	115	24	54
389	115	22	54
401	116	22	53
398	115	23	54
402	116	21	52
399	116	21	54
402	116	20	52
398	114	23	54
399	115	23	53
396	114	23	53
400	115	22	52
401	114	25	51
400	112	28	56
402	112	25	55
396	112	28	55
400	113	23	53
401	113	23	53
402	112	25	54
398	111	29	56
400	110	27	55
400	112	22	54
406	112	26	53
400	114	22	53
408	110	27	53
403	110	28	54
401	108	28	56
400	109	25	55
401	110	25	53
400	109	29	55
401	111	26	53
404	111	26	53
403	109	27	55
401	109	28	54
401	109	28	54
404	107	29	55
404	104	33	58
400	108	32	56
403	108	25	54
402	107	26	55
402	107	29	53
405	107	27	53
405	107	31	55
406	104	30	56
405	104	29	57
408	103	33	56
402	106	28	56
402	106	30	54
403	106	29	54
402	107	29	53
402	106	27	53
405	105	26	55
403	102	33	54
408	104	28	55
406	106	25	52
408	104	24	53
406	108	23	50
410	106	24	50
406	106	25	52
409	106	25	50
407	105	25	53
407	107	22	50
410	106	25	51
406	106	24	52
409	107	22	50
409	108	24	50
409	106	26	51
409	103	27	53
407	105	26	49
411	106	24	49
407	107	25	51
409	107	24	49
407	105	27	50
407	104	27	50
411	103	26	52
409	104	27	50
405	105	28	50
409	105	23	50
409	106	23	49
409	106	26	49
409	105	22	49
413	106	23	48
420	104	24	49
