416	101	19	48
416	99	18	50
416	98	17	49
414	98	18	51
412	99	19	50
410	99	20	50
409	99	20	51
407	98	19	51
408	98	19	51
406	98	19	51
404	98	20	51
402	98	19	51
400	99	19	50
399	98	19	50
396	99	20	50
395	98	20	51
393	99	19	50
393	98	18	50
391	97	17	51
390	98	18	51
389	98	18	51
386	98	19	51
385	98	20	51
382	98	21	51
382	98	21	51
379	99	21	51
380	99	20	51
378	98	19	51
377	99	18	51
375	98	19	51
373	98	18	51
370	98	19	51
370	98	19	51
368	99	20	51
367	99	20	50
366	99	18	51
357	98	19	51
353	99	21	51
352	99	19	51
351	98	19	52
349	99	19	51
350	98	18	51
346	98	19	52
344	99	20	51
344	98	19	52
341	99	19	51
339	98	18	52
337	99	19	51
336	99	19	51
335	99	19	51
332	99	20	50
332	99	21	51
330	99	20	51
327	97	21	54
322	98	20	53
320	99	20	51
318	97	21	53
317	96	20	54
316	99	19	52
313	99	19	51
312	99	19	51
311	98	19	51
310	99	20	51
306	96	21	53
305	97	21	53
303	99	21	52
304	98	20	52
301	98	20	52
301	99	19	51
298	98	20	52
298	99	20	52
297	98	20	52
293	98	21	51
293	99	20	51
290	99	20	51
290	99	19	51
290	100	19	50
290	99	19	51
287	98	19	52
285	99	20	52
283	98	20	52
281	99	21	51
281	99	20	51
280	98	20	51
277	98	20	52
275	98	19	52
274	98	20	54
267	99	18	51
263	100	19	51
261	98	18	52
261	99	20	51
259	99	20	51
258	100	20	50
259	98	19	53
254	100	18	53
247	99	19	52
244	100	20	52
242	100	19	51
242	100	20	51
239	100	19	52
238	99	18	53
236	100	19	51
231	102	19	50
223	100	19	52
219	101	19	49
215	101	19	49
216	101	20	50
214	100	19	51
212	101	19	50
241	92	21	57
242	95	20	55
208	102	21	49
206	102	21	50
207	101	19	50
202	101	18	50
203	101	19	52
197	100	21	51
200	101	18	49
196	101	18	51
198	101	19	50
194	101	19	52
195	101	20	50
192	101	19	49
190	102	19	50
190	100	19	50
187	100	18	51
185	100	20	52
184	100	19	51
184	101	19	51
180	100	19	52
181	100	19	51
179	101	18	51
177	101	19	50
175	101	19	51
176	101	20	51
171	101	19	50
172	100	19	51
172	101	19	52
170	100	18	52
170	101	19	50
169	100	19	51
164	101	18	53
162	98	19	51
161	99	20	52
160	98	19	53
160	101	18	50
157	100	18	52
156	101	18	52
154	99	17	52
152	101	18	50
151	101	18	51
151	100	17	50
150	101	18	50
150	102	18	51
147	102	18	49
148	101	18	49
149	103	18	48
145	102	18	48
147	100	18	50
143	99	18	52
143	100	18	53
140	101	20	49
135	101	19	50
137	101	19	49
133	102	19	48
132	102	19	49
131	101	19	50
130	100	20	51
128	100	19	51
126	99	20	52
126	101	19	50
126	101	19	50
125	100	18	50
124	99	18	50
122	100	20	50
121	100	20	50
121	100	19	51
120	101	19	48
117	100	20	49
117	100	19	50
114	101	21	49
113	100	19	49
133	96	22	51
145	93	17	54
145	94	17	51
145	93	18	53
138	94	20	53
141	93	18	53
142	91	18	55
141	91	19	55
149	89	19	54
149	88	18	56
122	95	23	51
123	95	24	50
146	91	19	53
147	92	19	52
147	89	19	55
150	85	18	58
147	85	20	59
146	85	20	59
149	82	18	60
149	83	18	60
148	74	19	63
148	75	18	64
150	86	18	58
149	85	18	58
147	84	19	58
147	82	20	60
118	95	21	50
94	99	17	48
91	98	17	48
90	98	17	48
89	98	16	49
87	97	16	49
87	98	17	48
86	97	17	49
85	97	17	49
87	95	16	49
85	96	17	49
85	95	16	51
84	95	17	49
84	95	17	50
84	94	17	51
82	95	17	50
77	95	17	49
78	93	16	49
78	95	16	47
77	92	16	49
77	93	15	48
75	92	16	48
76	92	17	49
78	91	16	51
74	90	17	53
74	95	17	49
73	95	16	48
71	94	16	50
71	95	17	48
70	95	17	48
70	96	16	48
69	95	16	48
70	94	17	49
68	95	16	48
67	94	18	49
67	95	17	47
67	94	17	48
66	94	18	49
65	95	18	49
65	94	17	49
64	94	17	49
63	94	16	49
64	95	17	48
62	95	17	48
60	95	18	47
60	95	17	47
59	97	17	45
59	96	16	47
58	97	17	45
58	96	16	46
55	96	16	46
54	96	17	46
55	96	16	47
51	96	17	47
48	95	17	48
46	95	18	48
45	95	17	47
44	95	19	49
42	97	20	47
41	96	20	49
69	89	18	50
39	98	18	49
35	97	18	47
66	87	19	52
35	97	18	49
36	98	18	48
34	96	17	48
33	97	18	48
34	96	17	48
29	96	19	48
28	96	20	48
27	97	19	47
29	97	20	48
27	98	20	46
26	97	18	47
26	97	18	47
26	97	18	45
24	98	18	47
