549	30	58	43
548	28	56	43
547	29	57	43
545	29	58	44
544	29	57	43
542	30	56	43
539	30	58	44
537	30	58	44
537	30	58	44
534	30	58	45
532	32	58	45
528	32	58	45
526	32	58	45
525	34	58	44
522	33	59	45
521	34	60	45
520	34	59	46
518	35	60	45
516	35	60	45
514	35	60	45
513	36	60	45
512	36	60	45
510	37	60	44
508	37	60	44
507	38	61	45
505	38	61	45
504	38	61	46
503	38	61	45
501	38	62	46
500	38	62	46
497	38	62	46
495	40	62	46
494	40	62	46
493	40	60	46
491	40	62	46
490	41	61	47
488	41	62	47
486	41	62	46
483	42	63	47
481	42	63	46
481	42	62	47
479	43	62	47
477	44	63	47
475	44	64	47
474	44	64	47
472	44	64	47
470	45	64	47
468	45	65	48
466	45	65	47
465	46	65	47
463	47	64	48
460	47	65	48
457	48	67	48
456	48	66	48
453	49	66	48
450	49	66	48
448	50	65	48
446	49	67	49
445	50	66	49
443	51	67	48
441	51	66	49
437	51	67	49
435	52	68	49
435	52	67	50
431	53	70	52
429	53	67	51
427	54	67	51
425	54	68	51
422	55	68	52
420	55	68	52
419	56	69	52
417	56	69	52
414	56	69	52
413	57	69	53
412	57	69	53
407	57	70	53
405	59	71	54
403	59	69	54
400	60	68	54
396	61	71	56
392	63	70	55
389	63	71	56
387	63	72	56
385	64	71	57
384	64	72	56
382	64	73	58
380	64	74	58
378	65	72	58
378	65	72	58
375	66	74	59
374	68	72	58
371	68	73	59
370	68	74	60
367	68	73	60
365	69	73	60
364	70	74	61
362	71	74	60
362	71	74	61
360	71	74	61
358	72	75	62
357	73	73	62
354	74	74	62
354	75	72	63
348	79	73	64
346	79	73	64
344	80	72	65
344	81	71	65
342	82	71	66
342	83	72	65
343	83	69	65
340	86	71	68
336	90	71	68
338	89	70	68
338	90	70	70
338	91	70	70
338	92	70	70
337	92	73	72
338	93	71	71
337	94	73	73
337	94	72	73
337	96	73	72
338	96	72	74
338	97	74	74
338	98	73	73
338	98	76	74
339	99	75	75
338	100	78	76
339	101	79	77
338	102	81	78
337	105	84	78
339	105	82	79
340	106	85	79
341	106	84	80
342	107	85	81
341	107	85	82
342	109	87	82
343	109	88	83
343	110	88	84
344	112	91	84
346	114	90	85
346	115	91	85
347	116	93	86
349	118	93	86
349	118	94	88
350	119	94	87
351	121	95	87
352	122	94	88
353	123	96	89
354	123	95	89
354	124	96	91
355	126	98	92
355	126	99	93
356	128	101	92
358	128	100	94
357	129	102	95
360	131	102	96
360	132	103	96
362	133	104	96
362	134	105	97
364	135	105	97
364	137	106	97
365	139	107	97
367	139	109	98
367	141	109	99
369	142	111	101
370	144	113	101
373	145	113	102
374	147	115	104
374	147	117	104
377	150	117	106
379	151	116	107
381	152	118	108
382	154	121	109
385	156	120	109
385	157	122	110
388	158	121	113
390	160	123	112
392	162	125	115
394	164	126	117
395	164	127	116
397	166	129	116
400	169	130	119
401	171	132	121
405	172	133	121
407	174	134	120
410	175	136	122
413	179	138	125
416	183	140	127
419	185	143	130
421	186	146	133
425	190	147	132
428	191	149	128
430	193	154	136
434	196	154	139
435	198	158	141
439	200	159	145
443	203	161	144
447	205	163	143
451	209	158	147
