173	109	30	29
172	109	30	30
172	108	30	30
171	108	31	30
172	108	30	30
172	108	30	30
172	108	30	29
171	108	30	29
172	108	30	29
171	108	30	29
173	108	30	30
172	109	30	29
172	108	30	29
172	109	30	29
171	108	30	30
172	108	30	29
172	109	30	30
172	108	30	29
171	109	30	30
171	108	30	30
172	108	30	30
172	109	31	29
172	108	30	29
171	108	30	30
171	109	31	29
171	108	31	29
171	109	31	30
171	109	31	29
171	109	31	29
171	109	31	30
171	108	31	29
172	109	30	29
172	109	30	29
172	109	30	30
173	108	30	29
173	109	30	30
173	109	29	30
172	109	30	30
173	109	30	30
172	108	30	30
172	108	30	30
172	109	31	30
174	108	30	31
174	107	30	31
174	107	30	32
174	106	29	32
175	106	29	33
175	106	29	34
176	104	28	35
176	104	28	36
176	103	27	36
176	103	27	37
175	102	28	37
176	101	28	39
175	100	28	40
176	98	28	41
176	98	27	42
175	97	27	42
175	95	28	44
175	94	28	44
176	94	27	45
176	95	27	44
176	92	27	46
176	93	27	45
176	92	27	46
176	92	26	46
176	91	25	46
176	93	24	46
176	91	23	47
175	89	23	48
174	88	23	49
172	88	23	49
172	88	22	49
172	88	23	47
171	90	22	46
170	90	23	47
173	95	25	45
169	88	22	40
169	89	22	38
168	88	20	34
167	88	20	37
166	87	21	34
165	87	21	32
163	86	21	33
165	87	19	36
164	87	20	40
163	86	20	46
165	85	19	46
164	86	20	46
164	87	20	48
164	87	21	49
162	86	21	48
161	87	22	45
160	87	22	45
159	87	23	45
158	87	23	47
157	87	23	44
157	86	23	47
156	87	23	45
157	87	23	47
156	87	23	48
157	87	22	48
157	87	22	47
157	86	22	49
157	87	22	47
157	87	23	48
157	86	23	45
158	88	23	47
158	88	23	46
158	88	23	46
158	89	23	45
157	89	23	45
157	90	23	41
156	92	22	40
155	94	22	37
155	95	21	36
155	98	20	36
155	99	20	35
154	100	21	35
154	101	21	37
153	102	21	37
153	101	21	39
153	101	21	38
153	102	21	35
152	102	21	36
152	101	21	37
153	102	22	35
152	102	21	36
152	102	21	38
153	101	21	36
152	102	22	36
153	102	22	33
152	102	22	36
152	102	22	36
152	102	22	35
152	102	22	37
153	102	22	36
152	103	22	36
151	102	22	37
152	102	21	36
152	103	22	36
151	102	23	39
154	102	27	29
152	102	24	31
148	101	24	33
148	102	26	36
150	101	26	37
152	101	23	36
153	101	22	33
152	102	22	34
153	102	22	34
152	102	22	34
152	102	22	34
152	102	22	33
153	103	21	32
152	102	22	34
153	102	21	36
153	102	21	35
152	103	21	33
152	103	22	35
152	102	22	34
152	103	22	35
152	102	22	32
152	102	23	34
172	104	35	39
199	104	36	46
235	99	35	55
267	100	31	53
270	98	28	48
268	98	27	46
268	99	27	44
270	100	25	37
270	101	23	35
270	100	23	33
270	101	23	33
270	99	22	34
270	101	22	33
270	100	22	33
271	101	22	32
270	101	22	33
270	101	22	34
270	100	22	32
270	100	22	34
270	101	22	33
269	100	22	34
271	100	21	33
270	101	22	34
269	100	22	35
271	101	21	34
269	100	22	34
270	101	22	32
269	100	22	35
270	100	22	33
270	100	22	34
271	100	22	34
270	101	22	34
271	100	22	33
270	100	22	35
271	100	22	34
270	99	22	35
271	99	22	34
270	100	22	34
271	100	21	33
271	100	21	33
271	100	21	34
270	99	21	33
271	100	21	33
270	100	21	33
271	100	21	33
270	99	21	34
270	100	21	33
271	99	21	34
271	101	20	36
270	106	21	34
271	107	21	34
271	106	21	34
271	106	21	36
270	107	22	35
270	107	21	35
269	106	22	35
271	106	22	34
270	107	21	34
269	106	21	35
270	106	21	33
270	106	21	34
270	107	21	34
270	107	21	34
269	106	21	34
270	107	21	33
270	106	21	34
270	106	21	34
271	110	21	34
270	112	22	33
270	111	21	35
