449	257	40	74
448	253	38	84
448	253	38	86
448	253	38	87
448	253	38	88
447	253	38	88
446	254	38	89
446	255	38	89
446	255	38	88
445	254	38	90
446	255	39	88
445	256	39	89
446	254	39	89
446	255	40	89
446	255	40	88
445	255	40	87
443	255	41	88
442	254	41	87
441	254	43	89
440	254	43	92
438	254	43	88
436	253	45	88
435	254	45	91
433	255	46	96
430	258	45	92
428	254	46	92
426	258	49	97
422	256	53	105
419	257	58	114
417	256	56	123
414	254	57	119
413	254	55	123
413	253	54	128
412	253	53	128
413	252	52	125
412	254	51	120
413	253	49	117
412	254	49	112
413	254	47	96
413	255	45	97
414	253	42	88
414	255	41	92
414	250	41	88
413	251	41	83
413	251	41	83
411	251	43	84
410	250	43	84
409	253	44	88
407	252	44	94
404	250	47	105
401	250	48	111
399	248	48	118
397	248	49	115
395	247	51	117
392	247	53	110
391	247	50	111
390	247	49	114
387	245	49	121
385	244	48	120
383	245	49	119
380	245	49	117
378	245	50	119
374	245	52	124
369	245	55	128
365	244	53	125
363	242	52	126
359	242	48	127
358	241	50	127
354	242	49	127
353	241	47	125
350	240	48	123
349	239	46	119
348	242	45	113
346	239	43	114
344	239	40	90
343	237	37	98
341	236	38	100
336	236	39	110
332	238	42	90
330	235	42	93
325	238	45	118
318	238	50	121
312	235	53	125
311	231	55	125
307	233	56	126
305	231	55	127
302	230	55	126
303	231	54	126
297	230	55	126
296	230	56	125
295	231	54	124
290	231	57	124
292	231	53	121
291	232	53	121
286	229	55	121
288	227	51	113
290	226	47	121
285	226	50	119
289	225	47	121
284	228	48	116
283	229	48	116
280	228	49	112
279	227	48	115
277	224	48	119
275	221	48	123
273	220	47	120
271	219	48	123
265	219	51	125
265	219	50	121
262	221	50	121
263	223	49	115
260	221	48	116
260	221	46	118
260	220	44	115
257	218	45	119
254	218	46	120
252	218	48	121
250	220	49	118
244	220	51	114
243	219	51	116
239	219	52	113
239	217	49	114
235	216	48	115
235	214	49	118
230	213	49	118
228	214	48	116
227	215	47	115
224	214	46	111
224	215	46	110
223	213	43	107
223	213	40	90
219	212	40	90
217	212	40	89
215	214	40	86
212	214	40	85
211	214	40	83
208	212	39	87
207	212	38	87
204	210	37	87
200	210	39	82
199	209	37	78
197	205	36	79
196	205	37	79
192	205	37	80
189	207	39	81
185	208	39	91
186	207	37	85
184	206	36	87
184	204	36	89
181	203	35	88
178	203	36	87
176	203	36	94
170	205	40	90
169	206	39	96
166	205	41	95
163	205	41	96
163	204	39	92
160	202	39	90
158	200	39	95
156	200	39	90
155	197	38	94
155	200	36	74
154	199	34	68
153	200	33	62
150	201	33	67
149	197	32	65
148	197	31	65
143	196	31	65
143	196	30	66
142	197	30	67
139	196	31	63
136	193	30	65
132	191	32	70
129	196	34	79
123	195	37	77
122	190	37	82
118	190	38	87
116	190	38	84
115	192	39	96
112	189	39	97
111	190	38	94
111	191	37	97
109	190	39	91
109	189	38	91
107	189	38	91
103	189	38	89
104	188	35	87
103	191	34	75
99	190	37	90
97	191	37	85
92	190	39	87
94	188	37	90
90	187	39	88
87	187	40	94
88	184	39	96
84	187	40	88
83	185	40	94
82	184	41	94
78	185	43	95
78	186	40	90
79	185	39	91
77	183	39	88
77	183	37	83
74	182	38	84
73	183	39	92
72	187	38	85
72	184	38	90
69	183	39	91
67	186	37	89
66	182	38	92
65	182	37	89
65	183	35	89
64	182	35	90
62	184	35	85
60	183	35	93
59	184	35	91
56	186	36	88
56	186	36	84
55	186	36	83
50	181	43	85
48	177	47	83
43	179	47	93
44	175	44	97
45	178	42	87
80	154	38	86
75	154	42	85
122	151	40	80
123	153	36	77
120	152	36	76
118	152	34	75
115	152	36	79
112	150	35	71
109	150	35	74
104	150	36	78
102	150	35	76
98	149	37	76
96	148	35	78
93	148	36	79
93	147	34	75
89	147	34	77
86	145	35	73
81	143	36	74
83	145	32	75
78	145	32	72
76	144	32	71
74	143	33	70
71	142	34	72
68	142	35	71
63	140	38	74
60	141	38	75
58	140	39	73
54	138	36	74
53	135	37	81
49	138	38	77
44	138	39	72
45	138	36	74
41	137	35	70
38	136	35	67
51	139	45	80
83	142	69	98
129	150	60	104
116	144	113	119
185	141	98	114
52	129	178	119
74	99	135	171
71	116	163	165
185	121	144	149
383	131	103	109
371	153	87	82
433	128	48	84
441	127	37	75
440	125	34	75
438	127	36	73
440	130	34	71
437	127	34	70
436	126	34	74
435	122	34	74
436	124	34	71
434	124	34	74
438	126	32	73
436	126	32	70
434	126	32	70
435	125	33	76
436	125	32	69
432	127	34	72
433	125	34	72
433	124	33	74
433	125	33	73
431	125	34	75
431	126	33	72
430	124	34	73
429	124	34	70
430	125	33	70
428	126	36	68
427	124	36	73
427	123	36	74
429	125	37	68
428	123	34	71
425	121	35	72
426	122	34	72
425	123	32	66
425	122	31	69
424	123	31	68
460	100	33	61
460	103	36	62
500	98	31	63
498	98	30	62
494	98	31	61
493	97	31	62
487	97	32	62
488	97	31	63
484	97	32	61
482	98	31	60
441	96	32	62
442	95	37	64
474	95	32	62
475	96	30	60
472	93	31	59
471	95	30	58
466	91	32	59
431	89	32	65
463	90	31	58
464	92	30	60
461	90	30	60
458	89	30	59
458	92	30	58
454	89	30	58
454	91	29	58
450	89	30	59
448	89	29	58
446	89	30	58
445	87	31	60
441	89	31	57
441	89	29	56
439	88	29	58
436	87	30	57
436	89	29	55
432	87	30	55
432	88	30	55
427	85	31	56
427	87	30	55
423	85	30	55
422	87	29	52
418	84	30	54
419	85	28	52
417	85	28	54
415	84	27	52
414	85	27	52
410	83	27	53
408	82	27	54
406	85	28	53
403	82	29	52
402	82	26	51
400	83	29	52
398	82	28	50
396	82	27	51
395	82	27	51
392	73	28	54
391	77	28	54
387	76	30	55
387	78	30	54
385	78	29	52
383	77	28	52
381	76	27	54
379	76	26	52
378	77	27	48
376	79	26	48
376	80	26	47
373	79	26	49
374	78	26	50
371	77	26	52
371	78	26	55
367	78	27	51
365	78	28	50
364	76	27	52
