572	29	15	35
570	28	15	38
570	27	15	38
570	26	16	39
569	27	16	37
570	28	15	38
570	28	16	37
570	29	16	37
569	28	16	39
570	28	15	38
570	28	15	37
570	27	15	39
570	28	16	38
570	28	15	38
569	28	15	39
569	28	15	38
569	28	15	38
568	28	16	38
568	28	16	39
569	27	16	39
567	28	16	39
568	27	15	39
568	27	16	40
568	28	16	39
567	28	16	38
568	29	16	38
568	28	16	38
568	29	16	38
568	29	16	38
568	28	16	38
568	28	16	39
567	28	16	38
568	28	15	37
568	28	15	38
568	28	15	38
567	28	16	40
567	28	15	39
568	29	16	38
566	29	16	38
567	29	16	38
567	29	15	38
567	30	15	38
567	28	16	39
567	28	16	39
567	28	16	38
567	29	16	38
567	30	16	38
567	30	16	39
567	30	16	39
568	30	15	38
567	29	16	37
567	29	15	38
567	29	16	38
567	29	16	39
567	29	16	38
567	29	16	38
567	29	16	40
567	29	16	39
567	30	16	39
567	30	15	38
566	30	16	39
566	30	16	39
566	29	16	40
566	28	15	40
565	29	16	40
566	30	16	39
566	30	16	39
566	30	16	40
565	29	17	40
565	29	17	40
565	29	17	40
565	30	16	39
565	30	16	38
565	29	16	40
565	29	16	39
565	29	16	40
564	29	16	40
565	30	16	40
564	31	15	40
564	31	16	41
564	30	15	40
562	30	16	40
563	30	15	39
563	31	16	39
562	30	16	40
562	31	16	39
560	31	16	38
561	31	16	39
559	31	17	39
559	31	17	39
560	32	16	38
559	32	16	39
558	31	16	39
559	30	16	40
559	32	16	38
559	31	16	39
558	31	16	39
558	31	16	39
558	31	16	40
558	32	15	39
557	32	15	40
557	31	16	41
556	31	16	40
556	31	16	39
554	31	16	39
555	31	16	40
554	31	17	40
554	31	16	39
554	31	17	40
553	31	17	40
552	32	17	39
553	32	16	40
552	32	17	41
552	32	17	40
552	31	17	40
552	32	16	40
552	32	16	40
552	31	16	40
551	32	16	40
551	32	16	41
550	32	16	42
550	32	15	39
550	32	15	41
548	31	16	41
547	32	16	40
547	32	16	41
546	33	16	40
545	33	16	41
545	33	17	40
544	33	16	40
542	34	17	39
540	32	17	41
541	32	17	43
541	30	17	42
541	31	17	43
541	30	16	43
541	29	16	44
542	29	16	43
542	31	16	44
541	32	15	44
541	32	16	43
540	31	16	44
541	31	16	43
541	30	16	43
539	32	16	43
536	33	17	41
544	27	15	41
547	26	14	36
535	34	17	38
534	34	17	39
532	34	18	38
532	35	17	40
531	35	18	40
531	35	18	39
531	35	18	37
531	36	18	36
531	35	17	38
531	34	17	40
532	34	17	40
531	35	17	39
530	35	16	39
530	35	16	39
531	34	15	40
529	35	16	41
529	35	16	39
529	35	16	39
528	35	17	40
527	36	17	40
527	34	17	41
525	36	18	39
525	37	17	40
525	36	18	40
526	35	17	40
525	36	17	40
524	36	17	40
525	36	16	39
525	35	16	41
525	35	16	41
525	35	15	41
523	36	16	41
524	36	15	41
523	36	15	41
523	35	16	40
521	35	16	42
521	36	17	41
519	36	17	41
519	36	17	40
518	37	18	40
517	37	18	41
518	36	18	41
517	36	18	41
517	37	18	40
517	37	18	41
516	38	17	41
516	37	17	42
515	36	17	41
515	36	17	43
517	37	16	41
515	37	16	41
514	37	15	42
514	37	16	42
514	37	16	42
514	37	16	43
514	37	16	42
513	38	17	42
512	37	17	41
511	38	17	42
511	38	17	42
510	37	17	42
511	38	18	41
510	37	17	42
510	38	17	43
509	38	18	43
507	38	18	43
507	38	18	44
507	38	17	43
507	37	17	42
508	37	17	43
508	38	16	43
508	38	16	42
507	38	16	42
507	38	16	42
508	38	15	41
508	39	16	42
506	39	17	42
506	39	17	43
505	38	17	42
504	39	18	42
505	39	17	42
504	39	18	42
505	39	17	43
504	39	18	43
505	40	17	42
504	40	17	42
504	40	18	42
503	40	18	42
504	40	18	43
504	40	18	42
503	39	18	43
503	40	18	42
503	40	17	43
504	40	17	42
503	40	17	43
503	41	17	43
502	40	17	42
501	41	18	41
501	40	18	42
500	40	18	42
499	41	18	43
500	40	19	44
500	41	18	43
499	41	19	43
498	40	19	43
498	40	19	44
497	41	19	43
498	41	18	44
496	41	18	43
497	41	18	43
497	40	18	43
496	41	18	44
496	40	18	43
496	40	17	43
496	41	17	43
496	41	17	43
496	42	17	43
494	42	18	43
495	41	18	42
493	42	18	43
493	41	18	43
492	42	18	43
492	41	18	43
491	42	19	43
490	42	19	43
490	42	19	43
491	42	17	43
490	42	17	43
489	43	18	43
489	42	18	44
489	41	19	45
489	42	18	45
489	42	18	43
488	42	17	44
489	42	17	43
488	42	18	45
487	41	19	44
488	42	17	44
488	43	17	44
487	43	18	44
486	43	18	44
486	42	18	44
486	42	17	44
485	42	18	44
485	42	18	45
484	42	19	44
484	42	19	45
483	43	20	45
483	43	19	45
483	42	19	44
483	43	19	45
484	43	19	44
482	43	19	44
482	42	18	45
482	43	18	44
481	43	19	44
483	43	17	44
482	43	18	44
481	43	18	45
482	43	18	44
481	45	18	44
481	44	18	45
481	44	18	44
479	45	19	43
479	44	19	44
479	44	19	44
479	44	19	45
477	44	20	45
478	44	19	44
478	44	20	44
477	45	20	44
477	44	20	46
476	44	20	45
476	44	20	45
478	44	19	45
476	44	19	45
476	44	18	44
476	45	17	45
477	45	18	44
475	46	19	44
474	44	18	45
474	46	18	44
474	46	18	44
473	45	18	43
472	46	19	44
474	45	18	44
472	45	20	44
473	45	19	44
471	46	20	44
471	45	19	45
472	45	19	46
471	46	19	46
470	46	20	46
470	45	20	46
471	44	19	46
470	45	20	46
470	45	19	45
470	45	19	46
470	46	19	45
470	47	19	45
469	47	19	45
469	47	19	45
468	47	19	45
468	47	19	45
469	47	18	44
468	47	20	45
469	47	19	45
468	47	20	45
470	47	18	45
469	47	19	46
469	47	19	46
469	48	19	46
469	48	19	46
469	49	19	45
470	48	19	46
469	47	19	45
469	49	18	44
470	48	17	46
470	48	18	46
469	48	17	45
469	48	16	46
469	49	16	44
469	49	16	46
469	49	17	47
468	50	17	47
467	51	18	47
466	51	18	48
467	50	20	49
465	49	20	52
464	49	21	52
463	50	21	54
461	48	23	56
463	49	22	54
465	49	19	48
465	49	18	45
467	49	18	44
466	49	18	45
466	49	17	44
465	50	18	44
466	49	17	45
466	50	18	45
465	49	17	45
463	50	19	46
465	51	17	44
464	50	18	45
463	50	19	45
463	49	19	45
463	50	19	45
462	50	19	45
461	49	20	46
460	50	21	46
460	50	21	46
460	50	21	45
460	50	21	47
460	50	21	47
460	50	21	46
459	50	21	46
459	51	20	45
459	51	20	46
459	51	21	46
459	51	20	45
458	50	20	46
459	51	19	46
459	50	18	47
458	51	20	46
459	51	19	46
458	52	19	46
457	52	20	45
456	51	20	46
456	51	20	46
456	52	20	46
455	51	20	47
455	52	20	46
454	52	21	46
455	51	20	47
453	51	20	46
453	52	20	46
452	53	20	46
452	52	20	45
451	53	20	45
451	52	21	47
451	52	20	46
450	52	20	46
450	52	19	46
450	52	19	47
449	53	19	46
449	53	19	46
448	54	19	46
448	53	20	47
447	53	21	47
448	53	19	47
446	54	21	46
446	53	20	47
446	53	21	47
445	53	20	47
445	54	20	47
446	53	19	47
444	53	20	48
443	54	20	47
443	54	20	47
444	54	19	47
443	54	19	47
444	53	19	48
443	52	19	48
442	53	19	47
442	53	19	49
442	53	19	48
441	53	19	49
440	53	20	49
439	55	19	47
441	54	18	47
438	55	20	47
438	54	18	47
437	55	19	47
437	53	19	49
437	54	18	49
436	55	19	48
436	55	18	48
437	55	19	48
436	55	19	48
435	54	19	49
431	56	20	48
412	54	19	49
411	54	19	49
411	55	19	47
411	55	18	47
411	55	18	48
411	53	18	50
411	55	18	47
411	56	18	48
410	55	18	48
410	54	18	50
409	54	17	48
409	56	18	47
410	56	17	47
409	55	18	48
409	55	17	48
408	55	17	49
408	56	17	49
408	56	17	48
407	56	17	48
407	56	16	47
406	56	17	48
406	56	17	48
406	56	16	47
405	57	17	47
406	58	16	47
405	56	17	48
405	55	17	50
406	56	17	50
406	56	19	50
405	56	20	51
406	56	20	50
406	57	20	50
404	57	20	50
404	57	19	49
405	57	19	50
405	58	20	50
404	57	19	51
405	57	19	51
403	57	20	52
404	57	21	53
402	56	21	53
402	58	21	52
401	58	20	52
400	57	19	52
400	58	20	52
400	57	19	52
398	57	20	52
399	58	19	53
398	58	19	52
398	58	19	51
398	58	20	52
396	58	20	52
397	58	20	53
396	58	20	52
353	61	19	47
354	60	19	48
353	60	19	47
354	60	19	48
353	60	20	48
351	60	21	48
352	63	21	47
352	61	21	50
352	61	20	48
353	61	20	47
353	61	20	47
352	62	19	46
353	64	20	46
353	63	19	46
351	63	20	46
352	61	20	48
350	62	20	47
350	65	20	45
351	63	20	47
351	64	19	46
352	64	19	47
351	65	18	45
351	65	18	46
350	65	18	46
351	64	18	47
348	64	18	48
349	64	19	48
347	64	19	47
346	63	20	48
345	63	20	48
345	64	20	48
345	65	21	46
343	63	20	48
345	64	21	49
343	63	21	50
343	63	21	50
343	64	21	49
343	63	22	51
341	63	21	51
343	65	21	49
341	65	19	47
341	66	18	47
343	66	18	47
344	66	18	47
342	68	18	47
345	67	19	47
351	65	18	49
340	68	19	47
339	66	18	48
338	65	19	49
337	66	20	49
336	66	20	50
335	67	22	49
335	67	22	51
336	65	22	54
334	66	22	53
333	68	23	51
331	65	23	54
329	68	24	53
327	68	27	53
329	68	23	52
325	69	20	50
333	68	20	51
332	68	19	51
334	66	18	52
333	69	18	48
333	70	18	46
334	69	17	47
332	69	18	48
331	71	18	47
331	70	18	47
330	70	19	47
330	69	19	47
328	66	20	50
329	68	20	48
328	67	19	50
329	68	19	48
328	67	18	51
327	68	19	49
327	68	20	50
326	67	19	50
325	67	21	51
325	66	21	53
325	68	20	50
324	70	20	48
325	68	20	50
325	69	19	49
325	70	19	49
325	69	18	49
324	69	19	49
323	68	18	50
323	68	19	50
323	70	19	49
322	70	19	48
321	70	19	49
320	70	19	48
320	69	20	48
320	72	19	47
320	71	19	48
320	71	19	49
319	70	19	49
318	73	21	48
318	71	21	50
319	70	20	52
318	70	20	52
318	71	19	50
319	70	19	50
319	70	18	51
318	72	17	49
319	71	18	50
317	71	18	51
317	72	18	51
317	71	18	50
315	71	19	51
314	71	19	51
314	72	20	50
314	72	20	50
314	71	20	51
313	71	20	50
313	72	20	50
312	72	20	51
312	71	20	51
311	72	20	51
311	72	21	51
311	73	20	51
311	73	20	51
312	73	19	50
312	72	19	52
312	72	18	50
311	72	20	53
312	73	19	51
310	72	19	52
310	71	20	52
309	73	21	53
308	72	20	55
307	74	20	50
307	72	21	53
307	71	21	53
307	71	22	53
305	71	22	53
306	72	21	53
306	71	21	53
305	73	21	54
305	72	21	53
305	71	22	54
304	71	22	55
304	72	22	55
303	72	22	57
304	72	22	57
304	73	22	56
304	73	21	54
303	72	21	55
303	73	20	56
303	73	20	55
302	74	21	54
300	73	22	56
301	72	22	56
299	73	23	55
299	72	23	57
299	72	23	55
300	74	22	55
300	72	22	56
298	71	23	59
299	72	23	58
298	71	24	59
298	72	23	58
299	73	24	58
298	74	22	58
298	72	22	58
297	74	22	56
251	76	24	58
253	76	24	57
253	77	26	55
251	78	26	57
253	77	25	58
253	78	25	57
254	79	24	55
254	79	24	58
254	80	24	55
254	79	22	56
253	78	22	55
254	80	22	52
255	79	22	52
252	79	24	53
255	79	22	54
255	79	22	57
254	80	23	56
254	80	23	56
254	79	23	56
254	78	22	58
254	79	22	56
254	79	23	56
254	79	22	55
254	79	22	56
253	78	23	59
252	79	24	58
253	80	24	57
251	81	24	56
251	81	27	55
250	80	25	57
250	79	25	54
250	80	24	55
248	78	25	56
248	79	25	58
249	79	25	57
247	80	24	58
247	79	24	59
247	80	24	58
248	79	24	58
246	81	25	59
284	80	21	52
284	78	22	53
285	77	22	54
246	79	22	57
285	78	22	55
283	78	22	56
284	77	22	56
244	81	24	58
243	83	24	57
284	81	21	52
282	80	22	52
281	80	22	55
282	78	23	55
279	79	25	55
281	78	24	57
279	77	24	57
281	80	22	54
281	80	23	57
280	78	24	58
279	78	24	59
278	78	23	59
278	79	23	59
279	79	23	58
236	83	25	58
237	82	24	60
236	84	24	57
237	81	24	59
235	84	25	58
234	84	25	59
235	83	24	57
277	83	23	52
275	81	24	56
274	81	25	57
275	79	24	60
273	79	25	59
274	80	24	57
274	82	24	55
275	82	23	54
275	81	23	54
275	80	23	56
274	80	24	56
273	83	23	56
275	82	23	57
274	83	23	54
274	81	23	58
275	82	22	57
272	81	25	58
273	83	23	57
273	83	23	59
272	82	22	58
271	84	23	56
271	86	24	54
271	84	24	55
271	84	23	55
270	84	24	57
271	83	23	57
271	85	23	55
269	85	23	55
270	86	23	56
270	84	24	59
268	83	24	59
269	86	23	56
268	86	23	55
268	85	23	56
269	85	22	56
227	87	27	60
230	85	25	64
230	86	26	61
267	88	23	55
268	87	23	58
267	87	23	59
266	87	22	57
266	88	22	55
265	88	23	56
264	88	23	55
264	87	23	57
263	87	23	58
264	84	23	60
227	85	25	63
227	86	26	64
226	87	26	65
224	85	28	66
224	85	28	66
263	87	23	61
224	86	26	66
224	86	28	67
225	86	26	65
226	86	26	66
226	87	26	66
226	88	26	65
225	87	25	65
225	87	26	65
226	86	25	67
227	88	26	65
225	89	27	65
225	88	26	65
258	89	22	58
259	89	23	59
259	89	22	57
259	87	22	58
259	86	23	61
220	89	29	63
222	89	28	65
220	87	28	66
221	89	28	66
220	88	28	66
221	87	28	68
219	88	28	68
219	88	28	66
220	88	28	66
218	89	27	66
219	89	26	66
219	90	25	64
218	90	26	65
218	93	25	63
216	93	27	63
216	92	27	65
214	93	27	63
217	92	26	64
214	93	27	64
216	92	26	64
252	89	24	63
251	90	25	64
213	91	25	66
214	92	27	66
210	93	29	64
211	94	27	63
212	94	27	65
211	94	27	66
210	95	28	64
208	93	27	65
250	91	23	64
208	94	24	63
206	93	25	64
207	93	25	66
207	95	25	63
246	92	23	63
245	92	22	63
245	92	22	61
246	91	21	62
247	91	22	61
246	89	23	66
247	89	22	66
247	90	24	68
248	89	22	67
246	91	22	65
246	91	21	64
245	91	22	65
244	93	22	64
244	92	23	66
243	92	23	66
242	91	24	68
243	92	25	66
243	92	23	67
244	91	23	67
245	91	23	69
244	92	22	69
243	93	22	67
242	94	24	67
241	93	25	69
241	95	25	67
240	95	24	68
274	98	28	63
299	93	26	67
300	92	26	69
300	92	25	69
301	92	26	70
301	93	25	69
302	92	25	70
302	92	26	71
302	93	26	69
302	92	27	70
302	92	27	69
302	92	27	71
303	94	26	70
303	94	25	68
302	94	25	68
304	93	25	69
302	94	25	71
303	94	25	70
302	96	25	68
303	95	25	70
302	93	26	71
303	93	26	72
302	94	26	71
302	95	26	71
302	95	26	71
303	95	25	72
302	96	26	71
303	96	26	72
303	95	26	71
302	95	25	71
302	95	26	72
301	95	26	72
300	95	28	72
300	97	27	72
298	99	28	69
298	98	27	68
298	99	27	69
298	99	27	69
297	98	26	70
296	99	27	69
296	98	27	69
296	98	26	69
296	98	26	67
294	97	26	71
293	96	26	72
294	98	25	72
293	98	26	72
293	99	26	72
292	99	26	73
292	99	26	72
292	100	26	72
291	101	26	70
290	103	26	68
291	102	26	70
288	102	29	70
287	104	29	67
289	103	29	69
284	103	33	68
260	108	30	65
260	107	29	66
261	107	28	66
259	108	30	66
259	108	34	65
262	106	31	68
259	109	33	65
259	109	31	66
262	109	30	67
261	108	27	68
258	109	29	67
290	103	25	72
290	104	26	71
256	108	27	70
258	108	27	68
290	107	27	69
291	104	27	72
253	109	30	62
224	114	27	68
223	112	29	69
223	112	31	70
223	113	29	69
221	112	29	70
223	111	31	70
222	113	29	69
222	113	29	68
222	113	26	69
220	113	30	67
252	113	28	65
253	112	28	68
216	111	26	69
218	112	27	69
213	113	24	68
213	112	24	67
212	111	24	66
210	113	23	66
207	112	24	67
205	113	25	68
204	112	24	70
203	113	24	69
204	113	23	67
204	113	24	68
203	115	24	67
201	114	25	68
152	115	31	72
152	113	33	74
153	111	31	75
153	112	30	75
153	112	30	74
153	114	29	73
153	113	29	74
153	114	29	73
153	113	30	75
155	113	29	76
156	115	29	75
156	116	28	74
157	117	29	73
158	116	28	74
157	116	29	73
158	116	29	75
158	117	29	73
161	118	31	73
158	117	30	73
158	118	29	76
196	119	27	72
197	118	27	72
197	119	26	71
157	116	30	76
157	116	28	76
157	117	28	75
157	117	27	75
157	117	28	76
157	118	27	76
157	117	29	77
157	118	28	77
157	117	29	78
157	118	29	78
157	118	28	77
158	118	28	75
158	118	30	77
159	118	31	78
159	116	33	80
158	119	31	78
160	119	32	78
159	121	32	78
159	120	32	77
159	120	31	78
159	120	30	77
159	120	30	77
160	120	28	77
160	120	28	77
159	119	29	78
160	120	27	77
160	120	28	77
161	121	28	77
160	120	29	78
162	121	29	80
162	121	28	79
162	120	27	78
164	121	28	78
164	121	28	78
165	123	29	77
165	122	29	78
166	123	28	77
167	124	27	79
168	124	27	78
168	124	27	78
169	124	28	78
170	124	27	79
170	125	27	79
170	125	28	79
170	124	27	78
172	124	26	78
173	125	26	77
173	126	26	76
173	125	26	78
175	126	25	76
175	128	26	76
174	127	27	76
175	128	26	77
174	127	26	77
175	126	26	77
174	126	27	77
174	127	27	77
175	127	26	78
176	127	25	77
177	128	26	78
177	129	27	77
179	128	29	79
178	128	30	81
178	129	28	80
176	128	27	80
205	132	24	75
203	131	25	78
202	131	25	77
201	131	27	77
201	131	27	77
202	131	28	77
199	132	27	77
201	133	26	76
198	132	27	77
197	132	27	77
200	132	26	78
175	132	27	75
176	131	28	76
177	131	29	79
177	130	30	80
179	131	32	80
198	134	27	78
198	134	26	77
201	134	26	77
199	134	28	75
200	134	28	78
199	134	28	80
201	134	27	79
201	134	27	80
200	134	29	80
203	135	26	78
202	135	26	78
204	136	25	76
204	137	24	76
204	138	25	78
203	138	25	78
201	138	27	78
203	137	26	79
203	136	26	80
203	135	26	82
204	134	25	83
203	135	25	81
201	134	24	84
200	136	26	81
199	135	27	84
198	137	28	82
198	137	28	83
202	136	29	84
206	136	25	84
217	138	27	83
217	137	27	84
217	136	27	86
218	138	26	85
214	139	29	84
215	138	29	86
216	139	29	85
213	139	30	86
214	139	29	85
217	140	29	86
211	139	34	87
214	140	29	85
214	140	30	86
215	140	29	85
211	139	31	87
219	141	29	87
204	139	29	90
214	139	33	89
216	137	32	92
213	138	33	91
213	139	33	90
214	138	32	89
214	139	32	90
214	138	33	91
216	140	32	90
213	140	34	91
211	138	34	92
201	140	28	88
203	139	30	88
201	139	29	90
202	140	30	89
199	140	29	87
201	141	29	86
216	141	31	88
201	140	29	88
201	142	28	87
199	141	28	87
204	150	28	82
201	147	29	88
198	144	31	92
199	148	31	87
196	148	35	87
198	147	34	89
198	147	31	88
199	147	32	88
195	149	32	85
199	150	30	86
199	148	31	89
200	149	30	88
200	149	30	87
202	150	28	87
201	148	29	89
200	149	29	88
202	148	29	91
200	148	30	89
199	149	31	90
201	147	30	92
198	149	31	89
201	148	31	92
200	152	33	87
200	153	31	86
201	153	30	86
200	154	29	85
201	151	29	90
200	154	29	86
202	151	29	89
200	152	30	88
202	152	29	89
202	151	30	89
203	151	31	91
203	152	31	91
203	153	31	89
204	152	31	92
203	151	30	92
205	152	31	92
205	152	31	93
205	153	30	93
205	153	28	91
204	153	29	92
205	153	30	93
206	155	30	93
206	156	30	93
205	157	32	91
205	158	32	91
204	157	31	91
204	157	32	91
202	159	32	89
203	159	33	90
203	160	33	89
204	161	32	89
204	161	32	88
203	161	33	90
204	160	33	92
204	160	33	91
203	163	31	87
204	158	33	91
203	160	34	93
204	161	33	91
204	161	33	90
202	159	34	93
201	161	34	93
200	162	36	92
202	161	36	95
201	161	37	96
202	162	35	95
201	162	34	95
199	160	33	97
198	160	34	97
198	160	32	98
197	160	33	97
194	160	36	97
197	162	36	101
196	164	35	96
195	161	37	102
195	164	37	98
196	163	35	99
198	163	35	100
195	164	38	99
196	164	35	99
196	163	35	99
196	165	35	99
198	166	34	99
196	167	37	100
197	168	35	99
196	168	35	100
197	168	36	99
195	168	36	99
196	167	34	99
197	168	34	98
196	168	35	100
196	169	34	100
197	167	33	100
197	169	36	101
197	170	35	101
199	170	35	102
199	170	33	101
200	168	33	103
200	170	33	103
202	170	33	103
201	169	35	104
200	172	35	103
201	171	35	103
200	174	37	102
200	173	36	103
202	174	36	103
201	175	36	102
202	173	34	104
202	172	33	103
204	173	33	100
203	173	33	101
205	173	32	102
205	174	33	101
205	174	34	102
205	175	35	103
204	177	35	103
205	177	35	102
206	176	34	104
207	175	36	105
207	175	37	106
207	175	38	106
207	176	39	108
206	176	40	108
207	177	40	109
207	179	40	108
207	179	40	109
208	179	39	109
207	179	38	107
207	179	38	107
207	179	37	107
208	179	37	107
208	179	38	108
208	181	38	108
207	181	40	109
206	182	40	109
208	182	39	109
208	182	39	109
209	181	38	112
208	182	39	111
208	181	39	113
207	181	40	112
207	183	41	113
206	184	41	112
206	185	40	111
206	185	41	112
205	185	41	113
206	185	41	113
206	185	41	113
207	185	41	113
208	184	40	114
208	184	41	114
207	185	42	115
208	185	42	115
208	187	44	113
208	188	44	113
208	188	45	115
208	188	46	116
209	187	46	119
211	188	45	116
210	188	45	117
212	188	45	116
213	189	45	114
214	190	45	115
215	190	45	117
217	192	43	116
217	193	44	117
219	195	44	117
219	195	44	117
220	196	44	117
221	196	43	116
222	196	44	117
223	196	44	116
224	197	45	118
225	198	46	119
225	201	46	117
226	203	48	118
227	204	48	119
227	205	48	120
228	204	48	121
231	205	45	121
232	204	44	121
233	203	45	122
234	203	43	120
234	206	44	121
234	206	43	122
234	209	44	122
234	210	46	121
233	211	47	121
235	210	47	120
236	210	47	120
236	209	46	122
237	210	47	122
236	211	47	123
235	212	48	123
236	211	47	125
236	213	48	124
237	212	47	126
238	212	46	126
237	212	46	126
238	213	45	126
238	213	45	127
236	214	47	127
236	214	48	129
235	214	48	130
235	217	47	129
235	217	48	128
235	218	48	129
236	218	47	129
236	218	47	129
237	219	46	128
237	219	46	128
237	219	47	129
238	221	45	126
237	222	48	127
236	222	49	125
238	222	49	129
239	223	48	129
240	223	48	129
239	223	49	128
241	223	47	130
242	223	48	130
243	225	46	130
242	225	49	131
241	227	50	132
241	228	50	133
241	228	49	133
240	227	50	134
241	227	50	136
245	228	48	134
243	229	48	133
247	228	49	133
240	228	51	133
250	229	45	133
282	228	45	123
282	228	45	119
281	229	45	120
285	233	43	117
240	232	57	119
226	233	41	121
227	237	38	117
228	236	37	114
228	237	38	113
228	237	39	113
226	237	43	116
225	236	46	119
233	239	48	123
246	238	51	134
247	238	50	137
249	239	48	136
254	240	46	133
291	241	44	125
249	239	51	130
224	238	49	133
228	241	49	126
225	241	47	122
228	242	47	120
229	242	44	119
231	244	39	118
232	246	38	117
233	247	40	118
233	248	42	122
238	249	47	124
229	250	44	121
231	249	49	123
224	248	51	123
224	249	50	123
224	251	48	123
227	252	45	123
229	255	45	118
231	255	47	121
259	256	45	135
250	254	57	130
224	253	49	129
223	254	51	125
226	255	48	124
227	256	47	125
227	257	45	123
229	259	42	122
231	261	41	122
231	262	43	124
229	263	44	127
230	263	43	124
227	263	45	123
225	263	47	125
224	263	51	129
223	263	51	131
222	264	50	129
226	266	51	131
231	268	50	131
234	268	53	134
265	268	50	150
262	267	56	146
302	265	54	143
304	264	51	136
301	263	56	139
292	268	57	135
310	268	45	136
300	265	53	137
232	273	49	133
275	273	53	145
273	272	59	147
271	275	60	149
270	273	62	159
271	273	66	161
271	280	66	162
274	275	71	166
274	280	68	161
274	277	69	166
277	279	69	163
280	280	67	160
282	279	65	161
280	282	63	158
282	282	63	162
282	283	66	162
284	288	66	158
286	288	67	156
286	288	67	159
287	288	66	159
289	289	66	159
290	288	66	160
291	290	63	160
293	290	64	160
293	291	65	159
293	292	66	157
295	294	63	155
297	295	62	155
298	296	65	151
301	293	61	155
299	296	59	154
298	299	61	150
301	300	63	147
302	300	60	149
304	300	62	149
304	301	62	147
306	302	63	147
305	304	63	144
307	304	63	144
305	301	69	147
307	306	64	140
308	301	65	147
312	302	62	145
314	300	61	149
313	302	63	145
315	306	62	141
315	307	63	141
314	312	65	136
254	310	60	138
319	306	63	141
259	314	60	134
263	314	57	136
265	315	58	134
265	315	59	133
265	316	60	133
265	316	62	131
266	316	63	130
267	318	64	129
267	320	64	127
270	321	62	126
274	322	59	124
279	326	57	124
