397	117	18	35
396	116	18	37
395	116	18	35
395	116	18	35
394	116	19	35
394	116	19	34
394	116	19	35
394	117	18	35
393	117	18	36
393	116	18	35
393	117	18	36
392	116	18	36
392	117	18	35
391	116	18	35
391	117	19	35
391	117	17	36
391	116	18	37
390	116	19	36
390	117	18	36
389	118	18	37
389	118	18	35
387	117	18	36
387	117	17	36
386	117	19	36
386	118	18	37
386	117	17	36
386	117	17	36
385	117	18	37
385	116	18	38
384	117	19	37
384	117	19	36
383	118	18	35
382	118	19	36
381	117	18	37
382	117	18	36
381	118	18	37
381	118	18	37
379	117	18	38
379	118	19	36
380	118	17	34
379	118	17	35
379	118	18	36
378	118	18	36
378	118	18	36
379	119	18	36
378	119	19	36
377	119	19	34
376	120	18	36
377	119	18	35
376	119	18	35
375	119	19	36
375	120	19	35
374	120	18	35
373	122	18	34
374	122	18	33
373	121	19	35
371	119	19	36
371	119	19	35
371	121	18	35
370	120	19	36
368	119	19	38
368	119	20	36
368	119	19	38
369	119	18	36
367	120	18	37
367	121	19	36
366	121	19	36
364	120	20	37
365	119	20	36
364	119	20	38
364	122	19	36
363	120	20	38
364	119	20	37
362	121	20	37
362	120	20	37
362	121	19	37
361	121	18	36
361	121	17	37
359	122	17	38
359	122	17	37
359	123	18	38
358	123	18	37
357	122	18	37
357	122	18	38
357	122	19	35
356	122	19	37
356	122	19	38
355	123	19	37
354	123	20	36
354	123	19	37
354	125	19	37
353	124	19	37
353	124	19	38
353	125	17	36
353	124	18	39
352	124	18	37
353	124	19	37
352	124	18	37
351	124	18	37
350	122	19	39
349	123	19	38
349	124	19	38
349	124	20	39
348	125	20	38
348	123	20	39
347	124	19	39
347	123	19	39
347	123	18	39
347	123	18	39
346	123	18	39
347	125	18	38
347	124	18	37
345	124	18	38
344	124	20	38
344	125	19	36
344	125	20	39
343	125	19	39
343	124	20	39
343	123	20	41
343	124	20	41
341	125	20	40
341	124	20	41
341	124	19	39
340	125	19	38
340	126	18	37
339	126	18	37
339	126	19	38
338	126	21	38
338	128	21	38
336	129	22	37
334	128	21	38
334	128	19	38
335	128	20	39
334	128	19	38
333	127	20	39
333	128	19	39
332	128	19	38
332	127	20	40
331	130	21	37
331	130	20	37
330	132	20	37
329	131	21	38
329	130	21	39
329	129	20	38
329	128	19	39
330	128	19	40
328	129	19	40
327	129	20	38
326	130	18	38
327	130	20	38
325	130	19	38
325	130	21	38
323	133	22	38
323	133	20	36
322	133	20	37
322	133	20	36
321	133	20	36
322	133	19	37
321	133	19	38
321	134	19	39
319	134	18	37
319	135	20	38
318	132	18	38
317	133	19	37
316	133	20	38
315	133	20	37
315	133	20	38
315	134	20	36
315	138	20	33
315	136	20	33
314	136	21	36
313	136	20	35
314	134	20	36
313	135	20	37
313	136	19	38
313	136	18	38
313	136	19	39
311	135	18	39
309	136	19	37
309	137	19	33
308	136	20	35
309	136	20	37
308	137	19	37
308	138	21	35
308	138	19	37
308	136	21	37
306	137	20	37
306	139	20	35
306	137	20	37
306	137	19	37
306	138	20	38
306	138	19	37
304	139	19	38
305	139	19	37
303	139	18	37
301	139	19	34
301	139	19	33
300	139	20	35
301	137	20	36
301	140	22	36
299	139	20	39
298	140	21	39
298	140	21	38
296	139	20	37
295	138	21	36
296	137	20	39
295	139	21	38
296	138	20	38
294	138	19	36
295	138	21	36
295	140	20	36
293	138	19	38
293	138	20	38
291	138	20	35
292	137	20	39
292	139	20	39
290	138	20	39
291	139	20	39
290	139	19	36
288	139	20	37
289	139	19	36
288	139	18	36
287	139	19	38
288	139	19	36
288	141	20	37
286	140	18	36
285	141	20	36
285	140	20	35
284	140	19	35
282	139	20	38
283	140	21	40
282	139	20	39
282	139	21	39
281	140	21	38
280	140	20	40
279	140	21	40
280	139	20	40
279	140	19	39
278	140	21	40
278	141	20	39
279	140	19	39
278	140	19	38
277	141	19	39
276	141	19	40
276	142	20	37
275	142	20	37
273	141	20	38
274	142	20	39
273	142	21	37
273	142	20	38
273	144	19	38
272	142	21	40
270	141	21	41
271	142	20	41
270	141	20	40
270	143	18	39
271	140	19	42
271	143	18	42
269	141	19	41
267	143	19	40
267	143	20	40
266	142	20	41
265	143	21	42
265	143	21	39
265	143	20	41
263	144	20	39
263	143	20	42
264	143	21	43
263	141	22	44
264	142	21	42
263	143	20	43
261	145	20	41
262	143	20	43
261	143	22	43
262	144	23	42
259	145	22	43
258	144	22	41
259	144	23	44
258	144	23	42
257	142	22	42
257	143	24	43
257	144	23	44
256	143	23	44
256	142	23	45
256	142	23	47
256	143	23	46
255	143	23	44
255	143	23	45
254	142	24	45
253	142	24	46
252	142	24	45
251	143	24	47
251	142	25	48
251	141	25	46
250	143	25	47
251	143	25	47
250	142	26	47
249	142	26	47
248	142	27	48
248	142	26	48
248	143	25	49
249	143	24	48
248	142	25	48
246	144	25	46
246	143	25	47
245	143	26	45
245	143	25	43
244	143	26	41
243	145	27	43
243	144	26	46
243	143	25	47
242	145	26	45
242	145	26	47
241	144	27	49
240	144	25	45
240	144	25	43
240	145	24	44
241	144	24	46
240	146	24	46
240	144	23	46
239	146	24	47
238	144	24	46
239	145	24	45
237	144	25	45
236	145	25	44
236	145	26	45
234	145	27	47
236	145	26	48
235	145	27	47
235	146	27	48
234	144	26	49
234	145	27	48
234	145	27	46
234	144	27	48
232	145	28	48
231	144	28	47
231	144	29	46
231	146	27	49
231	144	26	47
230	147	28	49
232	145	26	50
231	146	26	48
232	146	26	49
232	145	26	47
230	146	27	46
230	146	27	46
229	146	28	46
229	145	27	44
228	146	29	44
227	146	29	48
228	146	29	48
228	147	29	49
227	147	29	50
227	146	29	50
226	147	29	46
226	147	29	48
226	147	28	49
227	147	28	49
227	147	27	46
227	147	26	46
227	147	26	48
226	146	26	50
227	146	26	46
228	148	26	50
227	147	26	52
226	147	27	52
226	147	25	52
225	147	27	52
225	147	27	50
224	147	27	50
224	147	27	48
224	147	27	48
224	147	27	49
223	148	27	50
222	147	28	47
222	149	28	48
221	150	28	49
221	149	27	50
221	149	27	50
220	150	28	50
220	149	27	51
220	149	26	51
220	149	27	51
221	147	26	47
220	149	26	45
220	149	26	48
219	149	26	51
219	149	27	53
219	149	26	51
217	150	28	53
217	150	28	54
215	149	27	51
215	149	28	53
215	148	27	50
215	149	27	48
215	150	28	51
214	150	28	53
212	150	29	54
212	151	29	54
213	151	28	56
212	150	29	54
212	151	28	52
212	151	28	54
211	151	28	55
212	151	27	55
212	151	27	55
211	152	27	55
211	151	27	56
210	152	28	56
209	152	28	55
210	153	27	55
208	152	28	55
209	152	28	56
208	152	28	53
208	152	28	54
207	152	29	53
207	152	29	54
206	151	29	52
207	153	29	54
204	153	31	55
204	153	30	55
205	154	30	56
205	154	29	55
204	154	29	55
204	154	29	56
203	154	29	56
204	155	28	56
204	154	28	56
203	154	28	56
202	154	29	57
203	154	28	58
202	154	28	58
203	154	28	58
201	155	28	56
200	154	28	56
200	154	28	55
200	154	28	56
199	155	28	57
199	155	28	56
199	155	28	57
198	155	28	58
198	155	27	58
197	156	28	57
198	156	27	58
196	156	28	55
197	156	28	58
196	156	27	56
196	156	28	57
195	157	28	57
194	157	28	57
194	158	28	56
194	158	28	57
193	156	29	55
193	157	28	54
193	157	29	56
192	157	29	57
192	158	29	57
191	157	29	57
192	158	29	57
190	158	30	57
191	158	29	58
190	158	29	59
190	158	29	59
190	159	28	58
189	160	29	57
188	159	30	57
189	160	29	59
188	161	29	56
186	160	31	55
186	159	30	57
186	160	30	57
185	160	30	57
185	161	30	57
184	160	30	56
185	161	30	57
185	161	30	56
184	162	30	57
183	161	30	58
183	161	29	57
182	162	30	56
183	162	29	57
181	162	29	56
182	162	29	58
180	163	30	58
181	162	29	58
179	161	30	56
178	161	31	57
178	162	30	57
178	163	30	58
177	162	30	60
176	163	30	58
176	164	31	56
176	163	30	58
175	163	30	58
174	163	30	57
174	163	30	58
173	163	30	58
173	163	30	57
171	164	31	57
172	165	29	59
171	165	30	57
171	165	30	57
170	164	30	57
170	164	30	58
169	165	30	56
169	165	31	57
169	165	31	58
168	166	30	57
168	166	30	56
167	166	30	57
166	166	30	57
166	167	30	56
166	166	29	58
166	166	29	59
165	167	30	58
164	167	30	59
164	167	29	59
164	167	30	60
163	167	30	61
162	168	31	58
162	167	29	59
162	167	30	60
162	167	30	60
161	167	29	60
160	168	30	60
162	168	30	60
161	170	30	60
161	169	29	60
159	168	29	60
160	169	30	59
158	169	30	60
159	170	30	60
157	170	31	59
159	171	30	60
157	170	31	59
157	170	30	60
157	170	30	58
156	169	31	59
157	170	30	58
157	170	30	58
156	171	30	59
156	171	30	59
157	172	30	59
156	172	30	60
155	172	30	59
155	171	30	59
155	170	30	61
154	172	30	59
156	171	30	60
154	173	30	59
154	172	31	60
155	172	30	60
153	172	31	60
154	172	30	59
154	172	30	60
155	172	30	60
154	173	30	59
155	172	30	60
154	174	31	61
154	174	30	59
155	174	30	59
154	174	30	60
153	174	31	59
155	174	29	61
153	174	31	62
153	174	31	62
153	175	31	61
153	176	31	61
153	175	31	62
152	175	32	62
152	175	32	62
151	175	32	61
152	176	31	60
153	176	30	60
153	176	30	60
152	178	31	60
152	178	30	59
152	177	31	60
152	177	30	61
150	178	32	60
151	177	31	62
150	177	32	62
150	177	32	63
151	178	32	64
151	178	32	62
149	179	33	62
150	177	33	64
150	178	32	63
150	178	33	63
150	178	32	63
150	179	33	63
149	179	33	63
149	180	33	62
150	180	33	64
150	180	32	64
150	179	32	64
148	180	34	65
149	179	34	65
147	180	35	65
147	180	35	64
149	181	34	63
148	181	34	64
149	182	34	65
147	181	34	65
148	182	33	65
149	182	33	66
149	182	33	65
147	183	35	64
147	184	34	67
148	183	33	63
147	184	33	65
148	184	33	64
147	183	33	64
147	184	33	66
147	183	33	65
148	184	32	64
147	185	32	64
146	185	33	65
147	186	33	65
147	185	33	66
145	186	34	66
145	185	33	65
146	185	33	66
145	185	35	65
144	186	34	65
146	188	33	64
145	187	34	64
145	188	34	65
145	188	34	65
146	188	34	65
146	188	33	66
145	187	34	68
145	188	35	66
144	189	35	67
145	189	34	66
145	189	34	68
144	189	35	68
144	189	35	66
144	189	35	67
143	189	36	66
143	189	36	67
143	190	36	67
143	190	36	66
144	190	35	68
144	191	36	67
144	190	35	68
144	190	35	69
144	191	35	68
143	191	36	69
143	191	36	69
144	192	35	69
143	192	36	69
141	192	37	69
141	192	37	68
141	192	36	71
142	191	36	70
141	192	37	70
141	193	37	68
141	193	37	69
142	193	37	68
141	194	37	69
141	194	36	69
141	194	37	70
140	194	37	71
140	193	37	72
140	194	38	70
141	194	37	71
141	194	38	71
141	194	38	70
140	195	39	71
139	195	39	71
141	195	38	73
140	195	40	71
139	195	39	71
141	196	38	72
140	196	39	72
140	197	40	73
139	198	39	72
139	198	39	72
139	198	39	71
140	198	37	72
140	198	38	72
140	199	39	73
140	198	38	72
141	199	39	71
140	200	39	72
141	200	38	73
140	200	39	71
140	200	39	72
140	200	38	71
141	199	38	74
140	201	38	73
140	202	38	72
140	201	39	71
140	203	39	71
140	203	39	71
141	204	38	70
140	203	38	71
141	203	38	71
142	204	38	72
142	204	39	72
142	204	39	73
142	205	39	72
142	205	39	72
142	205	39	72
142	205	39	73
143	205	38	72
143	205	38	73
143	205	39	74
144	207	39	74
144	206	39	75
144	207	39	75
144	207	40	76
144	207	41	76
145	207	40	76
146	209	40	76
146	208	40	77
144	209	40	75
143	209	43	76
143	208	43	75
143	210	43	76
144	210	43	75
143	209	43	75
143	209	43	77
143	209	43	77
143	208	44	78
144	209	44	81
143	210	45	78
145	210	43	77
145	211	43	79
145	211	43	78
145	211	43	77
145	211	43	77
147	212	42	79
145	212	45	79
146	214	43	79
145	214	44	77
145	214	44	77
144	214	44	79
144	213	45	78
143	213	46	80
143	213	46	83
143	214	46	83
143	215	46	82
144	216	46	81
142	216	47	83
140	216	50	81
139	216	51	81
138	217	51	80
140	216	49	81
140	217	49	82
141	218	48	81
143	219	46	81
143	220	46	82
143	220	46	83
142	220	47	84
140	220	48	84
142	221	46	83
141	220	47	84
140	220	47	85
140	221	46	84
142	221	45	84
141	222	46	84
141	222	46	82
141	223	46	83
140	223	45	82
140	222	45	82
139	224	47	82
140	224	46	83
140	224	44	83
139	226	45	82
139	225	46	82
138	225	46	83
138	225	47	83
138	225	48	83
138	226	47	83
138	227	47	84
138	227	47	83
138	229	47	84
138	228	47	83
135	229	48	82
135	229	49	82
134	230	48	82
135	230	48	83
134	231	49	82
135	232	47	83
136	231	47	84
136	232	47	83
135	233	49	84
135	232	49	84
135	232	49	86
135	232	49	86
137	231	48	87
138	231	48	87
138	233	47	87
138	233	48	87
138	234	48	88
138	233	49	88
137	234	49	87
138	234	49	88
137	234	51	87
138	236	50	89
139	237	50	88
140	237	49	89
139	238	49	89
140	237	49	88
140	237	49	89
140	237	49	90
139	237	50	90
141	238	49	91
141	240	48	90
141	240	50	91
140	242	50	90
139	241	51	90
139	241	52	89
139	242	51	89
140	241	50	91
140	244	51	90
141	243	51	91
141	245	52	90
140	246	51	91
138	245	53	90
140	245	51	91
141	246	50	91
140	247	51	92
141	247	50	92
141	247	50	92
141	248	51	93
141	248	52	92
140	248	52	91
141	248	52	91
140	248	53	92
140	249	53	93
140	249	54	94
140	251	54	94
142	250	53	94
141	252	54	93
141	252	54	93
139	251	55	94
141	251	54	94
142	253	54	94
144	252	52	95
145	254	52	96
145	254	52	97
144	256	53	96
143	255	54	96
142	255	55	96
143	256	56	96
142	256	56	96
143	257	56	98
145	258	56	98
145	259	55	99
147	259	54	98
147	259	54	98
147	259	54	98
146	259	55	101
148	259	54	101
148	259	54	101
151	261	52	100
151	263	53	102
150	263	54	103
151	264	53	100
151	264	54	100
150	264	55	102
150	264	56	102
151	266	55	101
152	266	54	101
154	268	53	105
154	269	53	102
154	269	54	103
154	269	57	102
157	269	54	105
158	269	56	107
158	270	52	106
159	271	55	105
160	272	56	103
161	274	57	103
161	274	57	102
160	274	58	101
161	275	59	104
162	276	58	104
162	278	57	102
162	278	58	104
161	280	60	104
164	280	59	104
165	281	58	103
164	280	61	103
165	281	58	106
167	281	58	106
167	282	58	107
167	283	58	112
169	286	56	106
168	286	58	106
169	286	58	109
170	286	57	106
169	287	58	107
170	288	58	106
171	287	56	107
169	288	59	111
170	289	60	108
170	290	62	114
170	291	62	111
171	291	63	111
172	292	63	110
173	293	63	109
174	292	62	110
175	293	59	112
176	294	62	110
178	295	59	112
178	297	60	110
178	297	62	113
177	297	64	110
177	297	61	112
177	298	65	112
176	298	67	112
176	300	69	112
176	300	68	114
177	302	69	116
178	303	69	116
178	304	71	113
178	304	71	113
178	305	70	113
181	305	66	114
183	306	63	115
183	306	65	114
185	309	67	115
187	310	65	114
186	310	65	114
186	311	65	114
185	311	66	114
186	312	67	116
186	313	68	117
183	315	70	116
184	317	69	114
185	318	64	119
189	320	63	111
187	319	66	109
191	320	65	112
196	320	55	115
200	321	53	117
200	322	50	114
205	323	50	113
204	323	51	110
202	326	54	110
203	327	55	112
203	326	55	114
203	325	58	117
203	327	60	123
204	330	62	124
204	331	62	126
205	332	57	122
209	334	58	123
208	336	54	121
214	338	55	119
212	336	56	119
218	335	53	122
219	338	52	119
222	338	53	121
223	342	57	116
227	343	57	114
225	345	57	113
224	344	56	113
224	343	58	115
225	343	62	115
225	348	62	111
229	345	67	114
231	348	61	110
233	348	65	108
233	353	58	105
233	351	60	108
236	349	63	109
242	351	62	107
242	354	59	104
243	356	56	103
247	359	57	100
246	359	56	100
248	359	58	99
249	363	56	96
248	361	59	98
248	363	58	95
247	366	59	92
250	367	61	91
248	369	62	89
252	368	63	91
273	376	56	82
272	378	56	79
274	381	57	77
277	380	55	76
279	379	54	77
279	378	57	78
281	378	58	78
280	377	62	80
280	381	59	76
283	374	65	82
287	388	59	68
291	381	61	76
301	380	54	76
295	379	60	78
297	382	60	76
302	387	57	70
305	390	57	68
303	395	58	62
311	400	55	59
321	398	50	60
319	401	50	56
319	397	52	61
320	398	54	60
318	400	52	58
324	401	51	57
323	403	56	56
332	403	63	56
