431	127	64	49
433	125	59	52
434	125	58	52
434	126	59	53
436	128	60	53
436	128	62	54
437	130	61	52
438	130	60	53
438	132	62	54
439	133	61	53
438	132	62	53
440	133	62	55
440	134	62	54
441	134	62	55
441	135	62	57
441	137	63	57
442	138	61	56
441	138	64	57
441	139	65	57
441	140	65	58
441	142	65	58
441	141	66	58
441	143	67	59
441	143	65	60
441	144	67	61
440	146	68	61
440	147	67	62
438	147	71	62
440	149	68	62
437	150	71	65
438	152	70	64
437	152	71	64
436	153	73	65
435	154	72	65
434	155	74	65
434	156	74	66
434	158	72	66
433	159	73	68
431	160	75	69
431	162	75	69
429	164	76	68
427	164	78	70
426	167	79	71
425	168	76	70
423	170	79	72
421	171	81	71
420	174	80	74
418	175	83	74
415	178	81	73
413	178	83	74
410	179	89	77
407	183	88	76
405	183	90	76
404	185	88	75
402	185	89	77
399	188	89	79
394	187	94	81
393	191	92	80
390	191	92	83
388	194	91	83
384	196	96	85
382	197	96	86
378	199	98	88
373	202	99	87
368	205	102	87
366	207	103	89
362	208	106	90
355	213	105	90
351	214	109	88
345	215	116	93
343	216	116	94
335	219	119	97
332	221	120	97
329	224	121	98
320	227	124	102
317	228	127	101
309	229	132	104
305	234	131	104
295	237	138	107
291	238	137	110
278	242	144	111
273	246	144	111
267	249	147	111
252	253	154	113
249	256	152	118
243	257	156	115
226	262	166	123
221	267	164	118
203	272	174	124
198	275	171	125
177	278	181	129
171	282	182	133
151	287	193	136
147	291	190	138
132	296	196	139
114	302	204	141
101	305	210	147
78	312	217	138
70	317	213	135
46	320	226	137
22	329	236	127
14	332	233	126
7	337	232	122
8	348	218	110
2	350	213	108
6	357	195	101
5	362	178	94
4	367	170	88
11	377	148	80
