157	175	13	12
158	173	12	15
157	173	13	16
157	174	13	16
158	173	12	17
158	171	13	17
159	173	12	15
159	173	13	16
159	174	13	16
160	174	13	17
161	174	13	17
161	173	13	16
161	173	13	17
162	170	13	17
163	173	13	18
164	173	13	17
165	173	13	19
165	176	15	21
166	176	15	20
166	177	14	20
167	173	14	18
167	173	14	17
167	173	13	16
169	172	13	17
169	177	14	20
170	173	14	18
171	177	14	18
171	175	13	19
172	174	14	18
172	173	14	19
173	176	15	20
174	177	15	20
176	176	14	20
177	175	14	18
182	172	14	19
181	171	14	20
181	172	14	20
183	173	14	19
183	173	14	19
183	170	14	19
183	171	14	19
183	170	13	20
183	172	14	20
184	171	13	21
183	171	14	20
184	173	14	19
184	171	13	21
185	172	13	19
185	173	14	19
186	175	13	18
185	175	15	18
184	171	13	20
185	172	14	19
186	176	14	19
185	171	14	20
185	172	13	20
185	172	14	20
186	171	14	21
186	176	15	20
187	174	16	22
187	174	17	23
187	174	16	21
187	173	16	23
187	173	16	22
183	171	16	20
187	174	16	22
187	173	17	24
183	171	15	20
185	171	14	20
183	171	16	21
184	171	15	22
183	169	15	20
184	170	14	21
184	171	14	19
183	170	13	19
184	170	13	19
183	171	14	19
182	171	15	19
183	170	14	20
184	171	14	19
183	168	14	18
184	171	14	20
184	172	15	20
176	181	16	20
182	175	14	24
180	176	15	22
181	172	16	21
180	176	16	22
182	176	15	23
181	176	15	22
181	176	15	22
181	178	15	22
180	180	14	20
179	186	14	18
179	185	15	18
184	176	14	21
179	187	14	18
179	187	14	17
178	191	15	19
179	187	13	18
183	178	14	22
181	179	16	22
182	179	15	21
182	189	14	19
182	180	15	21
184	191	14	18
184	189	14	16
183	192	14	18
184	192	13	18
184	192	14	17
183	192	14	18
184	188	14	16
183	191	14	18
183	192	14	19
183	191	15	19
184	193	14	17
184	190	14	16
184	190	13	15
185	189	13	17
183	190	14	17
183	192	14	17
185	190	14	17
184	192	13	17
185	192	14	18
185	189	14	18
186	193	13	18
186	190	14	18
186	191	14	18
188	192	13	17
187	192	13	17
187	192	13	17
184	192	16	17
183	192	15	18
184	192	14	19
183	193	15	18
184	190	14	18
183	193	15	16
183	192	14	18
184	192	14	18
183	192	15	17
183	193	14	16
184	193	14	16
184	193	14	16
183	193	15	17
183	193	15	18
184	193	15	19
184	194	15	18
184	195	14	18
185	193	14	16
184	195	14	16
184	196	14	16
184	197	15	17
184	196	15	19
184	194	15	19
184	195	15	18
183	196	15	18
184	195	15	19
183	195	16	18
183	194	16	19
182	195	15	18
183	196	15	17
183	194	16	17
184	194	15	18
184	196	15	18
182	196	15	19
182	195	16	17
182	196	16	18
182	195	15	19
181	200	16	19
182	195	16	19
183	196	15	18
183	197	14	20
185	197	14	20
184	195	15	19
185	199	15	18
187	197	14	17
182	194	16	19
184	195	15	19
185	200	14	18
185	198	14	18
184	198	14	18
184	197	15	18
183	194	15	18
182	195	15	19
184	196	14	20
179	201	15	18
182	197	15	19
182	193	16	21
182	199	16	20
170	204	16	18
170	204	16	18
182	202	14	18
182	198	14	19
168	204	16	17
182	201	14	17
180	203	16	19
181	202	15	16
181	203	13	16
180	204	13	16
181	199	14	18
178	205	14	16
178	205	13	16
175	206	15	18
175	205	16	19
169	205	17	18
174	204	16	20
174	205	16	19
175	206	15	18
174	207	15	18
172	207	16	19
147	213	18	18
147	214	19	19
144	213	20	19
144	216	23	24
143	214	22	25
144	214	22	26
143	215	23	26
144	213	22	25
141	214	24	24
143	213	22	22
142	214	23	22
143	214	23	20
144	217	20	22
142	217	20	20
144	216	18	19
142	219	19	22
141	218	20	21
142	216	21	23
141	216	22	23
145	215	21	25
146	215	21	26
139	218	22	24
143	218	22	26
143	219	23	27
136	221	24	23
138	219	24	25
140	218	25	27
141	218	25	26
160	214	21	23
160	213	21	22
158	213	21	22
156	213	22	22
156	213	21	22
155	214	22	23
156	213	22	24
154	216	23	31
153	214	23	25
153	214	23	24
150	214	19	23
153	214	22	21
158	214	18	20
157	214	18	20
149	215	20	21
150	214	19	22
156	213	20	20
154	215	21	21
155	215	21	22
153	215	20	23
150	214	21	22
154	214	18	22
152	214	17	21
152	214	17	19
151	215	18	21
153	213	17	19
152	214	17	20
153	213	16	20
153	217	18	22
153	216	18	21
153	218	20	24
152	215	20	22
151	218	21	23
150	220	23	22
151	216	21	23
152	214	19	22
152	215	19	22
152	214	17	22
151	213	17	22
151	214	18	22
152	214	17	23
152	213	17	20
151	213	17	20
151	213	17	20
151	213	17	19
149	216	18	23
163	213	18	19
163	213	15	17
153	214	17	18
158	214	15	18
156	215	16	17
152	216	18	19
151	216	19	21
152	213	17	20
152	213	17	18
150	213	18	19
148	215	19	20
149	213	18	22
150	215	19	23
150	215	18	23
149	214	19	22
150	213	18	20
150	214	18	20
151	214	18	22
151	213	18	19
152	212	18	15
152	213	16	18
152	213	18	17
151	212	17	15
151	212	19	17
152	212	17	17
152	212	17	15
151	214	16	18
152	213	17	15
152	213	17	14
153	213	16	15
152	213	17	16
152	212	17	15
152	213	17	17
152	212	17	16
152	213	17	15
152	213	16	17
152	213	17	17
151	213	17	16
151	212	18	17
152	212	18	16
151	213	17	15
151	213	17	15
152	212	17	16
152	212	17	15
152	212	17	17
151	213	18	16
152	213	18	16
152	213	17	15
152	214	16	16
152	213	17	14
151	213	16	15
151	213	17	16
151	213	18	15
153	213	16	14
152	213	16	15
152	212	17	15
153	212	16	15
152	213	16	17
153	212	17	15
152	213	17	14
152	213	16	15
153	212	16	14
152	212	16	15
151	213	17	15
151	212	17	14
151	213	18	15
151	214	17	16
152	213	17	16
152	212	17	15
152	213	16	15
151	213	17	16
151	213	16	15
149	213	18	16
151	212	18	14
150	213	17	15
151	213	17	16
151	213	18	16
150	213	18	16
151	213	18	16
151	213	18	14
151	212	17	16
151	213	17	17
151	213	17	17
151	214	17	16
151	213	17	15
151	212	17	14
152	213	17	15
151	213	17	16
152	213	17	15
151	213	18	15
150	212	18	16
150	212	18	17
150	212	19	15
152	212	17	16
151	212	17	16
152	212	18	16
151	212	17	16
151	213	17	16
152	212	18	15
152	213	17	16
150	212	18	16
150	213	18	15
151	213	18	15
151	213	17	16
151	212	18	15
151	213	17	16
150	213	17	16
150	214	18	16
150	213	19	15
151	213	17	15
151	212	18	15
151	213	17	15
151	213	17	16
149	213	18	15
150	212	19	15
151	212	17	16
151	212	18	15
151	212	18	14
151	213	18	15
151	212	17	16
151	213	18	14
151	213	17	14
151	213	18	15
151	213	17	16
149	213	18	14
150	213	18	15
151	212	18	15
151	212	18	15
151	212	17	15
151	212	19	16
151	213	17	16
151	213	18	15
151	213	17	16
150	213	18	15
150	213	18	18
148	212	21	15
151	213	18	15
151	212	17	15
151	213	17	15
152	212	17	15
152	212	17	16
151	212	17	15
151	212	18	15
152	213	17	15
150	213	17	16
151	212	18	15
151	213	17	15
151	213	17	15
151	212	18	15
151	212	18	15
150	213	17	15
148	213	19	16
150	213	18	15
151	213	17	17
150	213	17	15
150	214	18	16
149	214	19	16
148	213	20	16
150	213	18	14
151	213	17	14
152	213	17	15
152	212	16	14
151	213	17	14
152	213	17	15
151	213	17	14
151	213	17	15
152	213	16	16
151	212	17	14
151	213	18	15
151	213	17	16
150	213	18	15
150	213	18	16
151	213	17	16
152	213	17	15
152	212	17	15
152	213	16	15
152	212	17	15
152	213	17	15
151	212	18	14
151	213	17	14
152	212	17	15
151	213	17	16
150	213	18	15
150	212	19	15
151	212	18	16
151	212	17	15
152	213	18	15
151	213	16	15
151	212	17	15
151	213	17	14
150	213	17	16
150	213	17	15
151	213	17	14
151	214	17	16
151	214	17	15
151	213	18	14
151	213	17	15
151	214	16	16
150	213	18	16
151	213	18	15
151	213	17	14
150	212	18	18
149	213	19	16
150	212	19	15
152	213	17	15
150	213	18	14
151	213	17	16
151	213	17	15
150	213	17	15
151	212	18	15
151	213	17	15
150	214	17	15
150	212	18	15
150	212	18	17
151	212	17	15
152	212	17	14
152	213	16	15
152	213	17	15
152	213	17	14
152	213	16	15
151	213	17	15
151	213	18	15
151	212	17	15
151	214	17	18
148	212	20	16
147	213	21	15
149	213	19	18
150	213	18	17
150	212	19	14
150	213	18	16
151	213	17	15
151	213	17	13
151	213	17	15
151	213	17	14
152	212	17	15
151	213	16	15
151	213	16	15
151	213	17	14
151	213	17	15
150	213	17	16
151	214	17	14
151	213	17	14
151	213	16	14
151	213	16	15
151	213	17	16
151	214	17	16
151	212	17	14
152	212	17	15
152	213	16	16
151	212	17	16
150	213	18	15
151	213	18	15
151	213	18	15
152	213	17	14
151	212	17	16
150	213	18	16
151	212	18	15
151	212	17	15
149	212	19	18
151	213	18	17
151	214	18	16
151	213	17	14
151	213	17	15
150	213	18	16
148	213	19	18
146	212	22	17
151	213	18	15
151	213	17	16
151	213	17	15
151	212	17	15
151	213	17	15
152	212	17	15
152	212	17	15
150	213	18	16
151	213	17	16
151	213	18	15
151	213	17	17
151	213	18	16
150	213	19	14
151	212	18	16
151	213	18	15
151	212	18	15
151	212	18	15
150	213	17	15
152	212	18	15
152	213	16	16
151	213	17	15
150	213	18	14
153	212	16	15
151	213	17	16
152	213	17	14
152	212	16	15
151	213	17	15
152	213	17	15
152	213	17	15
153	213	16	16
152	212	17	14
152	213	16	15
151	214	17	15
152	212	17	15
152	213	16	16
151	213	17	16
150	212	19	15
150	213	19	16
151	213	17	16
151	213	17	16
152	214	17	14
151	213	17	16
151	213	17	15
151	213	17	14
152	213	16	15
152	213	16	14
152	213	16	15
151	213	16	15
152	213	17	16
152	213	17	14
152	213	16	14
150	214	18	14
151	213	18	14
151	213	17	15
153	213	16	15
152	212	17	14
151	212	17	15
151	213	18	15
150	214	18	15
150	212	19	15
150	212	18	16
150	213	18	15
151	213	17	14
151	213	17	15
151	213	17	14
152	213	16	14
152	212	16	16
152	213	16	15
151	213	17	15
150	213	17	15
150	213	19	15
151	212	18	15
149	213	18	16
149	212	19	16
151	213	18	17
150	213	19	17
147	213	20	16
151	213	18	15
150	214	17	15
151	213	18	15
151	213	17	14
150	213	17	16
150	214	18	17
151	213	19	15
151	213	17	16
151	213	18	15
151	212	18	14
151	213	17	15
151	213	17	15
151	213	17	14
151	213	16	14
152	213	17	15
151	212	18	13
151	212	18	16
151	213	17	15
151	213	18	16
150	212	18	15
150	213	17	15
151	212	19	15
151	213	17	16
151	213	17	15
151	213	17	14
151	213	17	15
150	213	17	16
150	214	18	16
150	214	19	16
151	213	17	17
