564	160	33	90
554	159	36	88
550	161	34	86
545	161	34	87
540	159	34	88
532	158	36	84
531	158	37	83
524	158	33	81
520	158	32	83
517	158	32	83
513	155	34	85
507	152	35	84
504	152	34	80
499	153	33	79
496	153	32	81
493	155	32	79
488	153	31	81
486	152	31	78
482	151	31	76
479	150	33	78
476	149	32	78
472	149	31	83
469	151	31	81
466	151	33	80
463	148	32	82
460	149	34	80
457	146	33	80
454	144	31	83
451	147	28	80
449	149	28	75
445	148	28	75
442	144	29	73
438	141	29	77
434	140	30	79
433	141	29	80
428	143	30	78
427	144	30	79
422	140	31	76
420	137	30	75
417	135	31	77
416	137	28	79
413	137	31	81
411	137	31	81
409	138	29	82
403	134	29	75
402	134	29	78
397	134	29	78
393	135	28	77
391	136	29	76
389	134	31	78
385	130	29	78
382	131	29	74
381	129	28	79
378	131	29	77
376	135	30	78
374	133	29	81
370	131	29	80
368	130	28	76
364	128	27	81
364	132	30	79
360	129	29	77
357	127	30	79
354	124	29	82
355	127	28	75
352	127	30	80
350	128	29	78
349	130	29	73
346	128	29	73
346	128	28	71
340	127	26	72
337	125	27	72
334	123	28	71
332	127	27	70
328	125	30	71
328	124	31	73
324	122	34	75
320	122	34	72
315	121	36	77
311	125	36	69
309	125	33	69
309	125	30	72
311	121	28	69
309	120	26	69
307	122	27	70
304	122	29	71
303	123	29	73
302	123	28	72
301	119	26	70
299	118	27	72
296	119	28	69
293	120	28	68
290	120	27	75
285	121	28	73
285	126	28	76
287	161	26	75
289	162	27	78
291	163	27	76
294	163	28	80
297	162	29	80
298	161	29	78
301	161	30	81
303	160	28	76
309	162	30	77
314	162	29	78
313	160	31	79
309	158	34	84
319	160	30	82
317	159	32	88
320	163	31	84
319	168	35	84
321	168	32	80
328	166	31	82
327	166	30	84
335	166	30	84
336	165	31	84
338	164	32	84
342	165	34	85
343	166	35	88
346	167	35	89
347	167	36	89
350	168	37	87
351	170	38	83
356	168	37	79
356	166	36	82
360	167	33	77
365	167	33	78
364	169	37	80
366	170	37	84
369	170	35	83
374	170	34	86
374	169	33	85
375	169	34	84
381	168	35	87
378	170	37	90
383	173	36	86
385	173	36	87
389	173	37	86
387	173	38	89
394	172	34	84
395	171	36	87
399	173	33	83
401	172	34	85
405	172	32	85
410	176	31	80
409	175	34	83
415	175	31	82
417	175	32	82
421	174	30	78
422	176	34	87
424	180	36	85
426	179	38	83
428	179	37	83
431	183	38	82
432	179	41	77
437	178	35	80
438	178	35	83
441	182	33	84
443	179	36	88
445	180	36	86
448	182	34	86
455	182	33	85
458	183	33	80
465	180	31	80
468	179	32	85
467	180	34	84
467	182	36	89
471	184	36	92
473	187	35	86
472	185	39	92
476	185	40	92
477	184	40	93
482	183	40	92
481	184	42	92
483	183	43	94
487	184	40	96
490	186	39	96
493	185	39	96
498	187	36	95
503	186	35	89
505	186	35	88
509	186	37	89
511	186	37	91
512	189	35	85
515	190	37	85
513	190	39	105
519	190	39	102
519	190	43	110
520	189	45	109
524	189	44	110
526	189	44	112
525	190	46	104
533	192	40	89
541	193	35	89
543	193	36	94
545	194	38	93
549	195	35	98
547	192	39	103
547	191	40	102
551	192	40	106
549	194	43	106
552	193	43	102
555	197	40	94
555	197	43	95
556	197	43	101
559	197	42	98
558	195	43	100
565	195	41	96
564	196	40	94
570	198	38	95
574	200	38	92
572	201	37	92
580	202	40	94
579	203	39	92
584	201	38	94
585	204	41	96
590	206	37	95
594	206	33	95
599	205	29	95
602	206	25	95
607	210	20	91
608	213	19	88
610	218	17	83
611	212	16	90
611	212	15	92
611	212	16	91
611	208	15	97
611	202	16	102
607	230	20	82
609	214	19	94
607	223	20	93
604	223	24	91
528	219	35	91
520	219	42	89
520	221	41	87
524	221	39	83
516	222	41	84
520	220	40	88
521	220	41	91
520	222	39	85
522	219	39	85
518	218	39	87
519	219	41	89
519	221	41	85
521	221	41	90
519	220	42	85
521	219	40	90
520	222	38	81
518	219	41	89
517	220	42	87
516	219	39	85
521	220	37	86
520	222	39	86
518	220	40	88
520	220	40	88
519	221	40	85
520	220	39	91
518	219	42	87
518	219	42	92
520	220	42	88
521	221	41	85
517	219	41	85
518	220	41	87
516	219	41	90
515	221	39	88
519	220	38	83
520	219	40	89
520	220	39	85
520	221	40	88
520	220	41	85
522	220	40	90
518	220	40	84
520	218	41	90
521	220	40	87
522	221	40	84
521	221	40	88
521	221	39	83
519	220	40	84
517	220	42	90
515	220	40	86
522	220	37	84
517	219	41	90
517	222	37	83
519	219	40	88
518	220	41	87
519	220	42	91
517	219	42	87
519	220	41	90
521	221	41	86
522	221	40	87
522	221	39	85
522	220	38	88
521	221	41	88
523	221	40	87
521	221	39	83
520	221	40	88
523	221	39	83
518	220	40	89
521	221	39	84
