92	91	45	98
91	90	44	98
92	90	44	99
92	90	43	98
92	90	43	98
92	90	43	98
92	90	43	98
92	90	43	98
92	90	44	98
92	90	43	98
92	90	44	98
92	91	44	98
92	89	44	98
92	90	43	98
92	90	44	98
92	90	43	98
92	90	44	98
92	90	44	98
92	91	44	98
93	91	44	98
92	90	44	99
93	90	44	99
92	90	44	98
92	90	44	98
92	90	44	98
93	90	44	98
92	90	44	98
92	90	44	98
92	90	44	99
92	90	44	98
91	90	45	98
92	90	44	99
92	89	45	99
91	90	45	98
92	90	44	98
92	90	45	98
92	90	44	98
92	90	45	98
91	90	45	98
92	90	45	98
92	89	45	98
92	90	44	97
92	90	45	98
92	90	44	98
92	90	45	98
92	90	45	97
92	90	45	98
91	90	45	98
92	90	45	98
92	90	44	98
92	90	45	98
92	90	44	98
91	90	44	97
92	90	45	98
92	90	45	98
92	90	44	98
92	90	45	97
91	90	45	98
92	90	44	98
91	90	45	98
92	90	44	98
92	91	44	98
91	91	44	98
92	91	43	97
92	91	45	97
91	91	44	98
91	91	44	97
92	92	43	98
91	95	44	100
91	102	45	100
92	108	44	99
92	109	44	98
92	110	43	98
92	109	43	98
93	109	43	97
92	109	43	98
92	109	42	97
92	109	42	97
92	109	41	97
92	110	41	96
91	109	41	97
91	109	41	96
90	110	42	96
89	109	42	96
90	109	41	96
91	109	40	97
91	109	40	97
91	110	39	101
90	117	40	101
89	124	42	100
91	127	40	98
91	128	40	97
90	127	39	97
91	127	39	97
91	127	39	97
91	127	38	97
91	128	39	97
91	128	39	97
90	128	39	97
91	129	39	97
91	128	39	97
91	127	38	98
91	128	38	97
91	128	38	97
92	128	38	98
91	129	37	97
91	128	38	97
92	129	37	97
92	128	38	97
92	127	38	97
92	129	38	96
94	127	41	98
106	127	41	96
113	126	41	98
122	127	42	97
130	127	43	98
139	126	43	99
147	126	42	97
152	126	41	98
150	126	41	98
151	125	42	98
152	125	42	99
160	124	44	101
170	126	42	98
178	126	42	97
176	126	41	98
178	126	42	95
176	125	42	97
178	125	42	98
177	126	42	97
178	125	42	97
177	126	42	97
177	126	44	98
185	124	47	100
196	124	44	99
200	124	47	99
205	125	47	98
201	125	48	98
205	124	47	98
204	124	46	98
206	124	45	98
202	125	48	98
202	125	48	98
203	125	48	98
204	124	46	98
201	124	49	98
201	125	49	97
199	124	49	97
199	125	49	97
200	126	48	97
199	126	48	97
200	125	48	97
199	126	48	98
199	125	48	96
198	125	48	97
200	125	46	97
199	125	48	97
198	125	49	97
199	126	48	96
198	126	50	97
199	126	49	96
198	127	49	96
200	125	47	97
198	125	48	96
200	126	46	98
201	126	46	97
201	126	46	96
199	126	47	97
201	126	45	97
201	126	45	98
203	126	42	98
203	126	43	98
203	126	42	98
204	125	41	98
204	126	41	98
204	126	40	97
205	127	40	96
205	128	40	96
205	128	39	97
205	127	39	96
206	128	38	96
207	128	37	96
206	128	38	96
207	128	36	96
207	128	37	97
207	129	36	95
208	130	36	96
207	130	36	96
209	130	35	96
208	129	37	96
210	129	36	98
210	129	37	97
211	131	37	97
211	130	37	97
211	129	38	97
212	130	37	97
213	130	37	97
212	128	38	98
212	127	38	98
214	128	38	98
212	128	39	98
214	129	39	99
214	129	39	99
214	128	39	99
214	128	39	98
214	128	39	99
215	127	39	100
215	127	39	99
216	128	38	99
216	128	38	99
217	128	37	99
217	128	37	99
218	129	36	99
217	129	37	100
218	129	36	99
218	128	36	100
218	127	36	100
218	128	36	100
219	127	35	100
218	127	37	103
218	128	36	103
218	127	36	103
218	127	36	106
216	126	39	105
215	125	39	108
215	125	39	109
214	126	40	109
214	126	40	110
212	122	42	115
215	126	39	111
214	127	39	111
212	124	41	117
210	120	43	118
211	121	43	119
209	118	44	121
211	119	44	122
213	121	43	115
214	120	44	116
215	114	48	121
212	113	49	121
216	91	63	137
216	89	63	148
221	89	66	138
226	88	62	137
227	87	62	135
229	88	60	137
230	89	62	135
233	88	62	138
235	88	63	133
237	88	62	135
239	87	62	135
240	89	59	131
243	88	60	132
245	89	61	130
246	90	57	130
247	92	62	133
250	91	64	133
247	95	63	128
256	93	66	130
262	94	60	131
262	96	64	129
266	95	66	130
270	96	63	130
274	97	67	126
279	95	65	126
280	94	68	128
283	94	67	128
233	128	43	105
236	133	38	96
236	134	41	96
237	136	41	98
238	136	42	105
237	135	43	110
239	135	44	112
242	134	42	115
241	134	42	116
244	131	38	118
243	132	39	114
247	130	39	119
243	131	40	122
238	128	46	128
233	129	50	128
227	128	55	130
222	125	60	133
226	124	58	132
317	97	56	132
319	97	56	130
321	97	57	129
321	98	59	131
323	97	60	133
324	97	62	134
327	98	63	134
330	98	58	134
333	98	54	135
334	98	53	137
336	99	52	139
339	99	52	141
339	99	53	139
341	102	55	136
342	102	57	136
344	102	58	138
345	102	61	135
347	102	63	137
349	102	63	138
352	101	61	139
354	103	64	138
357	102	66	139
358	102	66	140
360	102	66	142
363	103	64	141
366	102	62	141
368	102	60	142
370	102	61	141
373	104	57	140
374	105	58	140
375	106	57	141
377	107	57	139
378	107	59	139
380	107	59	139
382	107	59	139
382	107	58	138
378	107	56	141
372	106	58	140
365	107	54	143
361	107	55	146
352	109	56	147
345	110	56	146
338	109	57	145
332	111	59	143
326	112	59	143
332	114	56	142
331	115	58	144
333	115	58	143
336	115	58	142
340	114	57	144
344	114	57	144
250	132	54	138
250	133	54	138
253	132	53	137
255	132	54	139
257	134	54	136
261	134	52	131
263	134	53	136
265	134	53	135
267	135	54	135
268	135	54	134
270	135	57	134
271	134	58	134
264	137	61	132
263	136	60	132
350	114	69	143
246	139	67	132
243	140	62	132
234	140	63	133
226	141	61	131
223	139	59	133
216	139	73	134
225	139	64	132
228	140	66	134
239	140	58	130
249	140	52	128
250	138	53	133
259	139	51	120
267	140	48	105
273	141	43	102
275	141	47	105
280	142	46	103
280	143	48	102
283	142	49	103
286	143	50	102
291	142	49	103
293	142	49	103
298	142	50	102
296	143	47	101
290	146	47	100
286	145	49	101
278	147	51	99
272	146	54	100
268	149	52	100
262	147	55	103
258	148	54	100
266	146	51	102
268	146	51	103
277	147	47	101
280	146	47	104
287	147	46	103
289	147	46	102
293	148	46	103
297	147	47	103
300	146	46	102
304	145	48	103
308	146	49	103
310	147	50	102
316	145	49	104
320	145	50	104
323	146	50	104
324	147	51	104
320	147	51	103
316	145	50	104
308	146	52	102
304	147	51	102
300	149	49	101
294	150	51	99
287	152	50	96
278	151	59	98
270	151	61	99
266	150	63	101
261	149	65	102
258	148	59	102
255	149	59	100
252	149	54	100
259	150	53	99
264	149	48	101
269	148	52	102
274	149	51	101
280	149	49	101
281	147	51	103
286	150	52	100
286	150	59	100
287	150	61	99
291	150	62	101
290	150	64	102
284	151	66	98
282	148	62	101
281	149	59	100
279	149	61	101
276	148	55	102
275	149	51	103
273	151	50	102
269	151	51	101
264	154	51	98
258	155	55	97
251	155	57	98
246	152	59	101
240	152	60	100
236	150	60	101
239	150	55	104
245	149	56	104
252	148	52	106
260	148	54	107
264	146	52	110
272	145	51	110
277	144	50	111
282	144	50	112
286	147	48	109
279	147	48	111
278	147	47	111
278	149	44	109
273	147	46	116
270	144	48	116
268	140	53	121
264	137	60	125
265	134	61	131
264	131	59	147
256	134	64	148
267	133	60	155
269	135	63	152
272	136	71	152
274	137	73	150
276	136	74	151
276	137	76	151
275	136	80	151
276	136	81	152
277	137	81	152
285	137	74	151
295	137	66	151
305	139	60	143
311	136	57	141
306	137	61	154
306	137	56	148
296	135	60	155
292	138	66	152
285	139	70	151
279	140	73	150
267	142	77	148
264	143	78	148
256	140	80	151
252	141	74	150
256	143	73	146
257	142	66	144
257	141	60	139
266	147	53	122
257	146	54	134
251	145	56	132
252	150	53	134
253	153	49	118
251	155	47	113
247	155	46	113
245	157	46	109
240	156	47	110
236	157	46	110
231	158	46	105
226	158	47	107
221	160	49	106
218	159	46	107
218	160	48	105
224	157	46	109
227	156	49	108
233	158	47	108
235	157	49	110
241	158	46	109
245	158	47	108
250	158	49	109
255	159	48	108
259	158	48	108
263	157	49	108
265	157	52	110
268	156	54	111
271	157	55	111
273	157	55	111
279	156	55	111
284	157	54	110
289	157	54	110
290	155	58	112
244	141	55	145
250	145	62	133
303	151	60	118
309	155	55	113
314	157	53	109
318	157	52	108
323	157	52	110
325	157	52	110
331	155	53	112
336	156	51	111
331	157	52	109
328	158	48	108
325	158	49	109
324	158	48	108
317	159	49	110
316	160	45	106
308	158	47	107
304	159	50	105
298	160	48	105
294	160	53	106
288	160	49	106
286	161	47	104
280	161	45	104
274	160	49	107
269	161	48	106
263	161	50	105
259	161	49	105
252	160	50	106
246	160	54	108
240	162	53	108
238	161	49	107
231	162	51	106
227	162	51	107
224	162	46	105
223	160	52	109
226	160	51	108
229	160	52	108
231	159	53	111
234	161	53	108
236	160	54	110
241	159	54	111
243	160	56	110
247	159	57	111
250	158	55	111
253	157	54	111
256	157	53	112
260	157	52	113
262	159	53	112
265	158	54	110
268	158	51	110
272	157	51	110
274	157	51	111
276	156	53	113
280	155	54	113
283	156	51	112
285	157	53	111
289	156	52	111
291	157	51	108
295	156	49	111
299	156	50	111
301	156	50	111
302	155	48	112
299	153	52	116
302	153	53	115
307	152	51	116
299	153	52	121
298	154	49	111
289	152	50	114
283	152	49	118
275	152	49	115
269	152	50	114
263	152	49	112
258	150	51	119
251	148	52	121
246	146	52	127
244	144	54	129
212	139	69	142
215	138	69	143
214	139	71	144
220	143	70	140
233	143	69	140
225	140	67	145
229	138	70	146
233	137	66	148
241	136	65	147
246	135	61	146
252	135	62	145
257	135	64	146
258	135	66	149
261	135	62	145
268	136	62	145
272	139	63	143
271	138	60	143
269	137	60	146
275	136	63	144
282	136	61	144
285	136	63	142
283	134	55	145
289	132	56	144
292	132	59	145
294	131	55	145
299	130	56	146
306	130	59	144
308	131	56	144
311	131	56	141
315	130	55	144
308	132	59	143
303	133	55	138
291	133	63	142
285	134	60	141
275	133	65	145
280	133	62	143
275	132	59	144
277	130	52	139
221	133	49	135
224	133	50	141
229	134	48	134
231	133	51	137
235	134	52	132
234	135	56	134
234	134	58	136
242	135	55	131
304	130	54	132
305	129	55	131
306	129	56	131
311	128	58	126
313	128	56	129
315	126	54	127
318	125	51	126
320	125	51	127
321	124	50	128
324	123	49	132
326	122	51	128
329	121	50	126
332	122	49	123
332	124	50	118
330	126	51	116
344	126	45	115
344	125	48	118
348	123	49	117
345	122	52	121
350	123	50	116
357	121	50	115
358	121	54	120
354	123	56	118
345	124	63	117
340	124	61	119
334	122	63	116
328	123	60	116
321	121	63	115
314	123	62	116
306	123	63	118
300	123	63	113
294	125	61	115
289	123	61	118
282	125	60	116
280	121	63	121
282	122	59	118
286	119	56	120
286	118	56	119
288	118	54	120
289	118	54	123
293	117	52	122
295	118	53	123
297	118	52	124
299	118	53	124
302	116	54	127
304	117	52	126
305	116	53	127
307	116	53	125
308	116	53	125
310	116	53	127
312	115	54	128
316	114	56	130
317	114	59	133
318	115	62	129
320	114	64	131
322	113	64	130
324	113	63	130
324	113	63	129
324	115	63	130
274	125	55	116
273	128	50	111
270	137	44	102
266	138	37	99
267	143	37	89
268	147	36	84
268	146	37	85
269	145	37	86
269	145	38	84
269	145	38	88
269	144	38	88
269	144	39	88
269	142	39	91
270	141	38	91
269	141	38	94
270	141	38	92
270	141	38	92
270	140	38	91
271	140	37	91
272	141	36	89
272	141	37	88
273	140	38	88
272	140	38	91
271	141	38	88
268	141	42	87
269	140	39	88
272	140	37	89
273	140	39	91
271	139	41	92
268	138	42	99
266	138	44	94
268	136	41	91
268	137	42	92
270	137	40	90
272	137	40	90
272	137	40	91
273	137	41	92
273	137	41	92
272	138	40	91
274	136	39	92
273	138	39	97
274	136	41	93
274	135	39	92
275	137	38	94
274	136	39	93
273	137	40	92
273	138	38	89
272	139	38	89
272	139	37	89
271	140	37	87
270	140	37	88
269	140	38	89
269	138	37	89
269	137	37	90
269	138	37	89
270	139	36	88
272	139	36	88
271	139	37	89
270	139	37	88
269	139	39	88
270	140	37	87
270	139	37	88
248	137	41	94
245	136	47	96
247	136	48	97
249	136	49	97
249	134	49	96
251	133	49	98
253	131	48	100
253	132	50	98
257	130	48	101
257	134	48	99
259	132	46	99
262	132	46	102
263	133	47	99
264	131	45	98
265	131	45	97
266	131	45	98
267	131	45	99
268	131	43	100
269	129	43	101
272	127	44	104
272	126	45	107
271	125	45	104
274	126	44	102
278	125	47	99
278	122	41	103
279	124	42	103
281	120	45	106
285	122	45	105
282	125	46	104
283	123	46	102
286	119	46	109
290	94	46	128
287	93	47	134
288	91	47	133
288	108	44	120
286	125	43	103
287	124	42	104
288	123	41	106
287	124	42	102
287	127	41	100
287	126	42	101
287	125	41	102
286	124	42	103
288	125	41	99
288	119	41	103
289	106	42	119
289	118	45	105
289	110	44	115
289	121	43	101
290	124	43	97
290	122	42	98
291	123	42	97
291	124	41	96
292	125	40	94
293	121	39	99
293	121	39	96
293	120	39	97
295	119	39	98
292	119	41	99
292	118	42	99
292	117	42	101
292	118	43	98
291	120	43	98
291	120	43	96
292	121	41	95
292	121	41	93
291	119	42	96
286	118	46	95
287	113	45	101
288	113	43	101
287	108	43	107
289	112	43	101
287	109	42	104
289	109	41	103
290	110	40	104
287	106	43	94
288	113	42	97
289	111	41	100
289	107	40	100
293	111	40	97
289	114	39	90
288	109	40	99
286	110	43	97
291	110	40	98
287	112	41	93
287	107	40	97
290	107	39	97
287	108	40	96
286	111	41	94
283	109	43	94
290	110	37	94
286	112	41	92
278	110	47	93
287	109	40	95
277	109	48	93
289	106	38	96
287	105	39	97
286	106	42	98
288	104	39	101
288	103	39	101
289	106	39	99
288	103	40	101
288	104	42	98
289	102	40	99
288	103	40	95
288	101	41	98
287	101	42	97
288	103	43	95
288	101	40	97
289	102	40	95
288	101	40	95
287	102	40	94
289	100	38	94
287	99	38	93
287	99	40	93
287	101	39	93
287	99	38	95
285	98	39	95
284	96	40	97
287	99	40	93
286	98	40	93
287	100	39	90
288	99	40	90
288	100	41	90
287	100	41	91
288	100	42	90
288	101	41	89
288	100	42	90
289	100	40	88
289	98	40	88
289	97	40	89
290	96	40	88
291	97	39	90
290	98	39	88
292	98	39	89
293	98	39	87
292	97	40	88
292	95	41	89
292	95	41	89
292	94	42	90
292	93	42	90
295	91	40	93
295	89	40	94
295	89	39	92
296	87	40	94
296	87	41	92
296	86	41	93
295	87	42	91
296	87	41	91
296	90	42	90
296	90	42	90
295	90	42	90
296	88	41	90
297	86	40	90
298	86	39	89
298	84	37	87
297	84	37	88
297	83	38	88
296	83	38	87
