244	343	23	76
243	342	24	71
245	342	25	72
247	341	25	74
247	341	25	74
248	340	25	73
249	343	25	72
249	342	25	73
249	343	25	69
250	339	24	72
251	339	25	71
252	337	25	74
252	338	26	72
253	339	25	74
254	341	25	70
255	339	25	71
256	340	25	70
258	339	25	70
261	341	24	69
261	339	24	69
262	339	24	69
263	336	25	70
265	338	25	69
266	340	24	68
267	340	24	67
268	338	24	67
269	337	24	66
269	337	24	65
271	338	23	64
271	339	23	65
272	337	24	67
272	335	24	68
273	336	25	68
274	338	25	65
277	336	25	66
277	335	25	66
278	333	26	68
280	333	26	66
281	334	26	66
282	334	25	64
284	333	25	64
284	333	25	65
284	333	26	66
284	332	25	64
286	329	25	67
286	329	25	67
287	329	26	68
286	331	25	66
288	330	26	67
288	331	26	65
289	331	26	65
291	331	26	65
292	330	27	65
293	329	27	66
294	328	27	66
295	326	27	68
296	327	26	68
295	327	27	67
295	328	27	68
296	329	27	68
296	328	27	69
296	327	27	68
295	325	28	70
296	325	29	68
295	325	30	70
296	322	29	75
296	323	28	73
298	320	29	76
298	321	29	76
300	324	29	74
300	325	29	74
302	325	28	74
303	325	27	71
302	323	28	71
302	322	29	72
303	322	28	72
302	323	29	72
304	323	27	72
304	321	27	72
303	321	27	73
304	322	27	71
304	322	28	71
306	322	27	71
305	322	27	70
306	319	27	73
306	319	27	72
306	320	27	73
308	322	28	72
308	324	28	70
308	318	28	73
308	320	30	71
307	320	33	70
308	320	33	72
307	321	37	73
307	320	35	73
306	317	36	73
310	318	33	72
311	320	33	71
312	321	32	71
312	318	30	72
313	316	29	69
314	316	29	70
315	317	27	74
317	319	27	71
317	317	27	72
318	317	27	71
318	316	27	69
319	316	28	69
320	316	29	71
321	315	28	70
321	315	28	70
321	316	27	69
321	317	28	70
322	316	28	69
323	314	28	69
323	314	27	68
324	312	27	70
325	315	27	69
325	314	28	70
325	314	28	69
325	314	28	69
326	314	29	69
326	314	28	69
327	313	28	69
328	313	30	68
329	312	29	69
330	313	29	68
330	314	29	68
331	314	29	68
331	312	29	67
333	314	28	67
335	314	27	65
339	313	26	65
340	311	26	65
341	312	26	63
342	312	28	63
342	312	29	66
343	312	28	66
344	310	28	67
342	309	29	66
343	311	29	68
343	311	29	67
344	312	31	67
346	311	28	65
347	311	27	64
348	307	27	65
348	307	26	64
349	308	26	65
349	309	27	66
350	309	26	65
350	308	26	65
350	308	26	65
352	308	26	64
354	310	27	64
354	309	27	65
354	307	28	66
354	306	27	66
355	307	27	65
355	308	27	66
355	310	27	65
355	308	27	65
355	308	27	64
355	307	26	63
355	306	27	63
357	307	26	63
356	307	26	63
356	304	26	65
357	305	26	65
358	305	26	64
358	307	25	65
358	307	26	63
359	305	26	64
359	304	26	63
360	305	25	62
359	305	27	62
360	305	26	63
361	305	26	62
360	304	27	63
360	305	26	62
360	305	26	62
361	304	26	62
360	303	27	62
361	302	25	62
361	304	26	61
361	303	26	64
361	304	26	63
361	303	26	62
362	304	27	62
363	302	26	62
362	303	27	62
364	303	25	62
364	302	26	62
364	301	25	62
365	301	26	62
365	302	27	63
366	302	26	62
366	301	26	61
366	301	26	62
367	300	25	61
368	301	26	60
368	301	26	60
369	300	26	62
369	297	26	64
370	298	25	65
370	299	26	65
371	300	26	65
372	298	26	62
373	298	25	62
373	299	26	62
373	296	26	62
372	297	27	63
373	297	27	63
373	300	27	62
375	299	26	64
373	296	27	62
374	296	26	60
374	295	26	60
374	297	26	60
375	296	26	61
376	296	26	61
375	296	26	61
375	296	26	62
376	296	27	62
377	297	27	61
379	295	26	60
379	294	25	61
379	295	26	60
379	296	26	61
380	296	25	60
381	295	26	60
380	295	26	58
380	295	26	59
380	295	26	60
381	296	26	59
381	295	26	59
381	293	26	60
380	292	26	60
381	293	26	61
381	293	26	60
381	293	26	59
381	293	25	59
381	294	25	59
382	294	25	60
381	293	26	59
381	292	26	59
382	292	25	58
383	293	25	60
382	294	25	58
383	294	25	58
382	293	25	58
382	292	25	57
382	293	25	58
382	292	26	58
381	293	26	58
381	293	25	58
381	290	25	60
381	291	26	59
381	291	25	60
381	291	26	60
382	292	25	59
382	291	25	60
382	290	25	58
382	290	25	58
382	292	24	57
383	293	24	58
384	293	24	56
383	290	24	58
382	291	24	56
383	290	24	58
383	292	25	58
383	290	23	57
382	290	24	56
381	288	24	57
383	290	24	57
382	291	24	56
383	292	24	58
382	287	24	59
382	289	24	56
382	290	24	56
383	291	24	57
383	292	23	56
383	291	23	56
383	288	23	57
384	289	24	56
384	289	24	56
385	291	23	57
384	288	23	57
384	290	24	56
384	289	23	56
383	289	23	56
384	290	24	57
384	292	24	55
383	288	24	56
383	286	24	57
383	286	24	57
382	287	24	57
382	289	24	57
383	289	24	57
383	287	24	57
383	287	24	57
383	288	24	55
383	288	24	56
383	289	24	56
384	287	23	56
384	287	24	56
384	286	23	57
384	287	24	56
385	288	24	56
385	285	23	56
385	286	24	55
385	285	24	56
385	286	24	56
385	287	24	56
385	287	24	55
385	284	24	57
385	284	24	57
386	285	23	56
386	287	23	57
387	287	23	56
387	284	23	57
386	283	23	57
387	284	23	56
388	285	23	56
388	286	23	56
388	282	23	56
388	283	23	56
389	285	23	55
389	286	23	56
388	285	23	55
388	283	24	56
387	282	24	57
388	281	23	56
388	282	23	57
388	284	23	57
389	283	23	56
388	282	23	56
389	281	23	56
389	282	22	55
390	283	23	56
391	283	23	56
392	281	23	56
391	280	24	56
391	281	23	56
393	283	24	57
391	283	24	55
394	280	23	55
392	281	23	55
392	281	23	54
394	283	23	54
393	280	24	55
394	279	23	56
394	280	22	55
395	281	22	56
395	283	23	54
397	281	22	54
395	280	23	54
397	280	22	55
396	281	23	54
398	281	23	55
398	278	23	56
399	279	22	54
398	280	23	54
399	281	23	55
399	281	23	55
397	278	24	55
398	278	23	54
398	279	23	55
398	279	23	55
400	279	23	54
398	279	23	55
400	278	22	54
400	279	22	54
402	279	23	54
402	279	22	54
402	278	23	54
402	278	24	54
402	277	23	55
402	278	24	55
403	279	24	54
404	277	23	54
403	277	24	54
403	277	24	55
403	277	23	54
404	278	23	54
405	277	23	54
403	277	24	54
404	276	24	55
405	276	25	55
405	277	26	54
406	278	24	55
405	277	24	54
406	278	23	53
406	277	24	52
405	276	24	54
406	276	25	55
406	277	25	55
407	277	24	54
406	276	24	54
405	275	23	53
406	276	22	53
406	277	22	55
406	277	22	53
404	276	23	53
404	274	23	54
404	274	24	55
404	274	24	54
405	275	25	55
404	275	25	54
404	274	24	54
405	274	23	54
405	274	23	53
406	275	23	54
406	275	24	53
407	276	23	53
407	273	24	53
406	273	24	54
408	273	23	53
408	274	24	54
408	274	25	53
408	273	25	53
409	273	24	52
409	274	24	53
409	275	25	52
408	274	24	52
411	272	24	53
410	272	23	52
410	273	22	52
411	273	22	52
412	275	22	52
412	275	22	51
412	274	21	51
413	274	22	51
411	272	23	51
413	273	22	52
413	272	23	53
413	273	21	52
414	271	22	52
413	272	22	52
413	272	22	51
412	273	22	52
412	274	23	52
411	271	24	51
412	270	23	53
412	270	22	52
412	271	22	52
414	272	22	52
414	271	23	52
413	271	22	52
413	270	22	52
416	269	22	52
414	271	22	52
416	272	21	51
414	270	22	51
415	270	21	51
414	269	22	52
415	269	22	52
417	271	22	52
414	271	22	51
414	269	23	51
414	269	22	51
414	270	21	50
414	270	22	51
414	270	22	52
413	268	22	52
413	268	21	51
413	268	21	51
414	270	21	50
414	271	22	51
413	269	22	50
413	268	22	49
413	267	22	50
413	267	23	51
413	270	22	51
413	270	22	51
413	269	21	51
413	268	21	50
412	268	22	50
413	268	22	51
412	269	22	51
412	269	21	51
411	267	21	50
412	266	22	49
410	266	23	51
411	268	23	52
413	268	22	52
412	267	21	49
413	267	22	49
414	268	21	49
413	269	22	50
413	268	21	49
414	266	21	49
414	266	21	49
414	265	21	51
416	267	22	51
415	268	22	50
414	265	22	50
414	266	21	50
414	265	22	50
414	265	21	50
415	266	21	50
415	267	21	51
414	264	22	50
415	263	21	50
413	264	21	50
416	264	20	50
416	267	21	50
416	266	20	49
416	264	21	48
416	265	21	49
417	264	20	50
417	264	21	50
417	264	22	51
416	263	22	51
417	264	22	50
418	263	22	50
418	265	21	49
419	266	21	49
418	262	21	48
419	263	22	48
420	263	21	48
419	264	20	48
420	264	20	49
420	264	20	49
419	263	19	48
419	264	19	48
420	264	19	48
421	265	19	49
421	266	20	48
421	263	19	47
420	262	19	48
421	263	20	47
422	264	20	48
424	263	21	48
423	260	21	50
423	262	20	48
422	261	21	49
424	262	22	48
423	263	20	49
428	251	24	58
423	259	23	50
422	261	20	48
425	262	22	46
424	263	21	48
425	263	21	47
425	260	22	49
425	259	22	49
427	258	22	49
429	259	22	48
428	249	25	56
427	253	25	57
434	251	28	55
432	249	27	57
434	247	26	59
435	257	26	51
433	242	25	60
434	255	26	52
434	251	26	55
435	253	27	52
428	253	25	53
436	253	25	53
427	251	25	54
434	254	29	53
426	257	27	51
425	249	26	57
426	254	25	51
427	258	24	48
428	257	22	48
428	259	21	47
430	259	21	47
431	256	21	50
433	256	20	50
432	259	20	47
433	258	20	48
434	258	20	46
435	258	23	46
434	259	20	46
435	259	20	48
436	255	22	50
436	254	22	49
433	247	22	56
436	259	20	47
437	256	20	49
446	247	26	56
438	258	21	48
448	254	26	49
439	257	21	48
442	253	23	50
440	253	22	51
441	253	22	50
442	256	22	49
444	255	22	49
449	251	26	52
442	256	23	49
445	256	24	47
455	250	26	52
447	257	24	49
458	251	27	53
449	253	24	52
445	257	22	47
447	255	21	49
447	255	22	48
446	255	21	48
455	253	25	50
459	254	24	50
457	252	23	53
451	254	22	50
453	254	21	49
454	252	21	50
459	252	23	52
460	249	25	54
468	254	25	56
458	252	25	52
457	255	23	50
460	250	25	53
459	252	26	52
461	253	25	52
460	254	24	52
460	252	23	53
459	253	22	51
460	254	21	51
461	253	21	49
462	253	22	51
461	256	24	50
462	251	24	54
463	252	24	52
462	252	25	52
463	251	25	55
463	253	24	51
465	255	24	50
469	254	23	52
467	252	22	51
465	251	24	52
474	252	26	58
466	252	25	55
457	222	24	39
455	222	25	34
458	221	24	36
458	221	24	35
456	220	24	36
457	222	25	36
459	223	23	35
459	222	22	34
459	222	21	34
458	222	23	34
458	222	24	35
458	223	25	37
459	221	24	37
459	221	24	36
460	220	23	37
461	223	21	34
460	223	22	34
461	223	22	36
463	227	21	33
465	225	18	33
465	224	20	35
464	225	21	33
464	225	22	35
466	227	21	34
466	225	20	36
466	225	21	34
466	225	21	35
467	224	21	34
467	227	21	33
468	227	21	33
468	226	21	33
469	226	20	34
467	225	21	34
469	226	21	33
470	228	20	33
470	227	20	33
468	225	22	34
469	226	22	36
471	226	22	35
473	228	20	35
472	226	22	35
471	227	22	35
472	227	21	34
472	225	22	35
472	226	22	35
472	228	22	34
474	228	21	35
475	228	21	35
471	227	23	35
472	227	24	35
472	226	25	36
475	228	23	35
473	229	24	34
475	226	23	36
475	225	23	37
475	226	23	36
477	227	23	35
476	229	23	34
476	229	23	34
475	228	23	35
478	227	24	36
477	228	22	35
476	231	24	34
477	226	23	37
477	229	24	34
475	228	24	35
478	228	24	36
476	230	25	35
478	228	24	37
477	228	25	37
478	229	24	35
477	229	25	36
477	230	27	37
477	227	26	40
477	227	24	40
477	228	27	37
481	230	25	38
479	230	24	37
479	226	25	39
479	230	24	36
480	230	24	35
483	232	23	35
481	229	23	40
480	229	24	38
480	230	24	36
480	229	24	37
483	232	24	35
482	230	24	37
481	230	24	37
481	227	25	37
484	230	22	35
485	232	22	34
485	230	22	36
483	228	24	37
483	230	24	34
485	229	24	37
487	233	23	36
487	233	22	38
486	229	24	38
488	231	23	36
490	230	22	36
492	230	22	36
492	229	23	39
492	227	22	39
491	228	24	36
493	228	23	37
493	228	24	39
494	221	26	43
493	228	26	43
493	229	24	40
494	226	25	41
493	228	26	41
495	218	29	48
496	236	24	40
496	229	25	41
498	230	23	41
498	228	23	42
501	232	24	43
502	231	22	43
502	229	23	43
501	233	23	41
500	230	25	42
499	232	26	44
501	231	25	46
500	232	26	44
503	231	25	44
504	230	24	43
503	230	25	44
503	232	25	43
505	234	25	42
505	233	25	42
504	232	25	42
506	234	26	42
507	231	22	43
506	231	28	44
508	236	24	42
506	232	26	44
507	234	25	42
507	233	25	43
508	238	25	41
509	236	25	43
509	237	24	40
509	235	24	41
511	235	23	40
512	235	22	39
514	238	23	39
513	238	22	41
512	236	24	39
514	235	22	39
514	236	21	40
515	240	21	37
516	238	22	40
514	236	21	41
516	235	22	41
517	236	20	40
518	237	20	40
518	241	21	40
517	237	21	42
519	237	22	41
520	239	22	41
521	240	21	42
519	239	22	42
519	239	24	43
519	238	26	44
522	240	25	44
526	242	22	42
524	242	22	41
525	241	24	43
521	242	28	45
526	242	27	45
526	242	25	43
532	243	24	45
531	244	25	45
533	244	25	46
533	244	26	47
533	244	27	48
535	247	26	49
536	245	26	49
536	247	25	47
537	247	25	48
539	250	25	48
538	252	26	47
541	250	25	49
541	252	27	50
539	251	28	49
542	253	27	50
545	251	27	51
545	255	26	50
546	254	26	52
546	255	27	52
547	254	26	52
548	254	26	51
549	254	25	52
549	255	26	52
549	257	25	51
549	256	26	50
551	256	25	52
551	256	26	52
550	256	26	51
552	258	26	52
553	258	24	50
554	257	25	52
552	257	26	52
554	258	25	51
556	259	24	52
556	260	26	52
556	260	25	51
555	260	26	51
556	258	25	52
558	259	25	52
558	261	26	53
557	261	26	52
559	261	25	54
