165	268	20	16
166	266	18	18
165	264	19	19
167	264	18	20
166	265	18	19
166	264	18	19
165	265	19	18
165	264	19	19
166	263	18	19
166	262	18	19
165	263	19	19
165	261	18	19
165	261	18	19
166	259	18	19
165	259	18	19
164	258	19	20
163	258	19	19
162	258	19	19
164	257	18	19
163	257	18	19
163	256	19	19
162	256	19	18
162	255	19	18
163	255	18	18
163	255	18	18
162	255	18	18
162	255	18	18
162	254	18	18
163	253	19	19
162	253	19	19
163	253	19	19
162	252	19	19
163	251	19	19
162	252	18	18
162	251	19	19
162	251	18	19
162	251	18	18
161	251	18	18
162	251	18	19
162	250	18	19
162	250	18	19
162	250	18	18
163	250	18	19
162	251	17	18
163	251	17	18
162	251	17	18
162	250	17	18
162	251	18	19
162	251	18	18
162	251	18	18
162	251	18	18
162	251	18	18
162	251	18	18
162	251	18	19
162	251	18	18
162	251	18	18
162	253	18	18
163	252	18	19
162	252	18	18
163	253	18	18
163	252	19	19
163	252	18	19
163	253	19	20
163	253	19	19
162	253	19	19
163	254	18	19
163	254	19	19
162	255	19	19
163	254	18	19
164	256	18	18
163	255	19	19
163	256	19	19
162	257	19	18
164	257	19	19
164	257	18	19
163	257	18	19
164	258	18	18
164	259	18	18
164	259	17	18
164	259	18	18
163	260	18	18
165	261	19	18
164	259	18	19
163	257	19	19
166	251	18	19
167	249	18	18
167	248	17	18
168	248	18	18
169	247	17	18
169	244	17	18
169	243	18	19
172	241	17	18
171	240	17	19
171	241	18	18
174	237	16	20
172	237	18	20
173	236	18	20
174	234	18	19
175	234	17	18
174	235	17	17
177	232	16	19
176	232	17	19
177	231	16	18
179	230	16	18
179	230	17	17
181	227	16	19
182	226	17	19
182	226	17	18
184	225	17	17
184	224	17	17
184	224	17	17
187	223	16	17
187	222	16	18
187	221	16	17
189	220	16	18
189	219	16	18
189	219	16	18
190	218	16	17
191	218	16	17
192	217	15	17
194	216	16	18
194	216	17	17
195	214	17	17
196	214	16	17
197	214	16	17
198	213	16	17
200	212	15	17
201	212	16	17
202	211	14	16
202	210	15	17
203	210	15	16
203	210	15	17
204	209	15	16
205	209	15	16
205	207	15	16
208	207	15	17
208	206	16	18
208	206	15	17
210	206	16	16
211	205	16	17
211	204	16	16
212	204	15	16
213	203	16	16
213	203	16	16
216	202	14	16
216	201	15	16
218	200	15	17
218	201	15	16
219	200	15	16
220	200	15	16
220	199	16	16
221	199	15	16
222	198	15	17
224	198	15	16
224	198	15	16
225	197	15	16
226	197	15	16
227	196	15	17
227	196	15	17
228	196	15	16
229	195	15	17
229	195	16	16
231	195	16	16
232	195	16	16
233	195	15	16
235	195	14	15
234	195	15	16
235	193	15	16
237	193	15	16
237	193	15	15
239	193	14	16
240	192	14	16
242	192	14	16
241	192	15	16
242	191	14	16
243	191	15	16
244	191	15	16
245	190	15	16
245	191	15	15
248	190	14	16
248	190	14	15
250	190	15	15
250	190	14	15
251	189	14	16
253	189	15	15
254	189	14	16
255	189	14	15
256	188	14	16
256	187	13	15
258	188	13	14
260	189	13	14
262	188	13	13
261	189	12	15
261	188	12	13
263	188	12	12
263	189	11	12
263	188	11	11
265	187	13	13
269	187	12	15
268	187	12	15
269	187	14	14
270	187	16	14
271	183	21	17
271	183	21	16
271	186	18	14
271	183	17	14
270	183	16	13
271	181	13	15
270	182	16	14
269	181	15	14
268	182	13	14
269	181	14	14
269	180	13	14
269	180	13	14
268	178	13	14
268	179	13	14
269	180	14	13
268	179	13	14
266	176	13	14
266	178	14	15
267	175	14	16
266	177	15	14
266	174	14	14
266	175	15	14
267	175	16	15
267	175	14	15
266	174	14	15
265	174	14	15
264	174	14	15
265	173	14	15
265	174	14	14
265	173	14	14
264	171	14	15
263	172	14	14
264	171	13	15
263	172	14	15
263	171	13	13
262	170	12	14
262	171	13	14
262	170	13	14
260	170	14	14
261	169	14	14
261	169	13	14
262	169	13	15
260	168	13	14
259	168	14	15
259	169	14	14
259	168	15	15
259	167	14	15
259	167	13	14
258	168	14	14
258	167	14	15
257	166	14	15
256	166	14	15
256	166	14	15
257	166	14	15
257	166	13	15
256	165	13	14
255	165	13	15
254	166	13	15
253	165	13	14
253	165	13	14
254	165	13	14
252	164	13	14
253	165	13	14
252	165	13	14
251	164	14	14
250	164	14	15
250	165	13	14
249	162	14	14
248	163	14	15
248	163	14	14
248	163	14	14
247	163	14	15
247	164	14	15
247	162	13	15
247	162	13	14
247	162	13	14
245	163	12	13
245	163	12	14
246	163	13	13
245	162	13	14
244	162	13	14
244	161	13	14
244	160	13	14
244	161	14	14
244	161	14	15
244	157	14	19
243	158	14	17
243	158	13	17
242	157	14	17
242	160	14	15
242	159	14	16
241	160	14	15
242	160	14	14
243	159	15	15
242	158	15	15
249	136	18	17
243	133	19	21
242	132	21	25
244	150	18	23
243	148	19	23
243	144	19	25
243	143	17	18
242	141	16	16
241	136	14	15
240	132	14	15
239	128	14	14
239	127	14	13
238	124	14	14
239	123	14	14
238	122	15	15
238	121	14	14
239	119	15	15
239	118	14	14
238	117	14	14
237	116	14	14
236	116	14	14
235	115	14	14
233	115	14	14
230	114	14	14
229	114	14	15
227	114	14	15
224	112	14	15
223	112	13	15
221	111	13	15
218	112	13	14
217	111	14	14
217	111	14	15
217	112	14	14
217	113	13	13
217	113	14	14
217	115	13	13
217	113	13	13
216	111	13	13
215	110	13	14
215	108	14	15
213	108	14	15
211	109	14	15
210	108	14	15
208	108	14	15
208	108	14	14
207	107	14	14
206	108	13	13
206	108	13	13
204	107	14	13
203	106	13	13
202	106	13	14
201	106	13	14
202	106	14	14
203	106	14	14
203	105	14	15
205	104	13	14
205	103	14	15
205	102	15	14
205	102	14	15
205	102	14	14
204	102	14	14
203	101	13	14
202	102	13	14
200	102	13	14
198	102	13	14
195	103	14	13
194	103	13	13
192	103	14	13
189	102	14	14
190	102	14	14
189	103	13	14
189	103	13	14
189	103	13	14
190	103	14	14
191	101	13	13
191	100	13	13
190	100	13	13
190	100	14	14
190	99	14	15
189	99	14	15
188	99	13	14
188	100	13	14
186	100	13	14
186	100	13	13
185	100	13	13
184	100	13	13
184	100	13	13
183	101	13	13
183	101	13	13
182	100	13	13
182	101	13	13
182	101	13	14
182	100	13	13
182	100	13	13
182	100	13	12
182	99	13	13
182	99	14	13
182	98	14	13
181	99	14	13
182	98	14	14
181	97	14	13
181	98	13	13
181	98	13	14
181	98	13	13
180	98	14	13
180	98	13	13
180	98	13	14
179	98	13	14
179	98	13	13
179	98	14	14
178	99	14	13
178	98	14	14
179	98	14	13
179	99	13	13
179	99	13	13
179	99	13	13
178	99	13	13
179	98	13	13
178	99	13	13
178	98	13	13
179	98	13	13
178	99	13	13
177	99	14	13
178	98	13	13
177	98	13	13
177	98	13	13
176	98	13	13
176	99	14	14
176	99	14	13
176	99	13	13
175	98	14	13
176	99	13	13
175	98	14	13
175	98	14	13
176	99	14	13
175	98	14	13
175	99	14	13
175	98	14	13
175	99	13	14
175	100	13	13
174	99	14	13
174	99	13	13
174	99	13	13
173	99	13	14
174	99	14	13
174	99	13	14
174	99	13	14
173	98	14	14
173	98	14	14
174	98	14	14
174	98	14	14
174	98	13	13
174	98	13	14
175	98	13	13
175	98	14	14
174	98	14	13
174	97	14	13
173	99	13	13
173	99	13	13
173	100	14	13
173	101	13	13
173	101	12	12
173	102	12	12
172	103	13	12
171	103	14	12
169	104	14	13
169	104	14	13
165	105	14	13
164	106	14	14
163	107	14	13
162	108	14	14
162	108	15	14
160	109	15	14
157	111	15	14
157	113	15	13
156	116	14	13
155	117	14	12
153	120	14	13
152	122	14	13
151	124	14	13
151	127	15	12
150	128	15	14
150	129	16	15
151	130	21	16
151	131	18	17
151	132	21	16
149	131	17	16
149	132	16	15
149	132	16	15
150	133	18	15
149	133	17	15
149	132	17	15
150	133	15	14
149	134	14	14
149	134	15	14
149	134	15	14
149	133	16	14
149	134	15	15
149	133	17	15
149	134	15	15
150	133	16	14
149	135	15	14
148	132	16	15
148	133	17	14
151	125	20	18
150	121	22	25
149	114	26	34
149	105	28	42
148	104	30	43
147	103	30	43
147	104	30	43
149	103	30	43
148	104	29	43
148	104	28	43
147	104	29	43
149	104	30	43
148	104	30	43
147	103	30	43
147	104	30	43
148	103	30	43
147	104	30	43
146	104	29	43
148	105	31	42
147	104	30	42
147	103	30	43
147	104	31	43
147	104	31	43
146	105	31	43
147	105	32	43
147	104	31	44
146	103	31	43
147	104	32	43
146	104	32	43
145	105	34	43
146	104	32	43
146	104	33	43
145	104	33	43
145	104	32	43
147	104	31	43
145	105	35	43
146	104	33	43
144	104	35	44
144	104	33	43
144	104	33	43
145	104	33	43
146	105	33	43
145	104	33	44
145	104	35	43
145	104	33	43
146	103	33	43
146	104	33	43
147	104	31	42
144	105	34	43
145	105	35	43
146	103	31	44
146	103	33	43
146	103	33	43
147	104	33	43
147	105	32	42
146	104	32	43
144	105	35	44
144	105	35	44
143	104	35	44
144	105	34	43
143	105	36	44
145	104	32	43
144	104	35	44
146	104	33	43
146	104	32	43
145	105	35	44
147	106	33	43
147	106	32	42
147	105	32	42
147	106	31	42
146	107	33	42
145	107	34	41
146	107	34	41
148	108	32	40
149	109	31	39
150	109	31	39
150	109	32	38
150	109	32	40
149	109	33	39
147	108	33	41
149	108	32	40
149	108	32	41
149	107	30	40
149	108	31	40
150	108	30	40
148	107	31	40
149	107	31	41
149	107	31	40
149	107	31	41
148	108	32	41
149	108	30	41
148	107	29	41
148	107	30	41
148	107	30	41
150	107	28	40
149	107	30	41
149	106	29	41
148	107	30	41
148	107	30	41
149	107	30	41
149	107	30	41
149	107	30	41
149	107	30	41
148	106	31	41
149	107	30	41
148	105	30	42
149	107	29	41
148	107	30	41
150	107	29	41
148	108	30	41
148	107	30	41
148	106	29	41
148	107	30	41
149	106	29	41
148	107	31	41
148	107	31	41
148	107	30	42
148	105	29	42
148	106	30	41
149	106	30	41
148	107	31	41
149	107	30	41
148	107	30	41
148	105	31	42
149	106	30	42
147	106	31	41
149	106	29	41
149	107	30	41
148	106	30	42
148	106	31	41
149	106	30	41
148	106	31	41
148	106	31	42
148	106	30	42
148	106	30	42
149	105	29	42
148	105	31	42
149	105	29	43
149	106	30	43
149	104	30	43
148	106	31	43
148	104	31	43
148	103	30	43
148	105	32	43
148	104	32	43
148	105	32	43
148	104	30	43
148	104	32	43
148	104	32	43
148	104	32	44
148	104	31	43
149	103	30	44
149	105	31	43
149	104	30	44
148	104	31	44
148	103	29	44
148	103	30	44
149	104	30	44
149	104	29	45
149	104	29	44
149	104	30	44
148	104	30	43
148	104	30	43
149	104	30	44
148	105	32	43
148	104	30	44
148	104	31	43
148	105	31	43
149	105	31	43
148	105	31	43
148	104	31	44
148	104	32	43
149	104	30	43
148	104	31	43
148	104	31	43
149	106	30	43
148	105	31	43
149	104	30	43
148	104	31	44
149	104	30	43
148	104	31	43
149	104	31	43
148	105	32	43
148	104	32	43
148	104	31	43
149	105	30	42
148	104	31	43
149	105	30	43
149	105	30	43
147	104	32	43
148	104	31	43
148	103	30	43
149	105	30	43
148	105	30	44
148	105	30	42
148	104	30	43
149	104	31	43
149	105	31	43
148	104	30	43
149	105	30	42
148	106	31	43
148	104	31	43
148	104	31	43
148	104	31	43
149	105	30	43
149	106	30	43
148	105	31	43
148	104	31	43
148	105	31	43
149	104	30	43
148	105	31	43
148	105	31	43
148	105	31	43
148	104	31	43
149	104	31	43
148	104	31	43
148	105	31	43
148	105	31	43
148	105	31	43
149	105	31	43
148	104	31	43
148	105	31	43
149	104	29	43
149	105	30	43
149	106	31	42
148	105	31	43
148	104	30	43
149	105	31	42
148	104	31	43
148	104	31	43
149	105	31	43
149	104	30	43
148	104	31	43
149	104	29	43
148	104	30	43
149	105	30	43
148	105	32	43
149	105	30	43
149	104	30	43
148	104	31	43
148	104	31	43
149	105	31	42
149	104	31	43
149	105	31	43
148	105	31	43
149	104	30	42
148	104	32	43
148	104	30	43
148	105	30	43
149	105	30	43
149	104	30	43
149	105	31	43
149	104	30	43
148	105	31	43
148	104	31	43
149	104	29	42
148	104	30	43
148	104	30	43
148	104	30	42
149	105	31	42
148	105	31	43
149	107	31	42
149	105	31	42
149	106	31	41
149	106	31	41
149	106	30	41
149	107	31	41
149	107	31	41
149	107	31	41
149	106	31	41
149	107	31	41
149	107	31	41
149	108	30	41
148	107	31	41
149	106	29	41
148	107	31	41
149	107	30	40
148	107	30	40
149	107	30	40
149	107	30	41
148	107	30	41
148	106	31	41
148	107	31	41
148	107	31	40
149	108	30	40
148	108	31	41
148	107	30	41
148	106	30	41
148	107	31	40
149	106	30	41
148	107	31	41
149	106	30	41
149	105	31	42
149	105	30	42
149	105	30	42
148	105	31	42
148	105	31	42
149	106	31	41
149	107	31	41
148	106	31	41
148	106	31	41
149	106	30	41
149	106	31	41
149	106	31	41
149	107	31	41
149	107	31	40
148	105	30	42
148	106	31	41
149	106	30	41
148	106	31	41
148	106	30	42
149	106	29	41
149	105	30	42
148	105	31	42
150	106	30	43
149	104	31	43
149	104	30	43
148	104	30	43
148	104	30	44
149	103	30	44
149	103	30	45
150	103	29	45
148	103	30	45
148	104	30	44
148	103	30	44
147	103	31	45
147	103	32	45
148	102	31	45
149	105	30	44
148	104	31	43
148	105	31	43
148	106	32	42
148	106	32	42
148	106	32	42
147	106	31	42
147	106	33	42
147	105	33	42
147	105	33	42
146	104	33	42
146	106	33	42
146	106	32	42
145	105	33	43
144	105	33	42
143	104	33	43
143	104	33	43
142	105	34	42
141	105	35	42
142	105	35	42
142	105	36	42
141	105	36	42
141	105	35	42
142	106	36	41
142	106	35	42
142	106	35	41
141	106	36	41
144	106	34	40
143	106	35	40
142	107	35	40
142	107	35	40
142	107	35	40
143	107	33	39
144	108	33	39
144	108	32	39
143	108	34	39
144	108	33	39
143	108	34	39
143	108	34	39
144	108	33	39
142	108	35	39
142	108	35	40
143	108	35	40
142	108	36	39
143	109	35	39
141	109	36	40
140	108	37	40
140	108	38	40
141	107	36	40
144	107	33	40
144	108	33	41
143	108	33	41
143	108	33	41
144	108	32	40
144	107	32	40
144	107	32	41
145	107	32	40
146	108	31	40
146	109	30	42
145	106	30	43
147	106	30	40
148	108	29	39
146	107	29	41
148	107	29	40
147	106	29	40
148	106	28	40
148	107	28	40
147	105	29	40
148	106	26	42
148	106	28	41
148	106	29	40
147	107	29	40
131	145	24	24
138	150	17	16
138	152	15	15
138	153	14	14
137	153	15	14
137	154	14	14
137	155	14	15
137	156	14	14
136	156	15	14
135	156	16	15
135	158	15	15
134	157	16	16
135	158	14	15
135	159	15	15
136	159	15	15
136	159	15	16
138	160	15	16
140	160	15	15
142	161	15	16
144	161	15	16
146	163	14	15
148	163	14	15
151	165	15	15
152	165	15	15
152	164	15	15
155	165	14	15
155	165	15	16
159	166	14	16
159	167	14	16
160	168	15	16
163	167	15	16
165	168	14	15
167	167	14	16
167	168	14	16
169	171	14	15
170	171	15	15
172	171	14	15
173	171	15	16
173	172	14	16
175	173	14	16
175	175	14	15
176	174	15	16
177	174	15	16
179	175	14	15
179	176	14	15
180	176	14	16
181	177	14	15
182	178	15	15
183	178	14	16
183	178	14	16
184	178	14	16
185	180	14	16
185	181	15	15
186	181	15	16
187	182	14	16
188	182	14	16
188	182	14	16
188	183	14	16
189	184	14	16
190	185	14	15
190	186	15	16
191	185	15	16
191	187	16	16
190	188	15	16
191	189	15	16
191	189	15	17
192	189	15	17
193	190	14	16
193	191	16	16
193	191	16	17
192	193	15	16
192	193	15	17
193	193	15	16
194	195	15	16
193	195	15	17
193	196	15	16
192	196	16	17
193	197	16	16
193	198	15	17
194	199	15	17
193	200	15	17
193	200	16	17
191	201	16	16
191	202	16	17
190	204	15	17
190	203	15	17
190	204	15	17
189	206	15	16
189	207	16	16
189	207	15	17
187	208	16	17
188	208	16	17
188	208	16	17
186	210	16	17
186	211	16	17
185	213	16	16
185	213	16	17
184	213	16	17
182	213	16	17
182	214	16	17
182	215	15	18
180	217	17	17
178	218	16	17
178	218	16	17
177	219	17	17
177	219	16	18
176	220	17	17
173	221	17	19
172	222	18	19
172	223	17	18
170	223	17	18
170	223	17	19
168	225	18	18
167	227	17	18
165	228	18	18
165	227	17	18
163	228	17	18
162	229	17	18
161	229	18	19
159	231	17	18
158	232	18	19
157	232	19	19
157	232	18	19
157	233	18	19
158	234	18	19
159	235	18	18
160	237	18	18
160	236	18	19
159	237	18	19
160	238	18	18
161	239	19	19
162	240	18	18
162	241	17	18
164	243	17	17
164	242	17	18
164	243	18	19
165	244	18	18
166	245	17	18
167	246	18	18
166	247	18	18
167	248	17	19
167	248	18	18
167	249	18	19
168	251	19	19
169	250	18	19
169	251	18	19
170	253	19	19
170	254	18	19
170	255	18	19
171	257	18	19
171	257	18	20
172	258	18	19
171	259	18	20
172	259	17	19
171	261	19	19
171	261	19	19
171	264	19	19
171	263	18	19
171	263	18	19
171	265	19	20
172	265	18	19
171	267	19	19
170	267	19	19
170	268	18	19
169	268	18	19
169	269	18	19
168	270	18	19
168	269	18	20
167	271	19	19
169	271	19	19
169	273	18	20
169	272	19	21
170	272	18	20
170	273	18	20
169	274	18	21
170	276	19	20
170	277	19	20
170	277	19	20
170	277	19	20
170	278	19	20
169	279	19	20
169	279	19	20
169	280	20	20
169	281	19	20
168	281	19	20
169	281	19	20
168	282	19	20
167	283	21	20
168	284	20	20
167	284	20	19
168	285	19	20
168	287	19	19
167	287	20	20
167	288	19	20
166	288	19	20
167	288	19	20
168	289	19	20
169	291	19	18
169	291	20	18
170	291	19	19
173	292	19	17
167	292	24	23
174	291	20	19
168	295	29	25
159	262	26	21
156	264	21	20
165	263	19	20
156	264	20	19
157	264	18	18
157	264	19	18
157	265	19	18
164	265	19	19
165	264	20	20
164	265	21	19
153	264	21	19
155	264	19	18
160	265	18	19
158	264	16	17
159	266	18	18
157	265	18	17
157	265	19	18
158	266	20	18
158	265	19	19
159	265	19	18
153	265	19	17
157	263	18	19
157	265	18	18
160	264	18	18
154	264	19	18
156	264	20	18
156	266	19	18
156	265	18	18
155	265	18	18
158	264	17	19
158	264	19	19
157	265	20	19
158	264	19	19
156	265	21	18
157	264	18	19
157	264	18	19
157	266	19	18
157	265	18	19
160	264	18	19
156	264	20	19
157	265	19	19
157	264	20	19
158	265	21	19
167	263	18	21
153	265	19	18
158	265	18	19
157	265	19	18
155	264	18	19
158	266	18	17
159	265	17	18
158	265	19	18
156	265	20	18
157	265	18	19
157	264	18	18
156	265	20	18
159	265	19	19
160	265	19	18
155	263	18	19
159	264	20	19
164	265	21	19
167	264	19	20
154	264	19	20
155	265	19	18
