560	150	39	34
558	139	35	38
553	131	34	36
548	126	35	33
540	119	34	35
535	120	35	34
527	125	34	37
522	120	34	39
519	114	34	36
513	110	32	35
505	107	35	35
501	109	33	35
496	105	33	37
493	100	33	35
486	95	33	35
483	95	33	34
479	90	31	37
471	85	32	35
468	83	32	34
465	83	33	34
461	78	31	35
455	74	32	33
451	73	32	33
448	69	32	34
443	66	30	33
439	62	31	34
433	57	31	34
431	57	31	32
428	53	31	33
423	49	30	32
420	48	30	31
418	45	30	33
416	42	29	33
412	38	29	32
408	36	30	31
407	35	30	31
405	32	30	31
403	30	29	31
403	31	29	31
401	31	30	31
400	32	30	31
398	32	29	30
397	31	28	31
396	32	29	31
395	32	29	31
392	33	30	30
392	33	29	30
390	33	29	31
389	33	30	31
391	33	30	31
393	33	30	30
394	33	31	28
399	35	30	31
400	40	31	33
401	46	31	32
404	64	33	35
406	76	32	39
408	86	33	35
408	84	34	33
409	84	33	33
410	88	32	32
411	99	35	37
413	108	34	40
413	118	34	35
415	118	35	35
415	122	34	33
416	125	33	34
417	132	34	35
419	145	36	37
419	147	37	36
420	149	38	39
420	154	37	37
422	168	36	37
423	171	37	39
423	173	39	40
425	185	38	40
425	191	38	39
426	194	38	39
427	205	37	40
429	209	38	39
431	213	35	41
432	223	36	40
432	230	37	39
433	243	36	37
433	247	38	39
433	251	37	39
435	257	35	38
435	259	35	38
435	257	37	39
437	256	37	42
437	256	38	42
443	257	35	42
445	258	34	40
448	260	31	39
455	262	34	38
458	263	33	36
464	263	40	38
478	268	42	34
491	270	35	39
489	261	41	36
490	262	35	36
481	260	29	39
485	259	28	39
487	260	27	41
487	258	27	42
486	258	27	41
482	258	29	40
481	255	32	40
482	253	30	39
482	254	31	39
473	250	37	36
472	252	37	36
472	249	34	38
472	249	31	38
471	248	27	37
471	245	27	38
472	244	25	38
469	237	25	40
467	235	25	39
466	231	26	39
463	226	30	39
462	223	30	40
461	220	32	39
457	216	32	38
456	214	33	39
454	211	33	39
453	211	33	38
451	205	34	37
450	204	34	38
449	202	35	38
448	200	34	38
446	194	34	39
445	193	33	38
444	191	33	38
442	188	34	38
441	185	33	37
441	182	32	38
439	180	32	37
438	179	30	35
434	177	34	37
428	166	42	44
431	171	39	35
437	168	33	38
435	166	33	37
437	164	31	33
437	163	30	31
434	160	32	32
432	159	33	33
431	155	33	32
429	153	33	33
431	149	31	35
427	142	34	36
429	144	32	32
430	142	31	32
429	142	29	33
430	137	27	34
430	137	27	34
427	135	31	34
425	130	33	36
424	129	33	35
424	128	33	36
423	125	33	34
422	123	34	35
423	121	33	36
423	119	31	35
423	117	31	35
423	116	28	35
418	108	28	36
414	106	27	35
409	105	29	34
393	101	33	30
388	99	29	32
383	95	27	34
377	91	30	34
372	90	31	34
369	88	30	33
365	86	32	34
357	80	33	35
349	78	33	32
346	78	32	32
342	74	34	34
335	70	32	33
333	68	33	34
330	66	33	34
327	63	30	34
322	60	32	33
318	59	32	33
314	56	31	33
309	54	31	32
307	52	32	31
303	50	33	32
298	46	31	33
296	46	32	31
295	43	31	33
289	40	30	31
288	38	29	31
285	37	31	31
280	34	30	32
278	32	31	31
275	30	30	31
273	29	31	31
270	26	31	31
268	24	30	31
267	24	29	30
265	23	30	31
261	19	30	30
261	19	29	30
262	20	30	30
270	24	30	31
272	28	31	30
276	29	31	31
280	34	31	31
284	36	30	30
287	38	31	31
291	41	32	33
294	44	32	31
297	45	33	32
303	49	31	32
307	51	31	32
310	52	31	33
313	54	32	33
319	58	31	33
322	60	32	32
325	62	32	32
332	66	32	33
335	69	32	32
339	70	33	32
347	74	31	34
350	76	33	33
354	78	32	34
357	81	34	33
364	83	32	34
368	86	33	33
370	87	35	35
378	91	34	34
382	95	35	34
385	96	35	35
395	99	34	35
398	101	33	35
403	103	34	35
411	108	34	35
414	110	34	35
419	111	33	35
421	114	36	35
431	117	36	36
434	119	36	35
440	121	34	35
449	124	35	36
454	127	34	36
457	129	35	36
466	134	35	35
470	135	36	35
476	137	34	36
485	140	35	37
489	143	36	35
493	145	36	37
504	149	36	36
510	151	36	37
514	154	35	37
524	158	37	37
528	160	37	37
533	162	37	37
539	164	36	37
549	168	36	36
555	170	37	36
559	172	38	36
570	175	37	37
576	177	36	38
581	180	37	36
593	184	35	37
599	184	29	40
604	185	25	40
611	180	18	48
609	179	20	50
609	192	20	42
605	194	24	41
602	203	27	37
604	204	25	31
607	213	22	29
616	211	12	41
612	219	15	37
608	218	18	38
603	216	23	41
598	221	30	41
583	220	44	44
578	212	43	52
588	219	39	66
596	244	33	45
598	241	30	38
610	241	19	46
614	253	15	35
601	239	28	53
607	245	22	52
614	245	15	38
614	244	14	37
613	245	16	35
610	243	18	36
610	242	19	37
610	241	19	38
607	242	21	37
606	242	22	37
606	242	23	37
605	240	24	39
602	239	26	39
602	240	27	38
600	239	28	39
600	239	29	39
599	238	30	39
599	237	30	39
599	237	30	39
598	237	31	38
598	237	31	38
597	236	32	38
596	236	33	39
595	235	34	39
565	220	38	41
552	215	42	40
540	208	42	40
517	198	40	39
504	191	40	40
493	186	40	39
470	174	40	39
459	171	40	38
450	164	38	39
428	156	39	38
419	150	38	37
409	145	37	38
389	137	37	37
380	132	36	36
370	127	36	36
351	118	35	35
342	116	36	35
334	111	35	36
317	102	35	35
308	98	35	35
301	94	34	35
292	90	34	35
276	83	34	34
269	79	33	34
262	75	33	35
246	67	33	35
238	64	33	34
232	61	34	34
217	54	33	33
211	51	33	33
205	47	31	32
191	42	32	32
184	39	32	31
178	34	32	34
170	33	32	31
162	27	29	32
154	24	30	31
148	20	37	33
185	4	35	32
201	0	36	27
237	0	39	21
256	0	37	21
276	0	38	22
314	0	40	28
335	6	40	37
355	14	41	38
376	26	41	38
418	55	44	38
441	73	43	44
486	118	42	45
509	143	42	49
531	172	43	46
561	164	41	38
572	157	42	33
588	151	39	38
599	150	29	38
604	146	24	33
604	146	24	32
615	151	14	36
617	155	11	35
608	167	20	32
596	182	32	43
593	195	35	42
587	210	35	39
588	202	34	41
590	188	34	38
590	184	35	38
590	183	36	37
591	185	36	36
591	196	35	39
592	204	34	41
592	215	35	45
592	216	35	40
593	211	35	39
593	209	35	38
591	209	37	37
585	213	40	38
581	218	39	42
576	216	37	41
571	209	36	38
569	211	37	38
566	213	37	40
563	219	38	41
558	212	38	41
554	215	39	41
552	219	38	40
549	214	37	41
547	214	38	40
545	216	38	39
541	213	38	40
531	203	40	40
522	197	40	41
506	187	38	39
500	179	38	40
494	173	37	40
484	166	37	38
475	158	36	37
471	153	35	37
467	150	36	37
458	144	34	36
454	139	36	37
450	136	37	36
443	128	34	36
435	122	34	36
432	118	35	35
427	116	34	34
420	108	35	35
416	104	35	37
409	98	33	34
407	95	33	34
404	92	33	35
400	90	32	34
392	84	33	33
389	80	34	35
386	77	33	34
380	72	32	33
376	70	33	33
371	64	31	33
369	62	32	33
362	56	32	33
359	53	33	33
354	47	32	33
352	47	32	31
348	44	32	32
347	42	31	32
342	37	30	32
340	34	30	32
337	30	30	33
333	26	30	32
331	26	30	31
329	22	30	32
324	18	29	32
323	17	28	31
320	15	29	31
315	10	29	29
316	12	28	28
316	12	28	28
315	12	28	28
315	12	29	28
313	13	29	27
313	12	29	27
313	12	29	28
311	12	30	28
309	12	30	28
307	12	29	28
306	11	29	27
304	10	30	29
303	8	29	29
304	8	29	29
305	8	29	29
308	11	28	28
309	12	29	28
311	13	30	29
314	13	29	29
315	14	28	30
317	16	28	30
318	17	29	30
319	20	29	29
321	20	29	29
322	21	29	30
323	23	29	31
324	25	30	31
325	27	30	29
328	28	29	32
328	29	30	30
329	32	30	30
331	33	29	30
333	34	31	30
334	35	31	30
336	37	30	31
339	39	31	31
341	41	31	32
342	42	31	31
343	43	31	31
346	44	32	32
347	45	32	31
349	48	32	32
350	50	32	31
353	52	31	30
354	53	31	30
358	54	31	30
357	55	33	30
359	56	32	31
362	58	31	30
363	61	34	32
366	63	32	31
370	63	30	31
372	64	30	31
374	65	33	32
374	67	33	31
377	68	32	32
379	71	34	33
384	72	30	32
388	73	29	32
391	74	29	32
392	76	29	33
393	78	30	31
396	79	32	33
396	80	33	33
399	82	33	32
401	83	31	32
405	84	32	33
407	87	32	32
409	89	32	32
412	90	33	33
414	91	33	34
416	92	32	33
421	93	32	34
423	95	33	34
426	97	32	34
429	98	32	33
430	100	32	34
434	101	34	34
436	103	33	33
442	106	34	33
446	108	34	33
447	110	37	33
450	111	34	33
453	111	34	33
457	114	34	33
460	114	34	34
462	116	36	35
468	117	33	35
470	119	34	34
475	121	34	34
477	123	34	33
481	124	36	34
483	125	35	34
486	126	34	34
493	128	32	34
494	130	33	34
497	132	34	34
500	132	33	33
504	133	32	34
503	132	33	32
504	135	33	33
505	137	34	34
507	140	34	34
509	143	33	36
510	145	34	35
510	148	34	35
511	150	35	35
513	154	34	36
519	154	33	36
531	154	34	36
534	152	36	37
540	152	35	36
550	153	37	34
557	152	36	36
569	153	36	35
574	152	36	35
580	153	37	35
589	151	35	35
590	149	34	36
590	149	36	36
591	151	35	35
590	155	35	36
591	157	33	36
588	159	35	36
586	163	35	35
584	165	35	37
584	167	34	36
581	173	35	35
580	173	36	36
577	174	36	37
576	178	36	36
576	181	35	37
574	184	35	36
573	187	35	37
573	190	34	36
570	191	37	37
568	195	36	36
568	196	35	38
569	198	34	37
566	203	36	37
566	205	36	37
565	207	36	38
564	209	37	38
563	212	36	38
563	214	37	38
562	216	36	38
562	220	36	38
563	222	35	39
561	225	35	39
561	228	35	39
560	229	36	39
558	230	36	39
553	233	35	37
552	232	34	38
548	229	35	39
546	230	36	39
544	228	36	39
539	228	37	39
537	227	37	39
534	227	38	38
531	227	38	38
529	227	38	38
527	226	38	38
522	224	38	39
520	223	38	39
519	223	38	39
516	223	37	38
515	223	37	38
512	222	36	37
509	220	37	38
505	218	36	37
501	215	38	38
499	214	38	37
498	215	38	36
496	214	38	36
495	214	37	36
495	214	37	36
496	214	36	36
498	215	36	36
501	216	37	37
503	218	37	37
510	218	36	38
515	220	35	38
518	223	34	36
523	224	36	38
527	226	35	37
530	228	35	38
534	229	35	39
534	225	35	38
534	223	35	38
533	222	38	38
533	221	37	38
532	220	37	39
531	219	37	38
531	217	38	38
530	216	38	37
530	214	37	37
529	212	36	38
529	210	37	39
528	209	37	39
526	207	36	40
524	206	37	38
522	206	35	37
522	207	35	38
522	207	35	38
530	211	34	37
533	213	38	38
542	215	36	38
544	219	33	37
544	208	31	36
546	196	35	40
544	191	34	33
545	187	36	32
547	169	37	30
546	166	37	31
548	169	38	36
547	166	38	32
548	146	29	38
549	132	25	36
548	118	22	31
548	109	25	39
540	88	25	34
547	83	18	38
549	90	17	30
551	96	15	34
553	103	18	33
554	121	23	34
552	120	26	34
550	110	30	40
544	98	29	35
542	99	31	33
539	99	35	35
534	108	36	37
531	116	37	39
527	124	36	39
522	133	37	41
525	128	36	39
529	125	36	37
531	127	37	36
533	131	36	38
536	142	36	39
538	152	35	39
537	153	37	41
535	146	37	38
531	137	37	33
528	135	37	36
527	136	37	37
521	141	37	40
520	149	37	42
517	157	37	41
517	145	35	46
514	130	36	41
514	124	36	40
514	122	36	39
514	121	35	35
510	129	37	34
509	135	37	37
508	141	37	38
493	119	39	39
485	110	39	40
478	104	40	41
462	99	38	37
455	101	37	36
438	107	39	40
430	114	39	41
422	123	37	40
404	147	40	43
395	163	40	46
388	181	40	42
376	207	38	42
375	194	38	37
371	182	38	38
369	174	37	39
363	164	37	38
361	162	38	37
359	162	38	37
354	168	38	39
351	173	38	40
350	182	38	37
347	194	37	38
342	220	35	48
340	229	33	44
335	221	34	42
327	207	38	40
324	206	39	38
314	164	38	49
311	140	38	47
305	98	38	48
303	82	38	43
300	70	36	39
296	58	36	36
291	42	36	38
289	39	36	38
287	36	35	35
285	37	34	32
280	42	33	34
279	48	33	35
277	55	32	35
273	76	33	38
272	89	32	40
269	81	32	43
264	50	32	36
263	39	32	37
260	22	31	32
259	17	31	31
256	12	32	30
251	10	32	29
251	10	33	29
250	15	30	27
246	26	31	33
246	34	29	33
244	45	30	36
243	40	30	39
239	19	32	33
239	13	30	30
238	8	30	29
235	1	29	30
234	1	30	29
233	1	30	30
231	10	30	28
231	14	30	32
228	9	31	32
227	2	30	30
229	5	32	28
233	11	32	29
239	15	28	31
242	11	29	29
243	9	29	29
246	9	28	29
249	14	29	32
250	18	29	31
253	17	29	33
255	14	29	32
259	16	28	30
262	18	29	32
264	19	29	31
270	19	30	31
272	20	30	32
273	22	29	32
279	22	30	31
281	24	30	31
283	24	30	30
288	26	30	30
290	25	31	31
292	26	31	31
297	28	31	29
300	28	30	30
302	28	31	30
306	30	30	30
308	31	30	30
312	31	30	30
313	32	30	31
317	31	30	31
321	33	29	31
324	32	28	31
326	33	29	31
329	34	29	30
332	34	30	31
335	35	30	31
339	36	29	31
343	37	31	32
345	38	30	31
348	38	31	31
351	38	30	30
355	41	31	31
358	41	31	32
360	42	31	31
363	43	30	30
372	48	34	31
380	52	33	34
388	59	34	35
405	71	33	36
411	77	34	35
419	83	33	36
426	90	34	35
441	100	35	34
449	104	35	36
465	116	36	37
474	122	36	37
479	128	37	38
497	140	37	37
505	146	37	37
513	152	36	38
530	165	37	39
539	171	38	39
548	177	38	39
558	185	38	38
576	197	39	39
585	203	39	40
596	209	32	40
608	208	21	38
612	202	16	38
616	191	12	40
617	192	11	31
620	198	10	30
620	202	10	27
620	210	10	27
618	193	11	32
615	186	14	37
610	184	18	35
608	184	21	36
601	191	27	39
595	194	33	40
589	189	38	36
582	185	38	35
571	185	39	37
564	187	38	38
557	191	38	40
548	191	38	43
547	184	38	40
543	174	34	37
543	174	33	36
535	177	36	35
530	181	37	40
528	183	38	41
524	172	36	38
522	169	35	37
517	171	37	37
516	174	36	38
512	172	38	40
510	167	37	38
503	167	39	37
502	167	37	38
500	166	37	38
495	160	37	38
495	162	36	37
494	160	35	38
489	155	35	37
487	155	34	37
485	153	35	38
481	151	36	37
480	149	35	38
475	149	35	36
474	148	35	36
474	148	36	35
476	150	35	34
476	149	34	36
481	150	34	36
484	150	35	37
487	151	36	37
492	153	33	36
501	157	35	37
505	159	37	37
509	161	36	37
512	156	34	38
511	154	34	36
511	150	33	36
505	145	34	38
503	144	36	38
499	143	36	38
489	144	38	37
485	147	37	36
474	157	37	40
469	167	37	37
468	163	35	39
464	158	37	37
461	156	36	36
457	157	38	36
452	164	37	41
449	171	37	38
446	172	36	36
445	172	36	36
446	172	35	37
447	172	36	37
453	169	38	39
460	170	37	38
466	172	38	37
479	171	38	37
486	171	37	37
494	172	39	37
501	166	35	37
503	160	36	37
501	155	36	37
499	152	35	38
492	151	36	38
489	147	35	39
487	147	35	38
485	144	34	39
481	141	35	39
476	137	36	39
473	136	35	38
471	134	36	38
467	130	36	39
466	130	36	39
465	129	36	38
466	129	36	39
466	128	36	38
466	128	36	39
467	129	36	39
469	130	35	39
469	130	36	38
470	131	35	39
471	131	35	39
472	131	35	42
473	131	35	38
473	130	34	39
474	130	34	38
475	128	34	40
476	125	34	40
476	119	35	40
477	116	34	39
478	114	34	39
480	108	34	39
480	105	34	38
481	102	33	38
481	92	34	39
479	85	34	37
479	78	34	37
478	67	35	38
477	63	36	38
476	54	35	37
477	51	35	37
476	51	36	36
477	51	36	38
477	56	35	37
477	63	34	36
477	70	34	36
478	78	33	37
480	94	32	39
482	103	31	39
486	118	32	37
488	126	31	36
492	131	31	38
493	135	31	37
496	140	32	37
498	142	31	38
498	143	32	39
499	141	32	40
497	140	34	38
496	136	34	40
491	130	35	41
483	114	33	42
477	108	32	39
469	92	32	41
466	84	33	41
463	78	33	36
459	74	34	36
455	68	35	38
448	68	36	39
446	68	37	40
446	69	37	40
445	73	37	40
445	82	36	40
445	85	37	41
447	97	36	42
449	110	37	42
453	116	37	42
456	124	37	42
464	137	37	40
467	141	37	39
468	144	37	40
468	144	36	39
465	141	37	40
461	136	37	41
455	128	37	41
445	103	36	43
441	88	36	43
434	66	37	43
432	57	35	39
428	53	37	38
423	46	37	37
418	48	38	35
415	49	38	35
409	59	39	40
407	67	36	42
403	62	35	44
403	50	36	44
402	37	37	39
403	25	36	39
402	22	36	37
402	21	36	36
401	24	37	37
401	29	37	37
401	35	37	40
400	55	36	41
400	69	36	42
400	83	35	46
402	79	36	55
403	52	38	50
405	29	40	45
406	0	42	33
383	0	62	29
382	0	44	30
382	0	41	28
383	0	40	29
384	0	42	31
384	0	46	33
387	0	43	32
386	0	48	32
386	0	49	33
386	3	62	37
378	0	64	39
451	0	39	33
455	5	37	46
458	49	38	48
459	76	39	51
459	103	40	50
463	124	40	44
465	104	37	37
466	98	37	39
466	94	38	38
467	92	38	37
468	95	37	36
469	99	37	36
469	113	37	39
469	125	36	37
470	136	36	42
469	142	37	43
469	126	37	46
469	122	38	38
468	119	37	37
468	118	38	37
467	121	37	37
467	125	37	38
465	142	37	40
466	154	37	39
466	142	38	45
471	118	39	39
476	109	36	41
482	97	38	38
485	94	37	37
488	95	38	36
493	99	38	39
496	105	37	39
499	113	37	38
501	123	36	39
505	149	38	45
508	154	36	43
510	144	35	38
513	139	34	38
517	132	35	34
518	131	36	32
519	133	37	36
524	144	36	37
525	150	36	39
527	155	36	38
530	141	37	39
531	134	38	38
532	135	38	37
534	141	38	38
536	148	37	39
536	155	39	39
540	147	37	40
540	133	36	39
541	130	37	38
542	129	37	38
542	133	37	37
543	136	38	39
542	144	37	37
543	142	36	37
541	140	37	36
541	141	37	38
539	145	37	37
539	160	37	40
536	167	39	38
538	155	39	44
541	132	39	39
543	123	40	39
547	113	39	39
549	112	39	37
550	112	39	37
552	113	38	38
555	124	39	41
557	134	38	39
557	144	39	42
557	173	41	47
559	191	39	47
561	212	38	47
561	235	40	53
566	233	39	44
567	222	39	43
568	214	39	41
573	205	40	39
574	204	40	38
576	204	40	40
578	211	39	41
579	219	40	42
582	229	39	42
585	253	37	42
586	269	37	49
588	281	36	44
589	273	37	43
594	264	34	39
597	262	32	39
599	261	30	37
602	264	27	38
606	275	22	43
608	286	20	44
609	298	19	46
612	306	16	37
614	302	14	36
616	299	12	45
615	316	13	42
610	309	19	43
603	301	26	42
599	291	29	43
589	278	37	42
581	266	40	42
577	259	38	41
572	249	37	40
545	233	42	43
559	240	39	39
511	214	43	42
479	205	43	39
465	199	41	39
440	186	41	40
431	181	39	40
412	173	38	39
403	168	38	39
393	164	38	37
385	162	37	35
367	153	36	38
359	150	36	37
350	146	37	36
340	139	35	36
344	140	35	36
347	144	36	36
354	150	35	38
358	154	36	38
361	157	35	38
364	161	35	38
369	165	36	37
370	167	36	37
372	169	36	38
374	172	37	37
378	176	38	37
381	178	37	37
384	181	38	36
388	183	37	38
391	187	36	37
394	188	35	37
399	193	36	37
402	196	36	38
404	197	37	37
406	199	38	38
412	203	37	37
414	205	38	39
417	206	39	38
421	209	37	39
425	213	39	39
427	214	37	39
431	217	37	39
437	221	38	39
440	224	36	38
443	226	37	38
446	229	37	38
451	232	38	39
455	233	37	40
458	237	38	38
461	240	38	38
468	245	39	37
471	245	38	39
474	248	38	39
481	250	38	40
484	252	38	40
488	254	38	40
494	258	38	40
495	254	37	40
490	248	37	39
487	241	40	41
482	225	50	42
480	219	40	42
479	216	38	40
476	206	36	38
475	201	37	38
475	197	37	38
473	187	37	38
472	183	37	39
471	178	36	39
471	173	35	40
469	166	36	37
469	162	35	37
469	158	35	37
468	150	36	37
469	145	35	38
468	141	35	37
469	134	33	37
469	130	33	36
469	127	33	37
468	120	33	35
469	116	33	36
470	111	32	37
469	109	33	35
471	102	32	35
471	99	31	35
470	97	32	35
470	90	33	35
471	87	31	35
472	83	32	34
473	77	31	34
474	75	30	32
475	72	31	33
475	68	30	33
476	63	31	34
467	57	34	33
463	57	33	33
458	58	33	32
451	52	32	33
448	52	32	32
445	50	31	34
444	48	30	33
437	43	31	32
434	43	32	32
432	43	31	32
427	38	30	32
425	36	30	32
422	34	31	32
419	32	30	32
414	29	30	32
411	27	29	31
410	26	28	31
407	23	30	32
403	20	30	31
401	19	31	31
400	16	30	32
397	14	29	31
396	12	29	30
394	10	30	32
392	8	29	31
391	7	29	31
390	6	29	30
389	5	28	30
387	2	31	29
386	0	30	30
381	0	33	28
379	0	31	27
378	0	31	26
376	0	33	26
375	0	35	27
374	0	31	26
373	0	30	26
370	0	30	28
369	1	30	29
368	1	29	29
367	3	28	29
366	4	29	29
365	5	30	30
365	7	29	29
365	8	29	29
364	9	29	30
364	10	29	30
363	11	29	30
363	12	29	30
363	14	30	30
363	14	30	30
364	15	29	31
364	17	30	30
364	18	29	29
364	18	29	30
364	20	29	30
365	22	29	30
366	23	29	30
367	24	28	30
367	27	29	30
368	27	29	30
370	31	32	31
380	36	30	30
383	39	33	33
395	50	31	32
400	53	32	32
409	57	31	33
420	66	34	33
427	71	33	34
434	75	34	33
448	85	32	34
454	89	33	36
462	94	34	34
476	104	34	36
483	110	35	35
493	115	34	35
507	125	36	36
517	130	34	36
522	135	36	37
540	146	35	37
548	151	37	38
557	158	37	37
