259	119	47	90
257	120	52	86
257	122	51	84
259	122	51	85
260	122	51	86
260	121	51	87
260	123	52	85
261	123	52	86
262	123	52	86
263	124	51	86
263	124	52	87
264	125	52	88
266	124	52	88
266	125	52	88
267	126	52	88
268	126	51	88
270	128	52	88
271	128	51	88
271	128	52	89
272	130	51	86
273	130	53	88
274	131	52	86
275	132	53	87
276	133	53	87
276	134	53	86
277	134	53	87
277	133	52	88
278	134	53	87
279	135	53	88
279	134	53	89
280	135	54	89
281	136	54	90
281	137	55	90
283	137	54	91
283	137	53	91
284	139	52	91
285	139	53	91
286	139	53	91
287	139	53	93
287	140	53	92
288	140	53	92
289	142	53	92
290	142	53	92
291	143	53	93
292	143	54	92
293	144	54	91
294	146	53	90
294	146	54	91
295	147	55	91
296	147	56	92
296	148	55	92
298	149	55	93
299	150	55	94
300	151	55	94
302	150	55	95
302	151	55	96
303	150	55	96
304	151	55	97
305	152	54	96
306	152	53	97
307	153	53	97
308	153	53	97
308	154	53	97
309	154	53	97
310	155	53	97
310	155	53	98
312	158	53	95
312	157	53	98
313	157	52	98
313	157	53	98
315	160	54	98
315	160	53	99
315	160	54	100
316	160	54	100
317	163	55	99
318	163	54	100
319	163	55	101
319	165	56	100
320	164	55	103
321	167	55	100
322	166	54	103
323	168	55	101
324	169	55	101
326	170	55	100
327	171	55	100
327	173	56	100
328	173	56	100
330	174	55	100
331	176	56	101
331	176	57	102
332	176	57	101
333	178	58	101
333	178	59	102
334	180	61	102
335	179	60	101
336	182	63	102
338	182	61	101
338	182	63	102
341	182	64	103
341	184	64	101
343	184	67	104
343	185	68	102
346	187	67	104
347	186	70	106
350	187	69	104
352	189	68	103
352	189	71	104
356	190	71	104
356	191	74	105
362	193	70	103
362	193	72	103
364	193	73	104
365	194	73	104
367	196	76	104
369	198	75	102
369	198	76	103
372	198	77	104
375	199	77	105
376	199	76	106
379	200	76	105
373	198	78	110
369	198	77	110
362	200	78	110
355	200	77	109
347	200	78	110
341	201	80	109
334	204	79	109
330	204	80	109
326	204	79	109
320	204	79	109
315	205	81	110
308	206	80	109
307	206	79	109
301	207	80	108
293	207	80	108
288	207	84	109
283	208	84	109
276	210	83	108
273	211	86	109
272	212	81	108
264	213	81	109
262	213	82	109
256	215	80	108
253	215	82	110
244	215	82	109
240	216	85	110
233	217	84	111
227	218	84	109
225	218	84	107
221	218	85	110
214	219	87	111
210	219	88	111
209	219	88	111
204	220	87	112
202	220	87	112
198	219	88	113
195	221	88	114
193	222	86	111
188	222	87	111
187	222	88	113
180	224	92	112
178	225	89	113
179	225	87	111
175	227	88	111
171	227	87	111
170	227	88	111
167	228	88	111
161	230	87	109
160	230	87	110
158	230	87	110
155	231	87	110
152	231	87	110
150	231	87	110
147	231	87	110
142	230	87	111
140	231	89	111
138	232	87	110
138	232	88	112
134	232	87	111
133	233	87	112
131	233	87	111
128	232	86	113
128	233	85	113
126	235	86	114
120	235	86	112
115	235	86	111
112	236	86	111
110	236	86	111
109	237	93	111
116	235	92	111
121	238	90	109
126	236	87	111
132	236	91	112
135	237	91	111
144	237	91	110
149	238	90	109
155	237	91	111
163	238	90	109
168	237	88	109
175	237	88	109
185	237	86	108
190	239	86	106
198	236	87	109
201	237	87	107
210	236	86	107
215	237	86	106
220	237	85	104
228	235	84	107
230	235	84	106
237	234	85	107
240	235	85	106
244	233	86	107
250	233	87	107
249	232	89	108
245	232	88	106
245	233	85	107
239	232	86	105
235	232	87	105
234	233	88	107
231	229	87	107
228	229	87	107
227	228	86	108
225	229	83	105
220	230	85	104
219	230	85	104
216	229	82	103
211	230	83	103
208	230	87	103
204	228	85	103
203	228	81	103
196	228	84	103
193	227	85	104
188	225	88	105
186	226	87	103
181	223	91	106
175	222	92	106
173	224	91	103
169	223	91	103
167	223	91	103
164	218	90	106
161	220	92	104
158	221	89	102
156	220	86	102
155	221	86	101
150	220	88	103
146	220	87	102
150	224	85	98
149	221	85	99
155	219	87	100
159	218	85	100
163	217	85	99
166	216	87	100
170	215	89	100
173	215	88	100
179	213	87	101
181	212	89	101
187	212	88	102
190	211	87	102
196	210	88	104
201	210	85	102
209	209	85	101
212	209	82	102
219	208	81	100
223	208	79	99
230	208	79	99
233	209	79	99
238	208	80	100
240	207	81	101
245	207	82	99
249	208	83	98
252	206	81	100
256	205	84	99
261	206	83	99
266	205	85	99
269	205	83	99
276	203	82	101
278	203	81	101
287	202	80	100
289	204	80	99
294	201	81	102
301	201	81	100
300	201	82	102
313	199	78	102
315	201	79	100
321	198	81	102
323	199	83	102
335	200	79	101
339	199	82	101
354	197	76	102
359	198	81	100
370	195	100	107
384	191	81	110
394	192	76	110
408	184	74	116
408	178	78	121
405	171	81	129
396	162	86	136
391	170	90	133
388	166	90	136
381	164	98	135
393	188	84	115
391	184	82	115
403	196	81	106
408	194	76	106
416	199	76	102
418	194	76	105
422	191	81	108
423	191	86	108
433	195	78	105
439	187	82	112
439	188	81	110
449	194	81	106
455	191	82	107
455	192	80	106
452	185	81	112
457	197	75	102
453	194	76	103
449	196	77	101
450	195	77	102
449	196	78	101
447	195	78	102
444	196	77	102
441	198	79	100
448	197	79	100
451	197	78	99
455	196	79	99
458	196	78	99
461	198	78	96
464	196	80	98
470	199	79	96
471	194	78	100
470	197	77	99
468	195	79	100
460	195	84	101
456	193	81	103
454	193	80	102
450	193	80	103
446	191	79	102
441	194	78	98
434	193	80	99
426	193	81	99
418	192	79	99
417	196	76	94
408	191	80	98
394	194	85	96
396	193	81	96
386	193	87	97
382	195	81	95
385	196	80	93
384	196	81	93
384	197	83	93
382	196	83	92
384	196	87	92
381	197	84	91
384	197	84	91
381	198	90	90
380	197	91	91
376	197	95	91
380	197	93	91
378	197	94	90
382	198	89	89
380	195	91	93
382	197	90	90
380	196	89	91
380	196	91	91
380	197	91	90
386	197	88	90
379	197	89	91
382	195	93	93
377	195	97	93
388	193	90	96
382	195	93	94
390	193	92	97
383	195	96	93
389	195	94	93
389	195	94	93
388	194	98	94
383	190	105	98
398	196	91	94
396	194	93	95
401	196	93	92
399	194	94	94
404	195	90	93
405	196	87	92
408	195	89	92
403	194	90	92
409	196	87	91
411	194	87	95
409	189	88	99
403	181	92	107
395	178	103	108
398	186	99	102
406	186	94	99
405	186	91	101
405	178	96	108
404	177	94	109
404	177	95	110
390	177	99	110
386	176	97	110
377	174	98	113
371	175	99	112
363	171	97	114
355	165	102	120
355	156	96	129
349	152	99	133
344	154	98	129
338	151	94	133
338	157	91	128
329	150	93	133
322	144	95	138
318	144	94	138
314	145	96	140
305	142	95	144
304	147	96	138
294	145	97	138
289	144	98	139
282	146	98	141
276	148	95	138
267	140	98	144
262	148	97	130
255	146	95	132
246	150	95	133
240	142	106	135
237	150	102	133
233	147	104	138
227	151	103	124
226	150	103	125
220	151	102	123
215	143	106	130
207	140	111	132
207	139	107	132
196	136	113	136
194	139	111	132
188	139	110	132
183	148	111	125
180	153	115	118
173	134	115	136
169	132	103	136
167	145	115	126
161	142	109	127
156	136	99	136
150	134	111	137
146	142	115	130
142	137	119	133
146	141	119	137
148	152	110	125
152	156	106	124
153	149	110	130
151	156	109	124
153	153	107	127
154	157	106	123
155	158	110	122
156	158	102	122
160	162	113	115
160	164	101	117
162	167	84	115
167	173	79	109
169	174	85	107
176	175	83	109
183	178	82	108
192	178	80	108
190	178	83	108
196	180	82	108
201	179	87	109
208	183	83	107
214	181	83	110
220	178	85	113
220	183	83	108
224	184	86	108
226	183	82	109
233	183	82	107
235	185	81	107
242	185	84	106
239	187	83	107
245	187	81	107
247	185	83	110
249	185	85	111
255	187	84	110
254	189	86	109
258	189	82	109
261	191	86	107
265	190	85	108
266	192	87	107
271	189	87	111
273	192	82	108
278	193	86	107
280	193	87	108
287	195	86	108
288	195	90	109
293	194	87	110
289	196	85	109
286	197	85	109
287	196	84	110
280	199	87	110
278	197	88	110
278	198	85	111
273	198	85	111
269	197	86	113
268	199	87	111
263	198	85	114
262	199	84	113
257	197	86	117
253	200	88	114
250	202	86	114
247	203	85	114
245	204	85	114
241	204	87	115
242	205	84	114
239	204	85	116
238	204	85	117
235	207	83	114
233	207	85	114
232	206	84	116
229	208	85	115
226	209	87	115
222	208	90	116
224	212	86	112
221	212	87	113
221	216	87	110
216	217	89	109
212	215	91	112
210	216	89	113
206	213	90	116
206	213	87	115
200	217	89	112
205	218	86	112
199	220	87	113
196	220	88	111
194	218	88	115
191	219	88	116
187	217	88	119
183	220	92	116
181	216	90	120
184	214	88	121
180	221	90	115
177	221	89	117
174	221	89	117
171	218	92	120
171	219	91	121
169	218	91	124
165	222	92	121
164	225	92	118
161	224	92	120
156	223	94	122
151	225	97	118
153	223	92	122
156	226	88	120
151	224	98	123
150	226	92	123
145	226	92	125
147	228	90	121
144	231	89	122
143	227	98	124
142	221	105	132
136	221	107	134
134	222	112	134
134	213	126	142
130	220	124	135
130	221	103	137
129	225	103	131
129	227	106	132
132	232	96	127
136	235	104	124
141	234	97	128
144	236	95	126
147	237	96	126
154	234	115	128
155	230	110	131
161	235	119	127
164	233	110	130
170	238	111	123
178	239	106	127
177	242	105	126
181	243	109	126
184	242	106	128
193	241	108	128
194	245	101	125
202	247	104	124
210	248	97	122
215	250	108	120
219	245	111	126
229	247	100	126
233	246	106	121
237	238	114	133
242	234	114	139
245	228	116	147
249	231	118	144
253	230	121	145
259	230	118	143
261	237	118	137
267	240	116	136
273	242	114	135
280	245	111	133
284	235	111	143
291	237	108	143
294	236	106	145
293	236	107	146
293	239	106	145
293	237	104	146
293	240	104	145
294	238	99	149
293	241	98	146
287	250	101	138
294	256	92	133
287	246	99	144
288	246	96	145
289	256	94	136
288	263	96	129
285	266	97	127
284	264	96	128
283	264	98	130
282	263	100	131
281	262	102	132
275	258	104	138
268	263	110	135
264	261	110	138
264	263	108	137
260	265	111	135
273	269	98	133
261	269	108	132
256	271	109	132
215	269	151	132
246	270	122	132
198	267	167	133
254	270	109	133
270	274	93	132
266	275	97	131
266	275	98	132
265	275	97	132
262	278	96	130
263	277	95	132
264	278	94	133
265	279	94	132
260	278	98	131
258	278	98	134
261	281	95	132
266	282	100	132
271	282	98	133
278	284	98	131
282	282	99	132
291	284	97	131
293	282	99	132
302	284	98	132
308	283	94	133
307	284	97	134
306	284	97	134
304	286	98	132
306	286	96	134
304	287	97	134
300	286	100	134
300	287	98	135
303	289	93	133
298	286	98	137
299	287	97	137
299	287	95	136
299	288	96	137
297	289	97	136
295	291	96	135
295	289	95	138
297	291	93	136
296	295	96	132
302	293	99	136
308	296	98	132
313	296	101	134
321	294	98	137
331	294	97	137
339	299	96	134
342	292	99	141
352	300	98	134
361	301	96	132
365	303	97	132
371	298	99	136
376	298	100	136
384	297	99	139
390	299	100	139
385	301	105	136
388	301	101	137
