174	78	62	75
171	74	65	81
174	75	63	80
171	75	66	82
173	76	64	81
174	75	64	81
174	75	66	81
175	75	65	80
173	76	67	83
177	75	64	80
176	75	66	82
175	75	67	81
178	75	64	83
178	75	65	82
182	76	63	83
176	76	69	84
181	76	66	82
181	75	66	83
179	76	67	84
181	76	66	84
183	76	66	84
184	76	65	83
185	75	65	84
186	76	64	85
186	76	65	84
187	77	65	85
187	77	66	85
186	76	68	85
188	76	67	85
188	76	68	86
189	77	67	87
190	77	68	86
191	76	67	85
190	77	69	87
190	77	70	86
192	77	68	86
193	78	68	88
194	78	68	86
195	77	68	88
196	77	67	88
196	77	68	87
195	78	70	88
196	78	70	89
198	78	69	88
198	78	70	89
201	77	69	89
201	77	69	90
201	78	69	91
203	78	70	91
202	77	71	90
205	77	70	91
205	77	70	91
206	79	71	92
206	79	72	91
209	79	71	93
209	79	71	91
208	79	73	92
208	79	73	93
207	79	75	92
210	80	73	93
210	79	74	92
211	79	74	94
211	79	74	93
209	78	77	94
212	80	76	95
213	80	77	95
214	80	76	94
215	80	76	95
215	80	76	95
216	79	76	97
218	80	78	97
217	81	78	96
218	81	79	97
208	81	91	98
217	80	83	99
207	81	93	98
207	81	95	98
212	81	92	99
218	80	86	100
213	81	91	100
218	81	87	100
219	83	88	100
224	82	83	100
219	82	90	101
227	83	83	101
224	82	87	103
229	84	84	101
228	84	86	103
222	83	91	103
234	83	81	102
227	82	88	103
224	83	91	103
231	84	86	103
219	84	98	105
220	83	100	105
220	83	99	106
217	83	104	106
230	85	91	105
217	84	106	106
218	84	105	105
230	84	95	107
219	83	108	108
229	85	98	107
225	85	104	108
234	85	95	109
223	85	108	109
233	84	100	110
223	85	110	110
237	86	96	109
226	85	110	110
233	86	104	109
225	84	112	112
249	85	88	111
229	85	110	113
230	86	112	111
229	85	113	113
229	84	115	114
234	87	112	113
231	84	116	115
232	86	113	115
232	86	116	116
233	86	117	116
235	87	116	115
236	86	118	117
238	87	118	117
240	88	118	117
242	87	117	120
241	86	120	120
243	88	119	119
243	87	121	121
243	88	122	120
245	88	123	120
245	87	123	123
246	89	123	121
248	89	122	123
248	89	123	123
247	88	124	125
251	90	122	124
252	87	123	127
252	89	123	126
254	90	122	126
253	89	124	128
256	91	123	129
256	89	123	131
258	90	122	130
258	90	122	131
260	90	121	132
260	90	122	131
262	91	122	132
264	91	122	135
264	90	122	135
261	90	126	135
264	90	124	136
267	93	123	135
267	91	124	137
268	93	124	138
268	91	124	140
267	92	125	142
272	93	122	142
273	93	121	144
275	93	119	145
275	94	120	145
277	94	119	145
276	94	119	146
278	95	118	150
278	95	118	150
278	96	118	151
277	95	118	152
276	97	120	164
275	98	122	161
273	98	124	165
275	99	122	167
270	100	126	165
271	100	125	166
270	100	125	167
268	100	126	172
267	101	127	170
266	101	128	171
264	101	129	175
262	101	130	175
261	101	131	181
260	102	130	182
257	103	131	184
255	104	131	183
251	104	138	186
248	106	138	185
246	106	139	188
244	107	141	190
241	109	142	188
239	109	144	189
236	110	147	190
234	111	150	193
232	111	152	194
229	112	154	195
226	112	157	198
223	112	159	200
222	112	159	202
217	113	165	206
215	114	168	208
211	116	172	207
203	115	177	211
202	116	179	214
191	120	188	215
188	117	191	222
177	119	200	226
170	127	203	218
168	124	207	220
164	123	212	229
162	121	213	232
156	120	218	236
152	116	222	240
143	119	229	243
140	120	231	244
137	120	234	246
128	123	242	250
126	122	243	253
113	123	255	256
113	122	253	259
96	123	269	260
93	124	272	263
90	126	274	265
76	127	284	268
74	134	285	265
67	134	289	271
53	131	300	278
32	131	322	292
32	130	318	295
18	130	328	306
16	132	330	307
6	133	334	315
