346	140	33	112
345	140	35	109
344	139	36	109
344	140	37	108
344	140	37	108
345	140	37	107
344	140	37	108
344	141	37	107
345	140	37	108
344	140	36	109
345	140	36	107
344	140	37	109
345	140	36	108
345	140	37	108
344	140	36	109
345	140	36	107
345	140	36	108
345	140	36	107
345	140	37	109
345	139	36	107
344	139	37	108
344	140	36	107
344	140	37	109
345	140	37	108
345	139	37	109
344	140	37	109
345	139	36	107
345	139	37	108
345	139	36	108
345	140	36	108
344	140	36	109
344	140	36	107
344	141	36	106
344	142	37	105
343	140	37	109
344	142	37	106
344	140	36	110
344	141	37	108
345	142	37	106
344	139	36	110
345	142	37	105
345	140	36	108
344	141	36	107
345	142	36	106
345	139	35	110
345	141	36	106
345	140	36	109
344	139	36	109
344	141	37	106
345	141	36	107
344	141	37	107
344	141	37	107
344	140	37	108
344	141	37	107
345	141	37	107
345	141	37	106
345	141	36	108
345	141	36	107
345	140	36	108
345	141	36	107
344	139	36	109
344	141	37	107
344	142	37	106
344	141	37	106
345	142	37	106
344	141	37	108
344	141	37	107
345	141	37	107
344	140	36	109
345	141	37	107
345	141	37	107
345	141	36	107
344	141	37	107
345	142	37	106
344	141	36	107
345	143	36	105
344	142	36	106
345	140	35	108
345	142	37	106
345	139	36	110
345	141	36	106
345	142	36	106
345	140	36	108
345	141	36	107
345	141	36	107
345	140	36	108
344	141	36	107
345	141	36	106
345	141	37	107
344	140	36	108
345	142	36	105
345	142	36	106
344	141	36	108
345	142	36	107
344	141	36	107
345	142	36	105
345	140	36	106
344	140	36	109
344	140	36	108
345	140	37	108
345	142	36	107
345	141	36	108
345	141	36	107
345	140	36	108
344	140	36	108
345	140	36	107
345	141	36	107
344	140	36	108
345	140	35	108
345	141	36	107
344	140	36	108
344	141	36	107
344	140	36	109
345	140	37	107
345	141	36	107
345	141	36	108
345	139	35	109
345	141	36	108
345	141	36	108
345	140	36	108
345	140	36	109
344	140	36	107
345	140	36	107
344	140	36	108
345	140	36	106
345	142	36	107
345	141	36	108
344	141	36	108
345	141	36	107
345	140	36	107
340	141	38	108
336	142	37	107
332	142	37	108
327	142	37	106
324	142	38	107
317	143	38	107
314	142	38	109
310	142	38	109
307	141	37	108
301	142	38	107
298	142	37	107
292	143	39	107
290	143	36	106
292	142	38	107
298	141	37	110
302	142	38	108
306	142	38	107
309	142	39	107
315	143	37	106
318	140	39	109
324	141	40	109
327	142	40	107
332	142	40	108
336	142	41	108
341	140	38	110
344	141	39	108
342	142	39	107
337	141	37	106
333	142	39	105
329	141	39	107
324	143	40	107
320	143	39	108
315	142	39	107
311	143	39	107
308	142	38	108
303	143	38	106
298	143	38	106
294	143	39	107
289	142	38	107
291	142	39	106
297	143	38	108
301	143	38	106
305	143	38	105
310	143	37	108
314	141	37	108
318	142	37	108
323	142	38	106
326	143	38	106
331	141	39	109
336	142	38	106
339	142	39	109
343	143	38	107
342	141	38	108
338	140	38	107
334	141	37	108
330	142	39	107
325	141	39	109
321	143	39	106
317	142	38	105
312	143	38	106
308	143	39	108
304	143	38	107
300	142	39	106
296	142	38	106
290	142	39	108
290	142	39	106
295	142	39	108
300	140	37	109
304	141	38	110
308	141	38	111
313	140	38	109
316	140	38	111
321	139	38	110
327	140	38	109
330	141	38	109
334	141	38	110
338	140	38	110
343	139	37	111
344	139	37	109
339	139	37	109
335	139	37	109
331	139	37	108
328	140	37	109
323	140	36	109
318	141	37	106
313	139	37	110
309	140	38	109
304	140	38	109
301	140	38	109
297	141	38	109
292	141	37	107
290	141	38	109
294	140	40	112
299	141	38	108
302	140	38	108
307	138	38	111
310	140	38	110
315	139	37	112
321	140	37	112
325	140	38	110
330	140	38	109
332	141	39	110
337	141	38	108
341	138	38	112
344	139	37	107
340	138	37	110
336	139	37	107
333	139	38	110
329	140	37	108
324	141	37	109
318	140	38	107
315	139	38	109
309	140	38	106
306	140	38	108
302	140	38	110
298	141	37	108
293	142	39	108
290	141	37	109
293	140	38	109
298	141	38	109
302	141	38	109
307	140	38	108
309	140	38	109
316	139	37	110
318	141	38	109
324	142	38	109
328	141	38	109
333	141	38	111
336	139	38	110
340	140	39	109
344	140	37	108
341	140	37	107
338	141	36	109
333	140	38	110
329	140	37	109
324	141	38	108
320	142	38	108
315	141	38	108
311	141	37	107
307	140	37	108
303	140	38	108
299	141	38	109
293	141	39	110
290	141	37	109
292	141	37	107
296	140	38	111
300	140	38	111
305	140	38	111
309	141	38	109
312	140	38	110
318	140	37	110
323	141	38	109
327	140	38	110
331	140	38	110
335	141	38	107
340	139	37	109
344	140	37	108
342	140	38	108
337	139	38	107
334	138	38	110
330	139	37	110
326	140	38	109
321	140	38	110
316	140	37	108
312	140	37	111
309	140	37	111
305	140	37	110
299	140	37	108
295	141	38	110
290	142	37	107
290	141	38	109
296	142	38	107
300	141	37	110
304	140	38	110
308	140	37	111
312	140	38	110
317	139	37	112
321	141	38	107
325	141	39	109
330	141	38	109
335	140	38	110
338	140	38	110
343	140	38	110
344	140	37	108
338	140	39	107
335	140	37	109
331	140	37	109
327	140	37	109
323	140	38	110
317	140	38	107
314	141	38	109
308	141	38	109
304	140	37	110
301	140	38	110
296	141	37	109
292	141	37	109
290	141	38	107
295	141	38	110
300	141	37	110
304	141	38	110
308	140	37	108
311	140	37	109
316	141	37	110
320	141	38	109
325	140	37	109
327	141	39	109
334	140	37	109
336	141	38	108
342	139	38	110
344	140	37	107
340	139	38	109
336	140	37	109
332	140	37	109
327	140	37	108
324	139	37	110
319	140	38	107
314	140	37	108
311	140	38	108
305	141	38	109
302	141	39	108
297	141	38	109
293	141	38	110
290	141	36	108
292	141	39	107
298	140	37	109
303	140	38	110
306	141	38	108
311	140	37	108
314	141	39	108
319	140	38	110
324	140	38	110
328	140	38	109
332	141	39	109
336	140	38	108
341	139	39	109
344	140	37	108
342	139	38	111
337	140	38	110
334	140	38	110
329	139	38	111
325	140	38	109
319	140	38	109
315	140	38	109
311	142	37	108
307	141	37	109
303	141	38	109
298	142	39	109
294	141	38	109
289	141	38	110
291	141	38	109
298	141	37	109
301	140	37	108
305	140	38	111
309	140	38	109
314	139	38	111
317	141	39	108
323	140	39	111
327	140	37	109
331	140	39	110
335	139	38	111
339	142	38	109
344	141	38	109
343	140	38	110
337	140	38	110
335	140	39	110
330	140	38	109
325	140	39	110
321	141	39	110
316	140	39	110
312	142	38	111
307	141	38	109
304	140	37	111
300	141	39	109
295	142	38	108
290	141	38	108
291	140	38	108
295	141	40	108
300	141	38	109
305	141	38	109
309	140	38	111
314	140	37	108
315	142	40	109
322	142	38	106
327	141	38	108
330	142	39	108
334	142	39	106
339	142	39	106
343	142	38	107
345	142	38	106
338	141	41	108
336	141	38	107
332	141	39	108
327	142	39	108
323	142	38	107
319	143	40	106
314	142	39	107
311	142	39	107
308	143	38	106
303	142	39	108
300	143	39	106
295	145	40	105
294	144	39	106
300	143	39	107
305	143	38	107
308	142	38	107
312	143	38	106
316	143	39	105
323	143	38	104
326	143	39	105
333	143	39	107
336	144	40	107
341	145	40	104
346	147	40	103
351	152	39	97
355	146	39	101
350	152	41	94
346	153	43	96
345	154	41	95
339	156	44	93
337	155	48	93
332	156	53	90
329	159	52	87
328	158	50	85
325	158	55	88
322	160	51	89
321	160	49	90
319	160	45	87
318	161	41	87
322	160	36	88
328	160	37	90
332	161	38	88
339	162	36	89
342	162	38	89
346	161	39	90
352	160	35	89
357	160	40	93
360	160	38	91
366	162	39	95
368	160	39	94
374	161	41	91
378	160	42	90
375	161	43	93
370	161	46	92
369	159	44	93
364	162	44	90
354	166	46	89
346	165	41	83
348	166	47	91
345	165	46	87
342	169	46	84
339	166	42	86
335	171	40	82
337	169	35	79
333	169	32	80
338	170	31	78
343	169	31	77
348	171	32	78
355	170	31	78
362	172	31	77
367	170	31	78
372	169	32	78
379	170	31	80
385	169	32	78
391	169	32	80
395	169	31	77
401	168	33	81
406	168	31	80
406	169	31	80
400	170	31	78
394	170	31	77
388	170	32	79
382	171	31	76
376	171	32	77
369	170	31	77
364	171	31	77
358	171	31	78
349	165	34	82
346	171	31	79
338	169	32	79
333	170	32	77
333	168	32	81
336	168	36	80
341	166	33	81
348	166	33	81
350	165	37	83
359	166	33	81
362	165	34	83
371	168	33	79
375	165	34	84
381	167	34	83
384	165	36	82
392	165	35	83
394	161	37	86
394	161	39	84
387	162	40	88
387	167	36	81
382	166	34	85
368	164	41	85
357	162	45	85
358	163	42	85
347	162	45	87
347	164	39	86
334	162	47	86
335	166	41	85
320	164	45	84
316	161	47	87
315	160	47	87
319	163	49	87
325	162	47	87
329	161	50	88
335	161	49	88
341	163	47	84
347	162	47	83
355	165	45	86
361	159	47	88
365	160	49	89
370	163	48	85
376	163	47	85
378	159	47	87
397	165	37	82
386	162	42	87
388	165	36	82
379	163	39	87
369	165	40	85
362	159	42	88
359	162	40	87
346	160	43	88
339	155	48	92
338	155	47	92
324	154	49	92
324	148	47	99
319	152	46	96
314	158	48	90
323	164	45	91
327	162	44	87
329	162	48	89
334	160	46	86
347	165	43	85
349	160	46	86
354	164	47	87
358	159	46	89
361	159	48	88
368	163	49	83
374	165	47	83
390	165	40	83
393	161	41	86
