545	312	16	50
547	311	17	51
548	311	17	52
549	312	17	53
551	312	17	51
553	312	17	52
556	313	16	50
556	312	20	51
531	299	65	68
470	310	28	58
453	312	20	53
467	311	19	52
467	313	17	51
484	312	18	55
486	311	18	56
487	312	18	55
487	311	19	56
488	312	19	56
453	315	26	53
400	311	21	57
397	312	19	56
398	314	21	57
398	314	21	57
399	313	20	57
398	314	21	58
399	314	20	58
382	316	20	55
383	318	20	54
383	318	21	54
383	317	21	56
399	315	22	58
367	304	78	74
299	316	35	62
307	317	22	58
290	323	19	54
287	322	19	54
286	322	21	53
305	318	20	59
303	320	21	59
302	321	22	59
302	321	21	59
283	324	20	55
283	325	22	55
301	323	21	59
300	322	22	60
300	322	22	60
301	323	22	61
301	324	22	59
281	326	21	57
279	327	20	56
277	328	21	56
297	325	21	60
297	325	22	61
275	327	21	58
276	330	20	56
276	330	19	57
274	331	20	57
271	331	19	56
270	332	22	58
269	332	21	59
269	332	20	59
269	332	19	58
269	333	19	57
268	334	20	58
266	334	19	59
265	335	22	58
279	333	22	61
278	333	23	62
278	333	23	63
261	337	23	59
259	336	24	61
276	335	24	63
255	333	32	61
251	274	26	60
272	262	24	65
271	265	24	63
272	265	24	64
269	266	25	62
268	265	24	64
271	265	23	65
254	267	21	64
253	267	23	65
254	270	23	64
250	270	24	63
255	270	21	65
254	271	22	64
250	273	22	64
251	273	21	64
250	274	21	64
252	274	20	62
249	274	22	64
252	274	20	64
248	276	23	64
251	275	22	63
253	274	22	66
251	276	22	67
250	278	21	67
249	278	23	69
252	279	22	69
252	279	22	68
252	279	24	70
251	281	23	66
250	281	22	67
249	281	23	67
248	283	23	69
250	283	25	71
251	282	23	73
252	283	23	74
251	283	25	70
251	283	24	71
250	285	23	68
251	286	24	71
251	286	24	70
252	287	24	71
251	287	25	70
252	288	24	70
250	287	25	70
251	288	24	70
252	290	24	69
253	289	24	70
253	290	24	69
252	291	25	67
253	291	25	68
253	290	25	69
253	293	25	69
253	295	25	65
254	295	24	65
255	294	24	67
254	295	25	70
254	295	25	70
254	296	26	72
254	297	25	68
256	298	26	71
257	298	25	73
258	299	23	71
260	300	22	72
260	301	22	71
260	302	23	71
261	302	23	73
261	302	24	73
262	303	24	74
263	303	24	73
265	303	24	75
264	303	24	74
266	304	23	75
265	304	25	76
266	305	23	76
265	305	24	77
267	306	25	75
266	307	25	77
267	306	25	77
266	308	26	77
268	309	24	74
266	309	25	74
266	309	25	76
266	309	26	78
265	309	26	77
267	310	26	75
267	311	27	77
266	311	27	76
268	312	26	75
268	312	27	77
270	314	27	77
270	315	27	78
270	315	27	79
272	315	26	79
272	318	27	76
273	318	28	77
275	318	28	78
275	320	28	80
276	321	27	80
276	321	27	78
276	322	28	79
276	322	29	80
277	323	29	79
277	324	29	81
278	323	29	82
278	324	29	80
277	326	29	81
276	327	29	81
275	327	29	81
275	327	30	84
274	328	30	85
273	327	30	84
275	328	29	85
274	330	30	84
275	330	29	83
274	330	29	84
273	330	29	82
273	333	28	83
272	333	29	85
271	333	30	86
271	335	30	86
271	336	30	85
271	336	29	85
271	336	29	86
271	336	30	88
270	338	29	88
269	340	29	89
268	341	30	90
268	342	30	89
270	343	29	88
269	343	29	89
269	345	29	89
269	345	29	88
269	346	29	88
269	347	28	88
267	348	29	87
266	349	30	89
265	348	32	91
265	348	30	92
264	348	30	91
264	350	30	90
264	352	29	90
264	353	31	91
263	353	30	91
263	353	30	90
263	353	31	92
262	355	30	92
262	356	30	91
261	356	30	92
262	357	30	92
261	356	31	94
261	358	30	95
261	360	31	95
261	361	30	96
260	361	32	95
261	363	32	95
261	364	30	93
