441	26	57	57
440	26	57	56
440	26	58	56
440	26	57	56
439	26	58	56
440	26	58	55
440	26	58	56
440	26	57	55
440	27	58	55
439	27	58	55
440	26	57	55
440	26	58	56
441	26	58	56
440	27	57	56
440	27	58	56
440	26	58	56
440	25	58	57
440	26	58	56
440	27	58	56
440	27	58	56
441	27	57	56
440	27	58	56
440	27	58	56
440	27	58	57
440	26	58	56
440	26	58	56
439	26	58	56
439	25	58	56
439	27	58	56
440	26	58	56
438	26	58	56
438	26	58	56
438	26	58	57
438	26	58	56
437	26	58	57
438	27	58	57
437	26	59	56
438	26	58	56
438	26	58	57
438	27	58	57
438	27	58	56
437	26	59	56
438	27	58	56
438	27	58	56
439	26	58	56
439	27	57	56
440	27	57	56
440	26	57	56
440	28	57	56
440	26	57	57
440	26	57	57
439	26	57	57
438	27	57	56
437	27	57	57
435	27	57	57
432	28	57	57
428	28	57	57
424	28	57	56
420	28	59	56
419	27	57	56
418	28	55	55
416	29	52	54
417	31	50	53
417	32	47	53
419	32	45	53
421	33	42	53
421	31	43	53
422	31	43	53
423	30	44	52
423	29	43	52
422	29	43	53
420	28	44	54
419	27	44	54
417	28	45	55
414	28	48	54
411	29	48	54
410	27	50	55
409	27	51	54
406	26	52	56
406	26	53	56
405	26	53	55
405	26	52	56
405	25	53	56
404	26	54	55
404	27	54	54
404	27	54	54
405	27	53	54
405	26	53	55
406	26	53	55
406	26	53	54
406	26	53	55
407	25	53	56
408	25	52	56
407	25	52	55
407	24	53	55
407	25	52	55
407	24	52	56
407	25	52	56
407	25	53	56
407	24	53	56
407	25	52	55
407	25	52	56
407	24	52	56
407	24	53	56
407	25	52	55
407	23	53	57
407	25	52	55
408	23	52	57
407	25	52	55
407	23	53	56
408	25	52	55
408	24	51	56
407	25	52	55
407	24	51	56
407	23	52	56
407	24	52	56
406	25	52	55
406	24	53	55
406	24	52	56
407	25	52	56
407	23	52	57
407	24	52	56
407	24	52	56
407	25	52	55
407	23	52	56
407	24	51	56
407	25	52	55
407	25	51	55
407	23	52	57
407	24	51	56
409	25	52	55
409	24	51	55
410	25	52	55
413	27	50	54
415	27	48	53
417	25	48	54
419	25	46	56
421	25	46	55
421	23	45	56
420	23	46	57
421	24	45	55
419	24	46	56
417	25	47	55
415	25	48	54
411	27	50	54
411	27	51	54
410	28	51	54
409	26	54	55
407	27	53	54
407	27	53	54
407	26	53	55
404	25	54	56
404	25	54	57
404	26	55	56
405	24	56	57
405	26	56	57
407	27	56	56
410	27	48	56
414	28	44	49
416	29	43	44
418	30	43	39
421	31	44	35
423	29	45	39
422	29	47	41
422	30	48	43
421	32	49	42
420	31	49	42
420	30	49	41
421	30	55	40
421	28	59	41
421	28	60	42
419	28	56	40
419	27	51	42
418	26	52	49
417	24	57	50
418	24	57	50
416	24	59	51
414	24	58	50
415	21	58	49
415	21	58	49
415	20	55	55
413	20	56	54
414	19	55	55
413	20	54	55
413	16	53	57
412	15	52	57
414	13	48	61
414	12	47	61
414	10	47	60
414	10	47	60
413	10	46	59
412	13	48	59
412	13	50	59
412	16	50	57
411	15	52	58
411	15	52	58
412	15	53	59
414	15	54	59
415	16	54	58
416	16	55	59
417	17	55	59
416	14	56	60
417	15	54	61
417	14	55	59
417	15	55	60
417	16	54	59
417	16	55	59
416	15	55	60
417	16	55	59
417	17	55	58
417	17	56	58
417	17	55	58
417	15	56	59
417	17	54	58
416	15	56	60
417	15	55	60
418	14	56	60
418	11	56	60
419	11	55	61
421	9	54	62
422	7	51	63
422	5	49	64
423	5	47	64
423	1	46	64
423	0	46	64
424	0	44	64
426	0	44	60
426	0	43	60
427	0	43	60
429	0	44	60
429	0	45	59
428	0	45	60
429	0	45	61
429	0	45	60
430	0	45	61
431	0	44	60
431	0	44	59
429	0	45	60
430	0	45	59
428	0	46	59
429	0	45	59
428	0	45	58
429	0	44	57
430	0	42	58
431	0	43	58
431	0	43	59
429	0	45	58
430	0	45	56
433	0	42	49
434	1	41	46
437	0	38	40
439	0	35	38
438	0	34	37
439	0	33	36
440	0	34	34
440	0	34	34
441	0	33	33
441	0	33	31
442	0	33	32
443	0	34	30
442	0	34	30
442	0	36	30
443	0	33	30
443	0	34	31
442	0	35	30
443	0	35	30
444	0	34	32
444	0	33	33
445	0	33	34
445	0	34	35
445	0	34	35
446	0	34	35
446	0	34	36
447	0	36	36
448	0	34	38
448	0	34	39
448	0	35	40
448	0	33	42
447	0	34	42
448	0	34	45
447	0	34	45
447	0	35	46
447	0	35	47
447	0	36	47
447	0	35	49
447	0	35	51
448	0	36	54
447	0	39	59
447	0	40	60
447	0	39	62
446	0	37	66
446	0	42	68
447	0	40	70
448	0	42	71
450	0	40	71
451	0	38	70
451	0	38	70
451	0	38	70
451	0	38	70
450	0	39	70
449	0	39	71
447	1	39	72
446	1	39	73
445	3	39	74
442	4	39	75
441	4	39	76
439	2	39	75
437	2	39	76
436	2	39	75
435	2	40	76
434	4	40	76
434	4	40	77
435	9	39	76
435	12	40	76
436	15	40	77
437	17	41	78
438	16	40	78
438	15	41	79
438	14	41	79
438	12	41	80
438	12	41	80
438	12	42	80
436	13	43	80
433	16	42	81
430	19	43	81
427	22	42	82
426	25	43	83
423	26	43	83
421	26	44	84
420	26	45	84
421	28	45	85
421	29	44	85
421	31	44	85
422	39	44	82
423	40	44	84
421	45	45	83
421	49	46	87
422	50	46	86
421	51	47	88
420	50	46	88
419	49	46	89
419	49	45	89
417	51	45	89
416	53	45	89
412	56	46	89
406	62	47	89
403	66	46	90
398	71	45	89
397	71	45	90
395	71	46	91
394	72	46	91
392	74	46	92
393	76	46	93
392	77	48	93
394	81	47	94
393	86	48	93
394	93	48	93
394	96	48	95
394	98	48	94
393	99	49	95
393	99	48	96
392	98	48	96
389	102	48	97
386	102	48	97
383	105	48	97
379	107	48	98
374	113	48	98
372	116	47	101
369	119	48	100
364	124	50	100
362	126	49	100
360	126	48	104
358	130	49	103
358	131	49	102
358	132	50	102
358	135	52	105
359	136	52	104
359	139	52	104
361	145	51	106
362	148	51	106
361	150	53	106
363	154	52	106
363	154	52	107
363	155	52	108
361	158	53	108
361	160	52	107
358	164	52	109
357	165	52	109
354	168	52	110
351	175	53	110
349	178	51	110
346	182	52	113
342	186	49	113
340	193	48	108
335	198	48	103
334	201	49	102
331	204	48	105
331	208	54	114
332	209	52	109
332	212	54	110
333	215	55	111
334	216	54	113
334	220	55	112
334	225	58	113
335	229	56	112
333	234	58	114
334	236	56	114
334	237	58	115
332	237	60	116
332	238	60	115
333	236	61	116
334	237	61	116
336	239	60	115
333	240	62	114
334	244	63	115
334	246	67	119
337	249	68	119
340	252	68	119
341	253	67	118
344	252	69	119
345	251	66	119
347	251	70	119
350	248	69	118
351	246	67	119
353	242	67	119
354	242	68	116
354	242	68	115
358	238	64	116
359	236	65	116
360	232	68	114
362	226	58	93
366	222	62	97
367	219	55	94
373	213	64	95
383	210	63	95
390	207	56	91
398	202	68	89
398	198	72	90
401	193	76	94
405	190	84	92
437	182	63	94
452	182	54	86
461	180	56	82
472	178	52	83
483	171	55	86
487	164	54	82
487	157	55	87
494	153	56	82
493	147	56	85
494	143	53	85
493	140	51	84
493	136	49	83
491	134	48	85
490	132	49	85
487	129	48	88
486	129	48	85
486	129	48	85
486	125	47	85
485	122	46	84
484	116	45	89
484	112	47	92
484	108	48	93
485	106	48	95
486	101	48	89
486	100	48	86
487	98	48	87
488	96	48	86
489	95	48	85
489	96	49	84
491	95	47	83
492	93	47	80
493	90	46	77
493	87	47	76
494	81	47	76
495	79	47	77
495	75	47	78
496	72	47	79
496	71	47	79
496	70	46	80
494	70	46	80
495	70	46	78
495	70	46	79
495	69	47	80
498	67	46	79
499	65	47	79
501	64	47	80
504	62	47	82
505	61	49	82
508	61	48	80
509	60	49	80
512	56	46	81
513	54	47	79
515	51	47	80
515	47	47	81
515	45	46	80
514	41	46	81
511	39	47	76
510	38	48	74
510	38	47	73
506	38	49	72
505	37	49	72
504	37	49	71
503	35	51	71
503	35	51	70
502	32	53	72
504	30	53	72
504	28	55	73
505	29	53	72
506	29	53	71
506	28	52	71
507	30	55	68
507	28	54	68
509	23	55	69
510	22	53	67
511	17	52	66
512	15	51	66
512	15	51	65
513	11	49	67
513	11	50	66
513	12	50	65
512	10	50	66
510	13	51	65
510	14	51	64
508	12	51	66
506	10	52	67
507	9	51	67
507	6	52	68
508	4	52	68
507	4	52	68
507	4	52	66
507	3	52	67
508	4	52	66
509	3	51	66
513	2	50	67
515	1	49	65
518	1	47	64
519	0	45	62
520	0	46	58
521	0	44	55
521	0	44	55
521	0	44	53
521	0	43	52
521	0	43	51
520	0	43	51
519	0	43	52
519	0	44	53
517	0	45	53
515	0	46	53
514	0	46	52
515	0	45	50
515	0	45	51
515	0	46	48
516	0	46	47
515	0	45	47
515	0	44	48
516	0	45	50
515	0	46	50
515	0	47	50
516	0	48	50
515	0	48	48
516	0	49	46
519	0	47	42
519	0	46	42
521	0	45	43
524	0	42	40
524	0	41	40
524	0	41	39
524	0	40	40
522	0	41	40
521	0	41	41
521	0	41	40
519	0	42	40
515	0	42	42
513	0	43	42
511	0	43	43
510	0	42	42
508	0	43	43
508	0	41	43
506	0	39	44
503	0	40	44
503	0	40	45
498	0	41	47
497	0	43	48
495	0	44	48
497	0	43	49
497	0	43	51
494	0	47	52
489	0	49	52
487	0	49	53
490	0	45	53
490	0	43	52
486	0	39	53
484	0	40	51
480	0	45	46
478	0	42	46
477	0	46	44
470	0	38	44
467	0	42	43
464	0	43	44
461	0	39	43
460	0	37	41
459	0	37	41
457	0	37	41
456	0	37	41
453	0	37	42
453	0	36	41
450	0	37	41
448	0	37	41
448	0	36	41
447	0	36	42
446	0	36	43
445	0	36	44
443	0	36	46
442	0	36	48
441	0	35	52
440	0	36	52
439	0	36	53
438	0	36	52
438	0	36	53
437	0	36	54
436	0	37	54
434	0	38	53
434	0	38	52
433	0	39	52
433	0	39	52
433	0	38	52
433	0	37	54
433	0	37	56
434	0	37	57
434	0	37	57
434	0	38	59
433	0	37	60
433	0	37	62
434	0	37	65
434	0	38	66
433	0	39	67
433	0	39	68
433	0	39	69
432	0	40	71
432	0	42	72
433	1	44	73
434	2	44	74
435	2	44	76
438	4	44	77
440	4	43	77
445	5	43	79
446	5	43	78
448	5	42	78
450	4	42	78
451	4	43	77
453	3	42	78
453	5	41	78
453	4	41	78
453	6	41	79
453	8	40	79
453	10	40	78
453	11	40	79
452	12	39	79
451	13	39	79
450	16	39	79
450	18	38	80
448	19	39	80
446	20	39	80
444	19	40	81
443	19	40	81
444	21	41	81
444	20	41	82
446	21	42	82
447	22	42	82
449	23	42	82
451	25	41	83
451	27	42	82
451	27	42	82
451	27	42	83
450	26	41	83
448	25	40	82
447	24	41	83
444	27	41	83
442	29	41	83
437	31	41	84
435	33	42	83
433	34	41	83
430	38	42	84
428	40	41	84
427	43	41	84
424	43	42	85
421	42	43	85
421	43	43	85
421	43	44	86
421	45	45	86
423	47	45	87
423	48	45	87
423	49	45	87
423	49	45	88
423	50	44	88
423	54	44	88
423	55	44	88
422	55	42	88
420	54	43	88
417	54	43	87
416	53	43	88
414	52	43	88
413	53	44	88
412	53	44	89
407	54	46	89
406	55	50	90
404	57	55	91
402	65	63	87
401	69	69	85
398	75	77	80
397	75	77	80
397	74	77	80
396	70	68	85
395	67	60	86
396	63	49	91
384	65	53	92
378	65	59	92
371	68	63	90
364	71	68	89
364	74	67	87
365	75	63	88
369	75	58	92
375	74	50	93
379	75	46	95
382	80	54	93
383	85	60	91
383	91	70	91
384	93	74	88
386	96	78	82
385	98	81	81
386	94	78	84
381	91	71	90
381	90	62	91
375	88	50	94
370	88	50	99
362	91	52	100
355	97	55	99
350	102	59	98
349	105	60	95
349	107	54	100
351	108	53	97
354	110	49	100
353	111	54	100
352	116	66	97
352	118	73	97
354	119	74	95
356	125	76	93
356	127	76	94
354	131	73	101
350	133	65	100
347	134	58	103
345	136	53	106
341	135	52	107
336	139	52	106
333	140	51	107
332	141	50	107
333	139	48	107
334	138	48	106
335	137	50	108
341	137	55	107
346	136	55	108
350	137	56	107
358	138	61	105
360	139	68	106
363	142	72	103
369	148	76	103
370	150	78	100
371	151	77	101
367	149	77	104
367	148	72	103
358	148	68	107
355	148	64	109
340	147	61	109
329	146	58	112
311	152	53	113
308	155	52	115
305	158	53	118
305	160	52	116
307	161	52	115
308	165	55	113
311	165	61	116
313	169	73	112
318	171	78	108
321	176	92	104
324	186	102	96
326	190	113	87
332	196	119	79
337	200	119	67
346	207	117	58
351	208	116	67
359	206	111	65
360	206	113	74
363	207	115	75
364	208	115	76
364	210	115	71
365	212	117	69
364	213	119	64
364	214	119	66
363	215	121	65
361	215	121	64
361	215	118	65
359	212	118	67
358	214	121	66
357	215	120	69
354	219	118	71
354	226	118	68
351	229	121	67
349	229	122	70
349	228	122	71
347	229	121	68
347	229	121	68
347	229	122	70
348	227	120	68
349	225	120	69
350	222	118	71
350	213	118	73
351	211	115	72
354	203	115	71
353	196	116	71
355	187	116	72
355	184	114	63
353	181	116	61
352	174	115	64
352	174	115	63
352	173	115	62
351	170	112	63
350	169	113	65
348	168	113	68
348	166	112	64
347	162	113	63
348	153	110	63
347	148	109	61
346	143	110	57
347	141	107	60
348	144	107	60
351	144	106	58
352	143	107	58
355	145	105	58
360	147	104	59
362	145	104	57
365	141	104	60
371	136	104	57
370	132	103	55
371	127	104	55
374	122	102	55
375	121	102	56
375	122	101	59
375	121	101	59
373	121	101	59
374	123	98	61
376	124	98	61
377	126	95	60
379	133	103	60
381	134	106	61
384	134	103	60
388	131	105	58
394	131	101	51
399	128	98	47
400	126	102	47
402	123	102	48
408	121	100	50
410	120	99	51
413	120	101	55
417	120	102	56
419	119	102	56
421	119	102	54
423	118	100	49
425	117	99	48
426	114	98	51
426	114	97	51
426	112	97	49
426	112	98	51
423	109	98	48
422	107	96	48
420	106	96	50
415	105	97	51
413	105	96	54
411	106	96	52
408	104	96	53
408	103	96	51
405	101	97	53
402	99	96	51
403	99	95	50
401	97	95	52
401	95	94	51
401	92	94	52
401	91	93	51
402	87	93	49
404	86	93	51
407	84	95	50
410	83	92	51
414	81	93	48
417	80	92	48
418	82	91	47
419	80	91	47
420	79	91	48
420	79	92	47
418	76	91	47
419	76	90	48
417	74	90	47
416	75	90	48
416	74	89	49
414	74	90	50
414	75	89	49
413	75	89	50
412	74	89	51
411	72	89	51
410	71	90	50
409	70	89	53
406	70	90	53
405	70	89	52
405	69	90	51
404	70	88	49
403	70	87	48
405	70	86	46
406	70	87	46
407	70	85	46
408	71	85	47
410	69	86	46
411	67	86	46
413	64	86	47
414	63	85	47
416	60	85	46
417	59	84	45
418	57	84	45
418	56	84	46
420	56	84	48
420	57	85	47
421	56	86	48
421	56	85	48
421	56	86	48
422	54	84	48
420	55	84	50
420	54	84	50
421	53	84	49
421	52	84	48
422	49	84	50
423	48	84	49
424	47	84	49
424	47	84	49
425	45	84	49
426	42	83	49
427	40	83	52
430	40	81	57
431	41	82	59
435	38	76	67
435	35	75	70
439	31	71	74
441	30	65	76
445	27	60	77
449	26	54	80
450	25	51	80
451	24	49	82
451	23	42	81
450	24	43	82
448	23	44	83
445	24	48	82
443	26	49	81
440	25	54	82
441	25	51	80
441	25	46	81
442	25	42	82
442	26	41	80
442	26	41	80
442	24	46	79
442	23	45	79
441	22	45	78
438	21	45	77
437	20	47	77
437	18	52	77
434	16	56	75
435	16	61	75
435	15	61	75
438	15	63	75
439	15	61	74
440	16	62	73
441	17	66	71
440	18	69	68
440	19	70	67
440	18	73	61
440	19	76	58
441	17	77	58
442	18	78	56
443	18	79	54
442	18	80	53
445	19	78	51
442	19	80	50
443	19	80	51
443	18	78	51
443	18	77	52
443	16	76	52
443	13	76	56
443	12	74	57
443	11	73	59
442	5	71	62
443	4	69	63
443	2	68	64
442	0	64	66
443	0	64	67
444	0	60	67
447	0	50	67
448	0	48	66
451	0	45	66
454	0	40	64
455	0	39	64
456	0	39	62
456	0	41	61
456	0	42	60
457	0	43	59
459	0	41	59
461	0	38	57
462	0	37	56
462	0	37	57
462	0	38	56
463	0	41	57
463	0	42	58
464	0	45	59
462	0	55	57
459	0	60	57
459	0	59	55
457	0	68	54
456	0	71	54
457	1	67	55
455	0	70	54
455	0	69	57
458	1	63	59
459	1	61	62
461	2	58	64
461	4	56	64
461	5	55	66
463	4	51	68
465	4	45	70
466	4	41	71
467	5	39	70
467	6	37	71
467	6	37	71
467	6	38	70
468	8	40	70
469	7	40	69
472	8	40	70
474	9	38	70
476	11	37	70
478	12	36	70
479	14	37	69
481	15	37	70
482	21	37	68
481	23	37	68
479	26	40	68
477	28	43	66
472	34	48	64
467	41	56	61
465	47	60	55
463	51	63	53
461	53	65	51
460	60	66	46
459	62	67	46
459	69	68	40
460	73	67	37
460	75	68	35
460	79	67	34
460	79	68	35
461	80	68	37
463	80	67	40
465	79	66	42
467	80	65	44
469	77	65	48
470	77	64	49
469	75	65	51
471	73	63	52
472	72	62	53
474	69	61	55
474	66	60	57
475	65	59	57
475	61	58	59
475	60	58	60
475	57	59	60
474	56	59	61
473	53	60	60
473	53	62	60
472	52	60	61
471	52	62	60
470	51	60	61
468	51	59	59
463	51	67	56
460	50	67	55
458	51	69	52
454	49	73	49
452	49	76	46
450	49	76	43
448	47	77	42
445	46	78	42
443	46	78	41
442	48	76	38
439	50	73	36
439	51	71	35
435	51	72	34
433	53	72	33
432	52	71	34
431	52	72	34
430	51	70	36
429	50	70	37
427	48	71	39
426	46	71	41
425	45	72	41
423	44	71	43
423	44	72	43
423	43	71	44
422	43	71	44
421	43	72	45
420	43	72	46
420	45	71	47
419	44	72	47
418	45	71	48
415	43	72	51
413	43	71	52
412	41	71	53
408	40	71	55
406	40	70	55
404	39	70	57
403	39	70	56
399	38	71	57
398	38	71	58
397	38	70	58
396	37	71	59
396	37	70	60
396	37	70	61
393	36	71	61
393	35	69	62
394	34	69	63
394	35	68	64
395	34	68	66
395	33	67	66
396	32	67	67
397	29	66	71
398	26	63	71
401	24	63	73
402	23	61	73
403	19	59	76
405	19	58	76
407	18	57	76
408	18	56	77
409	17	55	77
410	19	55	77
409	19	55	77
410	19	54	78
409	18	54	78
409	17	53	79
408	16	52	80
408	16	52	80
408	15	51	80
406	13	51	78
406	12	51	81
406	11	50	81
407	11	49	81
407	12	48	82
407	12	49	82
409	14	46	82
409	15	48	82
409	17	48	83
410	21	48	84
411	22	49	84
411	23	48	83
413	23	47	84
414	22	45	84
415	20	44	85
415	21	44	86
416	22	44	86
416	23	44	86
416	22	43	86
416	23	42	86
414	25	43	87
414	27	44	87
413	29	42	88
412	33	44	87
411	33	44	88
410	32	43	89
408	34	44	89
407	34	43	88
406	34	44	89
405	34	44	90
405	34	44	90
404	33	44	89
404	35	45	90
404	34	45	91
405	38	46	91
404	41	47	91
406	42	46	91
408	45	46	91
409	46	47	92
411	48	45	92
412	49	47	92
415	50	46	93
415	50	48	92
417	49	51	93
419	49	51	94
420	50	52	95
420	53	54	94
421	54	53	95
421	58	53	94
422	58	53	96
421	61	52	96
421	64	53	96
419	67	52	96
417	69	52	97
413	71	51	97
411	73	50	97
408	77	48	96
403	80	47	98
400	82	47	96
397	83	45	96
395	83	44	95
392	82	45	96
388	80	46	96
386	79	48	97
386	79	49	98
386	80	48	97
386	80	48	96
387	81	49	97
388	82	51	96
389	84	52	95
391	84	51	97
396	84	49	96
398	84	47	95
403	84	46	95
403	84	47	98
405	84	46	95
406	84	46	95
407	82	47	95
408	80	48	97
409	78	48	96
410	78	47	97
410	77	48	98
409	75	48	97
409	74	48	97
410	73	47	98
410	74	48	98
411	75	48	98
412	75	48	98
412	76	47	99
413	76	46	99
411	77	48	99
410	79	49	99
409	81	48	99
409	83	49	99
408	87	51	98
407	88	50	99
407	89	49	99
406	90	51	101
407	91	50	100
406	92	52	99
407	95	51	100
406	96	51	100
406	96	52	100
409	100	57	101
410	103	59	101
414	107	60	99
422	112	65	103
428	114	62	101
439	119	61	98
444	118	59	101
451	119	56	100
457	123	55	102
463	124	55	104
468	128	54	100
477	131	52	101
480	133	53	98
485	135	53	104
492	143	52	104
493	146	53	102
494	149	53	104
495	151	51	103
491	154	54	101
493	157	51	99
486	160	51	98
483	160	51	99
475	162	50	95
468	161	51	95
463	155	49	100
452	154	51	94
445	153	49	94
437	152	50	93
418	145	53	97
412	140	51	105
397	136	52	98
393	132	50	100
388	130	50	100
380	123	50	100
376	117	51	98
374	113	51	96
371	104	49	99
369	101	47	97
370	95	45	94
369	86	46	96
368	85	46	96
369	81	46	94
369	76	46	94
369	77	46	94
370	75	47	94
374	72	47	94
375	71	47	92
377	69	47	94
381	71	47	94
382	73	49	94
383	76	48	94
388	80	47	94
390	81	48	94
395	84	48	95
397	86	46	97
399	87	47	91
402	89	48	93
408	89	49	94
410	88	49	93
417	86	47	92
419	84	47	94
420	83	46	94
422	81	48	91
424	81	51	93
424	82	49	93
422	83	50	94
419	85	53	94
417	86	52	93
410	84	52	93
406	83	53	91
404	81	51	89
397	75	51	90
393	73	51	89
385	71	52	89
384	69	52	90
384	67	50	89
383	65	48	91
382	65	52	89
385	66	53	89
385	66	54	88
389	68	54	89
389	70	54	89
393	72	52	90
398	76	49	87
400	77	46	90
402	79	46	89
410	80	44	86
411	79	46	87
420	74	43	89
421	72	47	86
424	68	45	89
429	65	44	86
431	62	46	86
434	57	44	87
435	56	47	88
437	56	47	88
440	56	44	88
440	56	45	87
446	59	42	85
447	59	41	85
446	60	41	86
444	61	42	84
443	62	42	85
440	62	43	84
437	63	43	83
428	63	52	82
424	62	57	82
420	61	64	83
415	69	69	74
412	65	76	78
409	73	77	68
409	73	80	66
407	70	82	69
406	69	83	64
405	70	81	61
404	69	82	58
403	65	84	56
403	62	85	57
397	56	90	57
401	54	81	56
398	50	80	57
397	48	79	60
387	47	90	61
395	47	82	62
397	46	77	69
398	47	75	69
403	48	69	75
406	48	65	76
406	48	63	77
404	49	60	78
402	48	58	77
400	47	56	77
398	47	51	76
398	44	49	78
397	44	47	77
398	44	45	80
399	45	44	79
401	47	42	78
404	43	40	78
405	40	40	78
406	35	40	80
407	30	41	76
410	26	40	76
410	22	44	77
412	18	49	76
413	16	51	77
415	14	55	76
415	14	57	75
418	14	59	73
420	16	63	71
424	17	65	69
428	13	65	68
426	12	64	71
429	10	62	73
432	5	52	76
432	3	48	77
432	3	44	77
432	2	40	78
431	2	39	77
431	2	39	78
434	2	38	77
435	3	39	78
439	4	42	78
440	7	44	77
442	8	47	77
446	11	51	75
452	12	53	74
453	11	51	74
455	11	58	74
453	9	52	75
451	7	50	75
451	3	44	75
450	2	42	75
449	2	40	74
447	0	38	74
447	0	38	74
446	0	39	73
447	0	39	73
448	0	40	72
450	0	39	72
451	0	39	71
451	0	39	71
452	0	42	71
452	0	49	71
450	0	45	70
448	0	42	69
446	0	41	67
444	0	39	66
445	0	46	63
447	0	46	62
449	0	44	62
451	0	43	64
452	0	44	64
451	0	44	62
452	0	44	64
451	0	43	63
448	0	43	61
447	0	42	60
443	0	44	58
440	0	43	58
437	0	40	57
434	0	39	56
433	0	38	55
433	0	42	54
435	0	43	53
437	0	47	51
439	0	42	51
442	0	41	49
445	0	41	49
446	0	41	47
448	0	40	47
447	0	41	46
446	0	42	48
444	0	39	48
441	0	39	47
438	0	37	46
433	0	38	45
430	0	37	43
429	0	37	41
428	0	38	41
429	0	36	41
429	0	35	41
428	0	37	41
427	0	33	41
427	0	36	42
427	0	36	42
426	0	36	42
426	0	36	42
425	0	36	42
424	0	35	42
423	0	36	42
423	0	35	42
420	0	35	42
419	0	35	41
417	0	34	41
416	0	33	40
415	0	34	41
413	0	32	41
409	1	35	40
404	0	37	40
402	0	37	40
395	0	36	41
395	0	36	42
394	0	37	44
389	0	36	44
388	0	37	44
388	0	38	45
386	0	35	47
386	0	37	47
385	0	36	48
384	0	36	48
382	0	39	47
381	0	40	47
381	0	41	47
381	0	41	48
381	0	40	47
381	0	41	48
381	0	41	48
380	0	38	47
379	0	40	48
381	0	39	48
381	0	40	48
380	0	40	47
381	0	41	47
381	0	41	47
381	0	40	48
381	0	39	47
380	0	39	47
381	0	41	47
381	0	40	47
381	0	40	47
381	0	40	48
380	0	39	48
381	0	40	47
380	0	41	47
380	0	41	47
380	0	42	48
379	0	39	47
378	0	41	47
378	0	42	46
377	0	43	45
377	0	42	46
375	0	43	45
377	0	43	46
377	0	42	46
376	0	42	45
374	0	41	47
375	0	45	46
373	0	41	48
372	0	48	47
371	0	42	47
369	0	44	46
368	0	44	47
368	0	39	46
367	0	40	44
365	0	41	43
365	0	39	43
363	0	43	41
362	0	59	43
362	0	63	43
356	0	43	43
357	0	35	43
355	0	40	43
355	0	35	44
355	1	40	42
356	0	40	43
356	0	40	43
354	0	42	43
354	0	43	43
352	0	45	44
350	0	38	44
349	0	44	44
348	0	39	43
345	0	42	43
344	0	41	42
346	0	38	44
346	0	37	45
347	0	37	44
349	0	37	45
351	0	37	46
357	0	42	46
358	0	41	46
360	0	44	46
367	0	44	48
370	0	46	48
373	0	46	48
381	0	46	48
382	0	50	49
391	0	45	49
392	0	45	50
403	0	40	51
403	0	39	51
406	0	40	50
413	0	36	54
414	0	36	54
421	0	36	57
422	0	38	58
428	0	38	60
430	0	41	60
434	0	40	61
439	0	40	63
442	0	38	64
446	0	38	65
450	0	37	64
451	0	37	66
451	0	36	66
451	0	37	66
449	0	37	65
446	0	38	64
443	0	38	64
440	0	38	64
434	0	35	66
431	0	36	67
428	1	35	67
423	4	35	69
420	6	38	69
419	8	38	70
417	13	39	68
417	14	40	69
416	18	41	70
415	20	42	70
414	23	43	70
413	22	43	70
410	22	42	69
409	20	41	70
408	20	39	69
405	17	38	68
403	17	37	69
403	15	35	69
403	13	35	69
402	11	36	68
401	9	37	69
400	7	38	68
398	5	40	70
397	7	42	67
395	5	46	68
395	5	47	68
390	6	53	66
386	6	57	63
385	4	57	62
379	5	59	59
378	4	58	59
372	3	59	59
369	3	59	58
364	1	59	58
360	2	59	58
356	1	59	58
349	1	60	56
345	1	58	56
342	1	58	57
338	1	58	56
331	0	55	58
328	1	56	57
321	0	55	55
319	0	55	56
315	0	56	53
312	0	55	53
304	0	58	50
298	0	56	48
295	0	53	46
294	0	47	43
292	0	39	41
288	1	35	41
287	0	54	40
275	0	50	41
265	0	63	40
256	0	50	35
255	0	55	33
241	0	46	25
242	0	36	27
233	0	36	27
230	0	36	25
225	0	36	24
216	0	37	25
211	0	44	22
203	0	39	24
200	0	40	25
198	0	43	25
188	1	43	28
184	0	47	30
179	0	41	29
175	0	40	28
170	0	37	30
166	0	39	30
165	0	38	30
159	0	34	34
157	0	35	33
157	0	36	32
148	0	33	30
146	0	33	36
141	0	37	38
137	1	39	38
134	0	43	33
131	0	40	30
129	0	41	29
131	0	38	31
125	0	36	28
127	0	33	27
122	0	36	30
118	0	45	29
