275	217	18	21
272	218	19	20
269	217	19	21
267	216	18	22
264	216	19	22
262	217	19	21
260	216	19	22
257	215	19	21
256	215	19	21
255	212	19	22
253	212	19	22
251	211	19	22
251	211	19	22
249	211	19	22
248	209	19	23
248	209	20	22
246	209	19	21
246	209	20	22
246	210	20	23
246	210	20	22
247	209	20	23
249	210	19	22
249	210	20	22
251	210	19	22
253	212	19	22
253	212	20	22
255	212	19	21
257	212	18	21
259	213	19	21
261	216	19	21
263	216	19	21
267	217	18	21
267	215	18	21
271	215	18	22
272	217	18	22
274	218	18	21
276	218	18	21
277	218	18	22
278	216	18	21
280	217	17	21
282	218	18	21
283	217	18	21
283	217	18	22
285	217	17	22
285	216	17	21
284	216	17	21
285	217	17	21
284	218	18	21
284	218	17	21
282	217	17	22
280	217	17	22
280	218	18	21
278	218	17	22
276	218	18	21
274	218	16	21
271	218	17	21
269	217	18	21
267	217	17	21
265	217	18	21
263	217	18	22
260	216	18	22
259	215	18	22
256	214	18	22
254	214	18	21
251	213	18	22
248	213	19	22
248	212	19	23
245	211	19	22
244	211	19	22
243	211	19	22
241	210	20	22
239	210	21	23
239	209	20	22
239	209	21	22
237	207	21	22
239	208	19	23
238	208	20	23
236	210	21	22
237	210	21	23
236	210	21	23
237	210	21	22
238	209	21	22
239	211	21	22
238	211	21	22
239	210	21	22
240	211	22	22
241	209	21	23
242	209	20	22
243	210	20	22
243	210	20	22
243	211	20	21
244	211	20	21
244	210	20	21
244	210	20	22
246	211	20	22
244	211	20	21
245	211	20	22
245	211	20	21
244	209	19	22
243	210	21	22
243	211	20	22
241	210	21	22
239	210	21	22
239	210	21	22
237	209	22	22
236	210	21	22
235	210	22	23
234	209	22	23
233	208	22	23
232	208	21	23
229	208	23	23
228	208	22	23
227	208	22	23
227	208	22	23
225	207	21	23
224	208	21	23
224	208	21	23
223	208	21	22
224	208	21	23
222	206	21	23
222	206	21	23
222	207	21	23
223	207	20	24
223	207	21	23
224	209	21	23
224	210	21	23
225	210	21	23
228	211	21	22
229	211	21	23
230	211	22	22
233	211	21	22
234	209	21	22
237	209	22	23
239	207	21	22
241	207	21	23
244	205	21	24
245	205	21	23
248	203	21	24
251	202	21	24
251	203	22	22
255	202	21	23
255	202	20	22
257	201	21	22
257	200	21	22
258	200	21	21
258	200	21	21
259	200	21	21
260	200	21	21
261	199	20	22
260	197	20	23
260	199	20	21
260	200	20	21
259	203	20	21
257	204	20	22
257	206	20	21
256	206	20	22
255	208	19	22
254	209	20	22
253	211	19	22
251	213	19	22
249	213	19	22
246	214	19	22
245	215	20	21
242	217	20	23
242	217	20	23
240	217	20	23
239	218	20	23
237	218	21	22
229	221	21	23
228	220	21	23
228	221	21	22
227	222	21	23
227	221	21	22
226	221	21	23
226	220	22	24
225	221	21	23
225	221	22	23
225	221	22	23
226	221	21	23
225	221	22	23
226	217	21	24
227	215	22	25
227	214	22	24
227	213	22	25
228	212	22	23
228	213	22	22
229	211	22	23
230	209	22	23
231	209	21	24
231	208	22	23
232	207	22	24
232	207	22	24
234	207	22	24
235	206	22	24
234	206	23	24
236	205	22	24
238	206	21	24
240	205	20	24
239	205	21	24
242	205	21	24
241	204	22	25
243	204	22	25
243	205	22	25
243	205	22	24
244	206	22	24
246	206	21	23
247	205	21	24
249	206	21	23
249	206	20	23
252	206	19	23
252	207	20	22
255	205	18	23
254	205	20	22
255	205	20	22
256	206	20	22
257	206	19	22
259	205	19	21
259	205	20	22
260	203	19	22
261	205	19	23
261	206	20	21
263	206	19	22
263	207	19	22
263	206	19	22
264	205	19	22
264	206	19	21
266	208	18	22
265	209	19	22
266	210	18	22
266	212	18	21
266	212	18	21
266	214	18	21
266	217	18	21
267	219	18	22
266	221	19	22
266	221	18	22
265	222	19	23
266	224	18	22
266	226	19	23
265	226	19	23
265	227	19	23
265	227	19	23
265	229	19	23
266	229	19	23
265	229	19	23
266	230	18	24
265	232	19	24
266	232	19	23
265	233	19	23
265	235	19	23
266	236	19	23
266	236	19	23
267	236	20	23
267	234	20	23
268	234	19	23
268	232	18	23
270	230	19	23
270	229	19	22
270	226	19	23
271	225	19	23
273	225	18	23
273	225	18	22
274	224	18	22
275	223	18	23
276	223	18	22
277	223	18	23
278	222	18	22
279	221	18	23
279	220	18	22
280	219	18	22
281	218	18	22
282	218	17	21
283	217	18	22
283	216	17	22
284	217	18	22
283	217	17	22
283	217	18	22
284	218	18	22
284	219	18	21
284	219	18	22
285	219	18	22
284	219	18	22
284	221	18	22
283	221	18	22
283	221	18	22
282	221	19	22
281	222	19	22
281	223	19	22
280	224	19	22
280	226	19	22
279	226	19	23
278	228	18	23
277	228	19	23
276	230	19	23
275	229	19	23
274	228	19	23
270	228	19	22
269	227	19	23
266	226	19	22
263	225	20	23
261	226	19	22
258	224	20	22
257	223	18	22
253	221	19	22
250	218	19	23
246	216	19	22
244	214	19	23
242	213	19	22
237	210	21	22
233	213	19	20
228	210	20	23
227	210	21	23
226	210	21	23
225	208	20	25
220	208	21	24
220	207	21	24
219	208	21	23
218	207	21	24
218	207	21	24
217	206	22	24
217	206	22	25
219	207	22	24
219	207	22	23
223	208	21	23
225	208	20	23
226	210	22	23
228	209	22	24
229	210	22	24
236	212	21	22
238	213	21	22
244	214	20	22
247	214	19	22
253	214	19	23
256	214	19	22
261	215	19	21
264	214	18	21
270	213	18	21
272	213	18	21
275	212	18	21
277	211	18	21
279	210	18	21
281	211	17	21
283	210	17	21
283	211	18	20
284	211	19	21
284	212	18	20
284	211	19	21
284	212	19	21
282	213	18	21
282	213	19	21
279	213	18	21
278	212	18	21
274	212	19	21
273	213	18	21
269	214	18	22
265	213	18	21
262	212	19	21
260	212	18	20
255	211	19	22
254	210	19	21
248	210	19	22
246	210	19	22
243	209	20	23
238	206	20	23
237	205	20	23
230	205	21	22
227	204	22	24
225	204	22	24
220	203	23	24
218	201	23	23
215	202	21	22
214	201	20	22
211	201	20	22
209	201	20	21
208	201	20	21
206	200	20	21
204	201	20	20
204	201	19	20
204	201	19	21
204	201	19	20
205	200	19	20
204	200	19	21
205	201	19	21
205	201	19	22
206	202	18	21
206	202	19	21
207	201	19	20
208	202	19	20
208	201	20	20
209	201	19	21
210	201	20	21
210	199	20	21
211	199	19	21
211	198	20	21
210	198	20	21
210	198	20	20
210	198	19	20
209	199	19	20
209	200	19	19
207	199	19	20
206	200	19	20
206	200	18	20
203	199	17	20
201	198	18	20
199	199	19	18
195	200	18	18
194	199	18	19
189	200	19	18
187	200	20	18
183	199	18	20
181	200	18	20
176	199	19	19
175	198	19	20
171	198	20	19
170	199	20	19
168	199	20	19
166	200	19	20
165	194	22	23
171	190	32	21
174	187	27	21
176	189	29	21
173	189	28	22
173	188	28	22
174	188	27	22
163	195	18	25
162	200	26	28
165	199	26	28
165	194	22	26
168	198	20	20
173	200	19	19
175	199	19	20
177	201	20	19
179	202	20	20
184	202	18	20
186	204	19	20
193	205	19	20
194	205	20	20
198	207	20	20
204	205	18	24
206	206	18	22
214	208	18	21
214	209	19	22
216	207	19	22
222	207	19	23
225	209	20	22
226	209	20	23
231	210	21	22
233	211	21	22
236	210	19	22
239	209	20	21
242	211	20	21
243	212	20	22
246	212	19	21
247	212	19	21
248	213	19	21
250	212	18	22
252	214	19	22
251	214	19	22
253	214	19	22
253	215	19	21
252	214	19	22
251	213	18	22
251	215	18	21
251	215	19	22
250	214	18	22
249	213	18	22
247	212	19	22
247	212	19	22
247	212	19	22
245	212	19	22
245	212	20	22
245	213	19	21
244	212	20	22
244	211	20	22
245	212	19	22
246	213	19	22
246	214	19	22
245	214	19	22
246	214	19	22
247	214	19	23
248	215	19	22
249	215	19	22
252	216	19	22
253	217	19	22
254	217	19	22
257	218	18	21
258	219	19	22
260	219	19	21
261	220	19	22
263	219	19	22
266	220	20	21
267	221	19	21
270	221	20	22
270	220	19	21
273	220	19	22
275	221	19	21
275	220	19	21
276	219	19	21
278	220	19	21
278	219	19	22
278	219	20	21
280	218	19	21
278	219	19	22
278	220	19	21
277	219	19	22
276	218	19	21
275	219	19	21
273	220	19	21
271	221	19	21
270	221	19	20
266	219	19	22
265	219	19	22
263	219	19	21
260	221	19	22
258	221	19	21
253	220	19	22
252	220	19	22
250	218	19	22
245	220	20	22
243	219	20	23
240	218	20	23
237	216	20	23
233	216	21	23
229	214	22	23
227	214	21	24
225	213	21	24
224	213	21	23
221	211	21	23
220	211	20	23
219	211	21	23
218	212	20	22
216	213	21	22
215	213	20	22
215	211	20	24
215	212	20	22
215	213	19	23
215	212	19	23
214	212	19	23
215	212	20	23
215	211	20	23
215	210	20	22
216	211	20	23
216	210	20	23
216	211	20	22
218	212	19	23
217	210	20	23
218	212	20	22
220	212	21	21
220	210	20	23
221	209	21	23
221	209	21	23
221	207	20	22
221	208	20	22
222	206	20	23
222	206	19	23
221	206	19	22
221	206	19	21
219	206	20	21
217	207	19	22
215	206	18	22
214	206	18	22
213	205	19	22
212	204	18	24
210	205	18	21
206	204	18	22
206	204	17	22
202	204	19	21
199	204	19	21
197	206	20	20
193	207	19	21
190	205	19	22
190	203	18	23
186	202	19	22
184	203	19	20
183	202	18	20
179	202	19	20
178	202	19	20
176	201	19	21
174	201	19	20
171	201	19	19
170	201	20	21
170	200	19	20
168	201	19	20
168	201	18	20
165	201	20	19
165	201	19	19
163	201	18	20
163	201	18	20
162	201	18	21
161	200	19	22
161	200	18	21
162	200	18	21
160	200	19	21
161	199	18	21
160	198	19	20
159	198	18	19
161	196	17	20
159	197	18	19
160	197	18	20
159	198	18	19
159	201	18	20
157	205	21	18
160	205	18	19
160	205	19	20
161	203	19	21
161	201	19	21
162	201	19	20
164	201	18	21
164	201	20	22
165	200	20	22
166	200	20	22
166	201	21	20
167	200	21	21
169	199	20	21
170	200	21	20
172	199	20	21
173	199	19	21
175	197	19	21
175	197	20	20
177	193	20	22
177	194	19	21
178	193	20	21
178	192	20	20
180	193	19	21
180	199	20	18
180	200	21	19
182	207	20	19
182	207	19	20
182	211	20	23
182	213	20	23
181	214	21	23
180	215	20	22
179	216	21	22
178	218	20	19
177	218	20	18
177	218	21	20
176	219	20	19
175	217	20	21
173	218	20	20
172	214	20	22
172	210	21	23
170	208	21	24
170	209	21	22
168	206	21	20
168	203	20	21
167	201	20	22
166	197	19	23
164	197	19	21
162	198	20	20
163	196	20	20
161	194	20	20
161	194	19	19
162	190	19	20
162	186	19	23
162	185	20	23
161	183	19	22
161	182	21	22
162	179	20	22
162	176	20	22
162	176	19	22
162	175	20	21
163	177	20	22
162	177	20	22
162	181	21	22
163	185	21	22
167	192	19	21
168	193	19	21
168	197	20	20
169	199	20	21
172	203	21	21
173	203	20	22
176	207	21	21
178	208	21	22
180	209	21	21
183	210	21	22
185	211	21	22
189	211	20	22
191	212	20	22
196	213	20	20
199	210	20	21
204	210	20	23
209	209	19	23
213	210	20	23
214	208	21	23
219	206	21	22
221	203	21	22
225	199	21	25
225	197	23	24
231	194	21	23
231	193	22	23
234	190	21	23
238	186	21	23
240	187	20	23
242	187	20	23
243	188	20	22
245	191	20	21
245	192	20	23
246	195	21	23
247	200	21	23
249	204	20	22
250	211	19	22
250	213	18	22
250	218	18	22
250	220	18	22
248	223	19	21
247	224	19	21
246	225	19	21
245	226	19	20
245	227	19	21
241	225	20	21
241	224	20	22
239	223	20	22
238	222	20	22
238	222	20	22
237	220	20	23
236	219	20	22
236	215	19	22
236	215	19	21
236	211	19	21
237	211	19	21
238	205	20	23
239	204	20	23
241	202	21	23
242	201	21	24
244	204	20	24
246	205	20	22
247	204	20	22
251	206	19	22
253	207	18	20
258	207	18	22
260	209	19	22
265	213	18	20
267	216	19	20
272	221	19	21
274	223	19	21
279	229	20	22
282	230	19	22
285	232	19	21
289	233	19	21
292	234	19	22
296	232	20	21
298	233	20	22
303	231	19	22
306	229	19	22
308	228	19	22
311	226	20	22
314	223	20	23
318	223	21	21
319	223	20	22
323	222	20	22
324	224	20	21
327	223	19	23
326	222	19	23
328	224	20	22
326	224	20	23
326	227	20	22
326	230	20	23
324	230	20	23
321	229	20	23
319	230	20	22
314	228	20	22
312	228	19	23
309	229	19	22
303	228	20	23
299	227	20	22
293	229	21	23
289	229	20	23
285	227	20	21
279	228	21	22
271	225	20	23
267	224	21	22
264	224	20	22
258	223	21	22
251	219	20	23
245	214	20	23
242	211	21	23
238	211	21	21
236	207	21	22
231	206	21	22
228	204	22	23
226	203	22	23
224	200	22	25
222	200	22	24
221	200	22	25
219	198	23	25
218	200	22	23
217	201	22	23
217	203	21	22
217	205	20	22
216	210	20	21
216	211	21	22
217	210	21	22
219	210	20	21
219	208	21	22
219	205	21	23
220	204	21	22
220	201	21	24
219	201	22	24
219	201	21	23
218	201	21	23
218	202	21	23
217	204	21	22
217	204	19	22
216	206	20	22
214	209	18	21
213	208	19	21
212	208	19	21
208	206	19	22
207	204	19	22
203	200	19	21
200	201	19	20
198	200	19	19
193	197	20	20
191	195	20	21
189	192	20	22
184	190	21	21
183	191	19	21
178	191	20	20
176	190	20	21
176	191	24	26
169	194	23	27
167	197	21	21
164	199	24	20
163	200	19	19
164	203	20	22
160	203	20	23
158	207	19	21
157	210	19	21
157	211	20	20
156	215	20	21
156	216	19	22
157	219	19	21
158	220	20	21
158	221	20	20
159	223	18	22
159	225	20	21
161	226	20	22
162	226	19	23
166	230	19	22
167	229	20	23
171	229	20	22
171	230	20	22
174	226	19	23
175	225	20	22
176	224	20	23
177	220	20	23
180	217	18	22
181	214	18	22
181	211	18	22
181	208	18	20
182	204	17	20
182	200	17	19
180	197	17	18
178	192	17	21
177	188	18	22
175	182	18	22
174	182	19	22
174	183	19	19
172	179	19	19
170	176	20	20
167	179	20	19
166	174	19	21
164	178	20	21
163	180	20	21
162	182	20	22
160	190	21	23
159	195	19	19
155	198	20	20
156	203	19	20
155	209	20	20
154	210	19	20
153	213	19	21
153	218	20	20
152	218	20	21
153	220	20	21
153	221	20	21
153	223	20	22
156	225	20	22
155	225	21	22
157	230	21	22
158	230	21	22
159	230	21	22
160	230	21	23
162	226	20	24
162	226	21	23
165	223	21	23
165	221	20	23
166	216	21	23
166	213	21	23
166	210	21	23
167	206	20	24
168	206	20	22
168	203	19	22
166	201	20	22
165	196	19	22
165	196	20	22
164	192	19	22
162	190	19	22
161	186	19	23
160	183	18	21
159	180	18	21
158	180	19	20
158	176	17	22
156	176	19	22
154	174	19	21
154	176	17	20
156	178	16	20
156	180	16	23
156	181	15	29
156	182	17	23
155	182	17	25
156	183	18	27
159	188	20	23
161	191	18	22
161	195	19	20
162	197	20	20
165	198	20	21
168	200	21	21
173	202	21	20
179	204	20	20
183	204	21	20
190	207	21	20
193	210	21	20
198	212	21	21
200	212	21	21
207	212	20	21
209	211	20	21
214	211	20	21
217	212	20	22
219	210	20	22
223	208	21	23
226	207	21	23
228	206	21	21
232	205	20	22
236	203	20	22
236	203	21	21
238	203	21	21
240	200	21	22
240	199	21	21
242	198	21	21
243	197	21	21
244	198	21	21
245	199	20	21
246	200	21	22
245	204	21	23
246	205	21	22
246	209	20	22
246	211	20	21
247	213	19	22
246	217	20	21
245	218	19	22
246	220	19	22
244	220	20	22
245	217	20	23
244	215	20	23
245	212	20	22
246	211	20	21
246	208	21	23
248	205	21	23
247	203	21	24
249	201	21	23
252	202	20	22
254	203	20	21
257	204	21	21
258	204	20	21
262	207	20	22
263	210	21	22
267	214	20	21
271	218	19	21
272	220	20	21
275	221	20	22
278	225	21	22
280	225	21	22
286	228	20	22
288	227	20	22
290	226	20	22
294	228	21	23
297	229	20	23
301	226	20	24
304	222	21	23
307	221	20	21
308	218	20	21
312	218	21	22
315	215	20	22
316	215	20	21
318	214	20	21
319	213	20	22
321	212	21	21
322	213	20	21
322	212	20	22
322	212	20	22
323	213	20	23
324	215	20	22
324	216	20	22
323	219	20	23
323	220	20	22
322	224	19	23
321	226	19	23
320	228	19	22
318	229	19	22
317	230	19	23
316	231	19	23
315	231	19	22
314	232	18	23
312	231	18	22
311	231	19	23
309	230	19	23
308	229	20	24
307	226	19	24
308	227	19	24
307	224	19	24
306	223	20	23
307	222	19	22
307	222	19	22
307	222	20	21
308	221	20	22
308	222	20	21
310	220	20	22
310	220	20	21
313	221	19	22
314	222	19	22
316	224	19	23
317	224	20	22
319	224	19	23
320	227	19	23
324	228	19	22
325	230	19	23
327	233	19	23
329	231	19	23
333	234	19	24
333	236	20	22
334	237	20	22
336	236	20	23
336	235	20	23
336	234	20	22
338	235	20	23
338	235	20	22
338	234	20	22
339	234	20	23
338	231	19	23
338	229	20	22
337	230	21	22
337	230	20	22
337	227	19	22
336	226	20	23
333	222	19	23
333	222	19	23
331	222	20	22
330	221	19	23
328	221	20	22
326	221	20	22
325	219	20	22
323	221	20	23
322	221	21	23
319	222	20	23
318	222	21	21
317	219	20	22
314	217	20	22
312	213	20	23
311	213	21	21
309	204	20	21
307	194	18	21
307	187	21	25
303	182	20	20
303	176	19	17
301	170	18	19
299	169	19	19
298	166	19	19
296	163	20	20
295	159	20	21
294	159	19	18
293	156	18	17
292	153	18	16
289	150	18	16
288	146	18	17
286	143	19	19
285	145	19	16
285	143	19	17
284	143	20	20
286	146	18	19
287	147	18	18
288	146	19	19
291	147	19	19
297	153	19	19
299	154	19	19
300	153	19	20
300	153	20	23
300	154	20	21
300	155	22	21
301	156	22	22
306	154	22	22
308	152	22	23
315	152	23	23
316	151	24	22
323	148	24	24
328	143	23	23
331	137	23	25
333	134	23	23
335	126	22	24
334	124	23	23
334	125	22	22
331	121	22	22
330	121	21	21
326	118	20	18
323	114	20	18
319	105	20	21
313	98	21	22
310	92	20	20
308	86	20	19
308	80	19	19
307	63	18	20
311	54	21	21
318	39	22	21
321	34	18	19
329	25	19	21
341	21	22	24
347	19	22	25
359	24	21	23
368	25	19	26
380	37	20	21
387	39	20	22
399	47	21	20
405	51	20	20
424	62	17	18
427	63	18	18
