195	123	20	14
195	122	18	16
194	122	19	15
192	121	19	16
190	120	19	15
190	117	18	16
191	116	17	16
191	116	17	15
191	115	16	15
190	115	16	15
190	116	16	15
189	117	16	15
189	116	17	15
190	116	17	15
189	114	18	16
190	116	17	15
189	116	18	16
189	115	18	17
189	119	19	15
191	120	18	16
190	120	19	16
190	121	19	17
191	123	18	17
191	128	18	16
189	130	19	16
189	131	18	17
188	133	19	16
187	134	18	17
186	135	19	18
186	135	19	19
187	137	20	17
187	137	20	16
189	135	19	17
189	135	19	17
189	135	19	18
190	132	19	17
191	132	19	17
192	130	18	15
192	129	18	16
190	130	19	16
189	129	19	16
189	129	19	16
188	129	19	16
186	130	19	16
184	128	18	17
183	129	19	16
181	129	18	15
180	128	18	15
178	126	18	15
176	126	18	15
174	126	17	15
171	123	19	17
170	123	19	18
166	117	18	18
165	116	18	17
166	116	18	16
168	115	18	16
169	115	17	16
171	116	17	15
172	115	17	16
172	116	18	15
173	117	16	15
174	117	16	15
175	116	17	15
176	116	17	15
175	116	16	15
176	119	16	15
175	119	16	15
174	119	16	17
174	120	16	16
171	120	17	16
170	120	16	16
168	120	17	16
167	120	17	16
164	121	17	15
162	120	17	15
161	120	17	14
158	118	18	17
157	117	17	17
155	117	18	16
152	116	19	16
152	117	18	16
150	115	19	17
149	115	19	16
148	114	18	17
147	114	19	17
146	114	19	17
147	114	19	16
147	114	19	17
147	116	19	17
149	119	18	17
149	120	18	17
151	122	19	17
153	122	19	18
155	122	18	18
156	123	19	17
158	124	18	16
161	124	17	16
162	123	18	17
162	121	18	17
163	121	18	17
163	121	19	17
163	120	19	17
163	120	19	17
161	119	19	18
161	119	20	18
160	120	19	17
160	121	19	17
158	121	19	17
156	121	20	16
156	121	18	16
156	120	18	16
154	120	19	17
152	119	18	17
153	119	18	17
152	117	17	18
151	116	17	17
152	115	17	17
152	114	17	17
152	112	17	18
153	113	17	17
155	113	16	18
156	112	17	18
156	112	18	18
159	112	17	18
161	112	17	18
164	114	17	17
164	115	18	18
166	115	18	18
169	116	18	17
173	118	17	17
174	118	17	15
175	119	16	15
179	120	17	14
180	119	17	14
184	118	17	15
185	118	17	14
187	118	18	14
189	117	18	15
191	116	18	16
193	116	18	15
194	116	18	15
196	115	19	15
197	116	18	15
199	116	18	16
201	116	19	16
202	115	19	16
202	115	19	16
205	114	18	16
206	114	18	16
207	111	18	16
208	108	18	17
208	107	18	18
210	106	19	18
210	105	20	19
210	108	20	18
212	110	18	17
211	113	19	17
211	117	19	18
210	123	20	16
210	125	19	18
210	129	18	17
207	134	17	17
210	138	16	15
211	141	15	15
211	144	15	14
213	146	14	13
213	147	14	14
216	149	16	15
215	151	17	15
216	150	17	16
219	148	18	14
218	146	18	14
221	139	17	15
222	137	17	15
224	132	18	16
226	128	17	16
227	126	18	16
227	120	19	17
229	115	18	16
230	111	19	16
231	108	19	17
231	107	19	18
232	108	19	17
233	111	19	18
234	115	19	19
235	120	19	18
235	129	20	18
236	133	20	18
235	138	20	18
235	140	19	17
236	144	19	17
236	147	19	16
238	149	18	16
237	152	19	17
239	154	18	17
240	155	18	17
242	156	18	16
242	155	18	16
244	154	17	17
246	152	17	16
248	151	16	17
251	150	16	18
252	150	16	16
253	149	15	15
254	148	16	16
255	147	16	16
257	146	16	16
260	146	16	16
260	145	17	17
261	145	17	18
264	145	18	17
267	146	17	17
267	145	17	16
268	144	17	15
271	145	18	16
273	144	17	17
272	142	18	17
274	142	18	17
275	142	18	18
276	141	17	17
276	140	18	16
277	140	18	15
276	140	18	15
277	140	18	16
277	139	19	17
278	150	19	16
278	155	18	16
276	156	19	17
277	158	18	16
276	158	18	16
277	157	18	15
276	156	18	16
276	155	17	16
276	152	18	17
275	149	18	17
275	145	17	18
274	142	18	17
272	140	18	16
273	138	18	17
271	136	19	16
270	134	18	17
270	133	18	16
267	130	18	17
267	129	18	16
264	129	18	17
263	128	18	17
261	129	19	16
260	131	18	16
259	133	18	15
257	137	18	15
255	140	18	16
256	142	17	17
254	143	18	17
254	145	19	17
252	146	18	17
252	149	18	16
251	151	18	15
252	150	17	16
252	151	17	17
253	152	17	17
253	151	17	19
253	152	17	18
252	153	17	17
254	152	17	17
255	150	18	18
255	149	17	17
256	146	17	17
256	144	17	18
257	141	17	18
256	140	18	18
259	138	16	18
257	133	17	18
256	131	17	18
256	129	16	18
255	128	16	17
254	127	16	17
251	124	16	16
250	123	17	16
247	123	18	17
245	123	18	17
245	124	18	16
243	125	18	16
240	129	18	16
240	133	18	16
236	136	19	17
236	137	18	17
234	138	19	16
233	141	19	17
233	143	19	16
232	144	19	16
231	143	19	17
231	143	19	17
230	143	20	17
232	143	19	17
231	143	20	17
231	143	20	18
232	143	20	17
231	142	20	18
232	141	20	18
232	139	20	19
232	140	20	17
231	139	20	18
230	139	20	18
231	138	20	18
231	137	20	19
230	137	19	18
232	136	18	17
232	136	20	17
232	136	19	17
232	136	19	17
233	138	19	17
234	137	19	17
236	137	19	17
238	135	18	17
238	135	19	17
241	132	19	18
242	131	19	17
245	129	18	17
245	129	19	17
246	127	19	17
248	126	19	18
248	126	20	18
250	128	18	17
249	129	19	17
249	131	19	17
249	132	19	17
248	133	19	18
248	134	20	18
247	135	19	18
246	136	19	17
245	136	19	17
243	136	19	16
241	135	19	17
239	135	20	17
237	136	19	17
236	135	19	18
234	133	19	17
232	131	18	17
230	129	19	17
230	127	19	17
227	125	19	18
226	124	20	17
224	122	19	17
223	121	19	18
221	119	18	17
220	119	18	17
219	118	18	16
217	119	19	16
216	120	20	17
216	123	19	17
216	126	18	16
217	128	19	16
218	131	18	17
218	130	19	17
219	130	18	16
220	131	18	16
222	130	18	16
222	131	18	16
224	130	19	16
225	130	18	16
226	128	19	17
227	127	19	17
228	126	19	17
228	125	19	16
229	124	19	17
228	123	19	17
228	124	19	17
228	126	20	16
228	127	19	16
227	129	18	16
226	129	19	16
226	130	19	16
225	133	19	17
224	132	18	17
222	133	18	17
222	133	17	16
221	133	17	16
218	130	18	16
217	130	18	16
216	128	19	16
214	127	18	16
214	124	18	17
212	123	18	17
211	120	17	17
210	120	18	17
209	120	19	17
207	119	18	17
207	119	19	17
206	120	18	16
205	120	19	16
206	120	18	17
205	122	18	17
205	123	18	17
205	123	18	17
205	126	18	17
205	127	18	17
205	128	19	17
205	128	19	17
205	130	19	16
206	131	19	16
206	131	19	16
205	131	20	17
206	131	19	17
206	127	20	17
207	123	20	18
207	121	20	18
207	120	20	18
207	118	21	18
208	118	20	18
207	118	20	18
207	118	20	18
208	118	19	18
206	118	19	18
207	119	19	17
207	121	18	18
207	123	18	16
206	123	18	17
206	125	18	17
205	126	18	16
204	128	18	15
204	129	18	16
202	130	18	15
202	131	18	15
201	131	19	15
198	118	20	16
198	118	20	17
199	118	19	17
199	119	18	17
200	121	18	15
200	122	17	15
200	123	16	16
201	124	16	15
199	124	16	15
199	124	17	15
199	123	17	16
198	123	17	16
199	123	18	16
199	122	18	17
199	123	18	17
199	122	18	17
199	122	18	16
199	122	19	17
200	123	19	17
199	123	19	17
201	121	18	18
201	122	19	17
200	123	19	16
201	123	19	17
202	124	19	17
201	124	20	17
202	123	20	17
201	123	20	17
201	124	20	17
202	126	19	17
202	126	20	17
200	125	20	18
201	127	18	17
199	128	19	17
199	125	17	18
199	123	19	18
200	123	17	18
200	123	16	17
199	124	17	16
201	123	16	17
201	123	16	17
203	121	16	16
203	121	17	16
205	119	17	17
208	119	18	16
210	119	18	16
211	118	19	16
215	119	18	16
218	121	19	17
221	122	18	17
225	127	19	17
229	130	18	16
230	132	18	16
233	132	19	16
235	132	19	16
236	133	19	16
239	131	19	17
243	129	18	16
244	128	19	16
244	125	19	17
246	123	18	15
247	122	18	16
246	118	19	16
248	118	19	16
249	121	19	16
250	122	18	15
252	126	17	15
252	127	17	16
253	129	17	14
254	131	17	15
254	134	17	15
254	137	17	15
255	136	17	16
258	137	16	15
258	137	16	14
260	137	15	14
261	136	15	14
263	135	16	14
266	131	15	15
269	129	16	14
270	128	16	14
272	126	16	14
274	124	17	15
276	122	18	16
278	123	18	15
279	125	17	15
281	128	17	15
284	131	18	16
286	134	17	14
287	135	17	15
290	137	18	15
291	137	18	15
294	139	17	15
294	139	18	15
295	140	18	15
297	141	18	15
298	141	18	15
300	142	18	15
301	141	18	15
302	139	18	17
303	137	18	17
304	135	18	16
304	133	18	16
305	132	18	16
305	131	17	16
308	131	18	15
309	130	17	15
310	130	17	15
312	132	18	16
314	133	18	16
315	135	17	16
317	135	18	17
318	138	17	15
321	139	16	16
323	141	16	15
327	145	16	15
329	147	15	15
329	148	15	15
332	150	15	15
334	151	15	15
336	151	15	16
336	154	17	15
337	153	17	16
339	153	18	15
341	152	17	16
342	151	17	15
344	150	17	16
344	149	18	16
345	145	18	16
346	143	17	16
347	141	19	16
346	138	20	17
348	136	18	17
346	135	19	16
347	133	20	16
346	133	20	16
347	134	19	16
347	135	19	16
347	136	20	17
347	140	19	17
347	142	19	16
348	148	19	16
346	152	20	17
347	154	20	17
347	156	20	17
349	157	19	17
349	158	20	17
350	160	20	17
351	162	20	17
353	162	20	17
355	161	19	18
358	159	20	17
359	158	20	17
363	156	20	17
364	155	20	17
367	152	20	17
367	151	19	17
371	149	19	18
372	148	19	18
375	146	19	18
375	146	19	18
375	145	20	18
377	146	18	17
378	148	18	16
378	152	18	17
379	153	17	17
379	154	17	17
378	155	17	17
376	157	16	16
374	157	16	16
372	158	15	14
370	157	16	15
364	153	16	17
362	152	17	17
356	151	17	18
351	148	17	17
349	147	17	16
346	146	18	16
343	143	17	17
340	142	17	16
335	140	18	18
332	140	18	18
330	140	19	18
328	140	19	18
328	139	19	18
326	140	20	18
326	139	19	18
324	139	20	17
324	140	20	17
324	140	20	18
323	141	20	17
324	145	19	17
323	146	20	17
323	147	19	17
324	146	20	17
325	144	19	18
326	141	18	16
327	136	18	16
328	134	19	17
328	131	18	17
328	130	19	17
327	129	19	17
328	130	18	17
326	130	19	17
324	130	19	16
324	131	20	16
322	133	19	18
321	134	20	18
319	137	19	17
317	137	19	17
314	138	19	15
313	139	19	16
305	136	18	17
304	136	18	17
301	136	18	15
298	133	17	16
296	131	17	16
292	127	17	15
288	124	17	15
287	123	16	16
284	122	17	15
281	121	16	16
280	120	17	15
277	119	16	15
276	119	16	16
275	121	16	15
274	123	15	15
271	125	15	14
269	130	16	15
268	135	15	15
269	137	15	14
270	136	15	14
270	136	15	14
270	134	16	15
270	129	16	15
272	127	16	15
272	121	17	16
272	121	17	16
271	117	17	17
271	117	18	17
269	116	19	17
269	118	18	17
267	118	19	17
268	119	18	16
267	124	17	15
264	132	17	16
264	137	18	15
262	140	18	16
260	142	18	16
259	142	18	16
257	142	19	16
256	141	19	17
255	140	19	17
255	136	18	16
254	133	18	16
253	129	18	15
253	124	18	16
252	121	18	16
250	118	18	16
252	116	18	16
250	115	18	16
248	114	20	16
248	113	20	17
246	116	19	17
245	118	19	17
245	121	19	17
242	126	19	16
240	127	19	17
239	127	18	17
238	131	19	17
235	133	18	16
233	134	19	16
231	133	18	16
228	131	18	17
227	130	18	16
224	123	18	17
222	122	19	17
220	121	18	16
213	115	18	17
210	118	19	17
207	122	18	17
206	126	19	16
206	127	18	15
206	128	17	15
204	128	18	17
205	130	19	17
203	131	18	15
202	126	18	16
202	124	18	16
202	119	18	17
203	115	17	15
202	112	18	16
199	108	18	16
199	105	17	16
197	104	19	16
197	105	18	16
195	105	17	16
194	106	18	17
193	111	17	16
193	115	17	15
191	121	16	16
190	123	18	17
188	125	17	17
187	126	17	17
185	129	18	16
183	128	18	15
185	127	17	16
185	123	17	17
184	119	16	18
182	118	17	17
181	118	17	15
181	116	16	16
181	116	16	15
182	112	15	17
180	109	16	17
181	107	16	17
181	107	16	16
180	106	16	17
181	107	15	16
181	111	15	16
181	115	15	15
181	120	16	16
182	121	16	16
182	122	16	16
182	121	16	17
182	122	16	17
183	123	16	15
183	122	16	15
182	118	16	16
181	116	16	16
181	112	17	17
183	113	16	17
180	110	17	17
179	107	16	17
177	103	16	16
176	104	16	16
171	102	17	15
169	102	17	15
168	103	17	15
164	105	17	16
163	107	17	16
161	112	16	16
156	116	17	16
155	117	17	16
154	118	16	16
152	117	16	16
151	118	17	16
150	119	16	16
150	117	16	17
148	115	17	17
150	112	16	17
150	111	16	16
150	111	16	15
149	110	17	16
150	108	17	17
152	107	16	17
152	108	17	17
150	108	17	18
151	111	17	17
152	113	17	18
151	117	17	17
153	117	17	17
152	117	17	17
152	117	17	18
151	118	16	17
150	118	16	16
149	118	17	16
148	118	16	15
145	115	17	16
146	116	16	15
144	116	15	15
140	114	16	16
139	114	16	16
135	114	17	15
133	114	17	15
131	116	16	14
128	117	15	14
127	118	15	15
125	118	16	15
123	119	15	16
122	119	16	16
119	118	17	16
118	119	17	16
118	118	18	17
117	119	17	16
117	119	16	16
117	118	17	18
117	119	17	18
118	119	18	18
119	120	18	19
120	120	17	18
121	120	17	18
122	121	17	18
124	122	17	19
126	125	16	17
127	127	17	16
131	128	16	17
130	129	16	16
133	130	18	17
134	131	18	18
135	133	18	17
136	133	17	16
139	133	17	17
141	131	16	18
141	130	16	18
143	130	16	17
144	128	16	16
143	128	17	16
145	125	17	16
145	123	17	16
146	120	17	16
146	118	17	16
148	113	16	17
147	112	16	17
148	108	18	17
148	106	18	16
149	105	17	16
151	104	18	15
151	105	19	15
153	107	19	15
154	109	19	16
156	111	17	15
157	114	18	16
159	118	18	16
160	121	19	16
162	122	18	16
170	128	18	16
172	124	18	16
173	119	18	16
173	114	19	17
173	109	18	17
173	104	19	18
173	101	19	19
172	100	20	19
173	102	19	19
174	103	19	18
173	106	19	18
173	111	19	18
172	115	18	17
173	120	18	17
174	123	18	17
174	127	18	16
175	127	19	16
177	128	18	16
176	127	19	16
178	128	18	16
180	125	18	17
182	122	18	16
182	120	19	17
186	118	18	17
186	118	19	17
190	116	18	16
191	115	18	16
193	112	18	16
194	111	18	16
196	111	19	17
197	110	19	17
200	112	18	16
200	112	19	17
202	114	18	16
204	117	18	16
205	120	18	16
207	123	18	17
208	124	19	16
209	127	18	16
210	128	19	16
211	129	19	15
212	128	19	15
213	128	18	15
214	128	18	15
215	129	18	15
215	130	18	15
215	130	18	16
216	130	18	15
216	130	18	15
217	130	18	15
216	130	19	15
218	130	18	15
218	131	18	15
220	130	18	16
219	130	17	15
220	131	17	15
221	131	18	15
220	129	18	15
221	128	17	15
221	126	16	14
221	126	17	15
220	125	17	15
220	124	18	16
220	125	17	16
220	128	17	15
221	130	17	15
220	130	16	16
219	132	16	15
215	134	17	15
215	133	17	16
212	131	16	16
211	131	16	15
208	131	18	15
207	130	16	16
207	129	16	15
206	129	17	15
205	128	17	15
205	129	17	15
204	129	17	14
204	130	16	14
204	129	17	14
205	128	17	15
205	128	17	15
206	130	16	14
206	130	17	15
209	130	16	15
210	131	16	15
213	131	16	15
214	131	16	15
216	132	17	15
219	131	17	15
222	131	16	15
222	131	17	15
225	130	17	15
227	130	17	14
228	128	17	15
229	128	17	16
229	128	18	16
230	128	18	16
229	131	17	15
230	130	17	16
230	131	17	16
228	134	17	15
228	136	17	15
224	134	17	16
223	135	18	15
221	134	17	16
219	135	18	15
216	134	18	15
215	134	18	15
214	133	17	15
211	132	17	15
210	131	18	16
208	130	18	15
208	131	17	15
205	130	17	15
207	130	17	15
209	131	18	14
211	130	18	16
212	129	18	15
214	127	17	15
218	121	18	16
219	119	18	16
222	115	18	15
226	108	18	16
227	104	18	17
229	99	19	17
233	91	19	18
236	81	19	19
239	75	19	19
242	63	19	19
246	51	18	17
246	45	19	18
249	36	19	18
251	31	19	18
254	28	18	20
256	23	20	22
257	23	21	22
261	25	20	21
