328	182	25	78
327	182	25	76
326	181	26	77
327	182	26	76
325	183	27	77
324	182	26	76
325	184	27	76
325	184	27	76
325	183	27	76
324	183	27	76
325	183	27	75
325	182	26	77
325	182	27	77
324	182	26	77
325	183	26	77
324	183	27	76
324	184	27	76
325	184	27	75
325	186	27	77
325	184	27	77
324	185	27	77
325	185	27	76
326	185	27	78
327	184	26	78
327	185	26	78
327	185	27	78
328	185	27	78
328	187	26	78
330	187	26	78
330	187	26	78
331	187	27	79
331	187	27	80
332	186	27	80
332	187	28	80
332	188	28	78
333	188	27	79
332	189	27	79
331	191	28	78
331	191	27	79
332	191	27	79
331	191	28	80
333	190	28	81
334	191	28	81
334	191	28	81
335	192	29	81
336	193	30	79
337	194	31	79
339	194	33	80
341	196	32	79
345	195	31	81
347	195	30	82
351	194	27	81
352	195	28	78
354	197	27	78
355	197	28	80
355	197	28	80
357	198	29	81
360	198	27	80
363	198	27	80
364	197	28	80
365	197	28	78
367	197	28	80
367	198	29	80
369	198	29	81
369	198	31	82
370	199	31	81
372	200	30	81
373	200	30	82
374	201	30	82
375	201	30	82
377	200	30	82
378	199	29	83
379	200	29	83
380	199	30	84
381	200	30	83
381	201	30	84
382	202	30	82
381	203	31	83
382	204	31	85
382	204	31	84
382	204	31	83
382	203	31	83
382	204	31	82
383	204	31	85
383	203	31	85
384	205	31	85
385	205	31	85
385	206	31	83
386	207	32	83
386	207	33	85
388	207	33	85
389	207	33	86
389	206	34	86
389	205	35	85
320	177	30	77
325	178	28	77
325	177	28	77
329	176	29	77
335	175	27	76
341	175	25	76
337	176	27	75
340	175	27	76
347	175	26	75
349	176	28	75
347	176	31	76
356	177	27	77
360	177	27	76
360	176	26	76
362	177	26	75
359	177	30	75
363	176	30	76
366	177	30	77
367	177	32	76
368	177	31	77
372	177	30	76
374	177	30	77
373	177	35	76
375	177	38	77
375	178	37	76
389	174	33	84
390	178	33	74
393	177	30	77
394	182	29	71
396	186	30	68
413	212	33	93
417	211	32	94
416	211	33	94
417	211	32	95
418	211	32	94
419	214	32	93
420	213	33	96
422	216	32	93
422	217	31	92
423	214	32	95
423	219	32	90
424	216	32	94
424	219	33	92
425	218	32	93
425	219	32	91
426	220	31	90
426	221	32	90
428	221	31	89
428	220	32	91
428	220	32	89
430	222	33	89
430	222	34	91
431	221	34	92
433	222	35	91
433	223	36	90
434	223	37	91
435	225	37	89
444	223	34	93
445	228	33	89
447	226	31	93
448	226	32	92
448	227	32	92
450	227	32	93
450	230	32	89
449	228	34	92
450	226	34	93
450	225	35	94
449	228	35	92
448	228	35	93
449	229	33	93
447	228	33	94
447	229	33	93
444	234	32	90
442	232	33	92
440	232	32	92
438	232	31	93
436	231	31	94
434	229	31	94
431	230	31	94
430	229	33	96
425	230	35	95
421	231	37	94
420	231	38	95
420	230	37	95
418	231	36	96
415	230	35	96
415	230	34	97
414	230	33	96
413	231	33	96
412	232	33	95
410	232	34	95
409	232	33	95
409	233	33	94
409	233	33	94
408	234	33	95
408	233	33	95
407	233	34	96
406	233	33	95
406	232	34	95
405	233	34	95
405	233	34	95
406	233	34	94
404	233	34	95
404	233	34	95
403	234	34	96
402	234	35	97
401	236	36	97
400	237	34	96
400	237	34	98
397	237	34	98
398	238	34	95
397	236	34	99
396	237	34	98
395	238	35	99
395	238	34	99
395	240	35	99
395	240	35	99
395	242	35	100
396	242	34	99
396	242	34	99
396	241	35	98
396	241	35	99
396	241	36	100
395	241	36	101
396	242	36	101
396	243	36	101
396	244	35	100
395	245	35	100
395	248	35	100
395	249	35	99
394	250	35	98
394	250	35	98
394	249	36	99
394	250	36	100
395	249	36	100
396	250	36	100
397	252	35	100
397	253	35	100
399	253	35	102
399	253	36	101
400	253	37	102
401	252	38	103
403	252	37	103
405	252	37	104
407	252	36	104
408	254	36	104
409	255	36	103
410	257	37	104
410	257	37	106
411	258	37	106
412	258	37	106
412	259	37	106
414	259	37	106
415	260	37	106
416	261	37	105
417	262	37	105
418	263	37	104
419	266	37	105
422	266	37	105
423	266	38	106
425	267	37	107
426	268	38	107
427	269	38	108
428	271	38	106
428	273	38	108
428	276	38	108
428	276	37	108
430	276	38	107
430	275	38	106
431	275	40	110
432	275	42	112
434	278	44	110
436	277	43	111
436	277	43	110
438	278	44	111
441	278	42	112
445	278	40	112
446	278	39	113
448	280	39	112
448	283	39	113
449	286	39	116
449	288	40	114
449	289	41	112
450	288	40	111
450	288	41	114
449	287	42	115
450	288	42	116
451	290	41	116
451	291	40	115
452	292	41	115
452	292	40	115
453	291	40	116
454	291	39	117
454	291	38	116
455	291	36	116
452	291	37	116
452	291	37	116
449	291	38	116
448	291	39	117
447	291	39	117
446	291	40	116
445	291	40	117
445	290	39	117
444	291	40	116
442	290	41	116
442	290	41	117
441	290	40	116
440	289	41	116
440	289	42	115
438	289	43	117
434	288	45	116
433	289	47	116
433	289	45	114
432	290	45	114
431	287	44	114
430	287	42	111
429	287	41	112
427	286	41	112
426	286	42	114
425	286	42	113
425	286	42	114
425	286	41	114
425	286	41	114
425	285	40	114
425	283	40	113
425	281	40	109
425	279	40	109
425	277	40	112
425	276	40	112
425	276	39	112
425	275	39	110
424	276	39	110
423	276	39	111
422	276	39	109
422	274	38	109
420	272	38	105
419	271	38	106
418	269	39	107
418	268	39	108
418	268	39	108
417	268	39	107
417	268	39	107
418	268	39	107
418	268	38	108
419	268	38	107
419	266	38	104
420	265	38	103
420	261	38	105
422	257	37	102
422	257	37	106
423	255	37	101
424	253	36	101
423	250	36	102
422	248	36	102
423	248	36	103
424	249	37	103
426	248	36	101
427	249	36	100
428	248	35	100
429	246	36	98
431	245	36	99
431	245	36	99
431	244	36	99
431	246	36	97
432	245	36	98
432	245	36	98
432	245	35	99
433	244	35	98
432	241	35	100
433	239	35	97
433	238	36	98
433	238	36	99
433	237	36	99
434	237	36	100
435	239	36	98
436	239	35	96
437	240	35	97
439	240	35	96
440	238	34	98
441	234	34	99
442	236	34	96
443	233	34	99
444	232	35	100
445	232	36	100
445	232	35	100
445	232	36	100
445	233	36	99
446	231	36	102
447	232	35	99
448	233	34	96
447	234	34	95
447	234	35	95
448	235	34	94
448	234	34	95
449	234	34	95
449	234	34	94
455	233	35	93
458	231	34	95
459	234	35	92
461	231	33	95
461	232	35	93
460	234	36	92
463	238	34	88
462	232	35	93
462	232	35	88
464	230	34	89
464	227	34	92
464	231	33	89
464	226	33	93
463	225	35	94
462	224	34	96
463	221	34	98
462	222	33	94
463	221	32	94
463	223	32	91
462	220	32	95
462	221	32	94
457	221	35	95
454	217	39	98
448	219	43	96
447	221	44	93
439	221	47	93
435	226	36	86
433	222	34	89
432	221	31	90
430	221	31	89
428	220	32	90
426	220	32	89
425	220	32	90
424	220	31	90
421	220	30	90
417	218	29	90
416	218	30	89
415	218	31	89
413	218	32	90
413	217	32	91
413	218	32	89
413	218	32	90
413	218	32	90
413	218	31	88
413	217	31	89
412	217	31	89
412	215	32	89
412	214	32	89
412	214	32	89
412	214	32	89
413	216	32	88
414	215	32	88
413	215	32	88
413	215	32	86
413	213	32	88
414	213	32	87
413	211	31	89
413	212	31	88
410	212	33	88
411	213	33	87
410	213	33	87
408	211	32	86
408	211	32	86
409	210	31	87
408	210	33	87
409	210	32	86
410	210	32	86
411	209	32	86
412	208	33	87
414	208	33	87
415	207	32	87
416	207	32	87
416	208	33	87
418	209	33	86
418	209	33	85
420	207	32	84
420	207	31	84
421	205	32	86
422	205	30	85
423	204	31	86
424	207	32	83
426	206	32	83
427	208	31	82
430	206	31	83
432	208	30	79
433	204	30	83
434	203	30	84
435	201	31	86
435	199	31	87
435	204	32	83
437	199	29	86
438	201	30	85
440	204	30	83
440	203	30	82
441	204	30	80
442	204	30	77
444	202	28	78
445	201	28	79
446	204	28	76
448	208	27	73
447	207	28	71
448	205	29	74
450	209	27	70
450	207	27	71
449	205	26	73
451	207	26	69
452	205	25	70
451	207	25	70
453	208	25	69
452	208	25	69
453	206	26	70
453	205	25	71
453	206	25	71
453	204	26	73
453	205	26	71
454	206	27	70
453	206	27	68
453	205	26	68
453	204	25	68
453	203	25	69
454	208	25	65
453	207	24	66
454	206	24	66
454	205	24	68
455	202	24	70
454	208	25	65
455	204	25	67
455	204	26	67
454	199	27	71
454	197	26	72
455	197	26	73
454	201	26	68
452	203	27	66
454	200	27	69
454	208	27	62
455	203	27	66
453	199	26	69
451	204	27	65
449	199	28	67
446	203	29	66
446	198	33	70
443	195	34	73
441	193	33	77
437	197	35	71
437	201	35	67
435	198	29	70
435	199	26	68
432	203	25	65
428	202	25	65
425	198	28	68
417	193	34	74
415	193	37	73
410	189	40	76
410	191	38	74
409	191	38	74
405	188	30	76
403	186	27	78
398	187	24	77
395	189	25	74
387	187	30	75
383	187	32	76
381	188	33	77
379	187	33	79
379	187	32	79
377	184	27	80
376	185	27	78
375	185	24	78
372	185	24	77
370	186	25	78
367	187	26	75
363	186	29	76
359	186	31	77
355	185	33	77
352	184	33	77
351	183	34	78
349	184	33	78
348	183	32	78
345	182	28	77
345	182	26	78
343	182	25	77
341	182	26	77
338	183	27	77
337	183	27	77
334	182	27	77
331	182	27	77
329	181	26	78
327	181	25	76
327	180	24	75
326	180	25	76
324	181	25	76
320	180	27	76
318	180	29	76
317	180	29	77
315	180	30	76
316	181	28	76
314	181	28	77
314	180	28	77
312	178	27	77
310	178	27	76
309	178	27	76
307	178	27	76
306	178	27	76
306	178	27	76
306	178	27	76
306	179	27	75
305	178	27	75
305	178	27	74
305	178	27	74
306	177	27	74
305	177	27	75
305	176	27	76
306	176	26	75
306	175	26	76
308	176	24	75
308	176	24	75
309	175	24	74
309	176	24	74
309	175	24	74
308	175	24	74
307	175	25	74
306	174	25	75
304	173	26	76
304	173	27	75
304	174	27	76
301	174	28	75
301	174	28	75
299	175	28	74
299	175	28	74
298	176	29	73
297	177	30	73
295	174	28	74
295	175	27	72
294	173	25	75
295	173	25	74
293	173	25	75
293	173	24	74
293	174	23	71
293	173	24	71
293	173	23	71
292	173	23	71
293	174	22	71
292	174	24	71
292	174	24	72
291	174	25	71
290	172	26	71
288	172	26	74
288	172	26	73
288	172	26	72
288	173	26	73
289	174	26	72
289	174	26	74
288	173	27	71
289	172	26	72
289	172	26	73
288	172	27	73
288	172	26	73
289	172	26	73
289	171	26	73
290	172	26	75
290	173	26	74
290	172	26	74
291	172	25	73
291	171	24	71
292	172	24	71
293	171	25	72
294	171	24	72
294	170	25	71
295	170	25	71
296	172	26	71
297	172	30	71
298	173	30	71
298	172	31	71
299	171	31	71
300	172	31	72
304	171	28	72
305	172	27	72
308	172	26	72
311	172	24	71
315	171	23	71
316	172	24	71
317	171	27	71
319	170	28	71
319	172	29	70
320	172	28	71
322	173	28	72
324	171	28	74
326	171	29	74
330	171	27	73
334	171	24	74
336	171	23	72
336	171	24	72
338	171	24	73
339	172	27	73
342	171	29	73
343	171	30	73
343	171	30	73
345	170	29	74
347	171	27	73
350	172	25	73
353	171	24	72
358	172	21	70
359	172	22	71
362	172	22	71
362	171	26	70
363	171	29	71
363	170	28	73
363	170	30	74
363	171	32	74
366	170	31	73
366	170	30	74
369	170	29	71
372	170	27	70
378	172	22	67
380	173	21	66
382	171	21	66
383	171	21	66
384	172	22	65
385	170	23	69
386	172	23	65
388	172	26	66
388	173	28	69
390	173	28	68
394	177	26	66
397	169	25	73
399	169	25	72
402	170	24	72
403	170	25	71
404	171	24	71
406	173	22	68
407	175	22	66
407	171	24	69
407	173	24	67
408	172	24	69
409	170	26	72
409	167	27	74
411	170	27	69
410	168	28	73
413	170	27	70
416	170	25	66
421	169	22	60
420	172	23	57
421	176	23	62
422	173	24	66
421	176	24	64
422	178	25	62
423	181	25	60
422	179	25	61
425	185	23	58
426	185	23	57
427	177	25	62
426	177	25	63
428	178	26	62
429	180	25	59
428	178	24	61
428	182	25	59
429	194	22	52
430	194	22	50
429	190	23	52
428	192	22	50
426	192	22	48
426	188	21	50
425	186	23	50
426	178	23	55
425	177	23	55
423	177	25	54
423	174	26	57
422	173	29	64
420	169	30	69
421	170	30	66
419	168	27	62
414	175	25	64
411	169	24	70
409	168	27	70
407	169	28	68
405	182	27	59
403	167	25	70
404	170	26	71
403	170	25	70
399	169	25	69
399	169	25	69
395	170	25	69
394	175	24	65
390	172	26	67
390	171	24	68
386	172	25	67
385	175	25	67
382	172	26	70
382	172	24	69
380	172	23	69
379	170	23	72
378	172	23	70
376	172	22	69
374	171	23	69
373	171	23	69
371	172	24	71
369	172	24	71
367	172	24	71
364	171	24	72
362	171	24	73
359	171	23	72
358	172	24	71
355	171	25	72
352	172	26	71
346	170	30	73
346	171	30	73
345	171	30	73
343	171	28	74
340	171	26	75
337	170	24	74
336	171	24	73
334	171	23	73
330	172	25	72
327	172	27	72
326	173	28	72
323	172	29	72
323	174	28	72
321	173	27	73
320	172	26	73
318	173	24	72
317	172	23	73
315	172	23	72
301	173	27	71
300	172	28	72
297	171	26	73
293	172	26	73
292	172	24	72
290	171	24	73
288	171	24	72
285	171	27	73
281	173	30	73
280	172	31	74
278	172	30	74
277	173	29	73
274	170	26	75
271	173	25	74
269	173	23	72
266	171	24	73
266	173	25	72
263	173	26	73
260	176	27	71
260	178	27	68
258	177	27	71
259	181	26	66
260	185	24	61
259	186	23	61
261	187	23	60
261	188	23	59
259	184	25	62
260	180	25	67
260	183	27	63
260	184	27	62
261	184	27	63
261	183	27	65
262	172	28	74
263	179	28	68
263	173	27	74
265	174	27	73
270	173	25	74
270	170	25	76
275	172	24	73
275	172	24	73
277	173	26	73
278	173	26	73
279	172	28	73
281	171	30	74
281	172	30	75
284	172	28	73
286	171	28	74
292	172	24	73
294	172	23	73
295	173	23	72
296	173	24	71
298	173	26	72
299	173	27	71
300	173	28	72
302	173	28	73
306	172	26	73
309	173	25	72
313	173	22	71
315	172	22	71
316	173	24	71
316	173	27	71
317	172	29	72
319	172	29	72
319	173	29	71
320	173	29	72
320	173	28	72
324	173	27	72
328	172	25	72
331	172	23	71
334	173	23	72
335	173	23	71
336	173	24	71
337	172	25	72
337	173	26	72
337	172	27	73
338	171	28	73
340	171	28	74
340	171	29	75
344	169	27	75
345	170	27	73
358	171	28	73
358	171	28	71
359	171	29	72
362	171	29	71
362	170	30	72
364	170	29	73
366	170	27	73
369	170	24	72
373	170	23	70
373	171	23	69
375	170	22	71
376	170	23	72
377	171	23	71
378	172	24	70
379	172	24	71
380	175	25	67
381	173	24	68
384	172	23	67
387	172	22	66
387	171	23	67
388	173	24	66
387	172	24	67
389	171	24	68
389	174	24	66
389	174	24	66
389	174	24	65
389	174	24	64
390	176	24	63
390	172	25	67
390	173	25	68
390	174	25	68
389	173	26	70
390	173	26	71
390	175	24	68
389	174	26	67
390	177	25	65
390	175	25	69
390	175	25	72
390	176	26	68
390	173	26	71
389	174	26	69
389	177	25	69
389	175	26	70
388	175	26	71
388	174	26	73
388	175	26	70
388	177	26	72
387	176	26	71
386	176	25	72
386	175	25	74
384	175	25	74
383	175	24	72
382	176	25	71
382	176	24	68
381	177	24	72
381	177	24	74
380	177	23	74
378	176	24	75
377	177	24	74
376	176	24	75
373	176	25	75
373	176	25	75
371	178	26	74
370	177	26	75
367	179	27	74
366	178	28	74
364	178	27	75
363	178	28	75
361	178	28	75
359	177	26	76
359	178	25	75
356	176	24	76
356	178	25	73
354	178	25	75
352	178	26	74
350	179	27	74
349	180	26	73
348	180	26	73
347	178	26	75
345	179	26	72
346	179	25	70
344	178	25	73
343	179	26	74
341	178	26	75
340	179	26	74
338	179	27	74
336	180	28	74
334	180	28	75
333	180	27	76
331	179	28	77
330	179	27	76
328	179	27	77
327	179	26	77
328	180	25	77
326	179	26	78
325	180	27	78
324	180	27	77
324	181	27	77
324	182	26	77
324	182	25	76
323	182	25	76
322	182	26	76
322	181	25	76
322	181	26	77
320	182	26	78
320	181	26	78
319	183	27	77
319	183	27	78
317	183	26	77
316	183	26	78
316	183	27	78
315	183	26	78
315	183	26	77
315	182	26	78
314	182	27	78
314	182	27	78
314	183	27	78
315	184	26	78
316	184	26	78
317	185	26	79
318	186	27	78
318	186	27	78
319	186	26	78
321	186	26	79
321	186	26	80
323	186	27	79
323	187	26	78
324	188	26	78
324	190	26	77
325	189	26	78
326	190	27	77
328	189	27	79
328	189	28	80
330	190	27	80
331	190	28	80
331	191	28	79
332	190	29	82
334	190	29	80
335	191	29	80
336	193	30	79
337	194	31	79
340	194	31	78
342	194	30	79
346	194	28	81
348	195	27	78
350	196	26	74
352	195	26	79
353	197	27	77
353	198	29	77
356	198	28	79
357	198	28	80
359	197	28	81
359	197	29	81
363	197	27	80
364	197	28	78
365	197	28	80
367	197	30	80
368	198	30	81
370	199	30	79
371	200	30	79
372	200	30	81
373	200	30	82
375	200	30	82
376	200	30	82
377	199	30	83
379	200	29	84
381	199	29	83
381	200	30	84
382	199	30	83
383	201	29	82
384	203	29	83
384	202	30	82
385	204	30	83
385	202	31	85
386	202	31	85
387	203	32	85
386	203	32	85
388	204	31	85
388	204	31	85
389	205	30	84
389	205	30	83
389	207	31	84
391	208	31	84
391	209	32	83
392	208	31	84
392	207	32	85
393	207	32	86
392	208	32	86
393	209	32	85
392	211	33	84
392	211	32	84
390	211	32	84
390	212	32	85
389	212	32	83
390	211	33	85
388	211	33	85
388	211	33	86
386	211	33	86
386	210	33	87
385	211	32	87
385	211	32	87
384	212	31	85
383	213	31	86
382	213	31	86
381	214	30	85
379	214	29	85
377	214	30	85
375	213	31	86
374	213	31	87
372	213	31	87
371	214	32	87
370	215	32	86
368	215	33	87
367	215	33	87
364	217	34	87
362	216	33	88
361	214	32	89
359	214	31	90
358	215	32	89
357	215	32	91
356	216	32	90
356	216	33	90
355	218	33	90
354	219	33	90
354	219	32	90
354	219	32	89
352	220	33	90
350	221	33	90
346	223	33	91
346	224	33	90
342	224	34	90
342	223	34	91
338	223	34	92
339	222	33	93
337	223	33	93
334	224	33	92
331	225	32	93
330	225	31	93
328	225	31	94
326	225	31	93
323	226	32	93
316	226	33	94
311	227	39	94
307	228	41	95
303	229	42	95
302	228	40	95
299	229	34	94
297	229	32	95
295	229	33	95
293	230	33	93
290	231	32	93
287	231	34	93
283	233	37	93
281	232	38	94
278	232	38	94
279	233	38	94
276	233	36	95
275	233	35	95
271	233	31	94
266	232	31	94
264	233	32	93
261	234	34	94
251	234	40	94
247	233	43	95
244	234	43	95
244	234	42	94
241	234	37	96
238	234	34	96
236	235	33	96
235	236	33	93
232	236	33	93
231	237	33	92
229	239	33	93
227	240	34	93
224	241	34	94
220	242	33	96
216	243	32	95
211	242	32	94
208	243	35	94
205	243	36	95
198	245	41	95
193	246	45	95
188	249	50	94
184	252	51	96
181	256	50	93
180	256	46	93
178	253	35	96
176	253	33	97
154	256	41	94
148	254	42	98
146	255	38	98
144	254	31	97
142	255	29	96
136	256	31	94
133	256	34	94
126	256	38	94
124	256	40	95
122	256	40	96
120	256	42	96
119	256	41	96
119	255	38	97
118	254	35	98
117	255	34	97
115	255	35	97
115	256	35	97
114	255	35	97
114	256	36	96
115	255	35	96
115	255	36	97
116	256	37	98
117	257	37	97
118	258	38	98
119	256	39	99
121	256	38	99
122	256	39	99
124	256	39	99
129	256	37	102
131	257	36	98
132	258	36	98
134	259	34	98
135	260	35	99
137	260	36	99
139	260	37	99
141	259	37	99
143	259	37	99
145	259	38	100
148	259	37	99
148	259	36	100
150	260	36	99
152	260	37	98
154	262	39	98
158	261	39	101
161	262	39	101
167	261	38	101
170	261	39	102
171	262	39	102
173	263	39	103
174	263	38	101
176	264	39	101
177	265	39	101
178	265	38	102
180	265	39	102
182	264	39	103
184	264	39	103
185	264	40	103
188	264	39	102
188	264	38	102
192	265	38	101
195	266	40	101
197	268	40	100
200	268	40	101
200	268	41	102
202	267	41	103
206	267	41	104
208	267	40	104
213	266	41	106
214	267	42	104
217	268	40	105
219	268	40	105
221	269	39	104
224	271	38	104
226	271	38	104
230	271	38	105
232	271	38	105
235	270	37	105
237	270	37	105
238	270	37	105
