491	93	97	53
489	89	89	59
483	88	87	60
480	87	91	60
477	87	87	61
474	87	91	61
470	87	92	60
467	88	90	60
463	88	93	60
460	88	91	60
455	89	95	61
454	88	89	60
450	88	93	60
447	88	91	60
443	87	92	61
439	88	94	60
436	89	94	59
434	89	93	60
429	88	91	60
425	89	93	60
422	88	93	60
419	88	92	60
416	88	93	59
413	88	93	59
412	89	91	58
406	88	90	59
407	89	91	58
401	88	92	58
398	89	93	58
395	90	92	56
391	89	93	56
390	89	89	58
386	89	92	56
382	90	91	57
379	90	92	55
376	91	93	55
372	91	94	54
371	91	93	54
367	91	92	55
363	91	92	55
365	92	86	55
357	92	90	55
356	92	90	56
355	92	87	56
347	91	92	58
346	91	92	59
343	91	94	58
338	91	91	60
335	92	94	60
331	92	95	61
328	92	94	61
324	91	95	63
322	91	94	62
318	91	95	63
315	91	96	63
310	92	98	63
307	91	98	63
305	91	96	62
301	92	99	62
299	91	96	64
296	92	98	64
294	92	93	63
288	92	95	63
286	92	96	63
285	92	96	63
283	91	95	65
281	91	94	63
278	94	92	61
275	93	94	62
272	92	93	63
269	91	92	64
266	94	93	62
262	93	92	63
259	93	93	64
259	93	89	63
254	92	92	63
252	93	90	63
251	92	89	63
248	92	89	63
243	93	92	62
241	94	91	63
237	93	94	63
236	94	89	63
232	94	91	62
229	93	92	63
226	92	93	63
222	93	95	63
219	95	97	62
217	94	97	63
214	96	93	62
208	96	93	62
206	95	94	63
204	95	98	64
200	95	89	63
197	95	91	63
194	95	91	62
193	95	90	66
187	95	93	66
186	95	92	64
182	95	93	63
179	95	93	65
176	94	94	62
173	95	93	64
171	95	93	64
170	95	89	62
166	95	92	61
162	95	89	60
160	95	91	59
157	95	91	60
155	94	92	59
152	95	93	60
149	94	95	61
146	94	95	61
143	95	95	62
146	95	101	62
175	96	94	60
186	93	103	61
212	91	95	62
227	94	103	63
249	92	98	62
272	93	98	61
288	92	100	62
310	92	99	61
325	91	96	63
317	91	93	63
320	89	89	62
315	91	91	62
314	91	90	61
312	90	89	62
309	92	89	62
309	90	88	62
305	89	89	63
304	90	89	62
302	89	88	63
299	90	91	62
298	90	88	62
294	90	90	62
294	90	89	62
291	90	88	62
288	90	90	62
287	90	88	62
283	89	89	63
282	89	89	61
280	89	88	62
277	89	89	61
276	89	88	62
273	90	89	62
273	89	88	62
270	89	88	62
268	89	89	61
267	89	87	62
264	89	88	62
262	89	88	62
260	88	87	62
258	88	88	62
256	88	87	62
254	88	87	62
253	88	87	62
252	87	86	63
249	87	87	63
249	87	86	62
246	87	87	63
244	88	86	62
242	87	87	62
240	87	86	62
239	87	86	62
237	87	86	62
235	87	85	62
234	88	86	61
232	86	86	62
230	87	86	62
228	87	85	62
227	87	85	62
225	87	85	62
223	87	85	61
221	87	85	61
219	87	85	61
217	87	85	61
215	88	85	61
214	87	85	61
212	87	85	61
219	86	98	61
248	88	86	59
264	85	97	62
288	85	87	61
309	88	85	59
298	87	83	60
303	85	85	61
296	86	86	60
296	85	86	61
296	84	85	61
294	86	83	60
292	85	84	61
289	85	84	61
288	85	85	61
288	85	82	60
285	85	83	60
284	85	85	61
280	84	83	61
280	85	84	60
279	85	83	60
276	85	84	60
276	85	82	60
273	86	83	60
272	85	83	59
270	85	82	59
268	85	82	59
267	85	83	59
265	86	82	59
263	85	83	59
263	86	82	59
261	86	80	59
258	85	83	59
257	85	81	60
255	84	82	59
253	86	82	59
252	85	81	59
250	86	82	59
249	86	81	59
247	85	81	58
245	85	81	58
243	85	81	57
241	85	82	58
241	85	81	58
238	85	82	58
238	85	81	58
235	85	82	58
234	85	81	58
232	85	81	58
229	84	82	58
228	85	81	58
226	84	81	58
224	85	81	58
222	85	81	58
220	84	81	58
218	84	81	59
217	84	80	58
215	84	81	57
214	83	80	59
213	83	80	59
211	83	80	59
208	82	81	59
207	83	81	59
205	83	81	59
204	82	80	60
203	83	80	59
201	82	80	59
199	82	81	59
197	83	81	59
196	82	80	59
195	83	80	58
194	83	79	57
190	82	81	58
188	84	81	58
188	83	79	57
185	84	80	57
184	85	79	56
183	85	78	56
182	85	79	56
179	84	80	56
179	85	79	55
176	84	79	56
175	84	80	55
174	84	78	55
173	84	78	56
171	85	79	56
170	84	78	56
169	84	78	56
167	84	78	56
167	84	77	56
165	83	78	57
163	84	78	56
161	84	78	56
161	84	78	56
158	83	78	56
158	83	77	56
156	83	78	57
151	83	81	56
151	83	78	56
150	82	77	56
149	82	77	56
148	82	77	56
146	83	78	55
146	82	77	56
145	83	77	56
144	82	76	56
143	82	76	56
141	82	76	56
142	82	75	56
140	81	76	56
139	82	77	56
139	81	76	56
138	82	76	56
137	82	76	56
136	82	76	56
136	81	75	56
135	82	75	56
134	80	75	56
134	81	75	56
133	82	75	56
133	81	75	56
133	82	76	56
132	82	76	56
132	81	75	56
131	81	76	55
131	81	75	55
131	81	76	55
131	81	75	55
131	82	75	56
131	81	75	56
131	82	75	56
131	82	75	56
131	82	75	56
132	81	75	56
130	81	76	56
131	81	75	56
131	82	76	55
131	82	75	55
132	82	75	56
131	82	75	55
132	82	75	56
