396	322	105	134
400	318	98	138
402	317	98	139
403	315	97	140
406	314	97	141
408	311	97	142
410	311	96	143
412	310	96	144
415	308	94	145
417	306	95	146
418	305	94	147
421	303	94	146
423	302	93	149
425	302	93	140
427	301	93	131
428	301	93	126
429	299	93	127
432	297	92	137
433	297	92	131
436	295	91	134
438	294	90	127
439	294	91	124
441	292	91	127
444	291	89	131
446	290	88	126
447	290	89	123
449	289	88	123
450	287	87	122
453	286	88	125
454	284	86	128
457	283	85	123
458	283	85	126
461	281	83	125
462	282	84	127
464	281	82	123
465	278	81	125
467	278	82	123
468	276	81	122
470	276	81	121
471	275	82	122
474	275	80	120
475	273	79	121
477	272	78	120
479	272	78	119
480	270	78	118
480	269	78	117
472	269	82	119
461	268	78	116
452	266	80	118
441	266	80	116
430	265	79	117
421	263	79	114
408	264	80	117
400	262	76	113
388	261	81	115
378	262	80	112
370	261	81	113
359	261	76	108
364	259	78	108
366	260	73	106
367	258	72	104
368	257	72	105
370	257	73	105
371	256	71	104
372	255	72	105
373	255	73	103
373	254	73	102
374	253	72	102
374	252	71	102
377	252	70	101
376	251	73	100
377	251	74	100
379	249	73	100
379	249	73	100
381	248	76	97
380	247	70	98
382	246	69	98
383	247	67	97
382	245	69	99
383	244	72	96
383	244	71	97
384	244	76	97
382	242	74	96
385	243	72	96
384	242	71	95
386	240	72	96
385	240	71	95
387	241	70	94
386	238	72	95
386	240	71	93
387	237	67	92
387	239	63	92
390	236	65	93
389	236	66	93
389	236	68	92
390	235	69	92
391	234	71	91
390	235	64	90
392	232	65	92
391	233	64	90
392	231	64	91
391	231	63	89
394	232	59	88
394	230	62	89
393	232	58	88
393	229	58	88
396	230	58	88
397	229	60	88
396	228	57	89
396	227	56	88
397	228	57	86
398	226	58	87
398	226	59	86
398	225	58	87
399	224	59	88
399	225	63	84
410	225	73	85
424	219	72	90
427	222	85	90
445	222	71	86
453	221	73	86
460	222	66	83
457	221	68	84
458	220	62	83
457	221	59	82
457	218	58	81
460	221	59	80
458	218	57	82
461	220	55	79
459	219	56	80
460	219	55	80
459	218	55	79
460	219	54	77
459	217	53	77
462	217	53	78
460	216	52	79
459	216	55	77
459	217	53	75
461	217	53	75
460	217	51	75
459	215	55	75
459	215	54	75
459	215	55	75
459	217	55	72
458	216	55	73
460	216	57	72
459	212	55	75
457	213	52	74
460	211	53	75
458	209	53	78
459	207	56	78
458	208	56	77
456	207	58	78
458	207	61	75
456	205	56	77
456	205	57	78
455	202	57	79
454	199	59	81
455	201	62	77
454	200	62	77
453	197	61	81
455	197	61	82
453	201	60	78
455	200	60	77
454	200	55	75
453	201	58	75
452	196	58	81
452	196	59	80
453	194	63	82
453	196	66	80
453	196	62	78
451	198	60	77
451	196	64	77
452	191	64	81
450	194	65	79
450	194	64	79
453	194	65	78
451	195	68	76
455	193	71	77
450	177	74	87
444	184	66	83
445	188	60	71
444	187	56	76
446	193	57	67
445	189	54	71
444	188	58	72
443	185	58	77
444	186	58	77
445	187	63	77
443	189	65	74
444	188	62	76
444	188	64	75
444	187	63	75
443	185	61	75
442	185	61	74
441	184	63	75
441	182	63	75
439	182	62	76
439	183	64	76
437	181	63	75
436	180	65	78
435	180	62	77
433	180	62	76
435	182	59	74
437	184	55	72
435	187	54	67
434	185	54	70
432	185	56	69
432	187	52	68
434	186	52	67
432	187	54	67
431	186	54	66
430	185	53	67
428	185	52	68
427	184	53	68
426	183	53	67
426	184	52	66
425	184	54	66
424	184	52	66
422	183	55	66
422	183	54	65
423	183	54	65
421	183	54	65
421	183	54	65
420	183	54	65
418	182	54	65
418	181	54	66
417	182	54	65
416	181	54	66
416	182	54	64
414	182	54	64
414	183	54	62
414	182	53	63
413	181	54	63
412	182	53	64
411	181	54	64
411	181	54	63
411	180	53	63
410	180	54	65
409	180	55	65
408	179	54	64
408	179	54	65
407	178	54	66
406	179	54	64
405	178	53	64
404	178	54	65
405	179	53	63
403	178	53	64
403	176	52	65
402	175	53	66
401	177	53	64
402	176	52	63
401	176	52	65
400	177	52	62
400	174	51	64
398	173	51	66
399	173	51	64
398	174	50	64
398	174	51	64
397	171	49	67
395	172	50	66
395	170	50	66
395	170	50	67
395	171	50	64
394	169	49	66
394	170	50	65
393	170	48	65
392	169	49	65
392	169	49	65
391	170	48	63
389	169	49	65
389	169	49	63
389	169	49	63
388	169	49	64
389	169	48	63
387	169	48	62
387	169	48	62
386	169	49	60
385	168	48	62
385	168	47	62
385	167	48	62
384	170	47	60
383	168	48	60
382	171	48	58
384	167	48	60
382	169	47	60
382	168	47	58
381	171	46	57
381	169	47	57
380	169	46	57
380	169	47	56
379	170	48	56
378	169	46	56
378	168	47	57
377	167	47	56
377	167	47	57
376	167	47	58
376	166	47	56
376	166	48	56
376	167	47	57
375	166	47	56
374	166	49	56
374	167	49	56
374	166	49	56
373	165	49	55
374	166	47	56
374	165	47	55
373	165	48	55
371	165	49	55
372	165	48	55
370	166	48	54
371	166	46	53
370	164	47	54
371	165	47	54
370	164	46	54
370	165	46	53
368	165	46	53
369	165	45	53
368	164	45	53
368	164	45	53
366	163	46	54
367	164	44	53
367	165	44	52
366	167	43	49
366	169	42	47
366	168	43	47
367	167	41	48
366	168	41	47
366	170	41	44
366	168	40	45
366	170	40	44
363	167	42	47
363	167	41	46
363	165	41	48
361	163	42	50
362	164	41	48
360	163	42	50
361	165	41	47
361	163	40	48
360	166	41	46
360	165	40	45
361	163	39	47
359	165	40	46
359	164	40	45
359	164	40	45
358	163	40	47
357	164	40	46
357	163	40	46
356	164	40	46
356	162	40	46
356	163	40	45
355	162	41	46
355	158	40	49
354	162	40	46
356	165	38	43
355	163	38	43
354	161	39	45
353	161	39	46
352	162	39	44
352	160	40	46
352	161	39	44
352	162	39	43
351	162	39	44
351	158	39	47
351	163	38	43
349	157	38	46
349	159	39	46
350	159	38	45
349	159	38	45
348	157	39	45
349	158	37	45
348	161	37	43
348	159	36	68
345	127	40	61
346	114	38	47
346	117	37	43
346	114	37	45
346	115	37	44
345	119	37	41
345	119	37	41
345	116	37	43
344	113	36	44
344	114	37	44
343	115	37	43
342	115	37	44
342	112	37	45
341	114	37	43
341	113	37	44
342	117	36	42
342	117	35	39
341	115	35	41
340	115	37	42
340	116	36	39
340	113	35	42
339	112	36	44
339	111	36	44
338	112	36	43
340	117	35	39
340	117	34	38
338	113	35	40
338	114	35	40
337	113	35	41
336	111	35	43
336	108	35	45
337	110	35	44
336	110	34	44
336	111	35	43
336	111	34	41
334	108	34	43
335	110	35	43
335	111	34	41
335	110	34	41
334	109	34	42
334	109	33	42
334	112	34	39
334	111	33	40
333	110	33	40
334	113	33	38
333	110	33	39
333	109	33	41
332	109	34	41
332	108	33	42
331	105	34	43
330	108	35	42
330	107	35	59
328	113	35	71
328	123	36	68
301	89	55	63
276	91	66	58
233	112	94	60
286	122	64	70
322	185	43	57
328	194	37	47
328	201	34	40
329	202	33	39
329	201	33	38
329	202	32	37
329	201	33	38
328	199	32	40
327	198	34	41
327	199	34	40
327	198	33	40
327	200	33	37
328	197	32	42
326	196	33	41
326	196	33	42
326	197	33	40
325	199	33	38
325	197	33	40
325	198	32	40
326	199	32	39
325	197	33	40
324	196	33	41
324	196	33	40
324	196	32	40
324	196	32	39
323	196	34	40
323	195	33	40
323	196	33	40
323	196	33	40
322	196	33	40
322	196	33	39
321	195	33	39
322	195	33	40
321	193	33	41
320	199	33	37
321	198	31	36
321	195	32	40
320	194	33	40
