302	74	36	70
302	75	36	69
303	75	37	69
303	75	37	69
302	75	37	69
302	75	38	69
302	76	37	70
303	76	37	70
303	76	37	69
303	77	37	69
303	77	37	69
303	77	37	69
304	77	37	69
304	77	37	70
304	77	37	69
304	77	36	69
306	78	36	70
305	78	37	69
306	79	37	69
306	78	38	70
307	79	38	70
307	79	38	70
307	78	38	70
307	78	38	71
308	78	37	71
307	78	37	71
307	79	38	70
308	78	38	71
307	79	38	71
308	78	38	71
307	78	38	71
307	79	38	71
308	78	38	72
308	79	38	71
307	79	37	72
308	79	38	72
307	79	38	72
307	80	37	71
308	81	38	72
307	81	38	72
307	81	38	71
308	82	38	71
308	81	38	71
307	82	39	71
293	84	41	71
269	83	41	71
252	85	39	71
233	85	40	71
208	86	41	71
196	84	40	73
196	85	40	71
196	86	40	72
196	86	40	72
195	86	40	72
195	86	40	73
195	86	40	72
195	87	40	73
195	87	40	73
196	87	40	72
195	88	41	72
171	89	42	72
155	87	41	74
155	89	41	73
157	89	40	74
156	89	40	73
142	91	42	72
123	91	42	72
108	91	42	74
111	91	42	74
111	90	41	75
112	90	41	76
111	91	41	75
111	91	40	75
110	91	40	77
110	90	40	78
109	91	40	77
109	92	40	78
109	92	40	78
109	92	40	78
108	92	40	78
108	93	41	79
108	93	40	78
109	93	41	77
109	93	41	79
109	94	41	78
109	94	40	78
110	94	41	78
111	95	41	78
111	95	41	79
111	95	41	78
82	96	43	77
63	97	43	78
48	97	45	78
49	98	44	77
49	98	43	78
49	99	42	79
50	99	42	77
50	99	42	78
50	100	43	79
51	100	43	80
51	100	42	80
51	100	43	77
51	102	43	78
52	101	43	78
52	102	44	77
52	101	44	79
52	103	45	80
53	102	44	80
53	102	44	80
53	102	44	80
53	102	43	81
53	103	44	82
54	103	43	83
54	102	43	82
55	103	43	82
55	102	43	82
55	103	43	83
55	104	43	82
55	104	43	82
55	105	43	82
55	106	44	81
55	107	45	81
54	107	45	80
55	108	45	82
55	107	45	82
55	107	45	81
56	106	45	83
56	107	45	85
56	105	45	87
57	106	45	86
57	105	44	86
58	105	45	86
58	106	44	86
58	107	45	87
58	105	44	88
58	106	44	87
59	107	44	87
59	107	45	87
59	107	45	88
59	108	44	88
59	109	45	87
59	110	45	87
59	109	45	87
59	111	45	87
60	110	44	87
59	112	45	86
60	112	45	87
59	107	44	89
60	92	45	89
59	88	45	88
59	90	46	87
59	90	47	89
58	91	47	88
58	91	47	88
59	91	47	89
59	91	46	88
59	90	47	89
59	91	47	89
58	91	46	89
57	91	47	89
58	87	46	94
58	77	45	90
58	68	46	89
57	68	47	91
57	68	46	92
58	68	46	93
58	68	46	92
59	67	46	95
58	67	46	93
59	69	46	92
59	69	46	92
61	57	44	93
60	47	45	91
59	40	46	90
60	39	45	93
61	41	46	93
61	41	47	93
61	42	46	91
61	44	47	92
62	44	47	91
62	45	46	92
62	44	46	92
62	34	45	91
62	21	47	92
61	22	48	92
62	22	49	92
61	22	48	92
62	23	47	89
62	23	48	92
61	24	48	92
61	24	48	92
60	25	48	92
60	25	48	91
61	25	48	93
60	26	48	94
61	26	47	96
61	26	47	96
61	27	47	95
61	27	46	96
62	26	46	96
62	27	47	96
61	27	47	98
63	28	47	98
63	28	47	100
62	30	48	98
63	30	47	99
63	31	48	99
63	32	48	100
64	32	48	99
64	32	48	99
63	33	49	99
63	33	49	99
63	34	49	99
63	34	50	99
63	35	50	99
63	37	51	99
64	36	49	99
64	37	50	99
64	39	51	99
65	38	50	98
64	39	51	102
65	39	51	102
66	41	51	99
66	41	51	99
66	42	51	98
67	41	52	102
67	42	53	102
68	43	52	100
67	44	52	100
68	44	53	102
68	45	53	102
68	45	52	100
68	46	53	99
69	47	53	100
69	47	53	103
70	48	53	102
69	49	54	104
71	48	53	104
71	51	53	101
72	49	53	103
72	50	54	103
73	50	52	102
74	51	54	105
75	51	53	104
75	52	54	103
75	53	55	103
76	54	56	105
78	55	55	102
79	56	55	102
79	57	55	103
80	57	55	103
81	57	55	102
81	58	55	103
82	58	55	102
82	59	55	105
83	59	56	106
83	59	55	106
84	60	55	106
85	61	55	104
85	60	56	105
85	61	57	107
85	62	56	107
85	62	57	106
87	63	57	105
86	64	57	107
87	64	58	109
87	65	58	108
87	66	58	104
88	67	60	110
89	67	58	110
88	69	57	107
88	69	58	111
90	70	57	107
89	72	58	110
91	71	58	109
92	72	58	109
91	73	60	109
94	74	59	108
95	75	59	110
95	74	59	111
97	75	60	110
98	76	58	109
100	76	58	109
99	76	58	111
101	77	58	110
101	78	58	111
101	78	56	109
102	79	56	109
102	80	56	109
102	80	58	109
103	81	58	110
103	82	57	113
103	83	58	113
104	82	58	113
105	84	58	113
104	84	57	114
106	84	57	113
104	85	59	112
105	86	60	113
104	87	59	112
104	87	60	113
197	80	62	117
196	82	64	117
198	82	64	119
103	66	60	127
104	63	61	121
102	61	62	115
105	63	59	112
104	64	58	111
104	66	60	110
103	65	59	112
102	66	61	111
102	67	63	112
103	67	62	114
103	68	62	114
106	69	62	114
105	70	61	114
105	70	63	116
105	70	61	116
108	71	60	115
106	72	61	117
109	72	59	116
107	72	62	117
111	75	60	112
111	73	59	115
112	76	59	113
113	76	58	116
113	78	60	114
111	77	64	118
112	79	65	117
110	79	66	118
112	80	67	116
111	80	67	116
110	81	68	117
112	81	68	117
112	82	69	118
112	84	67	117
115	85	67	116
113	85	70	115
113	87	69	118
116	88	67	115
116	89	68	117
115	90	69	119
115	91	69	119
115	92	71	121
114	92	69	120
119	93	68	120
115	93	72	124
114	94	70	112
114	95	72	122
114	96	71	114
114	97	72	123
114	100	71	114
114	98	71	117
114	100	70	116
114	102	70	117
114	103	69	112
113	105	71	121
232	103	65	128
231	102	68	137
232	103	71	140
231	104	71	139
230	105	72	142
231	105	73	137
231	106	73	140
232	107	74	140
233	109	75	139
233	109	72	143
234	110	80	141
236	110	75	138
235	111	79	143
235	112	77	144
235	113	80	148
234	115	81	148
236	115	80	149
237	116	82	149
238	117	80	148
238	119	82	149
238	121	83	149
240	122	84	150
238	122	85	151
117	127	78	142
121	132	78	137
119	132	79	138
122	135	76	138
120	132	76	142
120	137	75	142
119	135	76	150
119	135	76	152
120	144	73	146
122	142	73	145
120	138	78	155
122	147	77	151
122	142	77	153
123	153	77	146
129	160	74	136
126	153	77	149
127	152	79	150
130	153	77	153
128	153	79	153
128	159	80	148
130	169	81	141
133	157	80	153
129	173	83	138
137	159	80	154
138	168	74	156
138	161	80	159
140	167	79	166
142	163	79	158
142	168	78	164
147	167	76	161
147	170	77	166
148	170	76	164
148	173	79	164
149	177	77	153
148	175	80	160
151	177	78	166
148	175	83	167
150	180	81	152
153	179	82	159
150	183	82	161
150	182	81	157
151	184	82	161
151	186	79	160
152	189	78	153
147	186	87	167
146	180	89	174
135	175	99	182
122	166	109	184
136	156	100	183
119	149	113	188
132	146	101	182
120	137	112	184
137	132	99	182
140	122	97	187
137	121	102	182
86	123	149	177
88	122	147	177
125	125	112	171
143	126	99	186
137	128	103	181
134	129	106	174
152	135	91	184
151	133	91	189
153	135	89	182
156	135	86	175
154	138	88	177
157	131	87	188
155	128	88	181
158	121	86	189
157	112	89	185
157	103	89	194
152	93	94	196
161	92	90	189
160	84	91	180
161	81	88	181
164	81	87	179
157	83	96	180
163	82	91	180
160	85	93	184
164	89	92	175
162	86	98	179
162	90	96	187
165	88	98	194
167	92	99	192
168	93	99	187
163	95	104	182
164	98	103	193
170	95	102	190
168	99	102	192
169	99	106	193
171	104	104	189
173	106	108	180
352	103	110	181
351	101	115	188
347	104	118	191
359	104	108	181
360	108	110	177
360	110	110	177
360	110	111	179
360	109	117	187
360	111	117	189
360	114	120	203
366	114	113	186
367	117	119	196
369	117	114	205
364	118	119	212
371	118	111	186
364	123	125	219
371	123	117	201
373	124	119	217
374	127	117	198
370	127	125	220
381	127	116	194
374	133	126	204
391	133	111	187
392	135	114	199
389	135	119	206
382	137	128	201
384	140	127	201
375	142	134	220
397	141	119	229
387	133	132	236
386	127	129	224
379	119	142	220
392	109	131	222
397	111	128	204
392	110	134	222
408	113	121	211
407	113	124	232
415	116	116	205
409	118	126	204
421	122	117	209
410	119	126	211
412	122	127	212
412	123	127	207
417	130	127	220
412	129	130	218
410	132	133	209
417	132	129	221
413	135	135	201
425	135	127	213
422	125	127	223
429	124	123	213
428	120	127	210
434	110	122	225
431	100	129	225
437	95	125	217
437	84	130	210
440	85	121	194
444	72	123	225
442	70	128	215
444	67	133	203
449	60	127	197
444	52	134	227
450	48	133	194
453	44	127	247
450	36	144	223
456	28	134	212
460	21	135	212
459	17	135	210
463	14	137	222
469	5	137	233
465	9	139	236
480	10	133	222
482	14	131	236
481	13	132	218
480	22	136	249
468	24	160	224
473	17	149	207
487	26	135	249
482	28	142	230
486	26	136	214
488	33	135	243
485	34	139	206
485	36	139	249
476	38	153	228
235	40	133	275
225	37	143	256
251	54	115	223
235	43	135	287
231	45	142	250
259	65	117	236
244	53	136	248
247	58	136	246
248	60	134	241
258	62	131	260
243	62	147	263
252	52	139	259
251	53	140	271
254	44	139	276
262	38	133	265
261	36	134	280
263	23	137	309
256	25	146	309
263	27	139	302
263	24	138	310
268	27	135	312
263	34	144	310
265	38	143	304
278	44	135	290
277	47	141	300
273	48	149	312
265	54	157	305
280	54	144	310
273	62	156	310
265	67	160	302
269	71	149	309
264	72	142	299
245	72	161	305
237	81	147	276
225	81	156	295
209	85	162	301
204	90	153	284
184	92	164	288
177	97	164	296
166	102	157	292
160	109	149	283
136	107	168	275
128	114	169	255
98	120	188	270
112	124	173	265
86	125	189	305
118	131	156	255
126	137	151	247
130	139	155	241
142	135	143	254
142	141	142	263
129	145	154	274
144	157	138	268
124	148	164	284
142	160	152	271
126	151	169	288
