377	78	71	48
381	76	68	51
383	75	68	52
385	75	68	52
389	75	66	52
390	75	67	52
393	74	66	53
395	74	66	53
398	75	66	52
409	73	65	54
414	72	64	54
416	73	62	53
420	73	61	54
421	72	61	54
422	72	61	54
424	72	61	54
425	71	61	55
429	73	59	52
431	71	59	55
433	72	58	54
435	71	58	54
437	70	57	55
438	72	57	53
441	70	57	54
445	72	55	53
447	71	54	53
448	69	54	54
452	71	52	53
452	71	53	53
455	70	53	54
455	71	53	52
457	70	51	54
459	70	50	53
461	69	50	54
462	69	52	54
464	68	52	54
465	70	51	52
467	68	51	54
468	69	50	52
470	69	50	53
471	69	50	53
474	69	49	53
474	69	48	52
474	69	50	53
476	70	49	52
477	68	49	53
479	67	49	54
481	68	48	53
481	67	47	54
484	67	46	54
486	67	45	53
488	67	44	53
488	67	44	53
489	67	44	53
490	67	44	53
492	66	43	53
492	67	44	52
492	66	44	53
494	66	43	53
495	66	42	53
497	66	42	53
497	66	42	53
498	66	41	53
499	66	41	53
500	66	41	53
501	65	41	53
503	65	41	53
503	66	40	52
505	65	39	53
506	64	40	53
506	64	40	53
507	64	40	53
510	65	39	53
510	64	39	52
510	64	40	52
511	64	40	52
511	64	40	52
514	64	38	52
513	65	40	52
514	63	40	52
515	63	40	52
515	63	40	52
516	63	41	52
517	64	41	52
519	63	40	51
519	63	41	51
521	63	40	51
521	63	40	51
523	63	39	52
523	63	40	51
525	62	39	51
526	63	39	51
526	63	39	51
528	62	38	51
529	62	38	51
529	62	38	51
530	62	38	51
531	62	37	51
532	62	37	51
533	62	38	51
533	62	38	50
534	61	38	51
535	62	38	50
536	62	38	51
537	61	37	51
538	60	37	51
538	61	37	50
541	60	36	50
541	60	37	50
541	60	37	50
542	61	37	50
543	61	37	51
544	60	37	50
545	60	37	50
546	61	37	50
547	61	37	49
547	60	37	49
547	60	39	50
549	61	39	48
550	61	38	48
550	61	38	48
551	61	39	48
552	60	39	48
552	59	41	48
554	59	42	50
553	58	42	49
553	57	42	55
554	57	40	55
556	56	39	56
555	57	38	50
556	55	36	53
557	55	36	52
560	55	34	57
558	56	36	57
562	56	33	57
563	56	33	57
566	56	32	53
571	56	27	52
574	56	25	50
575	56	24	49
576	56	24	49
576	57	25	48
574	56	27	49
573	56	30	49
572	55	31	50
571	56	33	49
570	56	33	49
571	56	33	49
572	55	33	49
572	56	33	49
573	56	34	49
573	55	34	48
574	55	34	49
574	55	35	48
574	55	35	48
575	55	35	48
576	55	35	48
577	55	35	48
577	55	35	48
577	54	36	48
578	54	36	48
577	54	37	48
579	54	35	48
580	54	34	48
580	54	34	48
581	53	34	48
582	54	33	48
582	53	33	48
583	52	34	49
582	52	34	49
584	52	32	48
585	53	32	48
585	53	32	48
586	52	33	48
586	53	33	47
587	52	32	48
588	52	33	48
588	52	33	47
588	52	33	47
589	52	32	47
591	52	32	47
590	51	32	47
592	51	31	47
592	51	32	47
592	52	31	47
593	52	31	46
593	52	32	46
595	52	32	46
595	52	31	45
596	52	31	46
596	52	31	45
597	52	31	45
598	52	30	45
600	52	29	46
599	51	29	46
600	51	28	45
601	50	28	46
600	51	29	46
601	51	28	45
601	51	28	45
602	50	26	45
602	51	27	45
603	49	26	46
602	49	27	46
604	50	25	45
605	50	23	45
604	50	25	45
605	49	24	46
605	49	24	45
605	49	24	45
606	50	23	45
606	50	23	44
606	48	23	47
606	47	23	47
606	46	23	48
605	50	24	44
607	46	22	48
607	46	22	47
607	48	22	46
607	47	21	46
609	45	20	48
610	44	19	48
609	43	19	50
610	45	18	48
610	45	18	47
