370	113	17	31
369	113	18	31
366	112	18	31
365	113	18	31
363	113	19	32
360	113	18	32
359	113	19	32
356	114	19	31
354	113	18	33
352	114	19	33
348	115	20	32
347	114	19	33
343	115	19	33
342	114	19	34
339	115	19	34
335	114	20	34
333	115	21	35
330	117	20	33
327	116	21	34
323	117	20	33
322	116	20	34
319	117	20	35
315	116	20	36
313	116	21	35
308	118	20	35
308	119	20	35
305	119	21	35
300	119	21	35
300	120	20	35
298	120	19	35
294	121	18	35
292	123	18	36
280	129	20	37
280	128	20	37
280	127	21	39
278	126	20	41
277	124	21	42
272	125	22	41
271	125	23	42
268	124	25	42
266	127	26	41
260	125	28	43
259	125	28	41
257	125	28	42
253	125	24	38
252	126	23	37
248	127	22	37
244	128	22	36
243	128	22	36
238	128	23	37
237	129	22	37
233	129	22	37
231	129	21	39
230	128	22	39
227	130	21	38
225	130	21	38
223	130	21	38
220	131	21	38
218	132	21	39
216	133	21	38
214	132	21	38
212	133	21	38
209	134	21	39
207	134	22	39
205	134	22	39
203	135	22	39
201	135	22	40
200	136	22	39
196	136	22	40
196	137	22	39
194	138	22	39
191	138	22	40
190	138	22	41
188	138	22	40
186	139	22	41
184	139	23	42
182	140	24	43
180	140	24	42
179	140	24	42
177	140	23	43
176	140	23	44
174	141	22	44
173	141	23	45
173	142	23	44
171	141	23	45
170	142	23	45
169	142	23	46
167	143	23	46
165	144	23	46
164	144	23	46
163	144	24	47
163	146	24	46
160	147	24	46
159	147	24	46
157	148	24	47
156	148	25	47
155	148	25	48
154	149	25	48
153	149	25	49
152	149	25	49
150	151	26	49
150	151	26	49
149	152	26	49
148	153	26	49
147	153	26	50
147	154	27	49
146	156	26	50
145	155	26	50
144	155	26	51
144	156	26	51
144	156	26	52
142	158	27	53
143	158	27	52
142	159	28	51
141	160	28	51
141	160	28	51
140	161	29	52
141	161	29	53
140	162	28	53
140	163	28	53
140	163	28	53
140	163	28	54
139	165	28	53
138	165	28	54
137	166	29	54
137	166	29	55
136	167	30	55
135	167	31	56
135	168	30	57
135	169	30	57
134	170	30	55
134	171	30	56
133	172	30	56
134	172	30	57
133	174	30	56
132	174	31	57
131	174	31	57
131	175	31	58
132	176	32	60
131	177	32	61
130	177	33	61
129	178	33	60
129	179	33	60
128	180	33	59
129	181	31	60
127	182	32	60
127	183	32	61
125	184	33	62
124	184	33	62
125	185	32	62
124	186	33	62
123	187	34	62
124	188	32	62
123	189	33	64
123	189	33	63
123	190	34	64
122	190	34	64
121	191	34	65
121	193	34	66
121	193	34	66
120	194	34	66
120	196	33	67
120	197	33	66
120	198	34	67
120	199	34	68
120	200	34	68
120	201	34	68
119	202	35	69
118	203	36	69
117	204	36	70
118	204	36	70
118	206	37	71
118	206	37	71
120	207	36	72
120	183	34	63
119	162	35	72
119	167	37	73
119	165	37	74
121	167	38	77
121	169	38	75
121	170	38	76
120	171	38	73
123	173	39	74
155	152	35	68
155	154	34	68
155	155	34	68
153	157	35	68
153	157	36	68
153	158	36	68
152	160	37	70
150	160	38	70
152	160	37	67
154	160	35	66
155	162	33	67
152	163	36	61
152	163	36	61
152	165	35	60
151	167	37	61
150	167	37	64
149	168	39	65
150	168	40	64
151	171	40	64
151	169	41	69
152	172	39	66
152	172	41	68
153	174	40	69
152	174	41	71
151	176	42	69
152	180	44	73
149	166	47	85
150	163	48	94
147	170	48	89
147	174	50	89
144	173	48	91
143	176	49	92
139	178	49	93
137	181	49	91
134	179	50	96
131	181	52	96
128	183	53	96
123	183	54	97
119	184	53	99
116	186	55	100
111	188	55	102
108	189	56	102
101	192	58	103
99	193	57	102
89	197	60	104
81	196	64	106
77	197	66	107
72	198	64	109
67	198	63	111
56	170	66	100
49	161	66	107
36	166	71	107
31	166	74	108
16	170	77	109
10	170	79	109
