474	29	32	102
470	27	33	101
467	27	34	103
467	27	34	104
465	28	34	103
464	28	34	103
462	29	34	101
461	29	33	101
461	28	33	102
458	28	34	102
458	28	33	101
457	28	32	100
454	26	32	102
454	26	31	102
452	26	30	102
452	26	29	102
451	26	28	102
451	25	28	103
450	26	30	102
449	26	30	102
449	26	30	101
446	27	33	101
444	27	37	102
441	26	40	103
439	26	43	103
439	26	43	103
439	26	44	103
439	27	43	103
440	27	42	105
442	27	40	103
444	27	39	102
447	27	37	102
449	27	35	102
450	27	34	102
451	27	33	102
452	27	34	103
450	27	35	103
450	27	36	105
450	28	35	104
451	28	35	103
449	30	36	104
450	31	37	105
449	32	38	106
448	36	38	104
449	38	37	103
451	37	36	104
452	37	35	103
453	35	34	104
455	36	35	105
455	36	35	105
457	38	35	105
459	38	37	105
460	39	36	105
462	38	35	104
462	38	37	106
462	38	40	106
462	40	42	106
463	44	42	109
466	47	39	107
468	49	37	105
470	50	36	104
472	48	33	103
473	48	35	106
474	50	35	104
477	51	33	103
477	52	35	106
480	121	35	105
480	151	36	103
480	147	33	104
478	147	36	104
479	151	36	105
479	149	37	108
480	152	36	106
481	154	35	104
480	154	35	106
481	155	33	107
481	160	34	105
480	159	35	106
480	160	35	106
479	159	37	109
478	158	37	109
477	157	37	109
477	160	37	111
476	161	38	110
476	163	38	110
476	165	39	113
475	168	40	113
475	169	40	111
475	170	39	111
477	170	37	108
476	170	37	110
475	170	38	112
475	170	37	113
473	171	37	114
472	175	37	115
469	177	37	115
468	180	39	115
467	181	39	114
465	181	40	113
463	181	41	113
462	180	42	115
460	180	42	116
460	181	43	113
458	182	43	114
456	182	44	117
455	183	44	119
456	187	41	118
454	189	42	119
453	191	40	116
452	192	38	116
452	193	36	113
450	191	34	115
447	191	35	116
439	193	38	116
438	193	40	117
433	194	43	118
431	195	45	118
431	193	43	118
427	193	43	118
425	193	43	117
418	194	44	120
414	194	47	121
411	194	49	122
409	194	49	123
406	194	49	122
403	197	48	121
403	196	47	121
403	196	45	120
401	197	42	121
400	197	39	120
400	197	37	117
399	197	36	118
398	198	36	116
395	199	36	114
392	200	38	115
390	202	38	116
387	204	39	117
386	208	38	115
384	210	38	115
379	212	37	113
379	213	38	112
373	213	39	112
367	213	42	112
363	216	43	113
360	219	43	116
358	222	44	116
356	222	44	115
353	224	41	114
352	226	39	114
349	226	39	115
347	226	38	114
345	225	38	115
340	228	39	115
338	230	40	114
337	232	40	111
333	234	37	113
330	237	37	111
327	238	38	109
322	237	38	111
316	239	40	110
311	239	44	115
306	242	47	118
304	244	46	118
303	247	43	117
303	247	39	114
301	248	38	112
297	248	37	111
295	249	38	113
292	250	39	115
289	253	42	116
287	254	41	115
283	258	40	113
279	258	37	113
277	259	38	111
270	259	38	113
264	261	41	116
260	263	43	116
256	265	45	116
254	268	42	114
251	268	40	116
249	267	38	114
245	268	37	112
245	271	35	108
242	272	34	104
237	273	33	97
232	277	35	110
225	278	37	114
223	280	38	115
220	281	38	120
214	284	39	119
210	284	39	120
206	285	39	118
201	287	38	118
199	290	37	116
197	288	36	119
192	291	37	119
189	294	37	121
182	297	36	123
175	302	38	123
174	305	38	123
168	307	39	122
160	309	41	121
156	310	41	120
153	309	41	120
149	309	41	120
147	309	41	121
144	308	40	123
138	312	39	123
135	315	39	126
131	319	40	126
127	326	41	119
125	330	40	116
122	329	39	116
120	328	38	117
119	326	39	118
115	324	40	120
114	323	43	121
106	325	48	120
99	326	52	121
97	328	54	121
94	330	55	120
92	329	52	123
90	325	50	124
85	326	42	125
79	326	40	123
74	327	40	120
70	326	42	121
59	327	50	121
54	328	53	121
52	327	55	122
49	327	57	122
48	326	54	125
47	326	51	124
45	325	42	124
43	325	40	121
40	325	39	121
35	324	39	120
32	325	41	119
28	324	44	120
18	324	49	122
15	324	51	123
12	322	53	124
12	322	53	125
14	327	50	120
13	321	49	125
12	324	51	124
7	322	53	124
4	322	56	124
2	320	56	124
1	318	54	127
1	318	54	126
0	320	52	123
2	319	51	124
3	318	49	125
7	321	44	124
8	321	45	122
13	323	44	120
11	321	46	121
14	320	44	121
14	320	46	122
14	321	48	122
17	319	46	122
20	321	45	119
24	319	44	119
28	319	43	119
33	319	42	120
35	320	42	119
38	323	41	117
40	323	42	115
41	323	45	116
41	324	46	115
42	322	50	115
43	324	51	113
46	326	51	112
51	321	49	116
54	318	46	117
60	319	43	115
65	322	39	112
71	321	38	112
74	319	38	114
74	319	40	114
76	318	42	114
78	318	44	114
79	323	51	107
80	321	50	110
81	322	54	110
82	321	56	111
83	323	56	109
83	321	57	110
84	320	55	112
87	318	56	113
91	318	53	112
96	312	50	110
100	314	48	106
105	310	44	109
110	307	44	110
113	305	47	114
116	304	43	113
119	303	44	113
122	303	40	112
124	304	39	111
125	304	40	110
126	303	39	111
129	303	38	110
129	302	38	109
131	298	38	111
136	296	35	111
139	292	34	109
142	290	34	110
144	289	35	109
145	289	37	110
147	287	38	112
149	286	39	113
151	286	39	112
154	283	37	111
157	282	35	109
159	282	35	109
161	278	34	112
163	277	36	110
163	278	38	110
165	280	38	109
166	279	39	111
168	278	38	111
170	278	39	109
170	276	39	112
174	273	39	115
177	273	36	109
180	272	35	108
183	269	35	108
184	268	35	107
185	268	36	107
187	267	38	109
188	267	40	108
188	265	45	111
191	266	46	110
190	268	50	109
192	269	49	106
191	270	50	105
193	265	50	109
195	264	51	108
199	261	50	108
203	257	48	110
207	255	45	105
214	252	41	105
219	252	38	104
224	249	37	106
227	246	36	107
230	247	37	106
230	246	40	108
232	247	44	107
234	245	45	106
235	246	47	108
237	245	45	105
240	244	45	108
242	242	45	104
248	237	42	107
252	235	40	107
258	231	40	105
260	228	40	104
264	224	39	108
267	224	38	105
270	223	38	102
270	223	40	106
271	222	43	101
273	223	45	102
274	223	46	105
274	221	52	109
276	220	49	107
276	222	52	105
279	221	52	105
281	218	52	105
285	215	50	107
289	211	48	107
295	210	44	103
300	209	43	104
304	206	41	106
308	205	40	105
310	204	39	106
311	204	39	105
312	203	39	106
313	203	41	106
314	203	40	107
314	201	42	107
317	201	40	107
319	199	38	107
321	197	40	107
326	196	38	106
330	193	38	105
333	193	39	106
334	191	38	107
338	191	35	105
338	191	37	106
340	191	37	106
341	194	37	102
342	192	40	104
343	192	41	105
342	193	51	106
341	192	55	105
343	191	54	105
345	191	54	107
351	190	50	107
360	189	40	106
366	187	37	108
370	186	38	108
374	187	38	108
377	187	39	108
380	188	42	107
381	185	44	109
384	185	45	110
386	185	47	110
387	185	47	107
391	184	44	110
394	183	42	109
398	183	37	105
402	180	34	104
404	179	33	104
407	178	33	105
410	175	33	105
411	175	33	105
413	173	34	106
415	173	34	106
416	174	34	104
418	174	34	104
420	174	34	104
420	173	34	103
422	172	33	103
425	170	32	104
427	169	32	105
428	167	34	104
430	165	34	104
430	164	36	107
433	165	36	106
434	164	37	106
435	165	38	105
436	165	38	104
438	165	36	105
439	164	35	105
441	162	33	107
443	160	32	107
443	159	32	103
445	155	32	106
448	154	32	106
450	155	32	101
452	155	32	100
453	156	33	97
454	156	33	97
455	155	33	99
456	155	33	95
458	154	32	97
459	153	33	99
461	151	32	102
462	148	31	102
464	145	31	104
465	145	32	103
466	145	33	103
468	145	36	105
469	146	36	106
470	145	36	105
471	145	35	104
473	145	35	103
474	145	35	102
475	142	33	105
476	140	32	103
479	136	32	104
481	136	31	101
481	135	31	102
483	134	30	102
485	135	30	103
485	135	30	103
486	135	31	103
488	136	32	103
489	134	34	107
490	133	34	106
492	131	35	104
494	130	34	103
496	128	34	103
496	127	34	105
497	127	34	106
498	127	34	108
499	126	34	108
501	126	35	109
503	126	34	109
505	125	34	110
507	123	34	109
508	122	34	107
510	119	33	108
511	120	33	96
512	117	32	97
512	116	31	92
515	117	30	91
516	117	30	89
517	117	29	88
518	117	29	86
519	116	29	85
521	116	29	83
524	116	29	84
525	117	28	81
526	117	29	84
527	115	30	87
529	113	29	87
531	112	28	86
532	110	29	87
533	111	30	85
534	109	33	86
536	108	35	77
538	107	37	93
538	108	39	93
540	108	38	81
542	107	36	96
543	106	39	98
544	105	41	98
547	103	38	99
547	103	37	99
547	102	37	100
549	101	38	98
551	101	38	84
551	98	38	80
553	100	42	87
553	96	42	91
554	99	42	95
555	98	41	81
558	99	39	87
559	98	40	88
560	97	44	90
562	95	46	88
562	94	46	90
563	92	47	93
564	93	49	98
564	91	53	100
564	90	54	97
564	90	52	96
564	91	51	97
564	92	52	99
564	91	54	94
564	91	51	97
564	92	53	95
565	92	54	90
566	93	52	95
566	91	54	96
565	90	54	95
565	90	54	96
566	90	54	95
566	90	55	93
566	89	55	93
566	90	56	95
566	91	55	93
565	90	54	93
565	91	55	95
564	90	56	93
563	91	55	97
562	91	56	96
562	92	56	95
561	91	57	99
560	90	56	101
559	91	56	100
558	90	58	96
558	90	57	100
557	90	56	101
558	90	56	101
557	90	57	97
557	90	56	102
557	90	57	97
557	91	55	100
557	90	57	97
558	91	55	104
557	89	58	87
558	90	57	94
559	91	54	98
558	91	59	97
557	90	58	99
558	90	56	102
558	91	57	94
560	90	57	99
560	90	59	95
560	91	58	95
559	91	59	96
560	90	58	91
561	91	57	94
561	90	60	92
562	91	59	91
562	91	56	90
562	91	57	94
563	91	57	96
561	90	57	95
561	91	57	99
560	90	56	94
560	91	54	98
560	90	50	101
559	91	47	98
558	92	47	102
557	91	47	99
556	92	47	100
556	91	47	99
556	91	47	103
555	91	47	89
555	91	45	97
555	92	44	105
554	92	42	102
554	92	38	100
555	92	36	100
555	91	37	102
555	91	38	103
555	92	40	99
555	91	41	103
555	91	40	103
556	92	39	101
556	91	39	101
555	91	39	102
555	92	38	98
556	92	38	97
556	91	37	97
556	91	38	97
556	92	39	96
556	92	40	101
557	92	40	99
556	92	42	99
556	91	43	104
555	91	44	103
555	91	43	105
555	92	44	103
555	92	44	102
555	92	44	103
555	91	44	105
555	91	43	104
555	92	43	106
555	92	43	90
556	91	42	99
555	91	43	103
555	92	44	103
555	92	44	102
556	92	43	105
555	92	44	89
557	92	41	98
556	91	43	102
556	91	43	103
556	92	43	107
556	92	42	88
556	91	41	99
556	92	43	102
555	93	43	104
556	92	42	92
556	93	42	98
555	91	45	107
554	91	49	88
555	92	53	98
555	89	54	102
555	90	53	101
556	89	52	104
556	90	52	105
555	90	50	103
555	91	49	100
556	92	48	99
556	91	49	100
556	91	48	101
556	90	49	101
556	90	49	99
557	90	50	99
556	92	49	100
557	91	49	100
557	90	49	99
557	90	49	101
556	91	49	100
557	90	50	99
556	92	50	102
558	90	51	87
558	91	49	93
558	92	49	100
558	90	50	100
558	90	49	99
558	91	49	102
558	91	49	99
557	90	49	100
557	90	49	100
557	89	49	102
557	90	49	100
558	91	50	100
558	90	50	97
558	91	50	103
557	90	51	103
557	90	50	98
558	91	51	104
557	89	53	103
557	90	52	100
557	89	53	98
557	90	52	103
557	89	53	100
557	90	52	101
556	90	54	100
557	89	52	99
556	91	53	100
556	90	54	100
556	90	55	100
555	92	55	98
555	90	54	99
555	91	54	97
554	90	52	97
554	91	51	100
554	91	50	101
554	91	50	96
554	91	53	102
555	91	52	96
554	90	53	100
554	89	53	98
555	91	52	106
553	90	53	100
554	91	54	103
554	90	54	100
554	88	52	99
554	89	54	106
553	89	53	105
554	89	55	106
554	88	55	107
554	88	57	103
553	88	56	107
553	88	55	101
552	90	55	110
552	88	53	86
553	91	51	97
553	89	51	105
551	88	49	107
552	89	47	104
552	89	46	103
552	90	44	104
551	91	44	105
549	91	45	108
549	91	48	91
549	92	47	104
548	90	51	90
549	91	50	100
548	90	52	104
548	88	51	103
547	88	51	103
547	89	51	107
547	88	50	102
548	91	49	105
548	90	50	106
548	89	49	105
549	89	50	103
548	90	49	105
549	90	50	105
550	91	49	103
550	91	48	107
550	91	45	95
552	91	43	102
554	91	39	104
554	91	38	102
555	92	39	99
556	91	40	98
556	90	42	103
557	91	42	103
557	91	43	101
557	92	43	105
557	92	42	89
557	91	41	99
555	91	41	100
556	91	40	100
556	92	39	100
555	90	40	105
554	91	40	105
554	91	39	102
554	91	40	104
552	92	42	105
552	92	41	104
551	91	43	108
550	91	44	93
551	92	46	101
550	90	48	107
551	92	49	105
550	91	50	106
550	90	53	91
551	90	52	103
551	89	54	103
552	90	54	103
553	90	57	105
554	90	56	105
554	88	58	103
555	90	58	100
557	89	59	100
558	90	59	101
561	91	60	96
561	91	60	98
562	87	61	88
563	88	60	88
564	88	60	85
564	88	60	88
564	89	61	89
564	89	61	92
562	91	64	101
560	89	64	94
559	89	66	99
558	89	67	99
559	91	67	97
559	91	67	102
558	89	65	96
557	93	64	94
556	90	62	90
555	93	55	91
555	93	60	92
552	90	54	90
552	90	55	92
550	91	56	91
549	90	52	88
547	91	50	86
547	89	48	93
544	90	46	96
543	91	44	95
541	92	44	97
538	94	43	100
537	95	42	94
537	97	40	91
538	99	39	96
536	99	39	94
535	99	39	81
534	98	37	90
533	98	38	87
533	98	35	78
531	100	34	82
529	99	35	73
528	100	33	76
526	102	32	92
526	100	31	75
524	100	29	65
524	101	29	72
522	103	29	71
521	106	27	69
519	106	27	64
518	109	27	70
519	111	29	90
523	111	37	101
519	111	38	101
514	110	40	90
513	108	38	111
508	108	37	108
506	110	40	109
504	112	38	108
503	116	37	107
500	117	35	106
498	119	35	102
497	118	37	102
494	117	35	105
492	117	35	103
491	117	36	104
490	118	38	104
489	119	37	106
488	119	36	110
487	122	37	109
487	121	35	112
486	124	35	112
484	126	35	105
483	128	35	105
482	127	35	105
481	128	35	109
478	126	34	113
478	126	34	114
477	125	35	116
476	126	35	116
475	128	35	117
473	129	36	108
472	129	35	111
470	132	36	109
469	134	36	106
465	136	37	106
463	137	39	111
461	139	37	111
459	139	38	111
456	137	38	116
457	137	36	114
456	136	36	97
456	137	34	101
456	138	33	108
455	139	34	107
454	141	34	108
452	142	36	110
450	144	37	110
447	146	38	117
444	147	39	115
444	146	39	115
446	146	34	101
442	146	36	112
440	144	36	112
442	145	35	107
441	145	35	108
441	146	33	106
440	147	33	105
438	148	33	103
435	149	34	98
433	150	35	99
432	151	35	98
427	154	37	104
422	154	39	107
418	155	40	113
417	152	41	113
418	151	38	113
417	152	38	109
415	154	40	107
414	155	39	105
417	157	36	105
415	159	37	103
414	162	36	102
413	163	36	104
411	164	36	101
408	164	36	102
407	164	35	100
405	163	35	101
404	163	34	102
403	165	34	102
400	166	36	104
397	167	37	104
396	170	38	104
393	172	38	101
390	174	37	104
389	174	38	103
385	174	38	105
381	174	37	103
379	174	37	102
376	174	37	101
375	175	38	104
371	177	40	104
367	180	41	103
364	182	45	102
361	185	42	103
357	188	41	106
355	189	39	102
352	188	34	102
350	186	33	105
349	187	33	104
347	186	35	105
342	187	36	104
338	188	37	103
335	190	39	101
333	189	37	104
327	191	38	108
324	189	40	114
323	188	43	119
313	189	50	122
313	189	50	128
311	187	52	129
307	188	56	131
312	189	47	118
312	188	43	120
312	188	40	121
312	189	38	128
311	189	37	126
312	189	35	114
309	192	36	120
307	193	37	120
305	196	36	121
303	200	38	117
299	202	40	121
298	202	40	114
294	201	42	119
294	201	41	119
294	202	40	119
290	202	43	118
288	206	39	113
286	208	36	112
285	212	36	109
284	214	34	108
281	217	32	105
280	217	33	104
276	215	34	100
275	214	35	106
271	215	38	109
271	215	37	108
266	217	38	111
265	222	37	112
261	225	36	106
257	225	37	107
257	225	37	107
253	225	36	107
251	226	38	108
249	226	38	111
246	228	39	112
245	231	38	111
245	231	37	110
239	233	39	110
229	235	39	110
225	241	41	109
222	242	42	111
217	243	43	111
216	248	40	106
215	248	39	107
213	247	39	107
210	246	40	110
208	245	41	108
206	245	42	111
204	246	43	111
201	248	45	111
202	249	42	113
202	250	43	114
201	251	42	113
198	252	41	113
197	255	41	111
196	255	42	110
192	255	41	111
193	256	39	109
191	255	40	111
187	256	42	111
185	259	41	109
185	260	41	108
184	261	40	109
182	260	41	109
181	263	41	108
178	265	42	109
176	266	41	110
175	266	40	110
174	266	40	109
173	266	40	109
171	264	41	112
169	264	41	114
169	266	40	113
166	270	41	112
167	269	42	113
164	270	42	114
163	271	41	116
162	275	41	115
161	277	39	113
159	278	39	112
156	280	39	109
154	279	38	110
154	280	37	110
151	280	38	109
149	281	38	110
147	283	38	111
144	282	40	114
142	285	39	113
138	287	41	112
137	290	40	111
136	290	38	109
134	291	39	108
132	291	40	110
130	292	41	111
127	291	43	116
124	298	44	113
122	299	45	112
120	300	44	114
117	302	41	111
116	305	40	108
111	303	40	110
110	305	39	108
109	306	38	108
103	306	40	110
96	306	47	114
89	305	52	116
86	313	54	112
84	310	56	118
82	317	55	112
80	315	56	114
77	317	44	113
74	318	44	113
67	317	45	114
65	318	43	112
62	323	44	111
58	321	48	111
54	321	48	115
54	319	47	118
53	320	45	119
50	320	41	118
46	321	40	119
41	322	40	115
35	322	41	117
32	325	43	117
29	325	46	118
25	325	47	119
23	326	46	120
24	327	45	122
25	327	43	120
21	325	43	121
24	325	42	122
21	327	39	117
23	328	36	114
20	323	38	120
19	326	39	119
18	329	38	119
21	330	39	123
19	331	40	122
15	328	42	125
16	330	43	123
15	326	43	128
15	328	44	125
11	329	46	124
14	327	45	126
10	329	47	124
13	326	43	126
15	328	43	124
14	330	45	123
15	327	42	126
13	325	41	126
16	326	39	124
13	325	40	125
17	324	39	126
16	327	39	121
13	324	39	122
18	323	38	121
20	324	37	120
20	323	38	119
21	322	38	122
22	324	37	121
24	325	38	120
23	325	38	122
22	325	39	121
25	324	40	122
25	325	39	122
26	322	38	125
27	325	37	123
28	325	41	122
31	325	39	121
31	325	38	120
31	327	41	118
32	326	41	120
33	327	42	118
34	326	41	120
34	328	42	117
35	328	42	118
35	328	44	118
37	329	45	118
36	328	47	119
36	326	49	120
36	325	51	121
38	326	53	119
39	326	55	119
41	326	52	119
48	324	50	120
57	324	45	119
61	325	45	115
63	325	43	116
65	329	48	113
66	326	48	116
68	325	50	116
69	325	53	116
69	328	57	112
70	327	58	113
71	325	60	114
75	323	59	115
78	324	61	114
81	323	61	112
93	323	54	113
101	323	48	113
105	318	46	119
108	319	46	117
109	313	46	118
110	314	52	115
157	301	44	115
162	298	40	117
163	296	41	116
166	297	41	120
163	299	44	118
129	311	46	111
136	305	42	117
142	302	44	115
144	303	40	114
147	301	43	113
151	299	49	112
153	297	52	119
153	299	52	119
190	285	44	122
194	288	43	125
193	288	44	122
163	293	47	118
167	290	43	118
170	291	43	118
175	289	41	118
211	283	41	113
209	280	43	125
212	281	43	122
214	282	42	123
223	276	37	117
185	284	46	119
190	285	44	119
197	284	41	114
203	280	40	118
207	278	43	117
212	275	42	117
215	272	43	122
219	271	44	122
216	271	47	124
219	266	49	129
218	265	49	131
223	262	45	126
225	259	46	132
230	257	42	124
235	257	41	122
237	256	41	120
236	254	43	122
236	252	45	124
239	253	44	123
240	251	44	122
243	251	43	119
245	250	46	124
248	250	45	122
248	251	45	120
252	251	47	121
259	251	47	113
264	248	43	108
266	245	41	108
263	241	43	109
267	241	44	108
271	236	42	108
272	236	42	106
277	234	42	109
279	232	46	109
281	231	47	113
283	231	47	122
283	227	49	123
288	225	48	125
290	224	49	121
296	224	45	117
300	214	40	118
305	216	38	116
307	214	40	116
310	216	39	114
311	213	38	114
312	211	38	118
312	212	43	115
315	208	43	119
320	206	42	122
322	207	48	118
326	204	47	117
329	202	46	116
329	202	48	123
330	200	45	128
334	199	46	128
338	198	47	119
340	196	48	118
344	197	47	112
347	194	44	112
349	194	44	112
353	194	44	109
353	193	46	110
354	193	45	113
359	193	41	113
362	193	40	111
362	193	40	111
365	193	39	109
365	193	40	109
366	191	41	111
368	193	41	109
371	192	42	109
373	192	44	110
378	192	43	110
383	191	42	110
387	191	40	110
390	189	43	109
393	188	43	111
395	188	42	111
402	186	43	112
405	184	42	116
408	184	42	117
410	182	43	117
414	182	43	117
416	180	43	119
419	179	41	121
421	179	40	117
422	179	38	110
421	178	36	108
432	177	36	107
423	177	37	107
424	175	38	108
425	173	36	107
427	173	36	106
429	171	34	106
431	169	32	108
432	169	32	102
434	167	32	103
435	168	34	105
440	168	34	103
466	167	38	101
467	165	37	103
467	163	37	104
472	160	37	104
472	158	37	106
474	157	36	105
461	157	37	104
462	156	37	104
469	155	34	101
466	151	34	101
471	152	32	102
473	152	31	100
475	151	33	103
477	151	33	103
479	149	36	102
483	146	37	100
488	139	36	103
495	135	34	98
498	132	30	96
502	129	30	89
507	131	31	91
507	130	32	100
510	130	34	102
540	133	33	95
545	132	31	96
545	130	33	96
547	124	33	100
533	114	42	75
565	97	31	86
576	96	37	93
576	92	37	88
578	93	36	91
583	95	38	86
