182	295	39	98
186	289	36	103
189	288	35	104
192	287	35	106
194	286	34	105
198	286	34	104
200	286	33	104
202	286	36	103
204	285	36	105
206	284	38	107
210	283	36	107
213	282	35	109
216	281	37	105
220	282	37	104
223	282	38	102
226	282	41	102
230	282	40	102
232	282	39	102
234	281	38	103
237	278	37	104
241	279	35	104
243	277	35	106
247	276	34	106
248	276	35	106
251	276	35	105
253	277	35	104
254	276	36	105
255	276	35	105
259	275	36	106
260	273	35	106
263	272	36	106
266	274	35	102
270	275	35	102
272	274	37	101
274	275	39	99
277	276	38	98
279	275	37	98
282	274	36	99
285	273	34	99
288	271	34	101
291	271	34	102
294	269	34	102
296	271	34	101
299	270	35	99
301	271	35	98
302	272	36	98
305	271	35	97
307	271	35	98
309	269	35	98
311	270	35	97
312	269	35	97
316	270	35	96
317	272	37	92
320	272	37	92
320	273	38	92
323	271	37	94
326	270	36	94
331	267	35	96
334	266	35	97
335	265	36	97
338	266	35	97
340	266	35	96
342	266	35	96
343	264	35	96
344	265	34	95
348	262	34	97
349	263	34	95
351	262	34	95
353	262	35	95
355	264	37	93
357	265	36	92
358	264	36	93
362	263	33	92
362	262	34	94
366	262	33	93
366	261	34	95
369	259	33	95
371	260	33	95
373	261	33	93
373	261	32	93
375	259	33	94
375	259	33	94
378	259	33	94
380	258	33	94
381	258	33	92
385	258	32	92
387	257	32	92
389	258	34	90
391	259	35	90
393	259	34	89
393	259	34	90
397	257	33	91
397	256	34	91
400	255	34	92
403	255	34	92
402	256	34	91
405	255	34	91
405	256	34	90
408	255	33	90
407	254	33	90
410	253	33	91
410	253	33	91
412	253	33	90
412	253	33	90
414	253	32	89
415	254	33	88
417	253	34	88
417	253	33	88
418	252	33	89
423	250	34	89
425	249	35	90
425	248	34	90
429	248	32	90
432	249	31	88
432	250	32	87
432	249	32	86
435	249	32	85
436	250	32	83
436	249	32	83
439	248	33	85
441	247	33	85
445	246	32	87
448	245	32	87
448	244	32	88
448	242	32	89
451	243	32	87
450	242	32	87
454	243	32	87
453	243	32	88
458	242	31	86
460	242	31	85
463	242	31	85
463	241	31	85
465	241	30	84
465	241	31	84
466	239	30	84
466	239	31	84
465	239	32	84
467	239	31	84
468	239	31	84
468	240	30	84
468	238	30	84
469	238	29	82
470	237	29	83
471	236	28	83
468	236	30	83
473	237	29	83
474	236	30	84
475	236	30	83
475	236	31	83
477	236	31	83
477	235	30	82
479	235	30	82
479	234	30	83
477	233	31	84
478	233	32	84
477	233	31	84
480	233	30	83
477	233	30	80
481	233	30	80
480	233	29	78
482	233	28	78
482	232	29	80
482	233	29	79
480	232	30	80
483	231	28	80
483	231	29	79
484	232	28	79
485	231	29	79
485	231	29	77
485	230	29	78
485	228	29	79
484	227	29	80
486	229	29	79
484	229	29	79
486	228	28	79
485	227	28	77
485	226	29	77
484	224	28	80
487	225	27	81
486	226	28	78
487	225	28	77
488	224	28	78
488	222	28	79
487	222	28	80
487	223	28	79
485	222	28	80
486	223	27	78
486	225	27	77
486	225	27	76
486	224	27	75
484	225	28	74
485	222	27	76
484	221	27	77
484	220	27	78
483	221	27	78
484	220	26	78
484	221	27	78
482	220	27	78
484	220	27	78
484	220	27	76
484	220	28	77
482	218	27	79
485	217	27	78
484	217	28	78
484	217	28	78
484	218	28	78
484	217	28	78
485	219	27	78
484	219	27	77
485	219	27	76
483	218	28	75
481	216	27	76
483	214	28	78
483	215	28	77
484	215	27	76
484	215	26	77
486	216	27	77
483	215	27	76
486	215	27	75
486	214	28	75
485	212	27	76
488	212	27	78
486	212	28	77
489	213	26	76
487	213	27	75
489	213	27	74
490	213	27	74
489	213	26	73
490	213	27	73
489	210	27	74
490	209	26	74
491	210	26	74
490	208	27	75
489	209	26	73
491	209	25	73
489	209	26	74
492	209	26	75
490	207	27	74
492	207	26	74
490	205	26	75
493	205	26	74
492	204	26	75
491	203	27	76
493	205	26	74
490	203	27	76
492	207	26	72
490	204	26	74
491	205	25	75
491	203	26	75
491	204	25	74
490	204	25	73
490	202	26	74
490	203	26	74
492	202	26	73
490	204	26	73
489	203	26	74
490	204	25	73
490	203	26	73
489	203	26	73
488	202	26	73
488	201	25	72
490	202	25	72
488	201	26	73
489	203	24	70
490	201	25	71
490	202	26	71
492	204	26	70
491	203	25	70
491	202	25	71
490	201	25	71
490	201	25	72
489	199	26	72
489	198	25	72
489	198	25	73
490	198	25	72
488	198	25	72
488	198	25	73
490	198	25	74
487	199	25	70
486	197	26	73
489	196	25	72
489	197	25	72
487	196	25	72
486	194	25	73
485	197	25	71
485	196	24	71
486	197	24	71
482	197	24	70
485	197	25	69
484	196	25	70
483	195	24	70
477	196	23	69
479	197	24	70
472	197	24	67
476	197	24	69
483	197	25	69
475	197	25	68
485	198	25	68
482	195	26	68
483	196	23	68
481	195	23	68
482	194	24	68
483	196	24	67
482	195	24	68
483	196	25	68
480	196	25	68
479	193	25	70
483	194	24	69
476	194	23	68
482	194	25	67
484	194	24	68
483	194	25	67
484	195	25	67
482	194	25	67
483	192	24	69
482	193	25	67
483	192	24	68
485	192	24	67
486	192	25	66
485	191	25	67
486	192	24	66
485	192	24	67
484	192	25	67
485	191	25	68
485	190	24	69
485	189	25	68
484	189	25	68
485	191	25	66
483	189	25	68
485	189	25	68
486	191	24	66
486	189	25	66
488	190	24	66
486	189	23	66
488	188	24	67
490	188	24	66
488	187	23	66
487	187	24	65
488	187	25	66
488	188	24	65
489	189	25	66
488	189	24	65
488	188	25	65
490	188	24	67
488	187	25	66
487	186	25	67
490	188	25	64
488	186	24	66
490	187	24	65
491	186	23	65
484	186	23	64
491	187	23	62
488	187	23	62
486	186	24	64
486	187	23	63
489	186	23	65
487	186	24	65
486	185	23	66
489	187	23	64
485	185	25	64
489	186	24	64
485	183	24	66
488	185	23	64
488	183	23	66
487	184	23	65
488	183	22	67
488	184	22	65
488	184	23	66
487	184	23	65
490	185	23	65
480	183	23	65
483	183	24	66
484	182	23	66
488	182	23	65
487	183	23	64
488	182	23	65
488	182	24	65
487	183	25	65
490	182	24	65
488	183	23	63
488	183	23	62
486	183	23	61
486	181	23	61
486	181	22	63
483	180	23	62
477	181	22	62
473	179	24	62
483	181	24	62
483	180	23	62
483	179	24	62
481	178	23	63
482	178	24	62
481	179	24	62
470	178	23	61
472	178	25	62
484	181	23	62
484	179	23	62
481	179	23	61
481	177	23	61
482	178	23	61
481	178	23	61
482	178	22	61
483	179	22	60
482	179	22	60
481	179	22	60
483	178	22	60
481	178	22	59
482	178	23	60
479	177	23	60
477	176	23	61
480	178	22	58
480	178	23	59
478	178	23	60
480	179	22	59
477	178	22	60
479	177	21	58
476	177	22	58
477	175	21	61
477	178	21	59
476	177	22	60
475	177	22	59
475	177	21	60
473	177	23	60
472	177	22	60
471	176	23	60
471	177	22	59
472	177	22	59
469	176	22	59
470	177	22	58
471	176	22	59
470	177	22	58
469	176	22	59
468	177	22	57
467	176	22	57
466	176	22	58
467	177	22	57
466	176	22	57
465	174	22	59
466	175	23	58
463	174	23	60
463	174	23	59
463	175	22	58
462	175	22	58
463	175	22	58
461	175	22	58
456	173	24	59
448	173	23	58
445	173	23	58
449	172	23	59
447	174	23	57
442	174	22	56
447	175	24	56
442	173	23	59
454	174	22	58
445	173	23	57
442	173	23	58
453	172	22	59
444	173	22	58
451	172	23	59
442	171	22	58
443	172	22	57
449	171	23	58
449	172	24	59
449	172	22	58
448	171	23	57
448	171	24	58
447	169	23	57
446	170	24	57
447	170	24	58
445	169	24	58
445	169	24	59
447	172	25	58
446	173	23	57
448	172	22	56
449	172	22	57
448	171	23	59
445	169	24	61
449	170	23	60
446	168	25	61
442	167	26	62
441	169	28	59
441	169	28	59
441	167	28	65
440	165	28	67
441	166	28	68
442	167	27	68
440	165	28	70
444	164	26	65
438	166	28	64
439	164	28	67
440	170	30	65
442	165	29	74
439	164	29	75
440	165	29	72
440	163	29	75
442	159	28	77
437	162	32	69
438	162	31	66
441	161	30	68
439	163	30	66
436	160	33	85
438	161	32	77
437	159	32	75
436	160	32	72
438	160	29	68
440	160	29	66
439	160	29	65
439	160	30	66
438	159	31	65
439	159	31	68
438	158	31	73
440	159	30	74
438	158	30	72
440	158	30	73
440	157	29	74
440	157	30	71
441	157	29	70
441	158	29	67
440	159	29	65
440	157	30	67
443	160	28	63
440	159	30	64
442	158	29	66
440	160	29	65
441	159	29	66
439	158	29	67
439	158	30	64
441	158	27	61
441	158	28	63
442	160	27	62
440	159	27	59
441	158	27	61
439	158	28	59
441	158	28	58
440	158	27	57
442	159	26	58
442	159	26	58
442	159	27	58
442	157	27	59
442	157	26	57
441	157	26	57
441	158	25	54
441	158	24	54
443	157	24	54
442	159	25	53
441	157	25	55
441	157	25	55
442	157	25	55
442	156	25	56
443	157	25	55
443	159	23	55
443	158	23	55
443	159	21	55
444	158	21	54
442	158	23	54
443	159	22	52
444	160	21	52
444	159	21	52
445	160	21	53
445	159	22	52
446	159	21	52
447	159	21	51
446	158	21	52
446	159	21	53
446	159	21	53
447	159	21	52
448	160	21	52
447	159	21	51
447	158	21	53
448	158	21	52
449	157	21	54
449	158	21	53
448	157	21	53
450	158	21	53
451	158	21	54
449	158	21	54
451	156	21	54
451	157	21	53
451	156	22	54
451	156	21	53
451	156	22	52
451	156	22	54
452	156	22	53
451	156	22	53
452	157	21	53
451	156	22	53
451	156	21	53
451	155	21	52
450	155	21	54
452	156	21	53
453	156	20	51
452	156	20	53
454	157	20	53
454	155	21	53
454	155	21	53
454	155	21	53
454	155	21	53
454	155	21	53
454	154	21	53
455	156	21	52
455	155	21	52
455	155	21	52
455	155	20	53
455	156	20	52
456	155	21	52
455	154	21	52
457	152	20	53
455	154	21	51
456	154	20	51
455	153	21	52
457	154	20	52
456	155	20	51
458	154	20	51
457	155	21	50
457	154	20	51
457	153	20	51
457	154	20	50
458	153	20	51
457	154	20	50
459	154	20	50
457	154	21	51
458	155	20	50
458	155	20	50
458	153	21	50
457	154	20	50
456	152	21	52
455	152	21	50
457	154	20	49
457	154	20	49
459	154	19	49
457	153	19	49
459	154	19	49
460	152	19	50
459	154	19	49
460	152	19	50
456	151	20	50
456	151	19	51
459	151	19	51
459	150	20	51
460	150	19	50
459	152	21	50
462	152	19	49
462	152	19	49
463	151	19	49
462	150	20	50
462	150	19	49
460	148	21	50
461	150	20	50
461	149	20	50
463	150	19	49
462	151	19	48
462	152	19	47
462	150	19	49
461	150	20	48
463	151	19	48
463	152	19	47
462	150	19	48
461	150	19	47
462	150	19	48
461	149	19	48
464	149	18	49
463	149	18	48
465	150	18	47
463	150	19	49
465	150	19	48
464	149	20	49
463	149	20	49
465	149	19	48
466	150	19	47
464	150	19	48
467	150	18	47
465	148	19	49
465	147	20	49
465	146	20	50
465	149	20	48
465	147	20	49
465	147	20	49
466	147	20	49
466	147	19	49
466	147	19	49
468	147	18	49
467	147	19	49
468	147	19	49
467	148	19	49
467	148	18	50
467	148	19	49
468	147	19	48
466	147	19	48
466	146	18	49
468	147	18	47
467	148	19	47
468	147	18	48
468	148	18	46
470	147	17	48
470	148	18	46
470	147	18	47
471	148	18	46
471	147	18	47
472	147	18	47
473	147	18	46
472	147	18	46
474	147	17	46
473	148	18	45
473	146	19	47
473	147	18	47
473	147	18	46
474	147	18	47
473	147	19	45
475	147	19	46
474	148	19	45
474	148	19	44
475	147	19	46
475	147	19	46
477	148	18	45
478	147	18	45
477	147	18	45
479	146	18	45
479	146	18	46
478	145	18	47
479	147	19	46
478	146	18	46
480	146	18	46
480	147	18	45
479	147	18	46
476	146	19	47
479	146	18	45
478	146	18	46
481	145	18	46
479	144	18	48
481	145	18	47
480	144	18	47
480	143	18	48
481	145	18	46
481	144	18	47
481	145	18	46
482	143	18	47
481	144	18	46
483	144	17	47
482	145	18	47
483	143	18	47
483	144	18	47
483	144	18	46
484	145	18	46
484	144	18	46
485	143	17	46
485	143	17	46
483	143	18	47
483	143	18	47
485	143	17	47
484	142	18	47
484	142	17	47
484	143	17	46
484	142	17	46
486	143	17	46
487	142	17	46
488	142	16	46
488	144	16	46
487	143	16	46
486	143	17	46
487	142	17	47
486	142	17	46
487	141	17	47
486	141	18	47
483	140	19	47
486	141	17	47
486	140	18	47
486	140	18	47
488	141	18	48
488	141	17	47
487	142	17	47
487	140	17	47
488	140	17	47
488	141	17	47
488	141	17	46
488	140	17	47
487	141	17	47
489	142	17	47
482	141	18	46
483	141	18	47
483	142	18	46
488	143	18	45
487	141	18	46
485	141	17	46
487	142	17	45
486	142	17	46
487	141	17	46
486	141	17	46
488	141	17	46
488	142	17	45
486	141	18	45
488	141	17	46
488	142	17	44
489	140	17	45
490	141	17	47
489	141	17	46
490	140	17	46
489	141	18	46
488	140	17	45
490	141	17	46
489	140	18	45
488	140	17	45
489	140	17	45
489	140	17	46
489	139	17	47
489	139	17	47
490	139	17	47
489	138	17	46
492	140	17	47
488	140	17	44
483	135	19	47
478	136	20	48
485	136	19	48
484	136	18	48
489	138	18	48
489	138	17	47
489	138	18	47
490	139	17	47
483	139	18	46
485	140	18	44
487	139	18	45
488	139	17	46
488	139	17	46
489	138	17	46
491	138	16	45
485	139	17	46
491	139	18	46
490	139	17	46
490	138	17	45
490	139	16	44
492	139	17	45
486	138	17	45
486	139	17	45
486	137	17	46
485	137	18	46
486	137	18	47
488	136	18	47
486	136	17	46
487	138	18	45
487	137	17	44
485	137	17	46
487	137	17	46
489	136	17	46
490	137	16	45
490	136	18	47
484	135	19	47
492	136	19	50
491	137	19	49
492	137	19	47
493	137	19	47
492	137	19	47
492	137	19	48
492	137	19	48
490	135	20	50
490	134	19	51
493	135	19	50
492	135	20	52
485	133	21	50
487	131	20	54
488	134	19	50
493	136	20	50
492	134	19	51
493	135	20	49
495	135	20	48
496	133	20	49
497	133	20	47
500	133	20	46
