590	192	27	75
589	190	26	72
590	191	26	72
590	190	26	73
590	190	26	73
589	189	26	72
589	188	27	73
589	188	27	73
588	186	28	73
587	187	28	73
587	187	28	72
587	187	28	72
586	187	28	73
585	188	28	72
585	186	28	71
584	186	28	71
583	185	28	72
583	185	29	72
582	186	28	71
581	186	29	71
582	185	29	71
581	186	29	71
581	186	29	71
580	185	29	69
580	184	29	70
579	182	29	72
578	183	28	71
578	182	28	72
577	183	28	71
576	183	28	71
576	183	28	71
575	182	27	71
574	182	27	70
573	180	28	71
572	180	29	72
571	179	29	72
571	180	29	71
571	180	29	70
571	181	29	69
569	181	29	69
570	180	29	71
569	179	28	71
569	179	29	71
568	178	28	71
567	178	27	71
566	178	28	70
566	179	27	71
566	178	27	71
564	178	27	70
565	178	27	70
565	179	26	69
564	178	26	68
563	177	27	69
562	177	27	70
562	176	27	70
561	177	28	69
560	177	27	68
560	177	28	69
559	177	28	69
559	177	28	69
559	176	28	69
558	176	28	69
557	175	28	69
557	174	28	70
556	174	27	69
556	175	28	69
555	175	28	69
554	176	27	68
554	175	27	69
553	175	27	68
553	173	28	68
552	174	28	68
551	173	29	68
550	173	29	68
549	175	29	67
549	174	29	66
549	175	30	65
549	176	29	66
548	176	29	66
549	174	28	66
548	172	27	66
548	171	27	67
548	173	26	66
548	172	26	66
547	172	26	66
546	173	26	65
546	172	26	66
546	172	25	65
545	172	25	65
546	170	25	65
544	170	25	65
544	170	25	66
544	170	25	66
544	170	25	64
544	170	25	63
543	171	25	64
543	171	25	64
543	170	25	64
543	169	25	64
542	168	26	65
541	169	26	65
542	169	25	65
542	168	25	65
540	168	25	64
540	169	26	64
540	169	25	63
540	168	25	64
539	169	25	63
538	167	25	64
538	168	25	64
538	168	25	65
538	167	25	64
537	168	25	63
537	169	24	63
537	168	25	63
537	169	25	64
537	168	25	64
537	168	25	64
535	166	25	64
535	167	25	64
535	166	25	64
534	166	25	64
533	168	26	63
533	168	26	63
533	168	25	62
533	167	25	63
532	167	25	63
532	166	25	63
531	167	25	63
532	165	25	64
531	166	25	62
530	167	25	62
530	167	26	62
530	167	26	62
531	168	26	61
530	166	25	63
531	165	25	63
530	166	25	62
530	164	25	63
529	165	25	63
528	164	25	62
528	166	25	62
527	165	25	63
526	165	25	62
526	165	25	62
526	164	25	61
525	163	26	63
524	163	26	62
524	164	26	61
523	164	25	60
523	164	26	60
523	165	26	59
523	165	26	60
523	164	25	60
524	163	25	60
523	164	25	60
522	162	25	61
522	161	25	62
521	162	26	60
520	162	26	61
520	163	26	61
520	163	26	60
519	163	25	60
519	162	25	61
519	161	26	60
520	161	25	61
519	162	24	60
519	160	25	60
520	161	25	59
519	161	24	59
519	162	25	58
519	162	25	59
519	161	25	60
519	162	25	59
519	160	25	60
519	160	24	60
519	159	24	60
518	159	24	60
517	160	25	60
517	160	26	60
516	160	26	59
516	160	25	59
516	160	25	58
516	159	25	59
516	159	25	59
516	158	24	59
515	159	24	58
514	159	25	58
514	159	25	57
514	159	26	56
514	159	25	58
514	160	25	57
513	159	25	57
514	157	25	58
513	157	24	58
513	158	24	58
512	157	24	58
511	157	25	58
512	158	25	58
512	158	25	58
511	158	25	57
511	157	25	57
510	157	25	58
510	155	26	58
511	155	26	58
511	156	25	57
511	156	25	57
511	156	25	57
511	157	25	56
512	157	24	57
512	156	24	57
512	155	24	57
512	155	24	58
511	154	24	58
511	155	25	57
511	154	25	58
510	155	25	57
509	155	26	57
509	155	25	56
509	155	25	56
509	155	25	55
509	153	25	56
509	153	25	56
509	154	24	56
509	153	24	55
509	155	24	55
508	154	24	54
509	155	24	55
510	154	24	56
509	153	23	56
509	153	23	55
509	152	23	56
508	152	24	56
508	152	24	56
508	152	23	56
507	153	24	56
507	153	24	56
507	153	24	56
506	153	24	54
506	153	23	55
506	152	24	56
506	152	24	55
507	151	22	56
506	151	23	55
506	151	23	54
506	151	24	54
506	152	23	55
505	152	23	55
506	151	23	55
506	150	23	55
505	150	22	54
504	149	22	55
504	150	23	54
504	150	23	55
503	149	23	54
502	149	24	54
503	150	23	54
502	150	23	55
502	148	23	54
503	148	22	54
502	147	22	55
502	148	22	54
502	147	22	54
502	148	22	53
502	148	23	52
501	148	22	53
501	148	22	54
501	146	22	54
501	147	22	54
501	146	22	55
501	146	22	54
500	145	22	54
499	146	23	54
498	146	23	54
498	146	23	54
498	146	23	54
497	146	23	53
496	144	23	53
497	144	22	54
497	144	22	54
497	143	21	54
497	144	21	53
496	144	21	53
496	144	21	52
497	145	22	53
497	144	22	53
498	145	22	53
497	143	22	54
497	143	22	53
497	143	22	53
496	143	23	53
496	144	23	53
496	144	24	52
497	144	23	52
496	144	23	53
496	143	23	52
496	144	23	52
496	142	23	52
498	142	22	52
497	143	22	53
498	142	22	52
498	143	22	50
498	143	23	51
498	144	22	51
499	142	22	52
499	142	22	52
500	142	22	52
499	141	22	52
498	141	23	52
498	140	23	52
498	141	24	52
498	142	24	52
497	142	24	52
498	142	23	51
498	141	22	51
498	140	22	51
497	140	22	51
499	140	22	51
498	139	22	51
498	140	22	50
499	140	23	50
499	141	22	50
499	141	22	51
500	140	22	51
500	140	21	50
499	139	22	51
499	139	22	51
498	139	22	51
498	139	23	51
497	139	23	51
497	140	23	51
497	140	23	50
497	139	23	50
497	139	22	49
497	139	22	50
497	139	22	50
499	138	21	50
498	138	21	51
498	138	21	49
498	140	22	49
498	139	21	49
499	139	21	50
499	138	21	50
499	138	21	50
499	138	20	50
498	137	21	50
497	137	22	50
496	137	23	50
496	138	23	50
496	137	23	50
495	138	23	50
495	138	24	49
496	137	23	49
496	137	23	50
497	136	21	49
497	137	22	49
497	137	22	48
497	136	22	48
497	137	22	48
497	138	21	48
498	137	21	49
498	137	21	49
498	136	21	48
497	135	21	49
497	136	21	49
497	135	21	49
496	135	22	49
496	136	23	48
496	136	23	48
496	136	22	48
497	136	22	48
496	136	22	47
496	135	22	47
496	135	21	48
497	134	20	48
497	135	21	48
497	135	21	47
497	136	21	47
498	136	20	47
497	136	20	47
498	135	20	47
498	134	20	48
498	134	21	48
498	133	21	49
497	134	21	48
497	134	21	48
497	134	22	48
497	134	22	47
497	134	21	47
497	135	21	47
497	134	21	46
497	133	21	47
496	134	21	48
497	133	20	47
496	133	21	48
496	133	20	46
496	134	21	46
497	134	21	46
496	133	21	48
497	133	21	47
497	132	21	48
497	131	20	48
497	133	20	47
496	132	20	47
495	132	21	47
495	132	21	47
494	133	21	47
494	132	21	47
493	133	21	47
493	132	21	47
494	132	20	47
493	131	20	47
493	131	20	47
493	132	20	47
493	132	20	44
492	133	20	45
493	132	20	46
493	132	20	46
492	132	20	46
494	131	19	45
493	132	20	46
493	131	19	45
493	132	20	45
493	131	19	45
492	132	20	46
492	131	20	46
493	132	20	46
492	132	20	45
492	131	20	45
493	131	20	46
492	130	20	46
493	130	20	45
493	130	20	45
492	131	20	44
493	131	20	44
493	132	20	44
493	131	20	44
493	130	20	44
493	129	20	46
494	129	20	45
493	129	20	46
493	129	20	46
493	129	21	45
493	130	20	45
493	130	20	44
492	129	20	44
492	129	20	45
492	129	19	45
493	128	20	45
493	128	20	45
492	128	20	45
493	128	20	44
493	129	20	43
493	129	20	44
494	129	20	44
493	129	20	44
494	129	20	44
494	128	20	45
493	127	19	45
494	127	20	45
493	127	20	44
493	127	20	45
493	127	20	44
493	128	20	44
492	128	20	45
493	127	19	44
492	127	20	43
493	127	19	44
492	127	19	44
493	127	19	44
494	127	19	43
493	128	19	42
494	127	19	43
494	127	19	44
494	127	19	43
494	126	20	43
495	126	19	43
495	125	19	44
494	125	20	43
494	126	20	43
494	126	20	43
493	127	20	43
494	127	20	43
494	126	20	43
494	126	19	42
494	125	20	43
495	126	19	44
494	125	20	43
494	125	19	42
495	126	19	42
495	126	19	42
495	125	19	42
495	126	19	43
496	126	19	42
496	125	19	43
496	125	19	43
496	125	19	43
495	124	20	43
494	125	20	43
494	125	21	43
494	125	21	43
495	126	19	42
495	125	20	43
495	124	19	42
496	125	20	43
496	124	19	42
496	124	19	43
496	124	19	42
497	125	19	42
497	125	19	43
498	124	19	42
498	125	19	43
498	124	18	41
498	124	19	43
498	123	19	43
497	123	19	44
497	123	21	43
497	124	20	42
496	124	21	42
496	124	21	42
496	124	21	42
497	124	20	42
497	124	20	41
497	123	20	42
497	122	19	42
497	123	19	42
497	123	20	41
497	123	20	41
497	124	19	41
498	124	19	40
498	123	19	41
497	123	19	40
497	122	19	42
497	123	19	42
496	122	20	42
496	122	19	42
495	123	20	40
496	123	19	41
495	124	19	41
495	125	19	41
494	125	19	40
494	125	19	40
494	124	19	40
494	124	18	40
495	123	19	40
495	124	19	41
495	124	19	39
495	124	19	39
495	124	19	40
495	125	19	41
496	123	18	40
496	123	18	40
495	123	18	41
495	123	19	42
494	123	19	41
494	123	19	41
494	123	20	40
494	124	20	40
494	124	19	41
494	123	19	40
495	122	19	41
496	123	18	40
495	123	19	40
496	122	19	40
496	123	19	41
496	123	20	40
497	122	19	41
497	123	19	40
498	122	19	39
498	123	19	40
498	122	18	40
498	121	19	41
498	121	18	40
497	122	19	40
497	122	20	40
496	122	20	40
498	122	19	40
498	123	19	40
498	121	19	40
499	121	18	39
499	121	18	40
499	121	18	39
500	121	18	39
500	122	19	39
500	121	18	39
500	122	18	39
501	121	18	39
501	121	18	39
501	120	18	39
501	120	18	41
501	120	18	40
500	120	18	40
500	121	19	39
500	120	19	40
500	121	18	39
500	120	19	39
500	121	18	39
500	119	18	40
501	119	18	40
500	120	18	40
501	118	18	40
501	119	18	39
501	120	18	38
501	119	18	39
501	120	18	40
501	120	18	39
501	119	18	39
501	119	18	39
500	119	18	39
500	119	18	39
500	119	18	39
499	120	18	39
499	118	18	40
500	120	17	39
499	120	18	39
499	120	18	38
499	119	18	38
500	119	17	39
500	118	18	39
499	119	17	38
501	119	17	38
500	119	18	37
500	119	17	38
500	119	17	38
500	118	18	38
501	119	17	37
501	118	17	39
501	118	17	38
500	119	17	38
501	119	17	38
500	119	17	37
500	119	17	38
499	119	18	37
499	119	18	36
499	119	17	37
499	117	18	38
500	117	17	38
500	117	17	37
500	118	17	37
500	118	18	36
500	119	18	36
500	119	17	37
501	118	17	36
501	117	17	37
501	117	17	37
500	117	17	38
500	115	17	39
501	117	17	38
501	117	17	38
500	117	17	37
500	118	17	37
500	117	18	37
500	117	17	37
500	115	17	38
500	116	17	38
500	116	17	37
501	115	17	38
501	116	17	37
500	116	17	36
501	117	17	38
501	116	17	38
502	115	17	38
502	116	17	38
502	115	17	38
502	116	16	37
502	115	17	37
501	115	18	37
501	115	17	37
501	116	17	37
501	115	17	37
501	116	17	36
501	115	17	37
502	114	17	37
502	115	16	37
502	115	17	37
502	115	16	37
502	115	17	37
503	115	17	36
503	115	17	37
504	115	16	37
503	114	16	36
504	115	16	37
503	114	17	37
504	115	16	36
503	115	17	36
503	115	17	36
504	115	17	36
503	114	17	37
502	115	17	36
503	115	16	35
503	115	16	35
503	114	17	36
503	114	16	35
504	115	16	36
503	114	16	36
504	115	16	34
503	115	16	36
503	114	16	36
504	114	16	35
504	114	16	35
504	114	16	36
504	114	16	35
503	113	16	36
503	114	17	35
502	115	17	35
503	114	16	35
503	113	16	36
504	113	15	35
503	114	17	36
503	113	16	36
503	113	16	37
503	112	17	37
503	112	17	36
503	114	17	35
504	113	17	35
503	112	17	35
504	113	17	35
503	113	17	34
503	114	17	35
503	112	16	36
502	111	17	37
502	112	17	36
502	113	18	36
502	112	17	37
502	113	17	36
502	113	17	36
502	112	17	36
503	112	17	37
503	111	16	37
503	111	16	37
503	111	17	35
504	111	16	37
503	111	17	35
504	112	17	35
504	112	16	37
504	112	16	35
504	110	16	36
504	109	16	37
503	110	16	36
504	110	17	36
504	109	17	36
503	110	18	36
503	110	17	37
504	110	17	36
504	110	17	36
503	110	17	35
503	109	17	36
504	110	17	36
504	109	16	35
503	110	17	36
503	110	16	34
504	110	16	35
504	110	16	35
503	110	17	36
504	110	16	35
503	110	16	35
503	109	16	35
503	109	17	36
504	109	17	36
502	109	17	36
502	110	17	35
503	110	16	36
503	110	16	35
502	109	16	35
502	109	16	36
502	108	16	37
502	108	17	36
502	108	16	37
502	108	17	35
502	109	17	36
502	109	16	35
502	108	16	36
503	109	16	35
502	109	16	35
502	108	16	36
503	108	16	35
502	108	16	36
501	108	17	35
501	108	17	37
501	108	17	37
500	108	17	36
500	108	17	35
501	108	17	35
501	107	16	35
500	107	17	35
501	107	16	36
500	108	17	35
500	107	17	34
500	108	17	35
501	108	17	35
501	108	16	35
500	107	16	34
500	107	16	35
501	106	16	36
500	106	17	35
500	107	16	35
498	107	17	35
498	107	17	35
499	107	17	35
498	107	17	35
498	106	17	35
500	106	15	35
500	106	15	35
500	106	16	35
499	107	16	34
500	106	16	34
499	107	17	35
500	106	16	34
499	107	17	35
500	106	16	34
500	105	16	35
500	106	16	35
500	105	16	35
500	105	16	35
499	106	16	35
499	106	16	34
499	107	16	35
499	106	16	34
499	106	16	33
499	105	16	34
500	105	15	35
500	105	16	35
499	105	16	34
500	106	16	34
499	105	16	34
500	106	16	34
499	105	16	34
500	105	16	34
500	104	16	35
501	104	15	35
498	104	17	35
500	103	16	35
500	104	16	34
500	105	17	35
500	104	16	34
498	105	16	35
499	104	16	34
499	104	16	34
500	105	16	33
500	104	15	34
499	104	16	34
500	104	15	34
499	104	16	33
500	104	16	34
499	104	16	34
500	105	15	33
500	104	16	33
500	104	16	33
500	104	16	34
500	103	16	33
500	104	16	33
501	104	16	34
500	104	16	33
499	104	16	33
500	104	15	33
500	104	16	32
499	104	16	33
499	103	16	33
499	103	17	34
500	103	16	33
498	104	17	32
499	104	16	32
499	104	16	33
500	104	15	33
499	103	16	33
500	103	16	33
500	104	16	33
499	103	15	33
500	103	16	33
500	104	15	33
499	104	17	33
500	103	15	33
500	103	16	33
498	103	17	33
500	103	16	33
498	103	16	33
500	102	15	33
499	103	16	32
498	103	16	32
498	104	16	32
499	103	16	32
499	103	16	33
499	104	16	32
499	102	16	33
499	103	16	33
500	102	15	34
499	102	16	32
499	102	16	33
498	102	16	33
498	102	16	33
498	103	16	33
499	102	16	33
498	102	16	33
499	102	16	33
498	102	16	33
499	102	16	34
499	102	15	33
499	102	15	33
499	102	15	33
499	102	15	32
499	102	16	34
500	102	15	33
499	101	16	33
499	101	16	34
499	101	15	34
499	100	16	34
499	100	16	34
499	100	16	34
499	102	16	34
499	102	16	33
500	101	16	33
499	100	16	34
498	101	17	34
500	100	16	34
499	99	16	35
499	100	16	35
500	100	15	34
499	100	15	35
500	101	15	34
501	100	15	34
499	101	16	35
500	100	16	34
500	99	15	34
500	100	16	34
499	100	16	34
500	99	15	35
499	99	16	35
500	100	15	35
499	99	16	35
499	101	16	35
500	100	15	35
499	100	16	34
499	100	16	34
500	100	15	34
499	99	16	34
499	100	15	34
499	100	15	33
499	100	15	34
500	99	15	35
500	100	15	34
500	99	15	34
500	99	15	34
498	98	15	34
499	99	15	34
500	99	15	34
498	99	16	35
499	99	16	34
498	100	16	34
498	100	15	33
498	100	15	32
498	99	15	34
499	98	16	34
497	98	16	34
497	97	17	35
497	97	16	34
497	98	16	34
498	98	16	34
497	98	16	34
497	98	16	34
497	98	16	34
498	97	16	34
497	97	16	34
497	97	16	34
497	98	17	35
496	98	16	34
497	98	17	34
497	98	16	34
496	98	17	34
496	97	16	34
495	96	17	35
496	98	17	35
496	96	17	35
497	97	17	35
496	97	16	35
497	98	16	33
497	97	16	34
497	97	15	33
497	98	15	33
498	97	16	34
497	97	16	33
498	96	16	34
496	97	17	33
496	96	16	34
497	97	17	33
497	97	16	34
496	96	16	33
496	96	16	33
497	97	16	33
496	97	16	32
497	97	16	33
496	97	16	33
497	97	17	32
496	96	16	32
496	97	17	33
497	97	16	33
496	96	16	33
497	96	16	33
497	97	16	32
496	96	16	32
496	96	16	32
497	96	16	34
496	96	16	33
496	97	16	32
496	97	16	32
494	96	16	33
495	97	17	33
495	96	16	33
496	97	16	32
495	96	16	33
495	96	17	32
494	95	17	32
495	96	17	32
495	96	16	32
496	96	17	32
496	96	16	32
496	96	17	32
494	96	17	33
496	96	16	32
495	96	16	32
495	96	17	32
496	96	17	32
495	96	16	32
495	96	17	32
494	96	17	33
494	96	17	32
495	96	17	33
494	96	17	33
494	96	16	33
496	96	16	32
495	96	16	31
496	95	17	32
496	96	16	32
496	95	17	32
495	95	18	33
494	95	18	33
494	96	18	32
495	96	17	32
494	96	17	32
495	96	16	33
494	96	17	32
495	95	17	32
494	94	17	32
494	94	17	32
495	95	17	31
496	95	17	31
495	95	16	31
495	95	18	32
495	95	17	32
495	95	17	31
494	94	19	32
495	95	17	32
495	94	16	32
494	94	17	32
494	94	17	32
494	94	17	32
494	94	17	32
494	95	17	32
493	96	17	30
494	96	16	31
494	95	17	31
494	94	17	30
492	95	17	31
493	95	17	31
493	95	17	31
493	95	17	31
494	95	16	31
493	94	16	30
493	94	17	30
494	94	17	31
494	93	17	31
493	93	16	31
494	94	16	30
493	94	17	30
492	95	17	30
493	94	17	31
493	94	16	29
493	95	16	29
492	93	17	30
493	93	16	31
491	94	16	30
492	94	17	30
494	94	17	30
492	94	17	30
494	94	17	30
493	94	17	30
493	93	16	30
493	93	16	30
494	93	16	30
494	92	16	30
493	93	15	30
493	93	16	30
493	93	16	30
494	93	16	30
492	93	16	30
493	93	16	30
492	93	16	29
492	93	16	29
492	93	15	29
493	93	15	29
493	93	16	29
491	93	16	29
493	93	16	29
492	93	16	29
492	93	16	29
491	93	16	28
493	93	15	29
493	92	16	29
493	92	15	29
493	92	15	29
491	93	16	29
492	93	16	29
492	93	16	29
492	93	15	29
492	93	15	29
493	93	15	29
493	93	14	29
493	93	14	29
491	93	15	28
493	92	15	29
492	93	16	29
491	93	16	29
491	93	16	29
491	93	16	29
490	93	16	30
491	92	16	30
492	91	15	31
492	92	16	30
490	91	17	30
492	92	16	31
491	92	15	30
490	92	15	30
491	91	15	31
491	92	16	30
490	91	17	30
490	91	16	32
489	92	16	31
490	92	16	30
490	92	17	30
491	91	16	31
491	91	16	31
491	92	16	30
491	92	15	29
491	91	16	30
491	91	16	31
492	91	15	30
491	91	15	29
491	91	16	30
491	91	15	29
491	91	16	30
490	91	16	31
491	91	15	31
490	91	15	31
491	90	15	30
490	90	15	30
491	90	15	30
491	90	15	31
491	91	15	30
492	91	15	30
492	91	14	30
490	92	15	29
491	91	15	30
490	91	16	30
492	91	16	30
491	91	15	30
490	91	16	30
491	90	16	31
491	91	15	30
492	91	15	30
491	91	15	30
491	90	15	29
492	91	14	29
490	91	15	29
490	90	16	30
490	90	16	30
491	90	16	31
491	90	15	30
491	90	15	29
491	90	15	30
491	90	15	29
492	90	16	30
490	90	16	30
490	90	17	30
490	90	16	30
491	90	15	29
491	90	15	29
490	90	14	30
491	90	15	29
490	90	15	30
489	90	15	30
489	91	16	29
489	90	15	29
490	90	16	29
490	90	14	30
490	91	15	29
490	90	15	29
490	91	15	28
489	91	15	29
490	91	16	29
489	90	16	30
489	89	16	31
489	91	17	29
490	90	15	30
489	90	15	30
489	90	16	29
489	90	15	30
488	91	16	29
488	89	16	29
489	89	16	30
489	90	16	30
488	90	16	30
488	90	16	29
489	90	16	30
487	90	17	31
488	90	16	30
489	90	16	30
485	90	18	31
487	89	17	30
489	89	17	30
489	90	16	30
489	89	16	31
489	90	16	30
489	90	17	30
489	88	17	31
488	89	16	31
488	88	18	31
488	88	18	31
489	89	17	31
490	89	16	31
489	89	16	31
489	89	16	31
488	88	18	31
490	89	16	31
491	89	16	30
490	89	18	31
490	89	17	31
490	88	18	33
489	89	17	31
491	88	16	31
490	89	16	31
490	89	17	31
490	89	16	31
490	88	17	31
489	89	16	31
490	88	17	30
490	89	16	31
491	88	16	30
489	88	17	31
491	88	16	31
492	88	15	31
491	90	15	30
492	90	15	29
491	90	16	28
491	88	16	30
491	88	16	30
491	88	15	30
492	87	16	30
491	88	16	30
490	90	16	29
492	88	16	29
491	89	16	29
491	89	15	30
491	89	15	29
491	88	16	29
492	87	15	29
490	88	17	29
491	88	16	30
491	89	16	30
491	89	16	30
492	89	16	29
491	89	16	29
492	88	16	30
492	87	15	30
492	88	15	28
492	88	16	28
492	87	16	28
492	87	16	29
492	88	16	29
