568	230	25	76
566	229	26	75
563	228	26	73
562	227	27	74
560	227	27	76
557	229	27	75
555	227	28	76
552	227	28	75
550	228	27	74
547	228	27	75
545	227	27	76
543	227	27	76
542	226	27	77
539	225	28	76
537	226	27	76
535	226	27	76
533	226	27	75
531	225	27	75
529	226	27	74
527	226	27	73
526	226	27	74
524	225	27	74
522	225	27	73
520	225	27	75
516	224	28	75
513	224	29	75
510	226	29	73
509	224	28	74
506	225	28	73
504	223	28	76
503	224	28	75
501	223	28	75
500	222	27	76
498	222	28	76
495	222	28	75
494	222	27	75
493	222	28	75
490	223	27	73
489	223	27	73
486	221	27	75
485	222	27	74
483	220	28	75
479	222	27	72
478	220	28	75
474	221	28	74
472	220	30	75
469	221	30	74
466	222	32	73
466	221	31	73
462	221	30	74
460	220	29	74
458	220	29	74
457	220	28	73
457	219	29	75
454	220	28	74
453	220	28	74
450	220	28	74
449	221	27	72
447	219	27	73
446	219	27	73
444	219	27	73
441	218	27	72
440	218	27	72
438	217	28	74
436	218	28	73
433	217	29	74
430	219	29	72
428	218	29	73
426	218	28	73
425	219	28	72
423	218	27	73
421	218	26	72
421	217	26	73
419	217	27	73
417	217	26	72
416	218	26	72
412	217	27	72
410	218	27	71
407	217	26	71
406	217	26	72
404	218	26	72
402	217	26	71
400	216	26	71
399	217	26	72
396	216	27	72
393	216	28	72
389	216	29	72
387	217	28	71
385	217	27	71
384	217	27	71
382	216	27	71
381	216	26	71
380	215	26	72
379	215	26	71
377	216	25	71
374	215	26	71
372	216	26	70
370	215	26	69
368	216	25	69
368	215	25	70
366	215	25	70
364	214	26	70
362	214	26	70
359	213	27	71
358	214	27	71
354	214	29	71
352	214	30	69
351	214	30	69
349	214	30	69
349	214	29	70
347	213	29	70
344	213	27	70
344	212	29	71
343	213	29	71
341	212	28	70
339	213	27	70
337	213	27	70
336	212	28	70
335	212	27	70
334	212	27	69
333	212	28	69
331	210	27	69
330	211	28	69
329	210	28	70
328	210	27	70
326	210	27	70
325	210	28	69
323	211	29	69
323	211	29	69
321	210	28	69
320	210	29	69
318	209	28	70
318	209	28	69
316	208	27	70
316	208	28	70
314	209	27	69
314	208	29	70
313	208	28	69
311	208	27	69
311	208	29	70
310	207	28	69
310	207	28	69
308	206	28	69
307	206	28	70
306	206	28	69
305	206	28	69
303	207	29	68
302	206	29	68
301	206	28	68
299	206	29	68
299	205	29	69
298	205	29	68
297	205	28	68
296	205	27	69
295	205	28	69
294	205	28	69
293	205	29	70
293	205	28	68
291	205	27	68
291	204	28	69
290	204	28	68
288	203	27	68
288	202	27	68
286	203	27	68
287	202	27	68
285	203	27	68
283	203	28	68
283	202	28	68
282	203	29	68
279	202	28	68
279	201	29	68
277	200	28	68
276	200	28	68
276	201	28	68
275	200	28	68
274	200	28	68
273	201	30	68
272	201	28	67
271	201	28	67
272	200	29	67
270	200	27	66
270	199	28	67
268	199	26	67
268	198	26	67
268	199	26	67
266	199	27	67
265	199	28	67
263	199	28	66
264	199	28	66
261	198	27	67
259	198	27	67
258	198	27	66
258	197	26	67
257	197	26	67
256	197	27	67
255	197	28	67
254	197	28	67
253	197	27	66
252	197	27	65
252	198	26	66
251	197	26	66
250	196	27	66
249	196	27	66
249	196	27	66
248	195	27	66
247	196	27	66
246	195	27	66
244	196	27	65
243	196	28	66
241	196	27	66
240	196	27	65
239	195	27	65
241	195	25	65
238	194	27	66
238	195	27	65
236	195	27	65
237	195	29	66
235	195	26	65
233	195	27	65
233	195	27	66
233	194	29	66
231	193	27	65
231	193	28	65
230	193	28	65
229	193	28	66
228	193	28	65
228	193	27	65
226	193	27	64
225	194	28	64
225	193	28	64
223	193	28	64
222	192	28	64
221	192	28	64
220	192	27	64
220	192	28	65
219	192	28	64
218	192	27	64
220	192	28	65
218	192	27	64
217	192	28	65
216	191	28	64
216	191	27	64
216	190	27	64
215	191	26	64
215	190	26	65
215	190	27	64
214	190	26	64
212	191	27	63
213	190	28	64
212	191	27	63
210	190	27	63
210	190	27	63
208	189	27	64
209	189	26	64
208	189	27	63
209	190	27	64
208	189	27	63
207	190	27	63
207	190	26	63
206	189	27	64
207	188	27	64
205	188	27	63
207	187	26	63
204	188	27	63
204	187	26	63
204	188	26	63
203	188	25	62
203	188	25	63
202	188	25	62
201	188	26	63
201	187	27	63
200	187	27	62
200	186	26	62
200	187	25	61
199	187	26	62
200	187	26	62
199	187	26	61
197	187	26	62
198	187	25	61
198	187	25	61
199	186	25	61
199	185	25	62
198	185	25	61
198	186	25	61
198	186	24	61
197	185	24	61
196	186	24	61
196	185	24	61
195	185	24	61
195	186	24	61
194	185	25	61
194	185	25	60
193	184	25	61
193	185	25	60
194	185	24	60
192	185	25	60
192	185	25	60
192	185	25	61
192	184	25	61
192	184	25	61
193	184	24	60
191	183	24	60
192	183	24	60
191	183	24	60
191	183	24	60
191	183	24	60
189	183	24	60
189	183	24	59
189	183	24	60
188	183	25	60
188	182	26	61
187	182	25	60
187	182	25	60
187	182	25	59
186	182	25	59
186	182	25	60
186	182	25	60
187	182	25	59
186	181	26	59
186	181	25	60
186	181	25	60
186	180	25	60
184	180	25	60
185	180	24	60
184	181	25	60
184	181	25	60
184	181	26	60
182	180	26	60
182	180	25	61
181	179	26	61
182	179	24	61
181	179	25	61
181	179	25	61
181	179	25	61
180	178	25	60
181	179	25	60
181	178	26	61
181	178	25	61
181	178	25	61
180	178	25	60
180	178	25	60
180	177	25	60
181	178	24	60
180	178	24	59
179	178	24	58
179	178	24	58
179	178	23	58
177	178	24	59
178	177	24	60
175	176	24	59
176	177	24	59
175	176	24	58
177	176	24	58
174	176	25	58
174	176	25	59
175	177	24	57
175	176	24	58
175	176	23	58
174	176	23	58
174	176	24	57
174	175	23	57
173	175	23	57
173	175	22	57
173	175	22	56
172	176	22	57
172	175	22	56
171	176	22	56
169	175	23	57
170	176	23	56
168	175	23	56
168	175	23	56
168	175	22	56
167	175	23	57
166	174	23	56
165	174	23	56
165	174	24	57
164	174	24	56
164	174	23	56
163	174	23	56
162	174	23	55
162	174	23	55
161	174	24	55
160	173	23	55
161	174	23	55
159	174	23	55
158	175	23	54
158	174	23	55
156	174	23	54
156	174	23	55
155	173	23	56
153	172	23	56
154	172	23	56
152	172	23	57
152	172	23	57
151	172	24	57
149	172	23	54
149	173	23	55
149	172	23	56
147	171	24	56
145	172	25	55
144	171	25	56
147	171	23	55
146	171	23	55
147	172	23	54
146	171	23	54
143	170	24	55
142	171	24	54
139	170	26	55
137	169	25	56
153	169	24	56
137	169	24	53
136	168	23	52
135	167	24	51
134	164	25	55
134	166	24	57
133	165	24	53
133	167	25	55
131	167	23	53
133	168	22	52
131	167	22	52
132	167	23	53
131	167	24	56
139	170	26	55
137	170	26	55
135	168	26	55
136	166	24	55
135	166	24	53
134	165	25	52
130	164	23	53
130	164	23	53
128	167	26	52
129	166	26	51
128	167	26	51
129	165	26	50
127	166	25	50
126	165	25	48
126	167	24	47
123	166	25	50
121	166	25	51
122	164	26	51
121	164	28	54
114	165	29	49
114	166	34	53
111	166	32	49
113	165	28	52
114	165	27	53
113	164	27	53
111	164	27	55
109	163	27	55
107	163	27	56
105	164	26	57
105	165	25	55
105	165	26	54
104	163	26	54
101	161	25	57
101	163	25	52
100	166	24	59
99	165	25	55
96	163	25	56
92	164	26	53
91	162	24	53
92	161	24	53
91	163	25	50
89	162	26	51
89	160	24	50
87	163	24	53
88	163	23	52
87	163	24	50
81	162	24	48
80	161	22	48
81	162	23	48
79	161	23	46
78	162	22	47
78	162	23	49
79	162	23	48
77	164	24	48
75	163	23	49
76	163	23	49
74	163	24	51
73	162	23	51
72	163	24	51
71	163	23	51
72	162	23	52
70	163	24	51
70	164	24	51
69	163	24	53
69	163	24	52
67	162	23	52
66	162	24	52
66	162	24	52
65	161	23	53
68	162	25	52
65	162	24	52
65	162	24	52
65	162	24	53
64	162	24	52
63	161	24	53
63	162	24	52
64	161	24	53
62	160	23	52
63	161	23	51
63	161	23	52
62	161	23	52
63	161	23	53
61	161	23	52
62	161	23	52
60	161	22	51
60	161	23	52
58	161	23	52
62	161	24	51
59	160	24	53
58	160	23	53
58	160	24	52
57	160	24	53
58	161	25	52
56	160	24	52
56	160	23	52
56	160	24	52
56	159	23	52
56	160	24	51
54	159	23	52
55	159	23	51
55	160	22	51
67	160	22	52
54	159	23	52
57	160	25	52
52	160	23	52
53	160	24	53
50	159	24	53
50	159	24	52
50	159	23	52
49	159	23	52
49	159	24	52
49	158	24	52
49	159	25	52
47	159	24	52
48	160	24	52
46	159	24	50
47	159	25	51
46	158	24	51
47	159	24	52
45	158	23	53
47	160	23	51
44	160	22	51
45	160	22	51
44	160	23	51
44	160	24	51
42	159	23	52
42	159	23	50
42	159	23	52
41	159	23	51
42	159	23	52
42	160	24	51
41	159	23	51
42	159	24	51
41	159	23	51
42	159	24	50
40	158	23	51
40	158	24	51
40	157	23	52
41	159	24	52
39	158	23	52
39	159	23	51
37	159	23	50
38	159	23	51
37	158	23	51
38	158	24	51
36	157	23	52
36	157	24	51
35	157	24	51
37	158	24	51
35	157	24	51
35	158	24	50
35	158	24	50
34	156	23	51
35	157	25	49
34	156	24	50
34	157	23	50
34	157	24	50
32	156	22	50
33	157	25	50
31	156	23	52
30	157	24	50
31	157	25	51
29	156	24	51
29	156	26	50
27	155	23	51
26	155	24	50
27	154	25	51
24	155	25	50
26	156	26	48
25	155	24	50
23	155	23	48
25	155	27	50
24	154	23	51
26	155	26	49
21	154	22	50
23	155	21	49
23	156	21	49
21	156	22	49
22	156	21	48
22	156	21	48
20	155	21	48
19	155	21	47
19	154	20	47
18	153	20	49
18	154	20	49
17	153	22	49
17	154	21	48
20	153	23	48
39	155	23	49
40	155	22	49
35	155	23	47
35	155	22	48
33	154	24	48
14	152	25	51
14	151	25	53
13	151	25	53
28	152	23	52
24	152	25	49
25	151	24	50
25	150	23	51
23	150	25	50
8	152	23	54
8	150	25	52
6	150	24	53
5	149	22	55
3	150	21	54
2	149	20	54
3	151	19	52
1	150	20	52
2	151	20	50
1	152	20	50
0	149	19	51
1	149	18	53
0	147	19	52
0	146	17	52
0	146	17	53
0	145	17	53
0	145	16	55
0	145	16	55
0	147	17	53
