361	217	49	168
362	219	51	165
365	220	51	166
371	217	53	169
377	217	52	172
381	218	52	170
386	220	55	169
391	222	55	165
396	225	54	161
399	224	53	165
405	224	52	168
407	224	51	167
412	222	51	170
415	223	51	171
409	226	55	168
401	226	56	167
390	230	61	164
381	228	59	166
373	226	56	169
364	226	56	171
356	225	56	170
350	225	54	174
340	227	56	173
327	229	59	169
318	231	62	169
306	233	62	165
293	230	63	166
283	230	59	166
271	229	52	175
259	231	56	172
248	233	61	171
233	233	61	171
224	233	60	171
211	233	59	171
201	230	58	175
191	232	55	174
178	234	58	174
162	234	62	172
148	238	69	169
133	237	66	173
123	237	61	169
108	234	57	177
97	236	61	174
86	237	67	173
73	240	74	169
60	239	76	170
54	238	67	169
43	236	57	170
30	236	55	172
23	239	58	170
23	239	66	174
26	237	65	171
29	235	63	172
38	232	59	170
41	229	57	173
45	227	58	175
51	228	62	170
56	231	62	166
61	230	64	168
66	232	60	162
71	224	60	168
75	224	56	167
83	223	58	171
86	222	67	174
88	224	78	172
96	226	81	170
101	227	79	170
105	225	65	172
112	222	59	174
111	217	61	179
121	225	61	173
121	220	64	175
125	224	70	169
134	226	69	167
136	226	64	169
138	223	62	172
143	218	60	176
150	219	54	174
157	218	57	177
159	216	63	179
163	219	71	173
170	223	70	167
172	223	64	169
180	217	62	177
180	215	59	176
183	207	57	184
190	211	57	179
194	213	58	177
161	193	62	191
165	188	60	188
183	207	70	181
178	216	62	174
166	219	56	169
156	210	58	181
149	220	61	172
137	221	66	175
137	225	65	166
137	220	62	169
146	213	61	179
151	214	58	179
153	218	57	175
159	211	55	179
163	211	55	176
168	216	56	171
175	214	57	170
181	211	56	174
183	210	59	175
191	207	58	177
200	203	54	176
208	200	51	184
211	202	53	180
218	207	55	169
212	210	61	169
205	204	62	176
195	209	64	165
185	209	61	164
175	209	62	160
169	200	62	172
162	196	63	175
154	197	64	172
149	198	63	177
140	194	64	179
131	200	67	168
131	189	67	178
132	202	59	163
138	206	55	161
147	207	62	159
154	208	68	154
158	208	70	156
167	206	61	158
173	204	56	160
177	202	53	161
183	202	51	164
191	202	51	162
196	203	53	161
203	203	56	158
208	203	58	159
214	200	57	161
219	199	54	161
215	198	56	162
209	197	55	163
203	196	55	163
194	197	58	165
187	201	60	161
179	198	59	159
174	199	57	159
172	196	57	160
181	196	54	162
189	193	53	164
208	194	56	163
222	194	54	162
230	194	52	161
244	192	55	163
255	191	52	160
263	190	53	160
276	189	54	159
285	188	54	159
296	188	52	159
309	188	56	160
319	186	53	163
330	188	53	161
343	186	53	161
353	187	53	161
360	186	54	161
358	186	56	158
353	185	55	157
348	187	57	157
344	185	57	157
327	185	58	158
313	182	56	160
306	184	61	153
309	179	57	157
300	178	57	158
291	179	59	157
286	178	59	156
281	179	62	156
276	176	57	156
273	179	57	155
271	178	54	158
269	177	52	159
263	179	55	159
259	178	54	160
255	179	54	156
249	178	55	156
254	176	54	157
264	175	54	155
278	173	52	152
284	173	51	154
295	171	51	151
287	170	54	155
280	169	53	153
275	170	54	153
269	170	55	150
264	170	54	152
259	167	54	151
254	167	51	151
249	166	50	151
244	164	50	154
240	165	51	155
235	166	53	151
229	165	54	151
226	166	53	152
220	165	53	149
214	164	53	151
211	164	52	153
207	161	52	152
202	162	51	149
198	162	50	150
193	161	51	150
189	162	52	150
180	163	55	146
174	165	56	147
168	162	58	151
163	160	55	148
162	160	52	147
158	160	52	147
152	158	50	151
147	158	50	149
141	159	51	149
135	161	52	148
130	158	52	148
126	157	52	150
120	156	51	147
116	154	51	145
111	154	50	145
107	154	50	145
103	153	51	146
97	154	53	146
93	154	54	143
88	155	56	145
84	153	56	145
80	152	56	144
75	150	54	142
70	150	51	145
65	150	51	144
62	149	50	146
59	150	50	145
55	149	51	146
51	150	52	144
49	150	51	143
46	148	51	141
49	146	49	143
54	143	50	142
60	143	50	140
63	142	48	143
68	141	52	142
73	143	54	139
77	143	55	139
83	143	58	138
88	142	60	139
94	140	58	139
98	138	57	141
101	138	54	140
103	136	54	139
109	134	51	140
116	134	52	142
122	134	50	138
125	134	50	138
133	133	51	138
135	133	55	138
140	133	54	136
144	131	53	135
147	131	52	135
155	130	48	134
161	129	48	134
168	127	50	136
169	128	53	135
174	128	57	134
177	126	60	135
180	125	59	136
185	124	56	135
191	124	52	134
195	122	48	134
197	121	52	137
206	121	48	137
211	121	48	134
214	120	47	136
221	121	47	133
226	118	47	137
231	115	46	137
236	114	46	133
242	114	48	128
249	114	47	125
255	115	47	115
262	115	46	109
266	113	46	108
273	110	46	108
275	109	50	101
276	105	50	106
278	103	55	107
288	103	55	107
291	106	50	104
280	105	55	102
305	101	48	102
317	99	44	103
319	96	49	105
329	98	47	101
336	96	45	103
343	97	45	104
349	94	50	106
354	92	50	108
327	96	56	107
360	92	58	113
366	96	60	113
375	96	56	116
376	94	60	114
388	89	57	114
392	86	58	103
396	87	55	94
402	85	49	95
410	84	49	97
415	83	46	101
421	87	46	108
429	86	65	94
432	85	56	98
437	87	57	86
443	85	56	94
451	84	56	101
457	84	52	108
466	85	51	113
471	84	51	116
475	84	51	119
482	86	50	118
491	84	49	118
496	82	50	122
500	81	51	124
508	79	49	128
523	79	49	127
527	79	54	125
542	78	48	127
551	78	47	123
558	76	46	125
558	75	45	128
557	73	46	130
553	70	47	135
552	74	45	129
547	74	46	125
544	74	47	123
542	76	46	118
547	71	49	124
536	73	49	118
526	70	44	122
519	69	45	118
520	67	52	120
558	56	48	136
554	58	49	137
533	66	43	126
540	52	48	134
535	50	49	131
530	45	50	137
528	44	50	140
527	42	50	141
525	42	48	137
519	49	50	130
521	46	46	132
516	47	47	133
518	44	48	134
516	43	52	134
501	45	49	134
501	47	49	134
504	39	49	138
484	48	47	128
489	38	45	130
481	39	48	126
483	37	48	127
475	37	49	128
476	36	46	128
473	38	46	127
471	37	46	127
465	36	46	130
468	39	47	131
455	52	44	123
458	54	42	121
468	52	46	129
468	59	42	126
462	65	43	127
460	74	43	125
455	78	44	128
459	87	44	122
460	86	40	121
460	93	39	121
454	94	40	121
452	100	41	122
452	107	40	124
446	114	41	126
429	127	44	119
429	123	44	128
428	130	45	127
429	132	45	129
419	151	45	117
424	144	44	124
421	151	45	125
416	155	47	129
412	171	44	123
410	185	43	113
410	178	44	120
407	193	43	113
407	194	41	115
404	198	40	116
401	210	39	113
399	216	40	114
399	222	38	112
394	226	42	117
392	236	40	113
388	239	41	119
385	247	41	117
382	263	37	109
377	252	41	120
376	250	39	118
374	251	41	120
371	251	42	120
370	250	42	121
369	252	40	118
368	253	38	116
368	251	38	113
365	257	38	109
365	252	37	113
357	259	36	106
357	255	40	108
359	260	37	106
365	259	39	106
374	254	38	110
378	256	38	109
385	254	40	111
393	250	41	112
399	261	38	104
403	257	40	107
436	253	40	108
450	251	39	107
476	245	40	103
479	258	42	99
486	253	44	102
500	239	40	110
507	241	40	113
512	246	41	110
518	242	44	112
539	244	53	108
531	250	42	105
537	250	39	105
541	246	42	109
548	248	43	106
553	247	43	108
560	245	43	107
559	245	40	105
556	244	40	107
555	242	40	108
557	233	41	116
548	245	41	104
547	241	37	106
544	241	36	105
542	242	37	103
540	242	36	104
539	240	40	106
537	237	38	107
535	237	39	109
535	238	38	107
535	238	38	106
532	240	36	100
529	235	38	104
526	229	39	110
525	231	38	108
525	235	36	105
520	226	40	110
519	231	39	105
518	231	37	104
492	233	38	100
485	237	42	97
514	230	40	105
512	232	39	102
512	231	36	101
512	227	36	107
510	233	36	101
507	227	35	104
507	232	34	97
506	228	33	101
504	227	35	102
472	231	37	96
499	227	39	101
496	225	40	103
497	231	38	98
498	223	39	100
494	230	34	97
490	227	36	97
485	226	40	97
483	223	41	101
484	221	39	104
486	222	40	103
485	223	38	102
482	221	38	100
479	221	39	100
478	225	38	97
478	223	37	98
454	226	39	95
477	223	40	97
477	218	39	102
476	220	40	100
477	223	36	97
475	221	37	99
447	225	36	93
453	223	41	92
449	224	39	92
443	223	36	91
