330	193	14	38
330	192	14	39
329	192	14	39
330	192	14	39
329	192	15	39
328	191	15	38
328	191	14	38
328	191	15	39
328	193	14	38
328	192	14	39
328	192	14	40
327	192	14	39
327	192	14	39
328	193	14	39
327	192	15	39
327	193	15	39
327	192	15	39
326	193	15	39
327	191	15	39
326	192	15	39
327	193	15	39
326	193	15	39
326	194	15	38
325	193	15	39
325	192	15	40
325	192	14	39
325	193	15	39
325	193	15	39
324	193	14	40
325	193	15	40
324	192	15	40
324	192	15	39
326	193	14	38
325	194	15	39
325	193	15	39
325	193	15	40
325	192	15	40
325	193	15	39
324	193	15	39
326	195	15	39
325	195	15	39
325	194	15	40
325	194	15	39
324	193	15	39
324	193	15	39
325	193	15	39
325	194	15	40
324	194	15	41
323	193	15	40
324	194	15	40
324	194	15	40
324	195	15	39
324	195	15	40
325	194	15	41
324	193	15	41
325	193	15	40
325	194	15	40
325	195	15	40
326	194	15	40
324	195	16	40
325	195	15	40
324	194	15	40
325	194	15	39
324	194	15	39
325	194	15	41
325	195	16	40
324	194	15	40
324	194	16	40
324	195	16	40
324	195	17	41
324	196	16	41
324	195	16	40
324	195	17	40
323	194	17	40
323	195	17	40
324	195	16	41
325	195	16	40
325	195	16	40
324	195	16	41
324	195	16	41
324	196	16	40
323	196	16	41
324	196	15	41
323	196	15	41
323	196	15	40
322	195	15	41
322	195	15	41
322	195	15	40
323	196	15	41
322	196	15	42
322	196	16	41
322	196	15	41
322	196	15	40
322	197	15	40
322	196	15	40
322	197	15	40
322	196	16	40
321	196	15	40
321	195	16	42
321	197	16	40
321	197	15	40
320	198	15	40
321	197	15	40
319	197	15	41
319	197	15	40
320	197	15	40
319	197	15	41
320	197	15	40
320	198	15	40
319	197	15	41
318	198	16	41
319	198	15	40
319	199	15	39
318	198	15	40
319	198	15	40
318	197	16	40
317	197	16	41
317	197	16	41
317	198	16	41
316	199	16	41
316	198	16	42
315	198	16	43
315	198	16	41
314	198	16	42
315	199	16	41
315	198	16	41
314	198	16	43
313	198	16	42
314	198	15	42
313	198	16	43
313	199	16	42
312	200	16	42
312	200	16	42
312	199	15	43
312	198	15	43
311	199	15	42
310	199	15	43
311	200	15	43
310	200	15	42
309	200	15	43
309	199	15	43
307	199	16	42
308	200	15	43
307	200	15	42
307	200	15	43
305	199	16	42
307	199	15	42
305	200	16	41
305	200	15	42
304	200	16	43
305	201	15	41
304	201	16	42
304	200	15	42
304	200	16	43
304	201	15	42
304	201	15	43
304	201	16	42
303	201	16	42
302	201	16	42
304	201	15	42
303	201	16	42
303	201	15	42
303	201	15	41
302	201	15	41
302	200	15	42
303	200	15	42
302	201	15	42
302	201	15	43
303	202	15	43
302	202	15	41
302	201	16	41
303	202	15	42
302	203	15	42
303	202	15	43
303	202	16	42
302	202	16	42
302	201	16	42
302	201	17	44
302	202	17	43
302	203	17	42
301	201	17	44
302	203	16	41
301	202	17	42
301	201	16	44
302	202	16	43
302	203	16	43
302	202	16	44
302	202	16	43
302	203	16	44
302	203	16	43
303	203	16	44
304	204	16	43
304	203	16	45
304	203	16	45
303	202	16	45
304	203	17	44
305	203	16	44
304	203	17	46
305	203	17	46
305	204	17	44
304	203	17	44
305	203	17	45
306	203	16	45
306	204	16	45
306	204	17	45
306	204	17	44
307	203	17	45
308	204	17	45
309	205	17	44
310	205	16	44
310	205	16	45
311	204	17	45
312	205	17	45
312	204	18	45
312	204	18	46
312	204	18	45
312	205	19	45
312	205	19	45
313	206	18	46
313	206	18	45
314	205	18	45
314	206	18	45
314	205	17	44
314	205	17	44
315	206	17	45
315	205	17	45
314	205	17	46
315	206	17	45
315	206	17	45
315	207	17	44
315	206	16	44
315	207	16	44
315	206	17	45
314	206	17	45
314	206	18	46
314	206	18	46
313	206	19	46
313	207	19	45
312	207	19	46
313	207	18	45
312	207	18	45
313	206	17	45
312	206	17	45
312	206	17	46
313	207	17	44
312	207	17	45
312	207	17	45
312	207	17	44
311	208	17	44
312	207	17	45
311	208	17	44
311	207	18	45
311	207	18	46
311	208	18	45
311	208	18	45
311	208	18	45
310	209	19	46
310	209	18	46
310	208	18	45
309	207	18	45
308	208	17	44
309	209	17	45
307	209	18	46
308	208	17	45
307	208	17	46
306	208	18	47
306	209	17	48
304	210	18	45
305	209	18	48
305	209	18	47
304	209	18	47
304	207	17	48
304	208	18	48
303	208	18	49
303	209	17	47
302	209	19	48
300	210	19	46
301	211	18	46
299	211	18	45
298	210	18	48
298	210	18	46
298	210	18	47
298	211	18	47
297	210	18	47
296	210	18	47
296	211	18	47
296	212	18	46
295	212	17	46
295	212	17	47
294	211	17	47
294	212	17	47
293	212	17	47
293	212	17	48
292	212	17	47
292	213	18	48
292	212	18	47
291	212	18	47
290	212	18	47
290	213	18	47
290	212	18	46
289	212	18	47
290	213	18	46
290	213	18	46
290	213	18	47
290	213	18	47
289	213	18	47
290	214	18	46
290	213	18	46
291	213	18	47
290	213	18	47
290	212	19	48
290	213	19	46
291	213	19	48
290	213	19	46
290	213	19	47
290	213	20	48
290	214	20	47
290	214	20	47
291	214	20	47
290	214	19	46
290	214	19	48
291	213	19	47
291	213	19	47
291	214	19	46
290	214	20	47
291	215	19	47
290	216	20	46
291	215	20	47
291	216	19	48
290	215	20	48
290	215	20	48
291	215	20	48
290	216	20	47
291	216	20	49
289	217	20	47
290	217	20	49
290	217	20	49
289	217	20	47
289	217	21	47
288	218	20	47
289	217	20	46
289	218	20	47
289	218	20	47
289	218	21	47
289	219	19	47
290	220	19	46
289	218	20	47
288	220	20	47
287	219	21	48
287	219	21	49
286	220	21	47
284	219	21	50
283	220	22	49
283	220	21	50
283	219	21	50
282	219	20	49
282	219	19	50
281	220	19	50
282	220	18	49
281	220	19	49
281	221	18	50
280	221	19	50
280	221	18	48
279	222	18	48
278	221	18	48
278	222	18	48
279	221	17	48
278	221	17	48
279	221	17	49
277	222	17	49
277	222	17	49
277	223	17	50
277	222	16	48
276	222	17	50
275	222	17	51
275	222	17	50
275	222	17	50
275	222	17	51
275	222	17	50
276	222	17	49
276	223	17	51
275	223	17	49
276	223	16	50
276	223	16	50
277	223	16	50
276	224	16	50
277	223	17	50
277	223	16	49
278	222	16	50
276	223	17	49
277	223	17	51
277	223	18	51
277	224	18	50
276	223	17	50
277	224	17	50
277	224	18	52
278	224	17	51
278	224	17	49
278	224	17	51
277	225	18	51
277	225	18	51
279	226	17	51
278	225	18	50
279	225	18	51
279	224	18	51
279	224	19	51
279	225	20	52
279	225	19	52
279	225	19	52
279	226	19	51
279	226	19	50
279	226	18	50
279	226	18	50
279	226	18	51
280	226	18	50
279	226	18	51
280	227	18	52
280	227	18	51
280	228	18	51
281	228	18	49
280	228	18	51
281	228	18	49
280	228	18	50
281	227	18	50
282	229	18	47
281	228	19	50
282	229	18	48
282	228	19	49
281	228	19	51
282	228	19	50
283	230	19	47
282	229	18	48
282	229	18	50
282	229	18	48
284	229	18	49
283	229	19	52
284	229	19	51
284	229	19	52
285	229	19	52
285	229	19	52
284	229	20	53
286	229	19	53
286	230	20	51
286	230	20	50
286	230	20	51
286	231	21	50
286	230	21	52
286	231	21	52
286	231	21	52
286	231	21	53
285	231	21	52
286	230	20	53
287	231	20	52
287	231	20	52
287	231	20	53
287	230	20	54
287	230	20	54
287	230	20	54
289	231	20	54
288	231	21	53
287	230	21	53
287	230	21	53
287	230	21	54
286	230	21	54
287	231	21	54
287	231	21	55
286	231	21	55
285	231	21	54
286	231	20	55
284	232	21	56
284	232	21	57
285	231	20	57
284	231	21	55
284	232	21	57
284	232	21	57
284	232	21	58
284	231	21	58
284	233	21	58
283	231	22	57
284	232	21	56
283	232	22	57
283	232	21	57
283	233	21	56
284	233	21	56
282	233	22	58
282	233	21	57
282	233	22	56
282	233	22	57
281	234	22	56
281	234	22	56
281	234	22	56
280	234	22	54
279	234	23	56
279	235	23	55
279	235	23	56
279	234	23	55
278	236	23	54
278	234	23	55
278	234	24	56
278	234	23	55
278	235	24	55
278	235	24	56
277	235	24	55
277	235	23	56
277	235	23	56
277	235	23	56
276	235	22	57
276	234	22	56
274	235	23	56
274	234	22	57
274	234	22	57
274	235	22	55
274	235	22	58
274	235	22	58
274	235	22	56
273	235	22	57
273	236	22	56
273	236	22	56
273	236	22	56
273	236	22	58
273	235	21	58
273	236	22	57
273	236	22	57
273	236	22	57
273	236	22	57
274	236	21	58
274	236	22	58
274	236	21	57
275	236	21	58
275	237	21	57
275	236	21	57
275	237	22	59
276	237	22	58
276	237	21	57
277	237	21	57
277	237	21	57
278	238	21	57
277	238	22	57
277	236	23	58
278	237	23	58
278	236	24	58
279	238	24	57
279	239	24	57
278	238	24	59
278	238	24	58
280	238	24	58
278	238	25	57
281	239	23	57
281	239	23	57
281	238	23	57
281	239	23	56
282	239	23	57
283	239	23	58
283	239	23	59
284	239	24	58
285	239	23	58
285	239	24	59
285	240	24	59
285	239	24	60
286	239	24	59
287	241	24	59
286	239	25	60
287	241	24	59
287	240	24	60
286	241	25	60
286	241	25	59
286	241	24	59
287	240	24	58
286	240	24	59
286	240	24	59
287	241	24	60
288	240	23	59
288	240	23	59
288	241	23	60
288	241	22	60
289	241	23	58
289	242	22	59
289	241	23	59
289	241	23	60
289	241	22	61
289	241	24	61
290	243	23	59
290	243	23	59
289	243	23	59
289	241	23	61
290	242	22	59
289	243	22	58
289	243	23	60
290	243	23	60
289	244	23	59
290	242	23	60
290	243	23	59
290	243	24	63
291	244	23	61
290	244	24	61
291	244	23	62
291	243	23	62
290	244	24	62
292	244	23	60
291	244	23	60
291	245	23	59
290	245	23	60
291	245	22	60
290	245	24	61
291	244	23	61
290	245	23	62
289	246	23	61
290	245	23	62
291	245	23	62
291	244	23	61
291	246	23	59
291	246	23	59
290	246	23	60
291	247	23	59
291	247	23	61
291	247	23	61
291	247	23	59
291	248	23	61
291	248	23	60
290	249	23	57
290	249	22	60
289	249	24	61
290	249	24	61
291	251	23	59
290	251	23	61
289	251	24	63
288	253	26	64
289	255	26	62
288	256	26	61
291	256	25	57
292	256	25	59
293	254	25	57
293	256	24	54
296	253	26	57
294	256	28	52
296	255	29	57
293	256	31	57
297	255	29	58
296	255	30	60
299	255	29	59
301	256	27	60
302	254	26	62
302	254	26	62
303	252	26	61
303	254	25	59
305	254	26	61
305	253	26	62
306	254	26	60
306	253	25	58
305	253	26	60
306	253	27	54
325	225	19	48
325	227	19	45
325	227	19	46
324	227	19	46
325	226	18	46
325	226	18	46
324	226	18	46
325	226	19	46
325	226	19	47
325	227	19	47
325	227	19	46
325	228	19	46
326	228	18	46
326	228	19	48
326	228	19	47
327	227	19	48
327	227	19	46
327	226	19	46
328	227	19	45
328	227	19	46
327	227	19	46
327	228	19	46
327	229	19	46
327	229	19	45
328	229	19	44
328	229	19	45
328	228	19	47
328	227	19	49
328	228	20	49
328	228	21	50
329	229	21	48
329	229	21	49
330	229	20	50
331	229	20	48
331	229	20	49
331	228	20	49
332	227	20	50
332	227	20	51
332	228	20	50
332	228	20	50
332	228	21	51
332	229	20	50
332	230	20	49
332	230	20	50
333	230	20	49
331	228	20	52
332	228	20	50
332	228	20	52
332	229	20	51
332	229	21	52
332	230	20	52
333	231	20	51
333	230	21	52
333	231	20	52
334	230	20	53
334	230	21	53
334	230	20	52
334	229	21	52
334	229	21	53
335	230	21	53
335	231	21	52
335	232	21	51
335	232	21	51
335	232	21	51
335	232	21	52
335	231	21	52
335	231	21	53
335	231	21	54
335	231	21	55
336	232	21	54
336	232	21	54
337	233	21	55
338	233	21	54
338	232	21	54
339	233	21	54
340	232	21	54
340	233	22	53
340	234	21	53
340	234	21	53
341	234	22	55
342	235	21	56
342	235	21	56
343	235	22	57
344	235	22	57
345	234	21	56
345	235	21	55
345	236	21	55
345	237	21	54
345	237	21	54
345	237	21	55
345	236	22	56
346	236	21	55
346	236	21	56
346	236	22	57
346	236	21	56
346	236	21	57
347	237	20	56
348	237	21	55
348	237	21	56
349	237	21	57
349	237	21	56
349	236	21	57
350	236	21	57
351	237	21	56
350	237	21	56
351	238	22	55
351	237	21	55
351	238	21	55
351	239	22	54
352	239	21	55
351	239	21	55
352	238	22	56
351	237	22	56
352	236	22	57
353	237	22	57
353	238	23	57
354	239	23	57
353	239	22	57
354	238	22	56
355	238	22	57
355	238	22	57
356	238	23	58
356	237	23	57
356	238	22	57
355	238	23	55
357	237	23	56
357	239	22	56
356	240	22	54
357	240	21	57
357	240	22	56
357	239	22	57
357	238	23	57
357	238	22	58
357	239	23	58
358	239	23	60
358	239	24	60
358	241	24	56
358	240	24	58
359	241	24	58
360	240	23	58
360	241	23	58
361	239	23	61
362	240	22	59
361	240	23	57
362	240	24	57
362	241	25	58
362	242	24	57
362	243	24	57
361	243	24	56
362	241	22	59
362	242	22	58
363	241	23	60
362	242	23	61
363	242	23	61
363	243	23	58
364	247	22	58
363	246	24	59
364	245	22	58
364	244	23	60
364	246	22	58
365	245	23	59
365	245	22	60
365	245	23	61
366	247	22	58
366	248	23	58
365	247	23	59
366	247	23	59
367	247	23	60
367	247	22	59
367	247	22	59
367	246	23	60
367	246	24	61
367	246	24	61
368	246	24	62
368	247	25	62
368	249	26	60
369	249	26	60
370	248	24	59
371	249	24	59
371	250	23	59
373	251	22	57
373	251	22	58
374	251	23	58
373	250	23	58
374	250	22	57
374	250	23	58
375	251	23	59
373	251	25	59
374	252	23	57
374	250	24	60
375	251	23	58
376	251	23	57
375	251	24	59
376	251	24	60
376	251	24	60
377	250	24	62
377	249	24	63
377	249	25	63
378	250	26	63
377	250	26	63
379	249	26	64
378	249	25	65
380	249	25	64
381	249	25	64
382	249	27	64
381	249	26	65
401	246	27	67
402	245	27	69
382	250	25	64
382	251	25	64
383	253	25	63
383	253	24	62
383	252	25	62
384	252	25	62
384	253	26	61
385	251	30	65
404	249	31	68
384	252	28	65
385	253	30	67
385	252	28	66
386	253	27	65
387	255	26	63
388	255	26	65
390	256	24	63
390	255	24	64
389	254	25	65
390	255	26	65
391	255	25	65
390	254	26	66
392	256	26	66
392	256	26	65
392	256	26	65
391	257	28	64
393	256	26	65
394	257	24	64
394	257	25	65
395	257	25	65
396	258	25	64
394	258	28	64
397	257	25	65
397	259	26	65
395	259	29	65
398	258	26	65
399	258	25	65
400	258	26	66
401	259	25	66
401	258	25	66
401	259	26	65
401	260	28	66
400	262	31	65
399	263	32	64
361	292	29	74
360	291	30	79
360	292	30	81
361	292	32	81
362	291	30	81
362	291	30	80
364	293	28	81
365	292	27	83
366	293	28	83
366	292	28	83
367	291	28	84
368	294	28	82
369	294	28	83
369	295	28	82
371	295	27	81
372	295	29	79
372	295	29	76
373	295	28	71
375	297	30	69
375	297	30	69
374	298	30	75
374	295	30	83
376	295	30	83
373	294	31	84
375	294	33	78
376	294	30	85
378	296	29	80
378	295	29	85
379	296	29	83
381	295	29	85
379	294	33	83
379	294	33	83
379	294	32	85
376	293	36	85
379	294	35	83
379	293	35	83
379	295	35	81
381	298	33	80
424	268	26	68
425	269	27	69
425	269	26	67
425	269	26	68
426	268	27	69
426	270	27	69
427	268	27	71
427	270	27	70
428	270	27	70
428	271	27	70
429	272	27	70
430	272	26	70
430	272	27	70
429	272	27	70
431	272	28	70
431	270	28	71
431	271	27	71
432	271	27	71
432	273	28	70
433	274	28	69
433	274	28	69
433	274	28	71
434	274	27	69
434	275	27	70
434	275	27	68
435	273	27	68
436	273	27	72
436	273	27	72
436	274	27	73
437	274	28	73
437	275	28	72
438	276	27	73
440	276	27	72
440	276	27	72
441	276	27	73
442	275	27	73
443	273	27	74
443	274	27	74
444	274	27	74
444	276	28	74
445	276	28	74
444	277	28	74
445	278	27	72
446	276	26	73
446	277	27	72
447	278	27	72
447	276	27	73
448	277	26	73
448	276	27	74
448	277	28	73
449	276	27	75
449	281	28	72
450	281	28	72
451	280	27	74
451	280	28	73
453	279	27	75
453	279	27	74
454	279	28	75
455	278	28	76
455	280	27	75
456	279	27	75
457	281	27	73
458	282	27	72
458	284	27	72
459	283	27	72
459	284	27	72
459	283	27	72
459	282	28	73
460	282	27	74
461	283	28	75
462	283	28	75
463	284	27	75
463	285	28	74
465	286	27	72
466	285	27	73
467	284	27	75
468	285	27	75
470	284	28	75
473	283	29	77
471	283	28	78
471	287	28	74
473	287	26	74
474	287	27	73
473	288	27	73
475	288	27	74
475	288	27	73
475	287	28	74
476	286	27	76
476	286	27	77
477	286	28	77
478	287	27	76
479	289	28	76
480	290	27	76
482	290	26	75
483	290	27	76
483	288	27	77
484	287	27	78
486	288	27	78
486	289	27	78
487	289	27	77
488	289	26	76
488	291	27	78
489	293	27	76
490	293	27	75
491	293	27	75
491	293	28	74
492	292	27	75
493	292	27	78
492	292	29	78
493	292	29	79
494	293	30	80
495	295	30	79
496	294	30	79
497	295	31	79
498	295	31	80
498	296	31	79
502	296	30	78
503	294	30	81
503	293	30	81
504	293	30	82
505	294	31	81
505	294	30	82
506	297	31	80
507	297	31	80
508	298	30	77
508	298	31	78
509	298	30	78
509	298	31	80
511	298	30	79
510	297	31	82
511	298	31	81
512	298	31	83
514	300	30	80
514	300	31	81
515	301	31	81
516	300	30	81
517	300	31	81
520	299	31	82
522	299	32	82
524	299	32	84
522	300	31	84
523	301	30	83
525	303	30	81
526	304	30	80
526	303	30	81
528	303	29	81
528	302	29	81
529	303	30	81
530	302	30	84
531	302	30	84
533	303	30	84
534	305	31	82
534	304	30	83
536	305	31	83
537	306	31	83
538	305	31	84
541	306	30	85
542	304	31	86
542	304	31	86
544	305	30	87
545	307	31	85
546	307	30	85
548	308	30	85
548	308	30	85
549	307	30	85
551	308	30	85
552	309	30	84
553	307	30	86
554	308	32	88
555	306	32	90
555	309	32	88
558	311	33	86
560	312	32	86
561	314	33	86
562	313	33	86
564	311	33	87
565	310	33	89
567	311	34	89
569	311	35	90
569	313	34	89
570	313	34	90
571	315	33	87
571	316	34	86
573	318	33	86
573	317	35	87
574	317	35	88
576	315	33	89
577	317	33	89
578	316	33	89
580	319	33	90
581	318	34	90
583	321	35	89
585	321	35	90
585	321	35	90
587	320	34	90
591	320	32	92
592	319	32	93
595	321	31	92
595	322	32	91
596	322	31	92
599	323	30	91
600	324	29	90
602	326	27	90
603	326	26	89
604	326	25	90
604	325	25	91
607	325	22	90
607	326	22	89
606	327	23	90
602	329	27	89
605	329	24	90
601	331	27	87
601	331	26	89
598	330	30	91
599	331	30	91
600	333	29	92
602	334	27	93
603	336	26	89
605	334	24	91
605	334	24	92
607	332	22	90
609	330	20	77
609	333	20	73
611	334	18	74
612	335	17	69
612	337	17	60
613	338	15	51
615	327	14	59
615	329	14	59
613	327	14	59
612	318	16	66
611	316	18	72
607	318	21	71
607	316	22	74
603	321	25	67
604	318	24	73
604	316	24	75
602	312	27	79
597	314	31	73
595	308	33	78
591	307	34	78
590	309	38	77
581	313	45	81
596	317	33	79
593	304	35	77
590	316	36	71
578	317	43	74
498	329	36	99
449	330	32	98
449	330	33	98
447	330	33	99
448	331	33	99
449	331	33	98
448	331	32	98
448	333	33	97
448	333	33	97
448	333	31	96
448	333	34	97
447	332	32	97
448	333	34	97
447	333	32	96
447	333	33	96
446	334	33	95
446	333	35	96
447	333	34	96
446	334	34	95
445	334	34	96
445	335	35	95
445	335	35	95
444	335	35	94
444	336	34	94
444	337	34	93
445	337	35	91
443	336	35	94
444	336	35	93
444	336	36	94
444	336	36	93
471	330	39	102
444	336	35	94
445	336	34	93
444	336	35	93
444	336	35	93
445	337	35	91
445	336	35	94
445	336	36	93
445	335	34	93
445	335	34	94
446	334	34	95
446	335	34	94
446	335	34	94
446	334	34	94
446	335	34	94
447	334	33	95
447	335	33	95
447	334	33	95
449	334	35	96
448	333	33	95
448	333	34	96
449	332	34	97
447	333	32	96
448	333	35	95
448	333	33	95
447	334	35	96
449	333	34	97
447	333	33	96
447	333	35	97
448	332	34	97
448	334	33	96
474	329	36	103
448	333	35	98
448	333	33	96
450	333	36	97
449	333	34	96
451	333	35	96
453	331	36	98
452	331	36	99
455	331	35	100
454	330	36	99
461	330	35	100
458	330	36	101
458	330	36	100
459	330	37	100
469	330	37	102
474	329	35	102
472	330	35	101
462	330	36	101
458	331	38	101
461	330	36	101
471	331	38	101
462	331	36	101
460	331	35	100
471	330	36	101
460	330	36	100
459	331	35	100
462	330	36	100
459	331	36	101
459	331	34	100
461	331	35	99
461	331	34	100
460	331	34	99
463	331	34	100
460	331	35	100
461	331	34	100
462	331	34	100
463	330	35	100
460	331	35	100
461	331	34	100
462	331	33	100
461	332	33	99
461	332	35	99
460	331	34	99
459	331	36	100
459	330	35	100
461	330	36	100
458	330	37	101
458	331	36	100
462	330	36	100
459	331	36	100
469	330	37	101
458	332	36	99
463	331	35	99
462	332	36	100
461	332	35	99
463	332	35	99
461	333	35	98
462	332	36	98
471	332	38	100
460	334	38	99
475	332	37	100
477	332	37	100
476	332	37	100
479	330	36	103
480	331	38	103
480	330	37	104
482	330	38	104
481	331	40	105
483	331	39	105
482	331	41	105
485	332	40	105
484	331	42	105
486	331	41	105
486	331	41	106
489	331	40	106
489	331	40	106
493	333	38	106
493	333	38	107
492	333	38	107
495	332	38	108
454	337	42	98
455	337	41	98
456	338	41	98
455	338	40	95
455	339	38	94
456	338	37	94
456	338	36	95
457	340	37	93
458	340	36	92
460	339	35	93
460	339	35	94
461	338	35	95
462	338	36	95
463	337	36	96
464	338	36	97
462	338	39	98
462	339	41	99
462	337	40	101
463	340	40	99
463	340	39	100
463	340	38	99
463	340	38	101
464	339	37	100
465	338	36	100
464	339	37	101
465	340	36	100
466	340	36	100
465	341	36	101
467	342	36	101
467	342	36	99
468	342	36	100
469	343	36	100
469	343	38	100
468	343	38	101
469	343	39	102
469	343	39	102
469	345	40	104
469	345	41	103
469	346	41	104
469	346	42	104
470	346	40	103
470	346	40	103
472	347	39	103
473	347	39	103
473	346	39	103
475	348	37	103
477	348	38	103
478	349	38	104
479	350	37	104
481	350	36	103
482	350	36	104
483	351	36	103
483	351	39	103
482	351	41	104
481	352	44	101
480	353	45	101
482	353	44	101
485	354	43	101
488	354	40	103
491	354	37	101
494	354	36	99
496	354	36	101
496	354	37	102
497	354	38	102
499	356	37	99
500	356	37	101
502	357	37	100
504	358	37	100
504	358	37	99
506	357	37	100
506	357	37	101
508	358	38	99
509	359	38	98
510	360	39	96
510	361	39	96
511	362	39	94
511	362	40	96
512	362	41	95
514	362	40	95
516	362	39	94
518	363	39	94
520	364	38	95
522	364	38	94
524	365	38	92
526	367	39	92
527	368	39	91
529	368	39	91
532	368	40	91
533	367	39	91
536	367	40	91
539	368	41	91
541	369	42	89
542	370	44	88
547	372	43	87
548	371	43	87
551	373	42	86
556	371	41	87
558	370	41	87
562	371	41	87
564	372	39	87
569	373	38	86
573	374	36	85
579	377	35	82
582	378	35	81
587	379	35	80
