423	158	22	57
420	156	23	56
419	158	23	55
418	157	23	56
418	157	24	56
418	157	24	56
417	156	24	56
417	156	24	56
417	156	24	56
416	155	24	57
416	155	24	57
415	155	24	56
415	155	23	56
416	156	23	56
415	156	23	56
414	156	24	56
413	155	24	57
413	155	24	57
411	155	24	57
412	155	24	56
411	154	24	57
411	154	24	56
411	155	24	57
411	155	24	56
410	155	24	56
410	155	24	55
410	155	24	56
409	154	24	56
410	155	24	56
409	154	25	55
408	153	24	56
407	154	25	55
407	154	25	56
407	153	25	56
407	153	25	57
406	153	25	56
407	153	24	56
406	154	24	55
406	153	24	56
405	154	24	56
404	153	24	56
404	153	24	55
403	153	24	54
403	152	24	55
402	152	24	55
401	151	24	56
402	152	24	55
401	152	24	56
401	152	24	55
400	153	24	55
401	152	23	55
400	152	24	55
399	152	23	54
399	153	23	54
398	152	23	56
398	152	23	54
398	152	23	54
397	152	23	54
397	152	23	54
396	151	23	55
396	151	23	54
396	151	23	54
396	150	23	55
395	151	23	54
395	152	23	54
395	151	23	54
394	151	23	55
394	151	23	54
393	150	23	55
393	151	23	54
392	150	23	55
392	150	23	54
391	150	23	55
391	150	23	54
391	150	23	54
391	150	23	54
390	150	23	54
391	150	23	54
390	150	23	54
391	151	23	53
390	151	23	54
389	150	24	53
389	149	24	54
389	149	23	54
389	149	23	54
389	149	24	54
388	149	24	55
388	148	24	54
388	149	24	54
388	149	24	54
387	149	24	54
387	149	24	54
386	149	24	54
385	149	24	53
385	149	24	53
385	149	24	53
385	148	24	54
384	148	24	54
384	148	24	55
383	148	24	54
383	147	24	55
383	148	23	54
382	148	23	54
382	148	23	53
382	148	23	53
382	148	23	52
380	148	23	53
380	147	24	53
380	148	24	53
379	148	23	53
379	147	23	53
379	147	23	53
380	148	23	53
378	147	23	52
378	147	22	54
377	148	23	54
377	147	23	58
375	148	23	57
374	147	23	58
373	147	23	58
373	147	24	59
374	147	24	59
372	147	23	58
377	146	25	57
374	147	25	59
372	145	26	62
372	146	24	60
373	146	22	57
373	146	21	60
371	146	23	61
371	145	22	60
372	145	21	55
372	145	21	52
371	145	21	57
370	146	22	53
370	145	23	52
370	146	22	51
368	145	23	53
368	145	22	52
369	146	22	52
368	145	22	50
367	146	21	49
367	146	21	51
367	145	22	50
366	145	21	53
366	145	22	52
366	144	22	54
365	144	23	53
366	144	22	52
365	144	22	54
364	144	22	52
364	144	22	52
364	145	22	52
364	144	22	53
364	144	22	52
364	144	23	53
363	143	23	53
363	143	22	53
363	143	22	52
364	143	22	51
362	142	23	52
362	143	23	51
363	143	22	51
363	143	22	50
362	143	22	50
361	143	23	50
361	143	22	50
360	143	23	51
359	143	23	51
359	143	23	51
359	143	23	50
358	142	22	51
358	143	23	50
358	142	23	51
358	142	22	50
357	142	22	50
357	142	22	51
358	143	21	52
357	142	22	53
357	142	22	53
356	143	23	52
355	142	23	51
355	142	23	53
354	142	23	50
354	141	23	48
354	141	22	49
354	140	22	49
353	141	22	50
354	141	22	49
353	141	22	48
353	142	22	47
352	141	22	49
351	142	22	46
350	140	22	47
350	141	22	49
350	141	21	48
349	140	22	50
348	140	22	51
348	140	22	50
348	140	22	49
347	140	21	50
347	139	21	51
347	141	21	48
347	140	21	52
345	141	22	48
343	142	21	48
328	140	22	54
318	140	24	57
308	138	24	56
311	140	23	50
311	140	22	48
311	139	22	49
311	139	21	49
310	140	21	47
310	141	21	46
308	140	22	49
308	140	21	49
307	140	21	50
307	140	21	48
306	140	21	49
306	140	21	48
306	140	21	50
304	140	21	47
304	139	21	50
304	140	21	49
302	140	22	53
302	139	22	53
302	139	21	57
301	139	23	59
300	139	24	61
299	140	24	57
298	140	25	65
300	139	23	66
298	137	23	59
294	137	25	70
296	138	23	63
294	136	23	69
294	134	23	62
290	137	25	69
333	181	31	74
334	180	31	81
335	182	32	79
336	183	33	78
337	185	35	76
348	183	34	75
357	185	35	75
367	185	35	77
375	184	35	79
385	186	36	78
394	184	36	79
403	184	36	77
412	184	37	79
423	184	36	77
432	184	36	79
436	183	32	78
438	184	32	77
439	184	33	78
439	185	35	77
440	186	35	77
439	186	36	77
440	186	36	77
441	186	35	77
444	186	34	77
446	186	32	78
450	186	34	77
464	185	34	78
469	185	34	78
480	187	34	77
491	187	36	76
500	187	36	78
506	188	36	77
506	188	35	77
507	188	34	78
508	188	34	79
509	187	33	78
510	186	33	81
510	187	34	79
513	187	33	79
514	188	34	77
532	189	32	76
539	189	35	75
547	190	35	77
558	190	34	77
554	189	38	79
560	190	35	78
558	189	38	79
560	189	36	79
565	189	34	79
565	187	34	81
567	188	34	80
567	188	34	80
569	188	33	79
569	190	32	78
571	189	31	79
572	191	31	77
574	193	29	76
574	192	31	76
577	192	30	75
577	192	30	74
578	191	31	76
579	191	32	77
579	191	32	75
580	192	30	73
583	193	29	74
582	194	31	75
585	195	32	75
588	195	32	78
589	194	33	80
593	194	30	79
593	195	29	77
594	193	29	78
595	193	29	80
596	192	27	79
597	192	27	81
597	194	27	77
598	195	27	76
598	197	28	76
599	199	26	73
600	200	25	74
602	203	24	69
603	202	23	70
604	204	23	65
604	203	22	60
607	199	21	64
608	195	21	61
609	184	18	66
607	184	20	63
604	150	22	58
601	146	25	63
589	155	35	54
591	160	36	66
591	198	31	69
596	199	28	69
592	199	32	73
594	199	30	76
595	198	30	79
596	199	31	77
598	197	29	78
599	198	28	72
600	199	27	73
599	198	29	74
589	202	34	78
585	200	34	83
575	201	36	75
569	201	35	84
569	202	32	75
569	200	32	76
571	200	34	76
572	201	33	73
574	200	33	74
575	202	32	72
576	202	32	72
577	203	33	74
577	203	34	73
577	203	33	73
581	204	32	73
582	204	32	71
585	205	31	69
584	204	32	74
584	205	34	77
587	204	32	76
588	205	34	79
590	205	32	72
588	205	34	75
590	204	34	74
591	206	34	69
590	206	33	73
591	206	34	76
592	207	32	75
594	206	31	77
593	205	31	80
595	206	30	81
597	205	30	84
595	208	31	81
588	208	36	80
581	209	38	86
570	211	39	84
576	211	36	84
574	211	36	84
576	211	35	83
576	211	36	84
577	211	35	85
580	210	35	85
578	209	36	86
579	210	37	87
580	210	36	85
583	209	35	86
583	211	36	84
583	211	36	84
584	211	36	86
584	211	36	87
585	213	35	85
586	213	36	85
585	214	35	84
586	214	36	83
587	213	34	84
585	213	36	84
587	212	34	85
589	213	33	84
589	215	33	82
591	216	33	82
591	217	32	81
592	218	31	81
593	218	32	78
594	219	31	76
596	219	29	75
597	218	29	74
600	216	27	79
600	214	27	79
601	213	26	81
603	214	25	82
603	215	24	80
603	217	24	78
603	218	24	76
605	219	22	71
604	218	22	75
606	219	22	77
606	220	22	73
607	217	20	78
607	219	20	73
605	218	21	73
609	222	18	69
610	221	17	73
610	230	18	67
611	228	17	63
612	234	15	52
613	230	14	57
612	230	15	66
596	220	27	64
563	168	28	52
571	143	28	66
512	156	25	58
503	155	33	49
446	139	26	63
445	139	26	62
446	140	26	63
446	139	26	63
447	139	26	63
447	140	26	63
448	139	26	62
449	140	25	64
451	140	25	64
451	140	24	63
452	140	24	63
453	140	23	62
454	141	24	63
454	140	24	63
454	140	26	65
455	141	25	64
455	141	25	64
456	142	25	64
455	141	25	63
456	141	26	63
456	141	26	63
457	141	27	63
458	141	26	63
458	141	27	64
459	141	26	64
460	141	27	64
459	142	26	63
460	141	27	63
461	142	27	63
461	142	26	63
462	142	27	63
463	143	26	63
463	142	26	63
463	142	26	63
464	142	26	64
465	142	26	64
465	142	26	64
467	142	25	63
468	142	25	64
469	143	24	62
469	144	23	64
469	144	26	63
470	143	25	63
470	144	24	64
471	145	24	62
471	145	24	62
470	145	25	62
472	146	25	62
472	146	25	61
472	147	25	59
474	146	24	61
474	145	26	62
474	145	26	64
470	143	28	65
460	144	29	66
449	143	29	66
448	146	29	65
449	146	29	65
451	146	28	63
451	147	27	64
451	145	27	64
452	146	27	65
452	145	27	65
453	146	27	65
453	145	26	65
455	145	26	65
456	146	24	64
457	146	23	65
458	145	23	67
457	148	23	63
445	148	27	64
440	147	25	62
433	147	25	63
436	148	26	65
435	149	25	62
435	147	25	63
437	147	25	67
435	149	27	64
437	148	28	64
436	148	27	65
436	147	28	69
437	148	29	65
437	148	29	65
438	149	29	64
438	151	29	62
439	149	30	64
438	151	28	61
440	150	27	62
441	150	27	62
441	150	26	59
443	149	28	60
443	148	26	62
443	148	27	61
444	149	27	61
446	148	25	60
446	148	24	64
445	150	26	63
447	149	25	62
448	151	27	62
449	151	25	62
450	152	25	61
458	153	25	62
455	155	25	60
453	152	26	65
454	152	27	65
455	151	27	66
455	150	27	67
454	150	28	67
455	150	26	67
456	150	26	67
456	151	25	67
459	152	25	66
459	153	25	65
461	156	25	63
459	155	25	64
460	154	25	63
459	155	26	61
456	154	29	62
445	151	31	67
438	151	31	66
430	152	30	64
423	152	29	63
425	151	27	64
425	150	27	64
425	151	26	63
426	152	28	66
426	156	28	65
426	154	29	67
427	154	29	67
427	154	29	65
428	155	27	64
427	154	28	66
428	153	29	60
428	154	30	66
430	153	30	65
431	154	29	68
428	153	30	67
430	154	32	68
430	153	31	68
429	154	32	68
431	154	31	66
433	154	32	64
434	156	30	62
440	157	26	63
440	158	27	62
441	158	27	61
440	158	26	62
443	158	26	60
444	156	25	62
445	156	23	60
447	156	23	61
449	155	23	62
449	155	22	65
450	156	22	65
450	155	24	67
451	155	22	67
451	155	23	67
452	156	23	66
453	155	24	69
454	156	22	63
452	156	25	61
440	157	27	64
432	156	30	68
424	158	28	64
425	157	28	63
425	157	29	63
426	157	30	67
426	157	30	63
