324	26	13	18
323	24	12	22
323	24	12	22
323	24	12	21
322	24	12	22
323	24	12	22
322	24	12	22
321	24	12	22
320	24	12	21
320	24	12	21
321	24	12	21
320	24	12	21
320	24	12	21
320	24	12	22
320	24	12	22
320	24	11	22
319	23	12	22
320	23	11	23
318	23	11	22
318	23	12	23
319	23	11	22
318	23	11	22
318	23	11	23
318	24	11	23
317	23	12	22
317	23	12	22
317	23	12	23
317	23	12	23
317	23	11	23
317	23	12	23
316	24	11	23
317	24	12	22
317	24	11	22
317	24	12	22
316	24	12	22
316	24	11	23
317	24	11	23
316	23	12	23
316	23	11	23
317	23	11	23
316	24	11	23
316	23	12	23
316	23	12	23
316	23	12	23
316	24	12	22
316	24	12	23
316	23	12	23
316	23	12	23
316	24	12	22
316	23	12	22
316	24	12	22
316	24	12	23
317	24	12	23
316	24	12	23
316	24	12	22
316	24	12	23
316	24	12	23
316	24	12	23
316	25	12	23
317	24	12	23
317	25	12	22
317	25	12	22
317	25	12	23
317	23	12	23
317	24	12	23
317	24	12	23
317	24	12	23
317	24	12	23
318	24	12	22
317	24	12	23
318	25	12	23
318	24	12	22
318	24	12	22
319	24	12	22
319	24	12	22
318	25	12	23
318	25	12	24
319	24	12	23
318	24	12	23
318	24	12	23
318	25	12	23
318	25	12	23
319	25	12	23
318	24	12	23
319	25	12	22
318	25	12	22
318	25	12	23
319	25	12	23
319	24	12	24
318	25	12	23
318	25	12	23
319	25	12	23
318	26	12	22
318	25	12	23
318	25	12	23
318	25	12	23
318	25	12	23
318	25	12	23
318	25	12	24
318	24	12	24
318	25	12	23
318	25	12	23
318	24	12	24
318	25	12	23
317	25	12	23
317	26	12	23
318	25	12	23
317	26	12	23
317	25	12	23
317	24	12	24
317	25	12	23
316	25	12	24
317	25	12	24
317	25	12	24
317	25	12	24
317	26	12	23
317	26	12	23
317	26	12	23
317	25	12	24
318	26	12	23
317	26	12	23
317	24	12	25
317	26	12	24
318	26	12	24
318	25	12	24
318	25	12	24
318	25	12	25
318	26	12	24
318	26	12	23
318	26	12	24
318	25	12	23
319	26	12	24
318	25	12	25
319	25	12	24
319	26	12	24
319	25	12	24
319	26	12	24
320	26	12	25
320	25	12	25
320	26	12	24
320	25	12	25
320	26	12	24
320	25	13	25
320	25	13	25
320	25	13	24
321	26	13	24
321	25	12	26
322	26	12	25
322	25	12	25
322	27	12	25
321	25	13	25
322	26	12	25
322	26	13	24
322	26	13	26
323	26	13	25
323	25	13	26
322	26	13	26
323	26	12	26
323	25	13	26
323	25	13	26
323	26	13	26
323	26	13	25
323	25	13	26
323	27	13	25
324	25	13	25
324	25	13	26
324	27	14	25
324	26	13	26
324	26	13	26
325	26	13	26
325	25	13	26
325	26	13	26
325	25	13	26
325	26	13	26
325	26	13	26
324	24	13	26
326	25	13	26
325	26	13	26
325	26	13	26
326	25	13	27
326	26	13	27
327	26	12	26
326	26	13	27
326	27	12	26
326	27	12	26
326	26	12	26
326	26	12	25
326	27	13	25
327	27	13	26
327	26	12	26
327	27	12	26
327	27	12	27
327	27	13	26
326	26	13	27
326	26	13	27
326	26	13	27
327	26	13	27
327	27	12	27
326	27	13	27
327	26	13	27
326	26	13	26
328	26	12	28
327	27	13	26
328	26	12	26
327	27	13	25
328	27	13	26
327	27	13	26
328	28	13	28
327	27	13	28
327	27	13	27
328	26	13	28
328	27	13	27
328	27	13	28
328	26	14	28
327	26	14	29
328	28	13	27
327	27	13	27
328	26	13	28
329	27	12	28
328	27	13	28
328	27	14	27
328	27	13	27
328	26	13	28
328	27	13	28
328	27	13	28
328	27	13	28
329	27	13	28
328	27	14	29
329	28	13	27
328	27	13	28
329	28	13	27
329	27	14	28
329	28	13	27
328	27	14	28
329	26	14	29
329	27	14	29
329	28	14	28
329	27	14	27
329	27	13	28
330	28	13	27
329	27	13	29
330	28	13	28
328	28	13	27
329	27	13	27
328	27	13	27
329	27	13	28
328	28	13	26
328	29	13	26
328	29	13	27
329	29	13	27
329	27	14	28
329	28	13	26
328	27	14	30
329	27	13	28
329	27	14	28
329	27	13	27
329	27	14	27
329	27	13	27
329	26	14	28
328	27	14	28
329	27	14	27
329	27	13	28
329	26	13	28
329	27	13	30
329	27	13	28
329	27	13	29
329	27	14	29
329	26	14	28
329	26	14	29
328	26	14	29
328	27	14	29
328	26	14	29
328	27	14	28
329	27	14	29
329	26	13	28
330	26	13	29
329	27	13	29
329	27	13	28
330	26	14	29
329	27	14	29
329	25	14	29
329	27	13	28
329	28	13	28
329	27	14	28
329	27	13	29
330	27	14	28
329	27	13	27
329	27	14	29
328	26	13	27
329	27	13	29
329	27	14	29
329	27	14	27
329	27	13	27
329	27	13	27
329	27	14	29
329	27	14	28
330	28	14	28
329	28	13	27
329	28	13	28
330	27	14	28
329	27	13	28
329	28	14	28
329	27	13	29
329	28	14	28
330	28	13	29
329	28	13	28
329	28	14	28
329	27	14	28
329	27	14	29
330	28	13	28
330	28	13	28
330	28	14	27
331	28	13	27
330	28	13	28
331	29	13	28
330	28	13	27
331	28	14	28
331	28	14	26
332	27	13	29
332	28	14	29
330	27	14	28
331	28	13	27
331	28	13	28
332	29	13	28
332	28	13	28
332	29	14	26
332	29	14	27
332	28	14	27
332	28	14	27
333	28	14	29
334	29	13	27
334	29	14	27
333	28	14	27
334	30	13	27
334	29	13	27
334	29	13	27
334	28	14	28
334	28	14	27
334	27	14	29
335	27	14	28
335	29	13	28
336	29	13	27
336	29	14	27
336	28	14	28
336	29	14	27
337	28	14	27
338	29	13	28
338	28	13	29
338	30	13	27
341	30	13	26
341	29	13	27
341	29	12	26
342	32	12	24
342	30	12	26
343	30	13	26
343	29	13	27
344	30	13	27
344	29	13	27
344	28	14	30
344	27	14	30
344	29	13	28
345	29	14	28
344	29	14	28
345	30	14	28
346	32	13	26
346	29	12	28
346	30	12	27
346	29	13	28
346	26	13	31
347	24	14	34
347	24	14	34
347	23	13	33
348	22	13	30
348	21	12	28
349	22	13	29
350	22	12	30
350	23	14	36
350	24	14	33
350	21	14	33
350	25	14	33
351	22	13	31
351	22	13	30
351	21	12	32
350	24	12	33
350	23	13	35
351	22	14	38
350	26	14	35
350	27	13	34
350	24	14	36
351	25	13	35
350	25	14	36
350	26	14	35
351	24	13	34
351	23	14	37
351	24	15	37
351	24	16	37
352	25	15	37
352	23	15	37
352	25	15	37
352	26	14	35
353	25	15	36
352	26	15	36
351	25	16	37
352	25	15	37
351	25	15	36
352	31	15	32
352	23	15	37
351	24	16	37
353	28	15	29
352	23	14	36
354	22	14	29
352	25	14	34
355	33	13	27
357	34	13	28
358	33	12	27
358	33	13	28
357	33	13	28
358	24	13	35
357	24	14	36
357	27	14	33
357	29	14	34
357	32	14	30
357	31	13	32
357	27	15	35
357	31	14	31
357	30	15	31
357	31	14	31
357	31	15	33
358	31	14	33
356	32	14	30
357	30	13	31
358	33	13	28
358	33	13	28
358	34	13	29
358	34	13	28
357	27	13	33
358	33	13	28
357	30	13	30
357	31	14	31
357	31	14	31
357	32	14	30
357	30	14	32
357	29	15	32
357	28	14	33
357	31	14	32
357	30	14	32
357	30	15	32
357	32	14	31
357	33	13	29
357	32	13	29
358	33	13	28
358	29	14	31
358	33	13	28
357	32	14	30
358	34	13	27
358	32	13	29
358	34	13	29
358	33	14	29
359	32	13	28
358	33	13	29
358	32	13	29
358	34	13	28
358	35	13	27
359	36	13	27
359	34	13	28
359	35	13	26
358	34	13	27
358	33	13	28
358	31	14	30
358	31	14	31
358	34	14	29
358	33	13	29
359	32	13	29
359	35	13	27
359	33	14	29
359	33	13	29
360	33	14	28
360	32	14	29
361	33	14	29
360	34	13	28
360	34	14	29
361	35	13	28
361	33	14	29
361	34	14	27
360	34	14	27
361	33	14	30
361	34	14	30
361	32	15	29
360	33	15	28
361	32	15	29
361	34	15	28
362	33	15	29
362	33	15	29
361	33	15	29
361	30	15	31
361	32	16	29
361	32	16	30
361	32	17	30
362	34	16	29
363	35	14	27
363	34	15	28
363	33	15	28
363	31	15	29
362	33	16	28
363	34	16	30
364	33	16	29
364	32	15	29
363	33	16	28
364	33	15	29
363	32	17	30
365	33	16	30
365	31	16	31
364	31	17	30
364	32	17	30
364	33	16	28
365	33	16	31
366	33	15	29
366	33	15	30
367	33	15	29
366	34	16	29
366	33	15	29
367	33	15	30
367	34	15	29
368	34	15	29
368	34	15	28
369	34	14	29
368	34	14	28
369	35	14	28
369	35	14	27
369	33	15	28
370	32	14	29
370	33	14	29
369	34	15	28
370	34	14	28
371	36	14	28
371	36	14	27
371	34	14	28
371	35	14	28
372	34	14	28
371	34	15	29
371	33	15	30
372	35	15	29
372	35	15	29
373	35	14	28
373	34	15	29
373	35	15	29
373	34	16	29
373	36	15	29
373	34	15	30
374	33	15	30
374	36	15	29
374	36	15	29
374	36	15	29
374	35	15	29
375	36	15	28
375	35	14	28
375	35	15	28
375	34	15	29
375	34	16	30
375	35	15	29
376	35	15	28
376	36	15	29
375	36	15	29
375	36	15	29
375	36	16	29
376	35	15	29
376	35	15	29
376	35	16	29
376	35	15	29
376	35	16	29
376	36	15	29
376	36	15	29
377	36	15	29
376	36	15	28
376	36	15	29
376	36	15	29
377	35	15	30
376	35	15	29
376	37	15	29
377	35	15	29
376	37	15	28
376	36	16	28
376	36	15	28
376	36	15	29
376	36	15	29
376	36	15	29
376	35	15	29
376	36	15	29
376	36	15	29
376	36	15	29
376	36	15	29
376	37	15	29
376	37	15	28
376	37	14	29
375	36	15	29
375	36	15	29
375	36	15	29
375	37	15	30
375	37	16	29
376	37	15	28
374	37	15	29
375	37	15	30
375	36	15	29
375	38	14	30
376	37	14	30
375	37	15	31
375	38	14	29
374	36	15	30
375	37	15	31
374	37	15	29
375	36	15	30
374	37	15	29
374	37	15	31
374	37	15	31
375	38	15	30
375	37	15	30
375	38	15	30
375	36	15	31
374	37	15	30
374	36	15	31
375	38	14	30
375	38	15	30
375	37	15	31
375	37	15	31
375	38	14	30
375	38	14	31
375	38	14	31
374	37	14	30
375	37	14	30
375	37	15	29
375	38	15	31
374	38	15	30
375	37	15	32
375	38	15	30
375	37	15	31
376	37	16	31
375	37	16	31
376	37	15	31
375	36	17	32
376	36	16	33
376	37	15	31
376	36	16	32
376	37	16	31
377	37	16	31
376	37	16	31
376	37	16	31
377	37	16	32
377	36	16	31
377	36	16	32
377	36	16	32
378	37	16	32
377	37	16	32
378	37	16	32
377	38	15	31
378	37	15	32
378	38	15	31
378	37	15	31
378	37	15	32
378	37	15	32
378	38	15	32
379	38	14	31
378	38	14	31
379	38	14	32
379	37	15	32
378	37	16	32
379	37	15	33
378	37	16	33
379	38	16	32
379	38	15	32
379	38	15	32
379	38	15	31
379	38	15	32
379	38	15	32
378	38	15	33
379	37	15	33
378	37	16	33
379	37	15	32
379	37	15	32
379	38	15	32
379	39	15	32
379	39	15	32
379	36	16	33
378	38	16	32
380	38	15	32
380	37	15	32
380	38	16	33
380	39	15	32
381	38	15	33
381	39	15	31
381	38	15	32
380	39	15	31
380	40	15	31
381	38	15	33
379	38	16	32
381	38	16	33
379	37	16	33
381	39	15	33
380	39	16	31
380	40	16	32
380	40	15	31
381	38	15	33
381	39	15	32
382	41	14	30
380	39	15	32
380	39	15	32
381	38	15	33
380	37	15	33
381	40	15	32
381	40	15	32
381	39	15	33
380	40	16	32
380	38	15	32
380	39	16	33
381	39	15	32
381	39	15	32
381	40	15	32
381	39	15	32
381	39	15	33
381	40	16	33
382	40	15	32
383	41	15	31
382	39	14	33
382	39	15	33
381	40	15	33
382	42	15	32
382	39	15	33
383	40	15	33
383	39	15	33
382	39	15	33
383	40	15	33
383	40	15	33
384	39	15	33
384	40	15	32
384	40	14	32
385	40	15	33
385	40	14	33
385	41	14	33
385	41	14	33
386	41	14	32
386	41	14	32
387	41	14	31
388	42	14	32
388	41	14	32
387	41	14	32
387	42	14	30
387	42	14	32
387	41	14	32
388	42	14	32
388	42	15	32
389	43	15	32
390	41	14	32
390	40	15	34
390	42	15	32
391	43	15	32
391	44	14	32
391	44	14	31
392	42	15	32
391	43	15	31
393	42	15	33
392	42	16	32
393	41	16	33
393	41	16	34
393	41	16	34
393	41	16	33
393	42	15	33
394	42	15	32
394	42	15	32
394	42	15	33
394	41	16	35
394	40	16	34
394	42	16	33
395	43	15	33
396	43	15	33
396	44	14	31
396	44	15	31
397	43	14	32
396	43	15	33
397	42	15	33
397	43	15	32
398	53	14	32
397	53	14	33
398	56	14	31
399	56	14	31
398	55	15	33
397	55	16	33
399	54	15	33
399	55	16	32
399	54	16	33
400	54	15	33
400	54	15	33
400	55	15	33
401	55	15	33
401	56	15	32
402	55	14	33
402	55	14	32
402	57	14	34
400	85	16	32
400	103	17	36
404	135	15	33
403	133	15	35
404	132	15	35
404	133	15	33
404	133	15	32
405	133	15	33
404	133	15	32
405	134	14	32
405	132	15	33
406	133	15	33
406	134	16	32
406	134	16	34
407	136	15	32
408	164	17	33
407	188	16	34
408	205	16	36
408	208	16	33
409	208	15	33
409	209	16	33
409	209	15	32
408	208	16	33
407	210	17	34
409	208	16	33
409	210	15	32
410	209	15	32
409	210	16	32
409	208	16	33
408	209	16	34
410	209	16	33
410	209	17	34
410	209	17	32
410	210	17	33
410	209	16	33
410	208	16	34
410	208	17	35
411	208	17	33
411	209	17	33
411	209	17	33
411	208	17	34
411	208	16	33
412	208	16	33
413	209	16	33
415	210	15	33
414	210	15	32
415	211	15	32
415	209	15	33
414	209	16	32
416	209	15	33
415	209	15	33
416	208	16	35
417	210	15	32
418	209	15	33
417	210	15	33
418	211	15	32
418	210	15	33
418	209	15	33
417	210	16	33
418	210	16	33
418	209	16	34
417	210	16	33
418	211	16	33
418	210	15	33
418	211	16	33
418	210	15	33
419	211	15	33
418	211	16	33
418	210	16	34
419	209	16	34
419	209	16	33
418	210	16	33
420	211	16	33
420	210	15	34
420	211	15	33
420	210	15	33
421	211	15	33
420	211	15	32
421	210	15	33
420	210	15	33
420	211	15	33
420	211	15	33
421	211	14	34
420	211	15	34
420	212	15	34
421	212	15	33
420	212	15	33
420	211	15	33
420	211	15	34
421	211	15	33
420	209	15	33
420	210	15	34
421	210	15	34
421	212	15	33
421	213	14	33
421	211	14	34
421	212	14	33
421	211	15	35
422	211	15	34
422	211	15	34
421	211	15	34
422	211	15	34
422	212	15	35
423	212	15	34
422	212	15	34
423	212	15	34
422	212	16	34
423	211	16	34
423	211	16	34
424	211	17	35
423	211	16	34
423	212	16	35
424	211	16	35
424	213	16	34
425	212	15	34
425	213	15	34
425	212	15	34
426	212	15	34
426	211	15	34
427	212	16	34
427	212	16	35
426	212	17	34
427	212	16	34
428	213	16	34
429	214	16	34
428	213	16	34
429	213	16	34
428	211	17	35
428	212	16	34
429	211	16	34
429	212	16	35
429	213	16	34
429	212	16	34
430	213	16	34
430	212	16	35
430	213	16	34
431	212	16	35
431	212	16	35
431	212	16	36
431	212	16	35
432	213	16	36
432	213	16	35
432	213	16	36
432	212	16	36
432	214	17	35
432	212	16	36
433	213	16	35
433	212	17	36
433	212	17	36
433	212	17	36
433	212	17	36
433	213	17	35
434	212	16	36
434	213	16	35
435	213	16	35
434	215	16	34
434	214	16	35
434	214	17	34
435	213	16	35
435	213	16	36
435	213	16	36
435	213	16	36
435	214	16	35
435	214	16	35
436	214	15	35
436	214	16	35
437	214	16	36
436	213	16	36
437	213	16	36
438	213	15	36
437	213	16	36
438	213	16	37
439	214	16	36
438	215	16	36
439	215	15	35
439	215	15	35
440	214	15	35
440	215	15	35
441	214	14	36
441	216	15	35
440	214	16	37
440	212	17	38
441	212	16	38
441	212	16	38
440	211	18	39
441	212	17	39
441	214	17	38
441	214	18	36
441	212	18	37
442	212	17	38
442	212	18	39
443	213	18	38
444	212	17	38
444	213	17	37
445	216	16	35
444	214	17	36
445	215	17	38
445	215	17	36
446	213	17	38
446	213	18	39
446	212	18	40
447	213	18	39
447	214	18	37
447	214	17	37
447	216	17	37
448	217	17	35
448	216	16	35
448	217	16	34
448	217	16	35
449	216	16	35
449	216	16	36
449	216	17	38
449	217	16	35
450	217	15	35
451	217	15	34
451	219	15	34
452	218	15	34
452	217	15	35
452	217	15	35
452	214	16	39
451	215	17	38
451	217	17	37
452	218	16	37
452	218	17	36
453	217	16	36
453	218	16	35
453	217	17	37
454	218	16	36
454	217	16	36
454	217	17	37
455	218	16	36
455	217	16	36
455	218	16	36
455	218	16	35
456	217	16	37
456	218	16	37
456	218	16	36
457	217	16	38
457	216	16	37
457	216	16	39
458	219	16	37
457	217	17	37
458	217	17	39
458	217	17	38
458	218	17	38
457	216	17	39
458	219	17	38
458	217	17	38
458	216	17	38
459	217	17	38
459	216	17	38
459	217	17	38
459	217	17	39
459	218	17	38
460	217	17	38
460	217	16	38
460	217	17	38
461	217	16	38
461	217	17	39
462	216	17	40
461	217	17	40
461	217	17	39
462	218	17	39
462	218	17	39
462	217	17	39
462	218	17	39
462	217	18	39
462	217	17	39
463	217	17	39
463	218	17	39
464	218	17	40
466	218	17	39
466	217	17	40
466	217	17	41
466	217	17	40
466	219	17	39
467	218	17	40
468	219	17	39
467	218	17	40
467	218	18	40
467	219	18	39
468	219	18	39
468	219	18	39
469	218	17	40
469	220	18	39
469	219	18	39
469	219	18	39
469	221	18	39
470	219	18	40
470	219	17	39
471	219	17	39
471	220	17	38
471	220	17	39
471	219	18	40
472	220	18	39
472	220	18	39
471	220	18	40
472	221	17	38
472	222	18	39
472	223	17	38
472	220	17	39
473	222	18	39
473	221	18	39
473	222	17	37
474	222	17	38
473	222	17	38
473	222	17	38
474	221	18	39
474	222	17	39
475	221	17	40
475	223	18	40
475	221	18	40
475	221	18	39
475	221	18	40
475	221	18	40
475	222	18	40
475	223	18	39
476	223	19	40
476	222	18	39
476	221	18	40
477	222	18	40
477	221	18	40
477	222	18	41
476	221	19	41
477	220	19	42
478	221	19	40
478	222	18	39
478	223	18	39
479	225	17	38
479	224	18	39
480	222	19	41
479	222	19	40
480	221	19	41
480	222	20	42
480	222	20	41
480	224	20	40
481	222	20	41
481	223	20	40
481	223	20	40
481	223	20	40
481	223	20	40
482	223	20	40
483	223	20	41
483	223	21	40
482	223	20	41
484	224	19	40
484	224	19	40
