458	159	66	38
458	156	62	40
458	158	62	40
458	157	62	40
459	157	62	40
461	157	59	40
460	157	60	40
462	157	59	40
462	157	60	40
461	157	58	41
461	157	56	40
458	157	63	40
457	157	65	40
457	156	60	41
457	157	65	40
456	157	64	41
456	157	64	41
457	156	64	41
457	157	65	40
456	157	63	40
457	157	65	40
457	156	65	40
457	156	66	40
457	156	66	40
458	157	65	40
458	157	66	41
457	156	65	41
457	157	63	40
458	156	64	41
457	156	64	41
458	156	63	41
458	156	58	41
458	156	59	40
458	156	62	41
457	157	59	40
457	156	60	40
457	156	60	41
457	156	59	40
457	157	60	40
457	156	60	40
458	157	62	40
457	156	62	41
458	157	63	40
458	156	62	41
457	157	61	40
458	156	66	41
458	156	62	41
457	157	64	40
457	157	63	41
457	157	59	41
458	157	64	40
458	157	64	40
458	156	61	41
457	157	63	40
457	157	62	41
457	156	63	41
457	156	63	41
457	156	63	41
457	157	63	40
458	156	63	41
458	158	63	40
457	157	60	41
458	157	65	41
457	156	64	41
457	157	62	41
457	157	63	40
458	157	61	41
458	157	62	41
457	156	62	41
457	157	63	41
458	157	63	41
457	157	62	40
457	156	59	41
457	156	63	40
458	157	61	40
458	157	63	41
458	157	62	40
457	156	61	41
458	157	63	40
458	157	62	40
457	156	60	41
457	157	63	40
457	157	60	40
457	157	64	40
458	157	63	41
458	156	63	41
457	157	62	40
457	156	60	41
457	156	64	41
457	157	63	40
457	156	61	41
458	157	63	40
458	156	63	41
458	156	63	41
458	157	63	40
458	156	61	41
457	157	63	40
457	157	62	40
457	156	61	41
457	157	63	40
457	157	64	40
458	157	60	41
458	157	64	40
458	157	62	41
458	157	65	40
458	156	62	41
458	157	63	40
458	157	64	40
458	157	61	40
458	157	64	41
458	157	62	41
458	157	64	40
457	157	63	40
457	157	62	40
457	156	63	41
458	157	62	40
458	157	64	40
458	156	64	40
458	157	62	40
458	157	64	40
458	157	63	41
458	157	60	40
457	156	62	41
458	157	65	40
458	156	63	41
458	157	64	40
458	157	63	40
457	157	63	40
457	157	61	40
457	157	63	41
458	156	62	41
458	157	63	40
457	156	61	40
457	157	63	40
457	157	62	40
457	157	62	40
458	157	63	40
457	157	62	40
457	156	63	41
458	157	63	40
457	156	61	40
457	157	64	40
458	156	61	40
457	158	62	40
458	157	61	40
457	157	64	40
457	156	62	40
457	156	63	41
457	156	61	41
457	156	63	40
456	157	62	40
457	157	64	40
457	157	61	40
457	157	63	40
457	156	62	41
457	157	63	40
457	156	62	41
458	156	63	41
457	156	63	41
457	157	62	41
457	157	64	40
457	156	61	41
458	157	60	40
458	158	63	39
457	157	59	40
457	156	63	40
457	157	64	40
457	158	64	40
456	157	65	40
456	156	65	40
456	156	62	40
457	157	64	40
456	156	64	40
456	157	64	40
455	157	66	39
454	157	68	39
456	157	66	40
454	157	66	40
453	157	65	39
454	157	66	40
450	156	68	39
455	156	65	40
454	157	64	40
452	156	66	39
453	156	62	40
456	156	62	40
455	156	63	40
456	155	61	41
459	155	59	40
458	156	57	40
457	155	59	40
455	155	60	40
451	155	63	40
453	156	61	40
454	156	61	39
453	155	60	39
455	155	58	39
454	155	59	39
454	155	59	39
453	155	60	39
453	155	59	39
451	155	60	39
452	155	60	39
452	154	59	39
452	155	59	38
452	155	59	39
452	154	60	39
452	154	59	39
452	154	59	39
450	154	60	39
450	154	59	39
450	154	60	39
450	153	60	39
450	154	60	39
449	153	61	39
450	153	59	39
450	153	59	39
450	153	59	39
449	153	59	39
449	153	59	39
449	153	59	39
448	153	59	39
449	152	59	39
448	153	59	39
447	152	60	39
446	152	59	39
447	153	59	38
447	153	59	38
446	152	59	38
446	152	60	38
445	151	60	40
443	151	60	39
442	151	61	39
441	151	63	39
439	150	63	39
438	150	64	38
437	151	65	38
436	150	64	38
436	150	64	39
436	151	64	38
436	151	65	38
435	151	65	38
435	151	65	38
433	151	66	38
432	150	67	38
432	151	67	38
431	151	67	38
431	151	67	38
430	150	69	38
430	150	67	38
429	150	68	38
428	150	68	37
428	150	69	37
427	150	69	37
426	150	69	37
426	150	69	37
424	151	69	37
423	150	70	37
421	150	71	37
420	150	72	37
419	150	73	37
418	150	73	37
418	150	74	37
416	149	75	37
414	149	76	37
413	150	77	37
413	149	77	37
412	149	77	37
410	149	77	37
409	148	79	37
405	148	80	37
403	148	80	37
401	149	82	37
399	148	83	36
398	148	85	37
391	148	87	37
381	148	92	38
378	148	92	37
377	148	93	37
375	147	92	37
372	148	95	37
371	148	95	37
370	147	96	38
367	148	98	37
364	148	99	38
362	147	99	38
358	147	103	38
356	147	102	37
355	147	103	38
353	147	104	37
350	146	105	38
347	147	104	38
347	147	105	38
345	147	105	38
343	147	106	38
342	147	106	37
339	147	108	37
336	148	109	37
334	147	109	38
333	147	109	38
330	146	110	38
328	147	111	38
326	145	111	39
323	146	112	39
322	145	112	39
318	146	114	39
315	146	115	39
303	147	112	39
298	147	116	39
297	147	115	39
293	146	116	39
290	147	116	39
286	147	115	38
280	147	117	39
280	147	114	39
280	148	112	39
278	148	113	40
276	148	112	39
273	149	113	39
270	149	113	38
274	148	102	39
269	148	108	38
267	148	107	38
266	149	104	38
264	150	102	37
261	150	101	37
261	150	97	37
256	150	101	37
259	150	96	36
262	151	92	36
254	151	97	36
257	151	92	36
259	152	89	35
258	151	86	36
255	153	87	36
262	152	79	36
254	151	84	36
267	152	71	36
268	153	67	36
269	153	64	36
270	153	61	36
269	153	60	35
268	153	60	35
264	153	62	36
260	153	64	37
235	154	89	40
231	162	77	44
238	153	85	39
256	153	66	37
235	153	85	40
229	161	79	44
229	160	69	45
230	161	69	44
230	160	72	44
231	160	73	44
231	159	75	44
231	159	77	43
232	158	72	45
232	159	73	44
231	161	68	44
230	163	65	43
231	162	70	41
232	160	72	43
232	161	68	43
231	160	69	44
232	160	73	45
231	162	67	43
232	159	71	43
231	161	68	44
234	161	68	41
232	163	62	43
242	158	61	38
232	161	69	47
236	160	65	39
234	161	67	44
233	160	68	44
233	160	68	44
232	161	70	43
231	163	70	43
232	161	70	43
231	163	71	43
235	159	71	43
233	162	71	44
234	162	74	40
232	164	69	43
233	163	76	40
233	163	73	40
234	162	76	41
232	164	61	42
253	161	63	37
250	158	66	40
253	158	65	41
248	160	70	40
254	159	68	40
242	161	77	42
249	160	76	42
232	163	60	43
258	158	70	40
251	159	76	42
250	157	80	44
232	167	61	41
263	158	67	40
263	157	72	41
260	159	77	40
233	162	63	44
266	159	70	40
256	159	84	41
232	162	68	43
266	158	76	41
262	158	84	42
253	158	96	41
260	157	90	43
256	157	97	43
265	158	91	43
269	158	90	41
271	158	87	41
270	158	90	40
271	158	91	40
272	159	90	41
274	159	92	41
273	159	94	41
274	158	94	41
276	158	94	41
276	159	96	41
279	159	95	41
284	159	95	41
286	159	95	41
290	160	94	40
295	160	92	41
300	160	91	41
302	160	89	41
304	160	86	42
307	160	86	42
324	162	78	43
324	162	78	43
327	163	76	43
328	164	76	43
330	164	74	43
331	164	72	44
333	165	72	44
336	165	70	44
337	165	69	45
338	165	69	45
341	166	67	45
341	166	67	46
344	167	65	45
345	166	66	47
347	168	66	47
