176	226	127	78
173	223	133	77
178	223	128	79
177	223	127	77
174	223	131	76
175	223	128	75
173	223	129	74
169	223	133	74
171	223	132	75
169	223	132	75
167	222	135	76
166	223	135	76
164	222	137	77
163	223	136	77
166	222	132	77
164	223	134	77
163	223	134	77
160	223	138	78
162	223	135	78
159	223	137	77
154	223	141	77
156	224	140	77
154	223	140	78
154	224	139	77
149	223	145	77
150	223	142	77
148	223	144	77
150	223	142	77
150	222	142	77
152	223	138	77
148	223	142	77
148	223	143	77
147	223	143	77
146	223	143	77
144	222	145	77
143	223	146	76
141	223	146	76
139	223	149	76
140	222	148	77
142	223	146	77
144	223	143	76
146	223	141	76
145	222	142	76
144	223	142	76
145	223	141	76
146	223	141	76
145	223	142	76
145	223	142	77
145	222	142	76
145	223	141	76
143	223	144	76
143	223	145	76
144	223	142	76
144	223	143	76
144	223	143	76
146	223	141	76
144	223	143	77
144	223	142	76
147	223	140	76
144	222	143	77
143	223	144	77
140	223	146	77
138	224	148	76
136	223	151	76
136	224	151	76
129	223	158	76
138	223	150	77
139	223	148	76
138	224	148	76
137	223	151	76
136	223	150	77
136	223	151	76
136	223	150	77
135	223	152	77
128	223	160	77
133	222	156	78
135	222	153	77
131	223	155	77
128	224	160	77
127	223	163	77
130	222	159	78
135	223	154	78
129	223	160	77
131	223	160	77
135	223	154	78
130	223	159	77
136	224	155	77
131	223	161	77
133	223	160	77
127	222	166	77
131	223	164	77
126	223	169	78
132	223	165	78
122	222	175	78
131	223	167	78
128	222	173	78
135	222	167	79
129	222	175	78
133	222	172	79
143	222	164	78
136	221	173	78
142	221	170	79
139	221	176	78
141	221	177	79
138	221	184	80
139	220	187	80
130	219	196	82
140	219	190	82
138	217	196	83
142	218	198	82
141	217	199	83
142	216	204	84
144	217	204	83
148	217	207	82
148	217	208	83
152	217	211	82
153	216	211	83
157	217	213	83
161	217	211	83
164	216	214	83
170	216	212	84
174	216	213	84
177	215	213	84
179	216	213	84
185	215	212	84
188	215	211	85
194	214	210	85
196	215	210	85
201	214	210	85
203	214	210	85
209	215	209	84
211	214	207	85
216	213	204	85
217	213	204	84
223	213	201	84
221	214	203	83
228	214	198	83
231	213	199	83
232	213	199	83
237	213	196	82
237	213	196	82
240	212	194	82
245	213	186	83
247	212	187	82
249	213	183	82
253	212	179	82
254	212	176	82
257	212	175	82
258	212	172	82
261	212	170	82
262	212	169	81
264	211	170	82
265	212	169	82
266	212	170	81
267	212	171	81
267	211	172	81
268	212	169	81
268	212	169	81
268	211	168	81
267	212	170	80
267	211	168	81
268	212	169	81
268	212	171	81
267	212	169	81
268	211	167	81
267	211	171	81
268	211	168	81
267	212	170	81
267	211	170	81
267	212	171	81
268	212	168	81
267	211	167	81
268	211	168	81
267	212	171	81
268	211	170	81
268	211	168	81
267	211	170	81
268	211	170	81
268	212	169	81
267	211	169	81
267	212	173	81
268	211	172	81
267	211	174	81
268	211	167	81
267	212	171	81
267	212	170	81
268	211	168	81
267	211	167	81
267	211	169	81
267	212	169	81
267	211	169	81
266	211	172	81
266	212	167	81
267	211	165	81
266	212	166	81
265	212	169	81
265	212	164	81
265	212	166	81
264	212	167	82
265	211	168	82
264	211	168	81
263	212	168	80
263	212	167	80
261	212	170	80
260	212	171	79
258	212	171	79
258	212	171	78
258	211	172	78
254	212	176	78
253	212	176	78
252	212	177	76
250	213	180	76
247	212	186	76
247	212	185	77
244	212	192	76
246	212	186	76
240	213	192	76
240	213	192	77
239	212	192	77
238	212	193	77
236	212	193	77
235	213	192	77
233	213	195	76
230	214	196	76
228	214	194	77
228	214	195	77
225	214	193	77
224	214	193	79
222	214	195	79
219	214	193	79
219	214	194	79
217	215	191	78
216	215	188	79
213	215	182	79
214	214	183	81
213	215	180	80
214	215	182	82
211	215	183	81
210	215	187	80
210	216	186	80
211	216	182	79
210	217	181	78
208	217	186	79
208	217	178	79
208	217	188	79
207	217	182	79
207	216	179	80
207	216	189	80
208	216	186	80
208	217	186	79
207	218	182	79
207	216	169	79
206	217	180	77
208	216	184	79
208	216	185	80
207	216	168	79
207	216	180	77
207	217	185	79
208	216	170	79
206	216	181	78
207	216	180	80
206	215	175	79
207	216	173	79
207	216	182	79
206	216	173	79
207	216	185	78
207	216	172	79
207	217	184	79
207	215	163	80
205	217	168	76
206	217	177	77
207	215	179	80
206	215	183	80
207	216	174	79
207	216	178	80
206	216	181	80
206	216	173	80
207	216	186	79
208	216	170	79
207	216	182	78
207	215	175	80
207	216	181	79
207	216	180	80
206	216	179	79
206	215	181	80
208	216	184	79
206	216	170	80
207	216	184	79
208	216	177	80
206	216	182	79
207	215	171	79
207	216	183	79
207	216	181	80
208	216	176	80
208	215	170	81
209	216	185	78
209	216	172	80
209	216	182	79
209	215	175	80
210	215	181	79
210	215	181	80
209	215	178	79
211	216	178	78
212	216	181	78
212	215	183	78
214	215	186	78
215	215	182	79
215	215	180	79
216	214	186	78
218	215	174	79
218	215	178	77
219	214	168	77
220	215	159	76
224	215	159	77
223	214	170	76
223	214	171	76
227	214	157	77
228	215	163	74
231	214	162	77
231	213	168	77
234	214	168	77
235	213	173	78
236	213	168	76
238	213	168	78
240	214	163	76
243	213	160	77
246	212	159	77
247	211	158	78
249	211	154	77
252	211	154	76
253	210	150	77
256	210	147	76
256	211	145	78
258	211	138	75
262	210	135	78
265	209	134	77
266	209	129	77
269	207	127	78
271	208	129	77
274	207	115	77
276	207	122	78
278	207	116	78
280	207	125	76
281	208	122	77
284	207	127	78
285	206	122	73
289	207	116	76
292	207	122	76
292	207	121	75
296	207	120	73
300	213	118	73
302	208	117	73
302	204	116	77
311	241	105	80
308	203	110	70
310	204	106	76
312	208	107	71
313	207	103	65
314	200	107	72
313	241	100	77
317	199	103	71
317	198	99	76
313	238	99	79
318	199	101	75
315	200	101	75
310	232	101	86
308	229	106	85
307	235	102	81
306	236	104	80
306	236	102	79
305	235	103	80
306	234	103	80
305	233	103	80
305	233	102	79
304	234	103	78
303	233	104	77
303	233	103	77
302	232	102	78
303	232	100	77
302	231	102	77
301	230	101	77
302	230	101	77
301	229	100	77
302	229	98	77
301	228	99	76
300	228	100	77
300	228	99	76
300	228	99	76
300	227	99	76
299	226	99	76
300	226	98	76
299	226	97	75
300	225	97	75
299	225	96	74
299	225	97	75
298	224	96	74
299	224	95	74
299	224	95	73
298	223	95	73
298	223	94	73
298	223	94	73
298	222	94	73
297	222	94	72
297	221	94	72
297	222	94	72
297	221	94	72
297	220	92	72
296	220	94	72
296	221	93	71
296	219	93	71
297	219	92	71
296	219	92	70
296	218	92	71
296	218	92	70
296	218	91	70
296	218	91	70
295	217	91	70
296	218	90	69
295	217	90	69
295	217	90	69
295	216	90	69
295	216	90	69
295	216	90	69
295	215	90	69
295	215	89	69
295	214	89	69
294	214	89	69
295	213	88	68
294	213	88	68
295	213	88	69
295	212	86	68
295	212	87	68
294	212	87	68
294	211	87	68
295	211	87	68
295	210	86	68
295	211	86	67
294	210	86	67
294	209	85	68
294	210	85	67
294	209	84	67
294	209	85	67
295	208	84	67
295	209	83	67
295	207	84	67
294	207	84	66
295	207	82	66
295	207	83	66
295	206	82	66
294	206	83	66
295	205	82	66
295	205	81	66
294	205	81	66
295	205	81	66
294	204	81	66
295	204	81	65
295	202	81	65
295	204	81	64
295	203	80	64
296	202	80	65
295	202	79	64
296	201	80	64
295	202	79	64
296	200	79	65
295	200	79	63
296	200	78	64
296	199	79	64
295	200	78	63
295	199	78	63
296	198	78	62
297	198	77	63
296	197	77	63
295	197	78	62
296	196	76	63
296	195	77	63
296	194	77	63
296	195	77	62
296	194	77	62
296	193	77	61
297	193	76	62
297	192	77	61
296	191	77	62
295	191	77	61
294	191	78	61
294	189	77	61
293	189	79	60
291	187	83	60
291	188	79	60
288	187	83	59
288	188	82	59
286	186	84	59
285	186	84	59
283	186	84	59
283	185	84	59
280	184	84	58
278	183	85	59
278	184	84	58
276	183	85	58
274	183	86	58
272	182	86	58
271	181	86	58
269	181	85	57
267	181	86	57
265	180	86	57
264	179	86	57
261	179	86	56
261	178	86	56
258	178	86	56
257	178	86	55
254	176	86	55
253	176	85	55
251	175	84	55
249	175	84	55
248	175	84	54
246	174	83	54
245	174	82	54
243	173	83	53
241	173	82	53
240	173	81	53
238	172	80	52
237	171	80	52
235	171	80	52
234	171	79	52
233	169	79	52
230	169	78	51
229	169	78	51
227	169	77	50
227	168	77	51
225	168	77	50
224	167	76	50
221	167	75	50
219	164	76	51
218	165	74	50
216	163	74	49
215	163	73	50
214	163	72	48
213	163	72	48
212	162	71	47
211	162	70	48
209	162	70	47
207	161	69	46
208	160	68	48
206	159	67	46
205	159	67	46
204	159	66	45
203	157	65	47
201	157	66	47
203	157	65	46
200	157	64	46
200	155	64	46
198	154	64	47
198	153	63	47
196	154	64	47
196	153	62	46
196	152	61	45
194	152	61	45
192	151	62	45
193	151	60	44
192	151	60	44
191	151	59	43
190	150	58	43
189	149	58	42
189	149	58	42
188	149	57	42
187	148	58	42
186	148	57	41
184	147	57	41
185	147	56	40
185	146	55	40
184	146	55	40
182	146	54	40
181	146	55	39
180	145	55	39
178	144	55	39
178	144	54	39
177	143	54	39
175	144	54	38
177	143	52	38
