285	206	35	75
284	204	33	76
282	203	32	76
281	202	33	77
280	201	32	77
277	202	33	75
276	201	33	75
273	198	33	76
271	203	34	71
269	200	34	72
268	200	33	72
265	198	32	73
265	198	32	73
262	196	31	74
261	196	31	73
259	195	31	73
257	194	32	72
254	194	32	72
253	192	31	72
253	191	30	71
251	190	31	71
251	190	30	71
249	190	31	71
248	189	31	71
248	188	30	70
246	187	31	71
258	187	31	70
265	185	35	71
281	185	33	70
297	183	33	70
312	181	33	70
328	183	32	69
338	181	33	69
354	181	32	68
361	179	33	69
377	178	35	70
387	178	32	69
402	178	32	68
418	176	35	68
428	177	32	67
443	176	34	68
469	174	34	69
485	174	32	68
518	172	32	67
551	171	32	66
550	170	32	66
549	169	30	64
548	168	31	64
549	168	30	64
548	166	30	63
549	166	29	63
548	166	30	62
547	165	30	63
548	165	30	62
548	164	30	62
547	164	30	61
547	163	30	61
549	163	29	60
549	162	30	61
551	161	29	60
552	160	29	60
553	160	29	60
554	159	29	60
556	158	28	60
557	157	28	59
558	157	28	59
559	157	28	58
560	157	29	59
543	154	30	60
532	154	31	60
516	154	30	58
503	154	31	58
491	153	33	59
469	151	33	59
453	151	33	59
431	151	30	58
413	151	30	58
394	151	32	58
387	150	29	58
370	150	30	57
361	150	30	57
344	149	30	57
319	150	30	56
303	149	29	55
284	149	31	56
267	149	31	56
254	149	28	55
254	148	28	54
254	148	27	54
256	147	26	54
257	146	25	53
257	146	26	53
258	145	26	52
259	144	26	52
260	144	26	52
261	144	25	52
261	144	26	51
262	143	27	52
245	141	28	53
212	141	28	52
186	141	27	52
153	142	26	51
153	141	26	51
154	140	27	51
158	141	25	50
158	140	26	50
158	140	26	50
159	140	26	50
159	139	25	50
159	138	26	50
161	138	25	49
162	138	25	49
163	137	25	49
163	138	25	49
165	138	24	48
165	138	24	48
165	136	24	48
166	136	24	48
167	136	25	48
169	135	25	48
170	135	25	48
171	134	25	48
173	134	24	48
173	134	24	47
176	162	23	48
178	186	22	48
179	199	24	47
180	217	22	49
180	221	23	47
179	221	22	45
181	222	22	45
181	222	22	44
181	221	22	45
182	221	22	45
182	220	22	44
183	219	22	45
184	220	22	44
186	219	22	44
187	218	23	45
189	218	22	45
190	217	23	44
192	217	23	44
194	217	23	44
197	216	22	44
199	215	22	44
200	215	22	44
