24	65	21	31
24	64	20	31
25	64	21	32
25	64	21	31
26	66	21	31
27	66	22	33
30	65	22	34
28	65	22	33
32	65	23	34
30	63	23	34
33	64	23	35
33	65	24	34
36	66	23	35
37	66	23	36
38	66	24	35
37	66	22	35
39	66	24	34
39	65	23	34
42	67	26	34
40	67	24	34
42	67	22	35
45	67	22	35
44	68	23	34
47	68	22	34
49	68	23	35
49	68	23	35
50	68	24	34
50	68	22	35
52	68	21	35
53	68	22	35
54	68	21	36
55	68	22	37
55	68	21	37
57	68	21	36
58	68	23	35
58	69	20	35
61	69	22	36
62	70	23	36
63	70	21	35
65	70	23	36
68	70	24	36
68	69	24	37
70	70	22	36
69	70	21	36
72	71	20	36
73	71	21	36
73	70	22	37
75	71	22	37
75	70	23	37
77	70	23	37
78	71	22	37
80	71	23	37
81	71	24	38
82	72	24	38
83	72	25	39
84	71	25	39
85	72	26	38
87	71	24	37
87	71	23	38
89	71	24	38
90	72	23	38
91	71	23	38
93	72	23	39
94	72	23	38
97	73	24	37
98	72	24	36
96	73	23	36
99	73	23	38
101	74	23	37
104	74	20	35
105	73	19	34
107	74	19	35
108	74	20	35
109	73	20	35
109	74	20	35
111	74	20	34
111	74	19	32
113	76	21	38
113	75	22	38
115	74	21	37
116	74	21	37
117	75	21	37
119	76	22	38
121	77	23	38
124	76	23	36
125	75	21	35
124	76	22	34
125	77	22	32
126	77	22	33
128	76	21	33
128	77	22	34
129	77	23	33
130	76	22	33
133	78	22	32
133	79	23	35
133	78	24	37
133	77	24	36
136	79	23	34
136	78	24	35
137	79	24	33
144	80	22	34
142	80	23	35
147	83	23	40
148	81	23	40
148	81	24	42
149	81	24	42
149	81	24	41
151	80	23	39
151	82	24	40
154	82	22	41
155	83	23	40
158	84	22	40
160	84	22	40
161	84	22	40
160	84	24	40
162	84	24	41
162	82	23	41
165	85	24	41
167	84	25	40
168	83	24	42
170	82	23	39
169	82	23	37
171	85	23	39
172	84	24	42
172	86	26	44
174	86	25	41
177	87	25	41
178	85	24	40
180	86	23	41
180	85	23	39
182	85	22	41
185	89	21	41
186	88	21	40
187	88	22	40
189	93	21	40
191	91	21	41
192	90	21	43
193	90	22	43
194	90	21	41
195	94	22	41
196	93	22	41
198	93	21	41
198	94	22	42
200	94	21	41
201	94	21	41
203	95	21	41
204	94	22	42
205	94	22	42
207	93	22	41
209	93	21	39
209	93	20	42
210	93	21	42
212	94	22	42
213	94	22	42
213	95	22	40
215	95	22	41
216	95	22	41
218	95	21	41
220	96	21	39
221	96	19	38
223	96	19	39
224	96	20	39
223	97	21	41
225	97	20	37
227	97	20	40
228	97	21	41
230	97	20	42
231	97	20	43
232	97	21	43
232	98	22	42
235	98	21	44
237	99	21	43
238	99	22	43
239	100	22	44
240	100	23	46
242	100	21	44
244	99	21	44
245	100	21	45
246	99	22	45
247	100	22	48
249	100	21	45
250	101	22	45
251	102	22	47
252	102	22	49
254	102	22	47
255	104	22	43
256	103	21	44
257	104	21	42
259	104	21	44
259	105	21	45
261	105	22	45
262	106	21	42
263	106	22	43
264	106	22	44
265	106	22	42
267	106	22	44
268	107	22	42
269	107	22	41
269	108	23	41
270	109	22	39
272	109	21	36
274	108	21	34
274	110	22	36
276	110	21	35
279	103	20	32
279	109	21	35
281	108	20	32
283	102	19	34
282	108	19	32
284	102	20	33
286	95	20	38
286	97	21	37
287	99	21	37
288	111	21	35
290	112	21	33
290	113	22	38
291	113	23	40
292	113	22	40
293	113	22	40
294	113	22	41
295	114	22	41
296	114	23	42
298	113	23	42
299	114	22	41
300	113	22	43
301	113	23	42
302	113	22	43
302	113	24	42
303	114	25	41
303	115	26	43
304	114	26	42
305	115	25	41
307	116	24	39
309	115	23	40
310	115	23	41
312	115	22	42
313	116	22	40
315	116	22	38
313	116	23	37
316	116	22	39
317	116	23	37
318	116	23	34
320	117	22	33
320	117	22	32
322	117	22	30
324	117	21	30
324	118	21	31
326	118	21	31
328	117	20	31
328	117	20	30
331	117	20	31
332	117	20	30
334	117	20	30
335	119	21	34
335	118	21	35
337	118	21	34
337	119	22	37
339	119	22	37
339	118	22	39
340	120	22	40
341	120	22	41
343	120	22	41
344	121	22	38
346	121	21	37
347	121	19	34
349	121	19	34
350	121	20	36
351	121	20	34
352	122	20	34
353	122	20	33
356	121	19	36
357	121	20	35
359	124	20	37
361	125	20	39
361	124	21	39
363	124	21	38
363	124	21	38
363	126	21	37
365	125	22	38
367	125	20	37
367	125	21	36
368	126	20	34
371	126	19	35
372	128	20	35
374	127	21	36
375	128	21	37
376	127	21	38
377	127	21	40
