195	254	39	103
196	253	38	106
198	253	38	106
201	254	37	107
204	254	37	109
206	254	38	110
209	253	38	110
211	253	38	111
214	255	43	110
217	258	44	107
219	257	43	110
220	259	42	107
224	259	41	108
229	259	37	108
232	258	37	110
235	260	37	110
238	260	37	110
240	262	38	108
243	264	37	106
244	262	38	110
248	263	38	110
251	263	39	112
255	262	39	113
257	261	38	114
259	261	38	115
261	257	44	119
267	250	48	127
268	254	48	126
271	260	48	121
275	253	41	128
276	256	41	125
273	258	47	125
274	254	46	130
284	266	40	118
287	267	41	120
289	270	41	118
292	271	40	118
295	272	39	118
298	275	40	118
302	272	42	120
304	272	41	121
308	273	41	120
310	273	44	119
312	274	51	120
315	276	50	119
316	276	52	121
317	279	52	118
322	278	47	120
330	278	43	121
335	279	42	120
340	281	42	119
344	281	41	118
347	284	46	117
349	282	48	121
351	286	48	117
354	286	47	118
361	286	44	120
369	285	41	121
373	284	41	121
377	285	43	121
380	284	51	122
384	283	59	124
384	287	62	120
387	288	61	121
393	291	55	118
407	291	44	119
412	290	42	121
416	289	42	123
421	293	43	119
423	294	48	119
427	298	49	117
430	296	48	121
434	298	48	121
441	295	43	122
446	297	45	122
450	297	48	123
455	296	52	124
457	301	58	119
460	303	55	119
461	301	56	125
465	303	53	122
473	302	47	124
480	303	44	125
487	303	44	126
492	304	44	124
495	308	49	122
498	307	49	125
500	308	51	127
503	309	49	126
509	311	49	126
513	309	48	127
519	307	46	130
524	307	48	129
529	306	56	132
531	311	63	127
531	313	69	127
534	314	65	129
540	314	61	130
548	313	54	132
559	312	46	134
563	314	45	132
568	314	44	131
