273	213	31	77
274	209	31	79
274	210	31	78
275	210	31	78
275	209	31	78
275	209	31	78
276	209	31	78
275	208	31	78
276	208	30	78
276	208	30	78
276	208	30	78
276	208	30	77
277	207	30	78
277	207	30	77
277	206	30	77
277	206	30	77
278	206	30	77
278	206	30	77
277	206	30	77
277	205	30	77
277	205	29	77
278	205	30	77
278	204	30	77
278	204	30	77
277	204	30	76
278	204	30	76
279	203	30	76
279	204	30	76
279	203	30	76
280	203	29	77
280	202	30	76
280	202	29	76
280	202	29	75
280	202	29	76
281	202	29	76
280	201	29	76
281	202	29	75
280	201	30	76
280	200	29	75
281	201	29	75
281	200	29	75
281	200	29	75
281	200	29	75
281	199	29	75
280	200	29	74
280	200	29	74
281	199	29	75
280	198	29	75
280	199	28	73
279	198	29	74
280	197	28	74
279	198	29	73
279	198	29	74
278	198	29	73
278	198	29	73
278	198	29	73
277	196	29	74
276	197	29	73
276	197	28	72
276	196	30	73
275	196	29	73
275	197	29	73
276	196	29	74
275	196	29	73
275	195	29	74
274	195	30	74
274	193	29	75
274	193	29	74
274	194	30	74
275	193	29	74
274	194	29	73
275	194	29	73
275	193	28	73
276	193	28	72
275	194	28	72
276	193	28	73
275	193	29	73
275	193	28	74
276	193	28	73
276	192	28	73
276	192	28	73
275	192	29	73
276	191	29	73
276	192	28	73
276	191	28	73
277	191	28	73
276	190	29	73
277	191	28	73
277	191	29	73
277	191	29	72
277	189	29	74
277	189	30	73
278	190	28	72
277	189	29	72
278	189	28	72
278	190	28	72
279	189	28	72
279	189	28	71
278	189	28	71
278	189	28	72
278	189	28	72
278	189	28	71
278	189	28	71
278	189	28	71
279	188	28	71
277	189	28	71
278	188	28	71
279	188	28	71
278	188	28	71
277	187	29	70
277	187	29	71
277	187	29	71
277	187	29	70
277	186	29	71
278	187	28	70
275	186	29	70
276	187	28	70
276	186	29	70
276	185	28	70
275	186	28	70
270	186	30	68
267	185	28	70
261	186	29	69
256	185	30	70
252	184	27	70
247	184	31	69
243	185	29	70
238	185	28	69
234	185	29	69
230	185	29	69
224	185	29	69
220	185	29	68
217	184	29	69
219	184	31	70
224	184	30	69
228	184	29	69
232	183	29	69
236	183	30	69
241	183	30	69
245	182	30	68
250	183	29	68
255	183	29	68
260	183	28	69
263	182	28	68
268	183	27	68
272	181	28	69
267	182	29	68
264	181	28	68
259	182	29	69
256	181	29	68
251	181	28	69
246	181	30	69
243	180	29	68
237	181	28	68
234	180	28	67
230	181	28	68
226	181	28	68
222	181	28	67
218	180	27	68
221	180	28	67
225	179	28	67
230	179	27	68
232	179	28	68
236	179	28	68
241	178	28	68
246	179	27	66
250	178	28	68
255	178	27	67
258	178	28	67
263	177	27	67
267	177	28	67
271	177	27	66
270	178	29	67
266	177	28	67
261	177	28	68
257	176	29	69
252	176	28	68
248	177	29	69
243	176	28	68
238	176	29	67
235	176	29	67
230	176	28	67
227	177	28	67
223	176	27	66
218	175	28	66
219	175	28	66
224	176	27	67
228	175	28	65
232	175	27	66
236	176	27	65
241	175	28	66
246	174	27	66
251	174	28	65
256	174	27	65
260	173	27	66
264	173	28	65
268	173	27	66
272	173	28	66
274	174	27	66
269	173	27	66
266	173	27	66
261	173	26	66
257	174	27	64
253	173	27	65
247	173	27	65
243	173	27	65
240	173	26	64
235	173	26	64
231	172	26	65
226	172	26	63
222	172	26	63
220	171	25	63
226	172	25	63
230	172	25	62
233	172	25	61
238	172	26	62
241	172	26	62
246	171	24	64
252	171	25	63
256	170	24	64
258	170	24	64
262	169	25	65
266	168	25	67
270	167	27	68
275	168	25	67
270	168	25	68
264	168	25	69
256	166	26	72
235	166	32	70
226	166	34	72
226	163	33	81
230	166	30	74
228	167	28	69
217	164	30	74
197	165	31	70
191	165	31	69
203	165	27	68
202	168	25	62
205	169	25	61
211	168	25	63
217	167	26	63
223	168	25	63
228	167	26	63
234	167	25	63
240	166	26	64
247	166	25	65
253	166	25	63
259	166	24	62
263	166	25	62
270	167	25	61
274	166	24	63
269	165	26	62
264	165	24	61
259	167	24	60
254	167	25	61
248	166	25	63
241	166	25	62
235	166	25	61
230	166	25	61
224	166	25	61
218	166	24	61
212	167	25	60
206	167	25	60
200	165	27	62
204	167	25	61
209	165	27	62
215	165	26	61
222	165	25	62
227	166	26	61
232	165	26	63
237	164	27	63
243	165	27	63
251	163	26	63
256	164	26	63
261	164	26	62
266	163	26	63
274	164	25	62
272	163	25	64
266	163	24	63
260	164	25	61
254	163	26	62
248	162	26	62
243	163	26	62
237	163	24	61
232	163	26	62
226	163	26	61
221	163	24	61
214	164	24	59
209	164	24	59
203	162	25	59
204	162	25	59
208	162	25	60
215	162	25	60
220	162	26	61
227	162	26	60
233	162	25	60
238	161	26	60
244	161	25	60
252	160	25	61
256	161	25	59
263	161	25	60
268	160	25	62
274	161	26	61
275	161	26	60
266	158	25	63
260	159	26	63
250	159	25	62
238	159	28	63
234	159	26	61
224	160	27	63
216	160	27	63
209	160	25	60
201	159	27	64
191	159	28	64
183	160	27	62
176	160	27	61
171	161	26	59
181	161	26	59
187	160	28	61
199	160	27	59
207	158	27	63
217	160	27	59
225	158	27	61
236	158	28	60
244	158	28	59
253	156	28	60
263	158	28	60
271	156	28	59
280	157	28	60
288	157	27	58
277	157	28	59
273	157	28	58
263	157	27	58
257	157	28	59
249	157	27	57
240	158	28	59
233	157	28	59
223	157	28	58
216	158	29	58
208	156	30	60
199	158	28	59
192	157	28	58
186	157	28	59
193	156	30	61
201	156	30	60
212	155	30	59
220	154	31	61
229	156	32	60
238	153	31	63
248	155	32	60
257	154	31	62
266	153	31	61
276	154	32	61
285	154	31	59
294	152	33	60
303	155	30	57
297	153	31	60
291	154	29	58
281	154	31	58
275	154	30	59
264	154	31	58
258	153	30	58
250	153	29	57
241	154	30	56
234	155	30	57
225	153	31	59
216	154	30	57
210	154	30	57
203	154	28	56
206	153	30	56
215	154	29	57
222	152	32	60
233	152	30	59
243	153	29	58
252	151	29	59
261	151	29	59
270	153	28	58
279	151	29	59
289	150	29	59
299	151	28	58
306	151	28	59
317	150	28	60
316	151	28	58
261	157	50	66
267	147	36	67
237	150	35	60
218	154	39	63
185	151	41	65
132	153	40	63
150	152	37	66
110	154	47	65
61	154	41	66
38	153	41	65
24	152	47	66
1	144	34	77
29	154	31	59
59	155	34	63
73	154	36	60
103	150	35	64
78	153	41	62
151	149	36	64
128	149	44	64
157	148	39	68
176	147	41	69
195	148	44	66
238	148	46	65
291	144	36	67
314	143	35	71
331	146	30	61
298	146	31	60
288	147	30	59
255	148	31	58
240	151	33	59
212	148	31	59
167	157	60	69
162	144	39	73
137	151	41	64
119	148	37	68
93	149	37	67
53	153	51	69
45	145	41	68
33	149	32	61
26	148	55	70
75	146	35	66
107	148	32	62
120	149	35	62
152	147	31	61
164	148	42	60
194	144	35	66
180	146	44	67
205	144	48	66
220	143	48	69
243	143	45	69
272	140	44	70
334	146	28	56
287	146	37	65
292	143	31	61
239	145	46	70
245	146	35	67
217	144	31	61
201	149	33	61
172	148	35	64
110	147	45	63
89	147	37	68
60	147	39	68
42	146	42	68
56	141	36	71
41	147	30	59
47	149	51	75
76	143	34	68
67	145	42	63
121	140	35	69
153	142	35	64
168	141	34	66
154	144	40	65
168	146	48	65
209	140	49	68
261	147	43	65
288	137	34	68
312	139	35	65
337	140	29	59
337	145	27	55
301	139	29	59
244	145	38	63
257	143	31	60
197	155	56	70
206	141	38	70
141	145	38	64
124	141	38	68
136	145	35	69
70	148	41	65
90	144	36	68
52	146	45	62
47	145	36	62
42	146	34	60
81	144	28	57
75	146	45	62
121	140	32	59
100	148	54	72
164	139	34	65
193	142	36	64
171	144	43	65
201	140	44	65
213	140	44	70
246	139	42	69
269	141	42	63
326	136	32	61
340	142	24	54
304	141	25	52
295	142	28	55
259	134	31	59
210	143	47	72
211	136	36	64
174	142	50	68
162	141	39	67
107	145	40	70
84	146	45	77
61	140	45	72
38	143	52	68
41	143	42	72
43	141	33	60
45	148	42	66
50	147	38	63
90	138	40	64
96	144	44	63
134	140	39	63
144	142	51	66
175	137	47	69
197	138	45	62
218	140	43	63
249	138	40	63
264	140	46	62
298	137	44	67
337	135	29	58
304	139	31	60
297	137	27	55
257	139	32	57
240	142	37	62
216	136	33	59
178	144	56	71
163	134	42	69
113	141	44	67
95	139	46	65
69	136	51	70
50	147	59	59
47	140	42	68
41	134	29	62
48	145	47	65
81	140	30	56
85	139	36	57
93	140	35	60
131	139	37	57
137	140	37	62
172	138	38	60
190	142	40	60
217	133	33	65
240	139	41	60
259	140	35	61
288	136	34	62
338	135	27	57
333	137	26	55
339	135	24	53
335	136	25	54
336	136	26	54
336	136	25	53
337	138	23	48
337	138	22	49
336	136	23	51
336	135	23	51
337	137	23	50
335	137	22	49
336	137	23	49
334	136	23	49
335	137	23	50
335	136	22	50
334	136	22	50
334	136	22	50
333	137	22	50
333	137	22	50
333	136	22	50
333	136	22	50
332	137	22	50
333	136	22	50
333	137	23	50
332	136	22	50
332	136	22	50
332	136	22	50
332	136	22	49
332	136	22	50
332	136	21	48
331	136	21	49
332	135	22	49
331	135	22	50
331	135	21	48
331	135	21	48
331	135	21	49
331	135	21	49
331	135	20	48
331	136	21	47
331	134	21	50
331	134	20	48
331	136	21	48
330	134	21	49
331	135	21	48
331	135	21	48
330	134	21	48
330	135	21	48
330	135	21	48
329	134	21	48
330	135	21	49
330	134	21	49
330	134	21	48
330	135	21	46
330	134	20	46
331	135	21	47
330	134	21	48
330	133	21	49
330	134	21	49
331	134	21	49
330	133	21	49
331	134	20	49
330	134	21	48
330	133	21	48
330	133	21	47
330	133	21	48
330	133	21	48
330	133	21	48
330	134	21	48
329	133	22	48
329	133	21	48
329	133	21	48
329	133	21	48
329	133	21	48
329	133	21	48
328	133	21	48
328	132	22	48
329	133	21	46
330	133	21	47
329	132	20	48
329	133	21	47
329	132	21	48
328	132	21	47
330	133	21	47
330	132	21	47
330	132	20	47
330	133	21	46
330	133	20	46
330	133	21	47
330	132	21	46
329	132	20	46
329	131	21	45
330	132	20	45
330	133	20	43
330	132	20	45
330	132	20	45
331	132	20	45
331	131	20	46
330	131	20	45
331	131	20	46
331	132	20	45
330	131	20	44
330	130	20	46
331	131	20	45
331	131	20	45
331	131	20	45
331	131	19	44
330	131	20	45
330	130	20	45
331	131	20	45
331	131	20	45
331	130	21	44
330	130	21	44
331	130	20	46
331	131	20	44
331	130	20	44
332	130	19	43
332	130	19	44
333	130	19	43
332	129	20	44
333	129	19	43
333	130	20	44
334	130	19	43
333	130	20	45
334	129	20	46
333	129	21	45
334	129	20	44
333	129	20	44
334	129	20	44
335	129	20	43
334	129	21	42
335	129	20	42
334	128	21	42
335	129	20	42
335	128	20	42
335	127	21	42
335	128	21	42
335	128	22	43
335	129	20	41
335	127	21	41
336	128	20	41
336	128	20	43
337	127	20	42
337	127	19	42
336	128	20	42
337	126	20	43
337	127	19	41
338	128	19	41
338	127	19	42
338	128	19	41
339	127	19	41
338	128	19	41
339	128	19	41
338	127	19	42
339	127	19	41
339	128	19	42
340	127	19	41
339	127	20	42
340	127	19	44
340	127	20	43
341	126	20	43
341	127	20	43
340	128	20	42
341	126	20	44
342	127	20	42
342	127	20	43
342	127	20	43
341	126	20	44
342	126	20	43
343	127	20	44
342	126	21	44
342	126	21	44
343	125	21	44
344	125	21	44
344	125	20	44
344	126	20	44
345	125	20	43
345	125	20	44
346	126	20	43
344	125	20	44
345	125	20	44
346	125	20	44
346	125	20	43
345	125	21	42
346	124	20	44
347	124	20	44
347	124	19	44
347	125	19	43
347	125	21	42
347	124	20	44
348	124	20	42
347	125	21	44
348	124	21	43
349	124	21	43
348	124	21	44
349	123	21	45
348	123	22	46
349	124	20	43
350	123	20	43
