543	236	37	96
506	231	38	97
511	232	39	95
506	229	35	93
500	231	37	91
492	232	35	88
484	231	32	83
477	230	37	85
468	231	41	89
460	228	37	86
455	226	35	80
448	226	33	85
443	226	30	77
425	225	34	82
422	225	35	81
417	224	32	81
412	223	32	79
405	222	32	81
398	226	32	81
389	221	34	84
383	221	35	81
377	221	35	82
372	221	36	87
370	219	33	83
366	220	32	81
364	220	31	80
357	218	32	83
321	212	31	83
326	215	31	76
322	213	32	80
317	215	32	77
314	215	30	79
287	214	30	80
285	214	30	76
270	213	32	81
265	214	30	76
261	210	32	81
256	211	32	82
247	212	33	82
243	208	31	84
237	208	31	86
232	208	32	84
228	208	34	85
224	210	35	84
219	209	34	86
216	208	32	85
211	207	31	83
204	211	33	80
195	212	34	80
173	211	29	80
169	214	30	78
169	213	30	79
159	213	34	80
155	214	33	78
150	210	31	82
142	209	30	79
139	211	33	83
133	210	32	82
127	213	34	81
124	212	35	84
123	212	32	84
118	211	31	85
109	212	31	83
104	211	32	82
96	212	36	82
92	211	35	85
89	210	33	86
84	209	32	88
74	207	32	88
67	209	32	84
62	217	35	80
56	214	35	83
43	210	32	87
37	212	32	79
32	215	35	79
28	215	33	79
20	214	30	80
