210	94	29	53
211	93	26	55
212	93	26	56
212	93	26	56
212	93	27	56
213	94	27	56
214	93	26	57
214	93	27	54
215	93	27	56
215	93	28	56
216	93	27	56
216	95	27	55
218	96	27	54
217	96	28	53
219	96	28	54
218	95	28	54
221	96	27	55
220	95	27	53
221	96	27	53
222	96	27	54
223	96	27	54
224	97	26	53
224	96	27	54
225	96	27	53
225	96	28	54
225	96	29	52
226	95	28	53
226	97	29	52
227	97	29	52
228	98	28	50
229	97	28	53
228	97	29	54
229	96	29	54
231	96	27	54
231	97	28	54
232	97	28	55
233	97	28	55
233	98	27	54
234	97	27	56
234	98	28	56
236	98	28	56
236	97	28	57
237	97	28	57
238	97	28	57
238	97	28	58
240	99	27	55
240	99	27	56
240	100	27	56
241	100	27	56
241	98	28	57
242	99	28	57
243	99	27	57
244	98	27	58
245	99	27	57
245	99	27	59
246	99	27	59
246	99	28	60
246	99	28	59
248	98	28	60
248	99	28	59
250	98	27	58
249	98	28	58
250	101	28	57
251	101	27	58
252	101	27	59
253	100	27	59
252	100	28	59
253	99	28	60
253	100	29	57
253	100	29	59
255	101	27	59
255	101	28	60
256	101	28	58
257	101	29	58
257	100	29	60
257	101	29	58
258	100	29	60
258	101	30	60
260	102	29	58
259	102	29	58
260	103	28	57
259	104	30	57
261	103	29	58
260	103	31	59
261	102	30	61
260	102	30	62
262	103	28	61
262	102	29	61
263	104	29	59
264	103	29	61
264	103	29	60
264	104	29	60
264	104	30	59
265	103	30	63
264	103	30	64
266	105	29	61
265	103	30	62
266	106	30	60
267	105	29	60
266	107	30	59
267	105	30	62
267	105	30	63
268	104	29	63
268	104	30	64
269	106	29	61
269	107	29	60
270	107	29	60
270	108	29	60
271	107	28	61
272	107	30	62
272	107	30	61
272	107	31	61
272	107	31	62
272	108	31	61
272	108	31	60
272	108	32	61
273	109	30	60
274	108	31	61
273	109	31	61
273	107	32	63
274	108	31	63
275	108	31	63
275	107	31	63
276	109	30	62
277	109	30	62
277	110	30	63
278	110	30	63
278	110	31	63
279	110	30	63
280	110	30	63
280	110	31	63
281	111	30	63
282	113	30	61
280	113	31	61
282	113	30	61
281	112	31	62
283	113	30	62
283	112	31	61
283	113	31	63
285	112	31	63
285	113	32	62
285	114	32	63
287	115	31	62
288	114	31	62
289	114	31	60
288	114	31	61
290	115	31	58
290	114	31	60
291	113	31	61
290	115	32	59
291	115	31	60
292	115	31	61
292	116	30	61
293	115	30	61
294	116	30	61
295	115	31	62
295	116	31	61
298	118	32	62
301	118	32	61
302	117	33	64
302	118	33	63
303	119	33	61
303	119	33	61
305	119	31	62
304	120	34	61
305	118	33	64
305	119	32	63
307	119	31	62
307	120	32	62
307	119	32	65
308	120	32	64
309	120	32	62
309	120	32	61
311	121	31	64
311	120	31	64
313	120	31	63
313	121	31	63
314	119	31	64
312	120	33	64
313	121	32	63
315	121	30	62
316	122	31	62
315	123	32	61
316	123	31	62
315	122	32	63
316	123	32	63
317	122	31	64
318	123	31	63
318	122	31	64
319	123	31	63
319	123	32	63
319	123	32	63
321	123	32	64
321	122	32	64
321	123	32	63
322	123	32	62
322	123	32	63
323	124	32	63
322	124	33	63
323	124	32	65
323	124	33	66
324	125	32	64
325	123	32	67
327	123	31	66
327	123	31	66
328	123	31	65
328	125	32	66
329	124	32	67
330	124	32	70
331	124	33	68
332	125	33	70
334	124	33	68
334	124	33	67
335	125	33	67
335	127	34	67
337	127	33	65
339	127	33	68
338	127	33	69
340	127	32	69
341	126	33	71
342	126	34	71
341	127	34	68
344	128	32	69
345	129	33	71
346	129	33	71
348	129	31	70
349	128	32	71
350	129	32	71
351	128	33	71
351	129	33	68
353	128	33	68
353	128	34	69
355	130	32	68
357	131	32	68
357	131	32	71
358	131	33	72
357	131	34	72
360	130	33	66
360	131	34	66
361	130	35	66
362	132	36	66
363	132	35	67
364	131	35	69
366	131	34	69
365	130	35	70
367	129	34	71
367	129	35	69
367	131	35	69
368	130	34	70
369	131	33	69
369	131	34	68
370	133	34	68
370	133	32	68
370	133	33	69
371	131	34	70
371	132	34	71
372	132	34	71
373	132	32	68
375	134	32	68
374	133	32	67
375	134	33	69
376	134	33	70
377	133	33	73
377	134	32	75
379	132	32	71
380	135	31	68
380	135	31	69
381	137	31	65
381	137	32	66
382	137	32	68
381	136	32	69
382	137	32	68
384	138	30	65
384	138	30	66
385	139	28	67
387	141	28	64
386	141	27	69
372	148	36	84
364	155	43	81
368	153	41	82
374	151	40	85
372	151	43	86
372	150	48	86
383	146	45	89
384	145	44	90
388	146	41	91
391	148	40	88
391	149	43	86
393	147	41	89
398	144	37	91
398	141	40	90
400	138	40	95
398	138	40	94
397	141	40	90
401	139	35	89
403	139	32	78
403	141	31	74
405	140	30	72
405	140	29	72
406	140	29	72
407	141	30	72
408	141	29	76
408	142	30	76
408	143	31	73
408	144	32	75
409	143	32	80
411	147	33	76
412	150	32	71
415	150	31	69
424	148	35	67
419	144	31	69
424	144	28	71
424	146	29	68
425	144	28	68
425	144	29	70
428	147	31	70
427	144	31	73
428	143	33	73
428	144	33	70
429	147	34	72
431	147	32	72
431	148	32	74
432	150	33	73
433	149	32	72
435	150	32	74
437	150	32	73
438	148	32	76
440	150	32	74
442	151	31	71
443	151	31	71
445	150	31	73
451	152	30	74
449	151	30	74
453	151	29	75
453	152	31	77
453	151	32	78
457	151	32	79
457	153	32	80
459	153	31	80
463	160	31	74
463	157	30	78
464	155	32	79
465	152	30	81
467	154	31	77
468	154	30	77
469	155	31	74
470	155	32	75
475	158	29	77
476	158	29	75
480	156	31	78
481	156	30	78
484	154	30	81
485	158	30	76
486	158	29	78
488	158	29	78
491	159	28	78
490	159	29	79
491	165	30	77
493	164	30	75
496	161	30	77
496	158	31	82
498	160	32	81
500	160	30	79
501	161	30	75
503	162	32	74
504	161	30	75
504	160	31	78
507	161	33	79
509	161	32	80
510	160	34	84
513	162	33	78
516	162	32	77
516	162	31	77
517	163	33	79
519	163	31	78
520	165	31	80
524	165	34	79
522	164	32	85
524	165	33	80
524	165	33	80
525	165	32	78
526	165	32	81
527	165	33	82
531	169	36	76
533	168	35	75
534	166	35	73
538	165	35	67
540	165	33	68
542	164	36	68
544	164	37	71
549	174	37	72
576	184	36	63
580	182	34	67
581	183	35	64
553	172	33	63
568	178	32	62
554	169	28	62
567	174	36	63
560	171	32	66
557	170	32	65
562	175	32	63
568	178	31	53
572	178	28	56
569	176	27	61
573	175	29	64
572	175	32	63
575	179	34	59
572	178	30	62
574	177	34	66
573	179	32	60
575	179	36	64
577	176	34	69
574	171	36	64
576	174	40	66
578	177	38	65
578	174	36	72
579	175	36	72
581	175	35	67
583	175	33	73
584	176	36	73
584	177	36	65
587	176	32	69
588	175	32	68
587	174	34	67
