264	100	27	61
266	100	27	60
268	99	26	60
271	100	26	60
273	99	28	61
274	99	32	61
274	98	35	61
275	98	34	62
276	99	34	61
277	98	33	62
283	96	29	63
287	97	28	62
290	97	29	62
292	97	29	62
295	98	29	61
296	98	30	61
299	97	28	62
301	98	28	61
304	98	27	61
306	97	28	62
308	97	28	62
310	97	28	61
311	97	32	61
313	97	32	63
314	96	32	62
317	96	30	62
321	96	27	62
325	96	26	61
324	95	28	62
327	96	30	61
329	96	30	61
331	96	29	62
332	94	30	62
335	93	27	61
336	93	27	61
338	93	27	61
339	93	28	61
341	94	28	60
341	94	29	60
343	93	30	60
345	93	29	61
347	93	28	60
348	93	28	61
351	93	26	60
354	93	27	60
355	93	27	61
356	92	28	60
358	93	28	59
359	93	30	59
360	93	30	60
364	92	28	60
365	92	27	60
367	91	26	59
369	91	26	60
371	91	26	59
371	92	28	59
373	91	29	61
374	91	28	60
377	90	28	60
379	90	27	60
382	89	26	60
384	89	25	61
386	90	25	61
379	94	24	57
372	91	27	58
369	90	27	60
358	87	29	61
337	86	33	62
330	85	35	61
323	85	36	62
325	86	34	62
345	86	26	63
340	89	28	59
338	88	26	61
332	89	26	61
330	89	24	61
324	88	26	61
320	89	26	61
316	89	27	61
310	89	28	59
306	90	28	60
300	91	29	58
295	89	31	61
290	90	30	60
287	90	28	59
281	88	26	61
279	88	27	61
272	89	29	59
268	89	30	59
269	89	27	60
270	89	27	61
272	89	27	61
274	88	26	61
277	88	26	59
278	88	26	60
280	88	28	59
280	87	29	60
282	88	28	59
284	88	29	58
284	88	30	57
280	87	29	59
277	87	29	57
271	87	29	56
268	88	28	54
261	88	29	52
257	88	31	52
250	90	29	50
247	90	29	50
245	91	29	50
239	92	28	48
235	91	28	50
233	91	28	50
227	90	28	51
224	90	28	52
216	91	27	51
210	91	27	49
203	91	27	50
198	91	26	49
193	90	26	50
189	90	27	48
184	89	26	51
181	91	26	50
173	91	28	51
171	90	26	52
171	91	26	50
172	91	26	50
175	89	24	51
177	89	23	49
180	87	22	49
182	86	21	49
176	88	21	48
174	89	21	47
167	87	20	49
165	87	21	47
156	87	21	47
150	87	22	47
145	87	21	47
142	87	22	48
138	88	22	46
115	87	23	48
130	86	24	47
125	87	24	45
104	85	21	46
100	87	23	49
95	86	22	49
106	86	26	50
105	86	25	50
103	87	26	54
77	86	23	51
73	85	25	50
85	86	25	52
81	86	26	52
79	86	25	54
75	87	26	58
77	87	26	57
80	87	28	57
81	87	28	56
83	86	26	57
85	86	26	58
87	86	25	58
88	86	25	58
91	86	26	57
92	86	27	56
94	85	27	57
96	85	27	57
96	86	27	57
100	85	26	56
101	85	25	56
104	85	24	56
105	84	24	55
107	85	25	56
108	84	26	55
109	85	27	56
111	84	26	57
112	84	25	57
114	84	25	57
117	83	23	56
119	82	24	56
120	83	25	55
122	83	25	55
123	83	25	54
125	84	25	54
127	83	25	55
129	82	23	56
130	83	23	56
133	82	23	56
134	82	23	55
136	82	25	54
137	82	25	55
139	82	25	55
140	81	25	56
141	81	24	56
145	80	23	57
146	80	23	57
147	79	23	57
149	81	24	55
152	81	25	55
152	82	25	55
154	81	24	55
156	81	24	55
159	79	24	55
161	80	23	55
163	80	23	54
165	80	23	54
166	80	24	54
168	80	26	54
168	80	25	54
171	84	24	55
173	87	24	55
177	91	23	55
178	94	22	55
179	97	23	55
182	103	24	55
183	106	24	53
184	110	25	53
186	114	25	54
188	116	24	54
191	121	23	54
193	125	22	56
195	129	22	53
197	134	24	54
199	137	24	54
200	142	24	55
202	145	23	52
204	150	22	55
208	154	22	54
209	157	22	53
212	163	23	54
214	169	23	54
215	171	24	53
216	176	24	54
218	179	23	53
220	182	22	54
222	186	22	53
224	189	22	53
226	191	23	54
228	199	24	54
229	201	24	53
231	205	24	54
232	208	23	54
234	210	22	54
234	213	23	55
236	218	22	54
237	220	23	54
239	223	22	54
241	228	23	55
242	232	22	53
243	234	23	55
244	236	22	54
244	240	22	55
246	244	23	54
246	247	23	54
247	251	24	54
249	255	24	54
251	257	23	54
252	261	24	55
255	265	22	54
257	268	21	53
258	272	21	54
261	276	23	53
262	279	23	53
263	283	25	53
265	285	26	53
267	288	24	51
269	288	24	51
271	287	23	50
271	287	24	48
274	286	22	49
275	286	22	47
277	286	22	47
278	287	22	45
281	287	22	47
283	286	22	48
284	285	23	47
287	284	22	48
289	285	22	48
290	284	22	47
291	283	23	48
293	285	24	50
295	284	23	51
295	285	24	53
298	285	23	55
299	285	23	55
301	284	21	54
301	284	23	54
296	284	22	54
292	283	21	54
288	284	24	53
286	285	25	53
281	285	26	53
279	285	24	53
272	284	24	53
269	284	23	53
268	284	23	54
260	284	22	53
258	284	23	54
254	284	23	53
248	284	24	52
243	284	25	53
240	285	24	53
234	284	24	54
232	285	23	53
233	284	23	53
234	283	22	53
235	284	22	52
237	283	22	52
239	285	23	52
241	284	23	53
241	284	23	53
242	284	22	53
244	283	22	53
246	284	21	52
249	284	21	52
250	283	22	52
250	283	22	52
252	284	22	52
253	284	23	51
254	284	22	51
255	283	22	52
257	283	22	52
258	283	21	50
260	283	21	52
261	283	21	51
263	283	21	51
264	283	22	51
265	283	24	51
266	283	22	52
267	283	23	51
269	283	22	51
270	282	21	52
272	282	21	52
274	282	21	52
275	282	22	51
277	282	22	50
277	282	23	50
278	283	22	50
279	282	22	50
281	281	22	51
283	282	22	50
283	282	22	51
285	282	22	50
287	281	21	51
288	281	22	50
289	281	22	50
289	281	22	50
292	281	21	50
292	281	21	51
293	280	21	51
294	280	21	51
296	280	21	50
296	280	22	51
298	280	21	51
299	281	22	50
299	280	23	50
300	280	23	50
301	280	23	50
302	280	21	49
304	279	22	49
305	279	21	50
306	282	21	49
307	284	21	50
308	287	21	49
308	291	22	49
310	294	21	48
311	298	20	50
312	300	21	50
313	302	21	50
315	305	21	49
315	304	20	49
317	304	20	49
318	305	20	48
319	305	20	49
320	305	20	50
321	305	20	50
322	305	20	50
323	305	21	52
323	305	23	51
323	309	28	52
323	310	26	53
367	286	22	46
368	287	23	45
369	291	22	45
369	297	19	44
370	301	19	41
369	302	21	44
370	304	22	44
335	327	20	49
336	328	21	52
336	328	22	51
338	327	22	51
338	328	23	50
339	330	22	48
340	332	21	48
340	335	22	49
342	337	21	50
341	339	22	50
343	344	21	50
343	346	21	49
343	349	21	50
345	353	21	51
346	355	21	49
345	355	21	51
346	355	21	51
347	355	21	52
348	354	21	51
349	353	20	50
349	353	21	51
351	354	22	51
349	353	22	50
351	353	22	49
351	353	23	49
351	353	23	50
352	353	23	50
351	353	23	51
353	353	22	50
353	352	21	50
353	352	21	49
354	352	21	50
355	353	21	49
355	352	20	49
355	352	20	50
356	351	20	51
356	351	20	51
354	351	21	51
349	351	21	50
342	350	21	50
333	350	21	51
329	350	21	51
327	351	21	50
316	351	21	50
313	351	22	50
308	352	22	49
305	351	21	50
300	351	22	50
294	350	23	52
291	350	22	49
292	351	21	47
292	351	22	48
293	351	21	49
292	350	21	49
293	351	21	47
293	351	21	49
293	351	20	49
294	351	21	48
295	351	20	48
296	350	20	48
296	350	19	48
296	350	20	47
297	349	21	47
296	349	21	48
297	349	21	49
297	350	21	47
298	350	21	47
304	349	21	49
308	349	23	50
314	348	21	47
315	348	23	49
321	348	21	47
327	348	22	48
336	347	22	47
340	349	22	48
344	348	22	48
350	347	22	48
353	346	24	50
362	345	25	48
369	345	24	51
372	344	23	50
390	321	28	46
387	345	22	48
392	345	23	50
394	346	24	49
401	346	22	48
403	346	22	48
414	345	21	48
423	345	22	48
428	344	22	49
431	345	22	48
436	344	22	48
439	342	28	49
445	345	23	49
450	345	22	48
459	346	22	46
462	345	23	48
468	345	22	47
472	344	23	47
480	344	23	49
482	343	23	48
487	344	23	48
495	344	21	47
501	344	22	47
505	344	23	49
511	344	22	47
513	345	20	45
513	343	20	47
513	344	20	45
512	344	20	46
512	344	20	45
513	344	21	45
513	343	21	46
512	343	21	47
513	344	22	47
512	344	22	46
513	344	22	46
513	343	21	46
513	342	22	46
513	342	22	46
513	342	22	47
513	341	22	48
513	342	23	47
513	342	23	46
514	342	22	46
514	342	22	45
513	342	23	47
514	340	22	45
513	337	23	46
514	335	22	46
514	330	22	45
515	328	22	46
514	326	21	44
514	323	22	45
515	319	22	45
515	318	21	45
515	311	20	45
515	310	21	45
516	305	21	46
514	302	21	47
514	299	21	45
515	297	21	46
515	292	21	44
515	291	21	44
515	287	21	46
515	285	21	45
516	282	21	45
516	278	20	43
516	274	20	45
515	272	20	43
516	265	20	44
515	263	21	44
516	260	20	45
515	257	21	46
516	251	20	46
516	249	21	46
516	246	20	43
517	243	20	46
517	238	20	44
518	235	19	46
517	231	20	45
518	229	20	44
518	226	19	43
518	223	19	43
517	219	20	44
517	216	20	45
517	211	19	45
516	208	19	43
516	204	20	43
516	198	20	44
516	196	19	43
516	194	20	42
517	188	19	43
516	186	20	44
516	182	21	43
517	179	19	44
517	174	19	43
516	172	19	43
517	169	19	43
517	163	19	42
517	160	19	43
518	157	18	42
517	153	20	43
518	150	18	42
518	149	19	43
517	148	19	44
517	148	19	45
517	149	19	45
518	148	20	43
516	148	20	45
517	148	19	43
518	148	19	44
517	148	19	44
518	148	19	43
518	147	19	44
518	147	20	43
518	147	19	44
519	147	18	43
519	147	19	44
542	128	18	47
519	148	19	43
519	148	19	44
518	147	20	44
518	147	19	43
517	147	21	44
518	146	20	43
518	146	22	42
517	146	20	44
517	146	24	42
518	146	20	44
518	146	21	45
519	146	23	44
519	146	22	45
520	146	21	44
521	145	19	43
522	145	21	42
