541	165	65	208
538	163	71	203
535	162	73	202
533	163	74	202
532	163	74	192
529	157	74	193
527	150	73	198
527	148	73	198
525	149	73	199
524	149	72	199
522	150	71	191
519	144	70	190
517	138	67	184
513	135	69	191
508	134	72	192
504	135	70	193
498	134	69	178
490	126	68	176
483	117	68	182
478	115	69	185
473	116	69	187
468	115	71	185
466	111	71	184
461	108	72	180
456	105	71	169
451	100	69	168
445	98	65	168
436	98	68	167
421	94	73	172
408	93	79	170
398	87	81	178
392	85	78	170
389	81	75	175
384	84	73	170
379	86	69	170
371	83	72	167
368	82	69	170
363	76	68	169
357	74	68	164
352	71	67	169
347	71	66	163
344	73	66	161
338	75	65	161
329	74	67	159
325	70	66	155
321	68	65	150
314	68	66	143
310	67	66	143
304	65	67	146
299	66	69	143
293	64	69	143
287	62	69	145
281	60	68	141
275	58	67	143
271	57	65	142
266	56	65	144
259	56	66	148
253	57	66	144
247	55	64	145
241	54	63	140
236	52	65	139
232	51	64	137
227	50	64	137
222	48	65	138
227	49	69	136
270	45	67	151
225	39	60	144
211	35	57	120
204	36	57	112
189	34	55	119
184	32	55	123
179	31	55	122
163	33	59	122
155	28	58	118
151	28	56	110
142	25	58	115
135	29	60	110
131	27	59	113
128	24	56	115
121	29	57	111
117	24	55	98
116	29	58	104
116	31	59	109
118	25	55	100
117	26	58	106
118	25	60	109
119	24	57	108
122	28	54	109
123	28	53	89
126	32	53	99
126	29	54	92
128	36	54	87
129	27	57	92
130	32	56	90
