158	130	25	63
158	129	24	63
157	128	24	64
157	128	24	64
157	130	24	63
157	130	24	62
156	132	23	62
156	132	24	62
156	132	24	63
156	131	24	63
155	131	24	63
154	132	25	63
154	132	24	63
154	132	24	63
152	133	25	63
153	133	25	63
151	133	25	63
151	134	25	63
150	133	25	65
149	133	26	65
149	132	25	65
148	133	25	65
148	133	26	66
148	134	25	65
148	136	24	63
148	137	24	63
147	136	25	64
147	136	25	64
145	136	25	63
145	137	25	63
145	138	25	63
144	137	24	63
143	139	25	62
143	138	25	63
142	140	25	63
142	138	25	64
140	138	25	65
140	137	25	65
140	136	25	66
140	136	26	66
139	136	25	68
139	137	26	67
139	139	25	67
138	139	26	68
138	138	26	68
138	138	26	68
138	137	26	68
137	138	26	68
137	139	26	68
136	139	26	69
136	140	26	68
136	141	26	68
136	141	26	68
134	141	26	68
134	141	26	69
134	140	26	69
133	140	27	70
133	140	27	70
133	142	26	69
133	142	26	69
133	144	26	68
132	144	27	69
133	144	26	69
134	144	27	68
171	144	28	67
195	141	28	69
194	142	27	69
190	142	27	69
190	144	27	69
189	144	27	70
188	144	27	70
189	143	27	72
189	143	27	71
188	143	27	71
187	143	26	70
187	143	27	71
186	143	27	71
187	144	26	72
223	146	27	70
242	145	32	71
246	145	29	72
245	143	29	73
245	145	28	72
247	144	26	71
246	144	27	72
246	144	27	73
245	145	27	72
244	146	28	72
243	147	28	73
242	147	27	72
242	147	27	73
241	147	26	72
241	148	27	72
240	147	27	72
240	147	26	73
240	148	26	72
241	148	26	73
239	150	26	73
240	150	26	72
240	126	25	71
239	102	26	74
239	90	26	73
238	89	27	73
238	88	26	74
237	90	27	74
236	91	26	73
236	91	26	74
236	93	26	72
235	93	26	73
235	92	27	73
235	93	27	73
234	92	26	74
233	91	27	74
234	92	26	75
234	93	26	74
232	94	27	74
233	95	27	75
233	96	27	74
232	95	27	74
232	94	27	75
232	94	28	75
232	95	27	75
232	94	27	75
232	94	27	75
232	96	27	75
232	96	27	74
231	96	27	77
230	97	27	75
230	97	27	75
229	97	27	75
230	97	27	75
230	97	27	76
229	97	27	77
230	98	27	77
230	99	27	76
230	100	28	76
230	100	28	76
230	100	27	76
230	99	27	76
229	100	27	76
230	100	28	76
230	100	28	77
229	101	27	76
228	103	27	74
227	103	28	76
227	104	28	76
226	103	28	77
226	102	28	77
225	102	28	77
225	101	29	79
225	101	29	78
225	101	29	80
224	103	29	78
223	104	30	77
224	105	29	79
224	105	30	79
224	105	30	80
224	104	30	79
223	105	31	80
223	105	30	80
223	104	30	80
223	105	30	80
222	106	30	79
222	106	30	80
221	107	31	79
221	108	30	80
219	107	30	81
220	107	30	82
219	106	30	82
218	104	31	84
218	107	31	81
218	108	31	81
219	109	30	80
219	110	30	81
218	111	30	81
218	112	31	81
218	111	30	81
218	111	30	81
218	110	30	82
218	110	30	82
218	110	30	83
217	112	30	82
216	114	30	80
214	113	31	81
214	114	31	82
213	112	31	84
212	112	32	84
211	112	32	85
212	113	32	85
211	114	30	83
211	112	31	86
210	113	32	85
210	116	31	83
211	117	30	82
210	118	30	84
210	117	31	84
210	118	31	85
209	117	32	85
208	117	32	85
210	115	31	87
208	118	32	84
209	118	30	85
209	119	30	84
209	119	30	86
209	119	30	86
208	120	31	86
207	119	31	86
207	119	31	87
207	120	32	86
208	121	31	86
210	124	30	83
208	124	31	85
210	124	30	86
210	124	31	86
210	124	31	87
212	125	31	86
211	124	31	86
213	124	31	86
212	126	31	85
212	125	32	86
210	127	32	85
212	128	31	87
210	127	32	88
210	127	32	88
208	128	33	87
209	128	32	88
210	128	32	88
210	129	32	87
211	130	32	87
210	132	32	85
211	133	32	88
210	134	32	87
210	133	33	88
211	133	32	87
211	133	32	87
211	133	33	88
211	134	33	88
210	136	33	87
209	137	33	86
210	138	32	87
210	138	32	88
209	139	33	89
208	138	33	89
207	139	33	88
207	139	33	89
207	139	33	89
206	140	33	89
207	143	33	87
208	142	34	91
208	143	34	91
208	144	33	91
208	143	35	91
208	143	35	92
207	143	35	91
207	143	35	93
207	145	35	91
207	147	35	89
206	146	34	92
206	148	35	92
205	149	35	91
205	149	35	92
203	148	35	93
203	148	35	94
203	148	36	95
202	147	37	95
203	149	37	94
202	149	37	97
201	150	37	97
201	151	37	97
202	151	35	96
201	152	37	95
199	152	37	95
199	152	38	96
197	154	38	96
197	154	37	96
195	156	39	97
195	158	37	95
195	157	36	95
193	157	36	95
192	157	37	96
193	157	35	97
191	158	36	97
190	159	35	97
190	160	35	97
187	162	37	97
187	163	37	98
187	163	36	97
186	164	35	96
185	162	34	97
184	164	35	96
181	165	35	96
178	166	38	96
175	170	39	94
174	172	39	94
172	171	39	95
171	172	37	94
172	171	35	93
171	172	34	93
168	174	34	92
168	179	34	88
167	181	34	87
165	177	33	93
167	179	33	92
163	174	35	97
163	176	37	97
163	176	38	96
183	132	45	100
205	137	51	103
229	134	48	105
259	135	52	101
287	136	46	100
316	134	44	102
313	131	46	106
273	166	53	107
271	172	64	106
269	178	57	104
261	177	46	103
258	176	43	100
256	179	46	102
251	181	45	99
246	172	45	106
242	176	42	105
238	181	44	103
234	180	45	105
232	177	53	110
228	182	46	105
230	183	45	104
255	191	41	93
286	194	47	92
315	181	60	107
329	174	69	113
343	174	68	115
375	170	72	119
392	169	71	118
389	168	66	119
388	169	60	119
388	170	58	117
383	167	56	118
372	170	62	114
370	169	64	117
368	170	64	118
359	168	67	119
357	168	68	123
353	166	62	123
350	164	58	123
344	163	59	120
343	164	59	119
334	164	63	120
328	164	68	121
322	164	70	124
323	164	65	122
320	165	61	121
322	165	56	120
332	177	42	104
334	175	39	105
332	176	40	104
330	176	41	103
327	177	41	103
325	175	40	106
322	176	37	103
320	174	37	104
351	175	38	104
364	173	44	106
390	175	39	103
406	175	41	104
407	173	39	104
405	174	38	103
398	175	40	101
400	175	38	101
394	175	40	100
394	175	40	101
388	176	45	101
385	176	46	99
384	175	45	101
383	175	45	101
379	174	38	102
375	176	38	100
370	176	38	101
369	177	39	100
366	178	41	99
361	181	43	93
358	182	41	91
349	181	37	90
343	178	39	84
342	176	37	85
336	176	37	81
332	176	36	83
328	175	40	85
322	180	39	85
317	180	40	89
310	180	40	98
307	179	41	99
304	179	44	98
295	177	37	101
292	177	37	100
283	177	43	101
275	178	49	97
269	178	54	98
265	181	55	95
258	179	52	98
255	179	48	96
251	178	44	97
240	168	41	107
235	176	45	101
225	171	54	107
220	178	57	100
217	179	57	99
213	184	52	95
232	182	51	94
261	174	51	104
274	172	50	103
280	175	52	101
276	173	56	102
266	177	48	98
259	176	47	98
255	176	47	98
245	175	51	99
235	180	47	97
223	181	48	95
220	183	44	94
210	176	48	98
203	179	51	97
193	178	54	98
187	183	51	95
176	180	42	97
167	178	42	101
158	175	44	102
148	179	48	101
141	182	44	98
134	185	41	97
123	186	41	94
114	184	48	96
108	183	51	95
94	182	59	100
