18	143	25	89
18	141	26	88
19	139	26	89
20	140	27	88
21	139	27	87
22	139	27	87
24	138	29	89
26	139	31	87
28	139	30	87
31	138	28	86
31	138	30	86
34	137	29	87
35	136	28	86
37	135	28	87
38	134	28	89
40	134	28	89
41	135	28	88
42	135	27	87
44	135	28	86
45	135	28	87
47	134	28	88
48	134	29	86
49	132	27	86
52	131	29	86
53	132	29	87
53	132	29	86
54	132	29	86
56	129	30	89
58	125	30	92
60	129	29	85
62	126	27	88
63	127	28	88
65	125	28	91
66	125	28	90
67	119	28	94
68	117	30	97
71	118	31	95
73	116	31	99
74	115	30	100
74	118	29	94
76	123	30	94
76	130	31	95
76	136	32	94
79	142	33	93
83	144	31	92
86	147	29	89
88	145	27	92
90	146	26	88
89	148	27	86
91	149	26	85
92	150	26	83
93	149	26	83
94	150	26	83
96	150	24	83
94	151	26	81
96	156	25	83
98	162	26	80
98	166	27	80
97	170	28	81
100	168	28	84
102	168	27	83
103	168	25	83
103	168	25	82
105	169	27	82
106	168	26	83
107	168	27	82
108	166	26	83
109	164	27	84
110	164	25	84
112	165	26	83
114	165	24	78
114	164	23	77
114	163	24	80
114	161	24	80
114	161	26	81
115	162	25	81
115	158	25	84
118	161	25	82
118	161	24	79
119	161	24	80
121	159	27	81
134	159	28	79
144	159	27	80
146	156	28	83
158	157	27	77
168	158	26	79
177	158	27	77
186	157	28	72
197	158	26	75
203	156	27	75
215	155	25	78
212	156	25	79
213	156	25	78
214	156	25	79
214	156	26	78
225	156	26	77
228	156	27	76
235	154	28	78
249	153	27	79
254	152	28	80
263	151	28	80
278	150	28	81
289	150	29	82
301	152	28	79
312	151	28	79
319	150	26	80
331	148	27	77
337	150	26	75
342	148	25	76
343	148	25	76
343	149	24	75
343	149	24	75
343	150	24	73
343	151	24	72
344	150	24	75
345	148	24	76
345	149	25	75
346	148	25	76
346	147	25	76
347	148	25	76
348	148	24	75
347	147	24	76
347	148	25	74
348	148	24	75
349	146	24	76
349	146	25	75
350	145	24	75
350	145	24	73
350	145	24	73
351	146	25	72
351	148	25	71
352	146	24	73
354	146	24	72
353	145	24	74
354	145	25	73
356	144	24	72
356	143	24	73
357	143	24	73
357	143	24	72
358	143	25	72
358	143	22	72
359	144	22	72
358	144	22	72
359	143	22	70
359	142	22	72
359	141	23	72
360	142	23	70
360	142	23	72
360	141	23	72
360	142	23	71
361	142	23	71
362	140	23	71
363	140	23	71
362	139	23	72
362	139	22	72
362	138	23	72
362	138	23	70
363	137	24	70
363	137	24	71
364	137	23	71
364	139	23	69
364	139	23	70
365	135	22	73
365	137	23	70
366	135	23	70
366	135	23	71
367	134	22	71
366	135	21	70
367	135	22	70
367	136	21	70
367	134	21	71
367	135	21	69
367	135	22	68
366	133	22	72
367	132	22	71
367	133	23	71
368	134	22	70
368	134	22	70
368	132	23	70
367	133	24	69
366	135	24	68
366	134	25	70
365	133	25	70
365	133	25	70
365	129	25	73
363	131	26	71
364	132	25	69
363	131	25	70
365	133	25	69
366	132	24	67
365	130	24	70
367	132	24	68
367	131	23	69
367	131	23	68
366	131	22	68
367	131	22	68
367	132	22	67
368	132	21	67
366	132	22	67
368	130	22	68
367	127	23	70
367	128	23	69
368	127	24	70
368	128	24	69
368	130	25	67
367	130	25	68
368	129	25	68
369	129	25	68
370	128	24	68
370	129	24	66
369	128	25	68
370	127	24	68
370	127	24	67
371	127	23	67
371	128	23	66
372	128	23	66
373	129	22	64
373	129	23	64
374	128	22	66
374	127	23	63
374	125	23	64
375	126	23	64
375	125	23	65
376	126	23	65
376	125	23	65
376	126	23	64
377	127	22	63
378	125	22	66
378	125	22	65
378	125	21	65
379	124	21	66
379	122	21	66
379	123	21	65
379	124	20	65
380	124	21	65
379	123	21	64
379	124	21	64
379	123	20	63
379	122	20	63
379	120	20	63
379	120	21	63
379	121	21	61
379	121	20	62
379	121	21	63
379	123	21	62
380	123	21	61
381	122	20	60
381	121	20	60
380	118	21	66
380	118	23	65
380	118	23	66
379	118	23	65
377	119	24	65
377	118	24	68
378	119	23	66
378	120	23	64
378	121	22	63
379	119	21	63
378	118	22	65
377	118	23	64
377	117	24	66
378	118	23	65
379	118	21	64
377	120	22	61
379	117	21	65
379	118	22	61
380	117	21	61
381	117	20	60
381	115	21	63
381	116	21	62
381	117	21	62
382	116	21	64
383	119	21	62
384	118	20	63
384	117	20	63
384	116	18	62
384	115	19	59
384	116	18	60
385	114	19	63
385	114	19	63
385	115	19	62
386	115	19	61
386	115	19	61
387	114	20	61
387	114	19	58
389	113	19	59
389	112	19	62
389	112	19	62
390	113	19	61
391	113	19	60
391	114	19	59
391	113	19	60
391	113	19	59
392	111	19	60
384	111	21	62
370	112	21	63
362	113	21	62
356	114	22	61
346	112	21	60
340	112	21	59
332	112	21	58
323	111	21	59
314	111	21	62
310	113	21	60
298	112	21	61
289	113	20	60
282	113	21	60
272	113	21	58
260	112	20	59
249	112	21	58
243	112	20	60
228	113	22	61
215	112	21	60
202	112	22	58
194	112	21	58
187	111	21	59
181	112	20	58
171	111	20	60
165	112	20	59
155	112	20	59
148	113	21	58
140	113	19	58
128	113	20	57
116	112	20	57
110	112	20	56
99	112	21	58
87	112	20	58
82	112	21	59
77	113	20	58
65	113	21	58
60	113	20	58
51	113	21	58
44	112	20	57
39	111	19	57
40	112	19	58
41	112	19	57
41	111	19	58
42	112	19	57
42	112	19	57
43	112	20	58
42	112	20	57
42	112	20	57
43	112	20	56
43	111	20	56
44	110	19	57
44	110	19	57
43	109	19	58
44	110	20	56
43	111	20	56
44	111	20	56
45	110	20	57
45	111	20	56
44	110	20	56
45	109	21	57
45	108	20	58
45	108	20	57
45	109	21	57
46	110	20	57
46	110	20	56
46	110	19	56
46	109	19	56
46	109	19	55
47	108	19	55
46	108	20	57
46	108	19	57
47	108	19	57
48	108	19	55
48	109	19	55
48	109	19	55
50	108	19	55
50	107	19	56
50	107	19	56
51	106	19	56
51	107	20	57
52	107	19	56
51	107	20	56
52	107	19	56
53	107	19	55
52	107	19	54
53	107	18	54
53	107	18	54
54	106	18	56
54	106	19	56
55	106	20	54
55	107	20	54
71	108	18	52
58	106	18	54
58	106	19	53
58	104	19	55
58	103	19	56
57	104	19	55
60	104	20	54
59	104	19	55
58	104	19	55
60	104	19	54
58	103	19	55
59	103	19	53
58	103	20	55
59	104	20	54
60	104	19	54
61	103	18	54
61	104	19	53
61	102	19	55
62	102	19	55
62	101	19	56
63	102	19	55
63	103	19	54
63	102	18	53
63	102	18	53
64	102	19	53
64	101	18	53
63	100	18	53
63	101	19	54
63	100	19	54
63	101	18	54
63	101	19	53
64	101	18	53
64	101	18	53
64	100	17	53
64	100	18	53
62	100	19	53
62	97	19	54
63	98	19	54
63	98	19	54
63	99	19	53
63	99	19	52
63	98	18	53
63	98	18	53
63	97	19	54
62	98	19	53
63	97	19	53
63	97	19	54
63	98	18	53
63	98	19	52
63	98	19	52
63	97	19	52
63	97	19	53
62	97	18	53
63	96	19	53
62	97	18	53
63	96	19	53
63	97	18	53
64	97	18	51
64	95	19	52
64	95	18	52
64	95	18	52
63	96	18	53
63	95	18	52
62	94	18	55
63	95	18	54
63	96	18	52
63	95	18	53
60	95	19	52
61	94	19	53
61	94	19	52
61	95	18	52
62	95	19	51
61	95	18	52
62	95	19	51
62	94	18	52
61	93	17	52
62	94	18	52
61	93	18	53
61	94	19	51
62	94	19	52
61	93	18	51
61	92	19	52
61	93	20	52
60	92	20	52
61	93	19	52
61	92	19	52
60	92	19	52
61	93	19	52
61	91	19	52
62	90	19	52
61	91	19	52
61	91	19	52
61	92	19	52
60	91	19	53
60	90	20	53
60	88	20	54
60	88	20	54
60	88	20	55
61	90	20	53
60	89	20	53
61	88	19	53
61	87	20	55
61	86	19	56
62	87	19	55
62	86	21	56
62	87	19	54
61	85	21	54
61	85	22	55
61	84	20	56
59	84	21	57
59	84	21	58
60	86	20	55
59	84	21	57
61	85	21	58
60	83	21	60
60	83	20	58
60	83	20	55
60	85	20	57
59	87	21	51
75	86	18	51
58	86	20	52
59	84	22	53
57	86	21	52
59	85	23	52
56	85	20	53
57	82	24	56
58	80	24	56
56	81	23	56
58	77	23	62
56	82	24	57
56	79	24	58
55	75	25	61
56	81	23	57
57	84	21	53
58	83	20	53
73	82	19	53
58	83	20	56
56	81	22	56
56	84	21	53
58	83	21	53
57	76	24	58
56	80	22	58
55	75	25	60
56	63	24	71
56	67	26	70
54	71	24	65
55	74	27	60
55	68	25	69
68	73	23	63
51	84	23	52
53	84	20	52
52	83	22	54
52	85	24	50
52	83	24	52
65	82	21	52
64	80	22	50
49	82	22	53
61	78	20	55
62	81	20	53
61	81	21	52
46	82	22	51
44	83	19	49
42	83	19	49
43	84	20	51
41	84	19	50
41	83	20	51
42	84	19	50
42	82	19	50
42	81	19	52
43	80	18	50
42	80	18	53
42	80	18	51
41	81	19	51
42	81	19	50
40	82	19	51
41	82	18	50
41	81	18	50
41	81	18	49
41	81	18	49
40	81	19	49
40	81	19	51
40	82	19	49
40	81	19	50
41	82	18	49
41	80	19	48
41	80	18	50
40	80	19	49
41	79	19	52
41	80	19	49
40	79	19	51
40	80	19	49
40	79	19	51
40	80	18	50
