420	287	32	90
417	287	33	90
412	287	36	90
413	288	33	89
411	286	33	90
408	286	32	91
409	283	30	93
406	283	31	93
406	282	29	92
404	283	29	92
403	283	28	90
401	283	30	90
398	284	30	88
397	282	30	90
395	281	30	89
394	281	31	90
392	280	32	90
391	280	32	90
390	281	33	89
388	282	34	87
386	281	33	87
385	281	31	87
385	280	29	87
383	279	29	89
382	278	29	90
381	276	29	89
380	277	30	89
378	277	29	88
377	277	28	87
377	277	27	84
375	277	28	86
374	277	28	85
371	276	30	86
371	276	29	86
369	274	29	88
370	273	29	87
368	274	30	85
368	275	29	83
366	275	30	83
365	274	30	84
363	274	31	83
363	272	31	85
362	270	31	87
360	269	34	88
360	268	34	89
359	268	34	89
359	268	32	89
358	268	32	87
356	268	32	87
357	268	29	86
353	267	30	86
353	265	30	88
353	264	29	89
353	263	29	89
351	263	29	87
351	264	31	85
348	264	32	86
348	264	33	85
346	264	32	84
345	263	32	85
343	262	33	86
343	260	32	88
341	259	32	87
341	259	33	89
339	259	33	86
339	260	32	85
337	261	34	83
337	261	32	84
337	260	31	83
335	258	30	84
336	256	28	86
336	256	28	86
335	255	28	85
334	256	30	84
332	257	30	82
331	257	32	82
329	257	33	81
328	255	32	82
327	254	32	82
325	253	32	85
325	252	31	85
323	250	32	86
322	252	32	84
321	253	32	83
320	254	32	80
321	254	30	80
320	253	29	80
319	251	28	82
318	249	28	86
318	247	28	86
316	247	29	83
314	247	30	85
314	250	31	80
312	252	32	78
311	251	32	78
310	252	31	77
313	247	32	81
315	243	32	84
320	242	32	87
320	240	35	88
324	242	32	83
326	243	34	84
330	245	32	80
334	244	32	81
337	245	32	79
339	244	33	77
341	242	34	79
322	202	29	67
328	201	27	67
332	203	27	66
338	203	27	66
341	203	28	66
346	204	27	66
349	202	28	66
354	202	26	65
358	204	27	61
361	203	28	64
366	203	27	62
371	202	27	63
375	202	27	63
380	202	26	63
383	201	27	64
387	200	27	65
393	201	27	64
396	199	27	64
401	198	27	63
404	198	29	62
408	202	29	60
412	203	30	58
426	235	31	76
427	235	31	77
428	236	29	76
425	235	30	78
427	232	30	79
425	231	30	81
423	230	30	81
425	231	29	79
424	231	29	78
423	231	29	78
423	232	28	76
423	234	29	73
423	232	28	75
423	232	28	75
421	232	28	76
422	230	27	76
419	230	29	74
419	229	31	74
418	231	31	74
417	231	30	73
416	230	29	73
415	231	28	73
414	231	27	72
412	231	27	71
412	231	27	71
411	230	26	71
409	231	26	70
408	232	26	69
407	231	26	68
405	230	26	69
404	229	26	69
401	228	27	71
398	226	29	71
397	226	31	72
395	225	32	72
395	225	32	72
394	226	33	72
392	227	33	71
387	227	35	70
386	227	33	69
386	225	31	70
385	224	29	71
384	223	29	72
384	223	27	72
382	223	27	73
381	224	26	72
380	224	26	70
378	225	25	68
376	225	24	69
374	225	24	68
373	224	24	68
370	223	26	71
368	221	27	70
365	222	30	70
364	220	31	70
363	222	31	69
363	222	32	69
361	223	30	68
361	222	28	69
364	221	27	69
365	221	27	70
368	219	26	72
370	219	28	71
373	219	26	72
376	219	27	70
378	220	27	70
381	221	26	69
384	220	24	68
386	219	23	68
389	218	25	68
390	217	28	69
392	215	30	68
395	215	32	68
397	216	32	69
399	216	33	67
400	216	32	68
400	216	29	68
397	215	28	68
396	214	26	69
393	214	27	71
392	212	26	71
391	212	25	73
388	213	26	72
387	213	26	70
386	214	25	69
385	214	24	68
383	213	23	67
380	212	24	67
379	211	26	68
376	210	28	68
373	209	30	69
372	210	31	69
370	211	32	67
368	211	31	67
367	211	30	67
366	209	29	68
363	209	29	68
362	207	27	69
360	207	27	70
356	206	29	71
353	207	30	70
353	208	28	69
352	209	28	67
351	208	27	65
349	208	26	65
348	207	27	66
346	205	28	67
343	206	29	67
341	205	31	68
339	205	31	66
339	206	30	66
338	206	29	64
337	207	27	64
335	206	26	64
335	207	25	63
333	205	25	64
331	204	25	65
328	204	26	66
326	202	26	67
326	204	26	66
324	204	25	63
323	205	25	63
321	205	25	63
319	203	24	63
317	203	25	64
315	202	25	65
313	201	26	65
312	202	27	64
311	201	27	64
310	202	26	64
309	202	26	62
308	201	26	63
307	202	23	62
307	201	23	63
306	199	23	64
305	198	23	65
304	199	23	63
302	199	23	62
301	200	23	61
301	202	22	60
299	201	22	61
297	200	23	61
296	199	24	61
296	198	23	63
294	198	24	63
293	196	25	63
293	198	24	62
291	198	25	62
292	199	24	61
291	199	23	60
291	198	22	60
290	197	22	60
290	196	22	62
289	195	22	62
287	195	22	62
286	195	23	61
286	196	22	60
285	196	23	60
284	196	23	59
283	196	23	59
283	195	23	60
282	194	22	61
281	193	22	62
282	193	22	62
281	193	22	60
280	194	24	59
279	194	24	59
278	195	24	58
279	194	23	58
278	193	23	59
277	192	23	60
276	191	24	61
275	191	23	61
274	191	24	59
274	191	24	58
273	192	23	58
272	192	22	58
271	193	23	58
271	191	23	58
270	191	22	59
270	190	22	59
269	189	23	60
268	189	23	59
267	189	23	59
266	190	24	58
265	191	24	57
264	191	24	57
264	191	23	57
264	189	23	58
263	188	23	59
262	187	23	60
260	187	23	59
260	186	23	58
258	187	23	57
257	189	24	57
256	189	24	56
255	188	24	57
254	187	23	58
254	186	22	58
253	186	22	58
252	186	22	59
251	185	22	58
251	186	23	58
249	186	23	57
249	187	23	55
252	186	24	56
255	187	22	54
259	185	23	56
262	184	23	58
265	183	23	58
268	183	23	58
271	183	22	56
275	183	23	55
278	184	23	55
282	184	22	56
285	185	23	56
289	183	21	56
292	182	22	57
294	182	21	57
292	181	22	58
291	181	23	57
290	182	23	56
289	181	23	56
288	183	24	55
287	183	23	55
286	184	23	54
285	183	22	55
283	181	23	56
282	180	22	56
281	180	22	57
279	181	23	56
278	181	22	55
277	182	22	55
276	181	23	54
275	182	22	54
274	182	20	54
273	182	20	54
272	181	20	55
271	180	21	55
268	179	22	55
267	179	23	56
267	179	23	55
266	181	23	54
265	181	23	54
263	180	22	53
262	180	22	54
261	179	22	55
260	177	22	56
259	177	22	57
258	178	22	55
257	178	22	55
256	179	22	53
255	179	22	54
253	178	21	54
253	177	20	54
250	177	20	54
250	177	21	55
250	177	21	55
248	176	21	55
246	176	22	54
246	178	23	53
244	178	22	52
244	178	21	52
243	179	21	53
242	178	21	53
241	177	21	54
240	176	21	54
238	175	21	55
238	175	21	54
237	175	21	53
235	177	21	51
234	177	21	52
234	178	20	50
234	177	19	52
232	176	19	54
232	176	18	53
231	175	18	53
231	175	19	53
229	175	19	53
229	176	19	52
229	177	19	51
229	177	19	50
228	176	19	51
227	176	19	52
226	174	19	53
227	173	19	52
226	174	19	53
225	174	19	52
225	174	20	51
224	174	20	51
224	175	20	51
224	175	20	51
223	175	20	51
223	173	20	52
223	173	21	53
223	173	21	53
222	172	20	51
223	173	20	51
223	172	20	52
223	173	20	52
222	173	19	51
222	173	20	51
222	172	19	51
222	172	18	51
222	171	19	51
221	170	19	53
221	171	19	51
221	171	19	51
221	171	20	51
220	172	19	51
220	172	19	51
220	171	19	51
219	171	18	51
219	170	20	52
220	171	19	51
220	171	19	52
219	171	19	50
219	171	19	50
219	171	19	50
218	172	19	50
218	171	19	50
217	171	20	50
217	170	20	50
175	174	20	57
178	174	19	56
178	175	19	55
178	175	20	56
178	177	21	55
179	175	21	55
179	175	20	53
179	176	21	53
176	178	22	51
179	176	21	55
180	177	22	53
180	177	21	51
178	177	23	52
182	176	24	52
213	170	20	49
212	170	21	49
213	168	20	49
212	167	20	51
212	166	20	51
212	167	19	51
212	167	19	51
211	167	20	50
211	168	20	49
184	178	23	55
185	177	23	58
185	169	23	65
183	177	25	58
185	174	23	60
184	177	24	56
183	170	22	56
183	173	23	56
184	174	24	53
182	168	23	53
186	182	25	55
184	181	27	55
179	175	27	59
202	168	22	52
205	165	20	50
206	167	19	47
204	167	20	46
200	170	23	45
203	168	19	48
201	171	20	48
202	169	20	47
201	167	19	50
200	167	19	49
197	168	21	53
160	188	22	57
160	188	21	56
192	183	23	56
192	184	24	57
192	182	24	59
193	181	24	61
160	189	24	57
160	190	23	57
160	190	23	57
160	188	23	59
160	189	24	58
159	187	22	59
160	188	23	58
159	188	24	58
159	190	23	58
161	190	24	57
160	190	24	57
161	190	23	58
160	191	22	57
161	190	23	57
159	190	23	58
160	190	24	58
161	190	22	59
162	190	23	59
161	190	22	58
162	191	23	58
161	191	24	58
200	187	24	60
161	192	23	58
202	188	24	59
161	192	23	59
162	192	23	59
162	191	24	60
161	192	23	60
163	192	23	60
162	191	22	60
163	190	24	61
163	193	25	60
162	192	24	61
162	190	25	62
162	193	24	61
162	192	23	62
161	192	23	61
161	194	23	60
161	192	22	61
161	192	22	61
161	191	23	63
161	192	24	61
160	193	24	61
160	193	23	62
154	162	22	49
152	162	23	48
152	162	21	46
150	161	21	44
150	162	20	43
148	162	20	43
147	161	19	44
146	161	18	44
145	161	17	44
146	161	17	43
144	162	17	43
144	159	17	46
144	160	17	45
143	159	17	46
143	160	17	45
141	159	17	46
140	159	17	46
140	160	17	46
139	159	17	46
138	159	17	45
137	158	18	46
135	158	18	47
136	159	18	47
136	159	18	47
135	158	18	46
133	157	19	47
133	156	19	49
132	157	19	48
131	156	19	49
130	157	19	48
132	159	16	47
131	158	17	47
130	156	18	48
129	157	19	49
129	157	20	47
128	156	21	47
128	157	21	48
128	157	21	47
128	158	22	47
127	157	21	46
126	156	21	48
126	157	21	48
127	157	20	47
133	158	17	46
133	156	19	45
138	156	18	49
143	155	19	47
146	154	18	49
152	156	19	47
155	155	18	48
160	155	18	47
163	156	18	45
166	155	19	46
171	155	18	45
175	156	19	45
178	155	19	46
177	156	20	46
176	156	22	46
176	154	22	48
175	154	23	48
173	153	24	48
174	154	22	48
175	156	21	47
175	157	20	47
174	157	19	45
173	157	20	46
173	156	19	44
173	156	19	44
172	155	19	44
171	156	19	45
171	156	19	45
171	156	20	45
169	157	20	44
169	157	21	44
169	156	21	45
168	156	21	45
167	155	21	46
166	154	21	46
165	154	21	46
166	155	19	43
165	155	20	45
163	155	20	45
162	155	19	44
162	155	19	44
161	154	19	45
161	153	19	46
159	153	20	45
160	154	19	45
157	153	21	45
157	154	20	43
156	154	20	44
156	154	19	43
154	154	20	43
153	153	21	45
152	152	21	46
151	150	20	47
151	151	20	45
150	152	21	44
149	152	20	44
148	153	20	44
148	152	20	45
146	152	19	44
146	152	19	43
144	151	20	44
144	151	20	44
142	148	20	46
142	152	20	43
