525	55	19	39
523	53	18	40
523	52	18	40
524	53	17	41
524	52	18	42
524	53	18	41
523	50	18	41
525	53	18	41
523	54	18	40
524	53	19	41
524	53	18	40
524	53	19	41
525	53	19	39
525	52	18	40
526	52	18	41
526	52	18	43
527	52	18	40
527	55	18	40
527	55	18	40
527	55	18	40
526	54	18	40
525	56	19	39
525	56	18	40
525	56	19	39
526	57	19	39
525	57	18	40
525	56	18	40
526	56	18	40
526	56	18	39
526	57	18	39
526	57	18	39
525	56	18	41
526	56	18	41
524	55	18	40
525	56	18	41
523	57	19	40
523	57	19	39
523	56	20	40
522	57	19	38
522	57	19	40
521	57	20	40
522	57	20	40
521	57	20	40
521	58	19	39
523	58	19	38
523	57	19	38
523	56	19	40
524	58	19	40
524	57	18	40
524	57	19	40
525	56	19	42
524	57	19	40
524	57	19	42
524	58	18	40
524	56	18	40
524	56	19	40
523	56	19	40
522	57	20	40
522	57	20	41
522	57	20	41
522	57	20	41
522	57	20	38
523	57	20	40
523	56	20	39
524	57	19	41
524	56	19	40
524	57	19	42
525	58	18	42
525	59	18	40
525	58	18	39
525	56	18	41
525	56	18	41
525	56	19	42
524	56	19	40
524	57	20	42
523	57	21	42
524	58	21	42
523	60	21	40
523	59	21	40
524	59	20	39
525	59	19	39
526	58	19	39
527	58	18	40
527	57	18	41
526	59	19	41
527	58	19	42
527	57	19	38
527	59	19	39
527	58	18	40
527	58	19	39
528	57	19	39
527	58	19	39
527	58	20	39
528	58	19	39
527	59	20	40
528	58	19	41
529	59	19	42
529	59	19	41
530	58	19	41
531	58	18	41
531	58	19	42
531	59	19	40
530	59	19	39
530	59	19	39
531	60	18	38
532	61	18	39
532	61	18	39
531	62	18	38
532	60	18	38
532	62	18	39
533	63	18	40
535	62	17	39
536	60	18	39
535	59	18	38
535	60	18	40
535	60	19	42
536	61	19	42
535	63	19	39
537	64	18	41
536	63	19	42
538	64	17	37
537	63	17	41
538	64	18	40
538	63	19	41
538	62	19	42
539	63	19	42
539	64	19	41
539	64	20	43
539	64	20	42
540	65	19	41
540	64	19	41
541	64	19	41
541	65	19	41
542	65	19	42
543	65	19	41
543	66	19	41
543	65	20	41
542	65	19	42
543	65	19	42
543	64	19	42
544	64	19	42
544	65	20	41
545	64	20	42
545	66	20	41
547	66	19	40
549	66	19	41
549	65	19	41
548	66	20	41
549	66	20	41
550	67	19	40
550	67	20	40
550	67	20	40
550	66	20	41
550	65	21	42
550	65	21	43
551	66	20	42
551	68	20	41
552	68	20	40
554	67	19	41
555	67	19	41
555	66	20	42
556	65	19	42
556	65	20	43
557	65	20	43
556	66	20	44
558	68	19	42
558	67	19	41
557	68	19	40
558	66	20	42
559	64	21	44
557	66	21	42
559	66	20	42
558	67	21	42
558	66	21	45
558	66	21	44
559	65	21	42
560	64	21	45
560	65	20	42
560	63	21	46
562	62	20	46
561	63	21	46
561	66	21	45
562	68	20	42
561	67	20	44
561	69	19	39
562	68	20	40
563	67	20	42
560	67	20	43
561	70	20	40
561	69	20	42
561	69	21	42
562	69	21	43
562	69	21	42
563	67	20	43
565	70	19	41
563	68	19	41
564	69	19	41
565	69	19	39
565	70	19	43
564	68	21	44
564	68	20	43
564	70	19	40
565	70	19	41
564	72	19	39
564	70	19	41
565	69	20	42
565	70	20	42
563	70	20	43
564	72	20	41
564	71	21	42
567	71	20	41
566	72	21	41
567	72	19	39
568	71	19	41
568	72	20	41
568	72	19	41
569	71	20	42
570	71	19	43
570	71	20	42
572	70	21	41
572	72	20	42
571	70	21	44
573	71	21	42
574	72	20	43
575	69	22	44
577	69	22	43
576	68	21	46
578	69	21	45
578	70	21	43
579	69	20	44
