303	330	39	99
302	328	40	99
301	329	40	98
301	329	41	99
301	330	40	97
301	330	40	98
299	330	39	98
298	330	39	98
296	331	40	99
295	332	39	98
294	331	39	98
293	331	39	98
292	331	38	99
292	331	38	99
292	330	38	101
291	331	39	99
291	331	38	99
291	330	39	100
290	331	38	99
290	331	38	99
290	331	38	99
290	331	38	99
290	332	38	99
289	331	38	99
289	333	38	97
290	330	37	99
289	333	38	97
290	331	38	99
289	332	38	99
290	331	39	99
290	332	39	98
289	332	38	98
290	331	38	99
290	332	38	98
291	332	38	98
290	332	38	99
290	331	38	100
290	332	39	99
290	331	38	100
290	331	38	100
290	331	38	100
290	331	37	99
292	330	34	99
292	329	34	100
294	329	34	100
294	329	34	100
293	329	36	101
293	329	36	101
293	328	36	102
295	329	35	101
295	328	35	102
296	328	34	102
297	328	33	102
296	327	33	103
296	328	33	102
296	328	33	103
296	327	33	102
296	328	34	101
296	327	34	103
296	326	33	103
296	326	33	103
296	327	33	103
296	326	33	104
296	326	34	104
296	327	34	103
295	329	35	102
294	329	36	102
294	330	36	100
294	331	37	100
297	331	36	100
297	330	36	101
297	330	36	101
298	330	35	101
300	329	35	101
301	330	36	100
301	329	36	102
301	328	37	103
302	328	38	103
305	327	37	102
307	326	37	102
310	327	37	101
311	326	37	101
311	327	36	101
314	327	36	100
315	326	36	101
317	327	37	101
318	329	38	98
318	327	37	100
321	327	39	100
322	326	38	100
325	327	39	97
326	327	37	98
328	327	37	96
330	328	37	95
331	327	38	95
333	328	36	93
333	329	37	92
334	328	38	93
335	329	39	92
336	328	40	92
337	328	39	91
338	329	40	92
341	327	40	90
340	328	40	91
343	327	38	89
343	326	38	91
346	325	38	90
346	324	38	91
348	323	38	89
350	323	37	94
350	320	39	93
351	320	37	93
353	318	36	94
353	318	36	96
353	317	36	98
353	317	35	96
353	316	36	94
353	316	36	94
351	316	37	95
351	316	36	95
352	316	39	96
351	316	36	93
349	317	36	91
350	317	35	91
349	318	35	89
348	318	35	86
348	317	33	86
346	319	36	88
343	319	36	85
341	318	37	86
339	318	38	86
337	320	41	83
335	320	42	85
332	316	42	86
330	316	41	87
326	313	41	88
324	313	37	89
321	312	37	90
319	315	38	87
313	314	43	89
309	315	45	87
302	313	48	86
302	307	39	94
297	303	40	96
295	307	39	92
292	305	38	90
288	328	40	79
286	314	40	88
283	311	40	91
280	319	40	85
280	312	39	92
277	313	36	86
275	317	35	84
271	313	34	89
266	314	35	87
260	313	39	90
252	314	45	91
251	308	44	95
249	305	44	101
252	313	40	93
248	316	40	90
248	317	38	88
244	318	39	86
243	316	39	89
244	316	39	91
243	317	39	90
244	319	38	91
244	321	38	88
246	322	37	86
243	320	41	89
243	321	41	90
244	318	42	93
245	320	44	92
244	322	43	92
244	323	40	92
246	323	40	93
248	323	38	91
251	323	36	94
252	326	34	91
254	325	35	92
254	326	35	91
256	327	36	91
257	327	38	93
258	329	41	92
258	330	42	92
258	328	47	93
261	332	46	88
264	331	47	89
279	333	41	89
284	334	41	88
285	332	43	89
285	332	49	89
286	333	57	88
286	334	61	87
286	334	61	87
294	335	56	84
303	336	52	84
309	334	48	84
316	333	44	86
318	332	43	87
321	333	41	87
323	332	39	88
326	329	40	91
330	330	38	90
331	331	37	89
334	330	38	87
336	331	39	84
337	330	39	80
340	329	36	82
341	327	37	84
344	323	37	85
345	322	36	87
349	320	37	88
350	321	36	88
353	321	36	89
355	320	37	88
358	319	33	88
359	318	36	90
359	319	38	92
360	318	36	92
361	316	38	94
361	315	38	89
362	314	38	95
363	312	38	97
362	311	39	97
363	309	39	103
363	307	39	97
363	307	40	99
363	305	40	102
364	304	40	94
364	302	38	88
366	309	37	99
365	297	37	92
366	298	36	96
366	295	36	94
366	301	36	93
367	300	36	90
366	301	36	87
366	300	35	86
365	298	36	89
364	297	37	90
363	297	38	94
365	294	36	95
365	296	36	98
365	295	37	94
367	295	36	90
368	293	35	99
368	293	35	94
369	291	34	98
369	291	34	91
370	293	33	84
371	290	33	84
372	293	32	78
374	297	31	74
374	301	32	72
375	300	32	70
377	302	32	70
380	301	30	69
383	301	29	69
385	298	29	72
384	295	31	77
384	297	32	76
384	297	32	74
385	298	33	73
388	298	33	72
390	299	33	74
392	298	35	73
394	297	34	74
397	296	34	75
398	294	33	75
399	295	31	76
399	295	32	77
400	295	32	76
401	296	32	75
401	296	33	74
401	297	33	74
402	295	33	75
402	295	32	75
404	294	32	77
403	292	32	76
404	292	31	75
405	291	30	77
405	291	30	77
405	292	30	76
406	292	31	77
406	294	33	76
407	295	33	77
408	295	33	75
410	295	34	77
412	294	33	75
415	292	32	78
415	291	32	78
416	290	31	77
416	291	33	78
417	291	32	77
418	292	32	77
419	292	32	77
420	291	33	77
421	291	32	79
422	289	32	80
424	287	31	81
426	289	32	81
425	289	34	79
426	291	38	77
428	292	41	76
429	290	39	77
432	289	39	79
439	288	33	78
444	285	31	80
446	284	31	80
447	283	31	79
449	283	31	79
450	285	31	79
451	285	30	80
452	285	31	79
454	283	30	77
455	282	30	78
456	282	30	78
457	282	30	78
458	282	31	78
460	282	31	78
460	281	30	79
461	281	31	79
463	280	31	79
465	279	31	79
466	279	32	79
467	278	32	79
468	279	32	78
469	280	31	76
470	280	32	76
470	279	32	78
471	277	32	78
471	277	31	76
472	277	30	77
473	277	30	77
474	278	30	77
474	278	30	76
476	276	30	77
476	276	31	76
477	275	31	76
477	276	32	75
478	275	32	75
478	275	33	76
478	274	33	75
478	274	32	75
479	275	32	74
479	274	32	74
479	274	31	74
479	272	32	75
479	273	31	74
479	272	31	75
480	272	31	74
480	272	31	74
480	272	31	74
481	271	31	74
481	271	31	75
481	270	32	75
482	270	31	75
482	270	31	74
482	271	31	74
482	270	31	74
482	270	31	73
482	270	31	73
481	268	31	74
482	265	32	75
482	266	31	76
483	265	31	76
482	267	31	74
484	265	30	75
484	265	31	74
484	264	31	74
485	265	31	73
485	264	31	74
486	264	31	73
485	265	31	73
486	264	31	73
486	264	30	72
485	264	31	71
485	263	30	72
486	262	30	72
487	262	30	72
489	260	30	72
489	259	30	71
490	260	30	71
490	259	31	72
490	260	31	71
490	259	31	71
490	259	30	71
491	259	30	70
491	258	29	69
491	258	29	70
492	257	29	71
493	257	29	71
493	257	29	70
494	257	28	69
495	257	29	70
496	255	28	69
495	255	29	69
495	255	29	69
496	255	29	69
496	255	30	69
496	256	31	69
497	255	30	68
496	254	30	68
498	254	29	68
497	254	30	68
499	253	29	68
500	252	29	69
501	252	29	68
501	253	30	68
501	252	30	68
503	252	28	68
504	252	28	69
504	250	27	68
504	250	29	69
504	249	29	69
506	250	29	69
505	250	29	69
505	250	29	68
506	249	28	67
507	249	28	68
507	248	28	68
508	248	28	68
508	248	27	67
509	249	27	67
510	248	27	66
511	249	28	66
512	248	27	66
513	246	28	67
513	246	28	67
514	245	28	68
514	248	29	66
515	246	28	67
515	246	29	67
515	246	29	67
516	245	28	67
516	245	28	66
517	245	27	66
517	244	27	67
518	245	27	66
518	244	27	67
519	244	27	66
520	244	27	67
520	244	27	65
520	243	28	66
521	243	27	66
521	243	28	65
521	244	28	64
521	244	28	65
520	243	29	65
520	243	28	64
521	242	27	64
521	243	28	63
521	242	27	64
522	241	27	65
522	241	27	64
522	242	28	64
522	241	28	65
523	241	28	65
522	239	28	66
522	238	28	65
522	238	28	65
522	238	29	65
523	239	28	65
523	238	28	64
523	238	28	64
523	238	27	63
522	238	28	64
523	238	27	62
524	237	27	63
523	238	27	62
524	237	28	63
525	237	28	62
525	237	29	62
525	235	31	64
526	237	30	62
527	235	29	63
528	238	28	61
529	236	29	62
529	237	29	61
530	237	28	61
529	236	27	60
530	235	29	61
531	235	27	60
530	235	27	60
531	235	27	60
532	236	26	60
533	235	27	60
533	236	28	60
534	232	27	63
535	229	27	64
537	234	28	59
537	232	29	61
536	232	29	61
537	232	29	61
537	233	30	60
537	233	30	59
539	231	29	61
540	231	27	59
540	230	28	61
540	229	28	63
539	231	27	60
543	233	26	59
542	230	27	62
543	231	27	60
543	229	27	61
543	228	28	60
545	228	27	60
545	229	26	60
546	227	27	62
546	229	26	60
547	227	26	62
548	226	25	62
547	229	25	58
548	228	26	61
548	225	25	63
548	227	24	61
548	228	24	60
549	228	25	60
549	227	25	59
550	223	25	62
551	223	25	63
553	223	25	65
551	220	27	65
549	219	27	66
550	215	27	68
552	207	28	75
557	182	35	62
556	182	35	67
553	179	37	69
548	179	38	66
549	181	37	74
545	177	41	61
550	178	40	70
551	176	37	70
547	174	37	64
500	168	39	75
507	170	43	77
552	171	40	72
554	174	37	66
530	174	35	69
555	176	34	64
535	176	34	66
561	173	35	65
553	182	34	68
553	204	32	77
555	200	36	76
556	195	35	74
555	207	35	70
557	211	32	69
563	216	29	64
567	221	26	59
570	222	24	55
570	223	23	53
572	224	22	52
572	221	23	54
571	221	24	54
572	220	24	56
572	221	24	56
571	219	25	56
573	220	25	57
573	219	25	55
573	219	25	57
575	221	24	55
574	220	25	55
575	220	24	56
575	220	24	56
577	218	24	57
577	221	24	54
578	220	24	55
579	219	24	55
580	220	25	55
580	218	24	56
580	219	24	55
581	219	25	56
582	220	24	55
582	219	26	55
583	219	25	55
583	217	26	57
582	217	26	58
583	219	25	55
586	218	24	57
585	218	23	57
586	219	24	55
587	219	24	54
588	219	24	54
587	218	24	54
588	218	24	54
589	218	24	54
588	217	26	55
588	216	26	56
590	216	27	56
588	215	27	56
589	214	28	57
590	216	26	55
591	214	26	57
591	216	26	55
593	215	25	54
594	215	24	54
595	215	23	54
598	215	22	53
598	214	23	54
599	214	23	54
599	215	24	54
601	215	23	52
601	215	22	53
601	214	23	52
600	214	21	53
601	214	22	53
600	213	23	54
600	213	23	53
600	214	23	53
600	213	24	53
600	213	23	52
600	213	23	53
601	213	22	52
600	212	23	53
599	212	23	54
602	213	21	52
604	209	21	55
602	209	23	54
602	210	23	54
604	209	22	55
604	210	23	55
604	208	22	57
605	207	21	58
607	210	21	55
606	210	21	56
606	209	21	57
608	211	20	54
608	211	19	55
607	211	20	54
607	211	20	55
606	211	21	56
606	210	21	57
605	210	21	56
605	211	22	56
605	209	21	59
603	211	22	57
603	210	23	57
602	212	23	55
602	212	23	56
602	213	24	55
603	212	24	55
602	212	23	55
602	213	23	55
602	213	23	54
601	215	23	54
600	215	24	54
599	215	24	53
596	215	26	54
596	215	24	53
595	215	23	54
593	214	26	55
590	216	27	54
590	216	26	54
590	215	27	55
587	216	26	55
588	214	27	56
588	215	27	55
586	217	26	55
586	217	27	55
585	217	25	55
584	219	26	53
584	218	26	56
584	219	26	54
583	219	26	54
582	217	26	54
579	219	28	55
578	219	25	56
579	218	26	55
577	219	25	55
577	217	24	55
576	219	27	54
575	216	27	56
573	217	29	53
572	214	31	55
562	192	31	61
566	191	32	65
571	215	35	60
565	210	31	63
559	206	37	66
562	206	32	69
566	210	28	65
559	209	36	63
558	201	34	71
557	200	33	69
557	208	35	66
556	202	33	68
554	179	35	67
555	201	35	73
555	181	33	66
555	181	33	66
554	181	33	69
554	200	35	71
554	177	34	66
557	177	34	66
541	186	37	69
556	191	37	75
557	180	37	71
559	180	38	75
555	180	42	65
557	180	37	68
557	181	34	68
555	179	35	69
556	181	35	64
564	177	36	70
553	174	42	65
561	176	44	71
583	161	41	75
579	155	42	74
571	158	43	74
555	170	40	70
551	172	37	69
574	176	39	63
575	178	36	59
552	181	34	65
547	217	29	68
570	179	35	60
547	223	26	65
547	224	26	64
546	227	26	59
544	228	27	58
545	227	27	58
544	227	27	58
542	229	27	57
541	225	28	62
541	225	27	62
541	228	27	60
539	226	30	61
538	228	29	59
537	227	30	60
536	227	31	60
535	228	31	59
536	229	30	59
535	227	29	61
536	229	29	59
536	228	29	60
534	227	30	61
534	226	29	63
532	227	30	62
531	227	28	63
531	228	29	63
530	229	29	61
529	232	29	58
529	230	29	61
529	230	29	60
528	232	29	58
529	234	28	56
527	235	28	58
527	232	29	61
526	235	29	60
526	234	29	59
526	229	32	64
526	234	29	60
524	232	30	63
525	235	29	61
524	236	28	61
523	234	29	64
523	235	29	62
523	238	28	59
522	236	27	61
521	238	29	61
521	236	28	62
521	236	29	63
521	237	28	63
520	237	29	62
520	237	29	63
520	236	28	63
520	236	28	64
519	238	28	63
519	238	27	63
519	239	27	62
519	238	28	63
518	237	28	64
516	237	28	65
516	238	29	64
516	238	30	64
515	236	30	68
516	237	29	67
515	238	30	67
514	237	31	68
514	237	30	67
514	239	29	66
513	240	29	66
513	241	28	65
513	243	28	64
512	244	28	62
512	244	28	63
511	245	27	62
511	244	28	64
510	243	29	65
509	244	29	65
509	245	30	64
509	245	29	64
509	245	29	63
509	242	29	67
508	244	28	66
508	246	28	65
507	244	28	66
506	245	28	66
506	245	28	66
505	246	28	65
504	244	29	67
504	244	28	68
503	245	30	67
503	247	30	65
503	248	30	65
504	248	30	65
504	248	30	65
503	248	29	66
504	247	29	69
503	247	30	68
502	246	30	69
502	249	30	68
501	248	30	67
501	249	30	68
500	248	31	68
500	249	31	69
500	248	31	69
499	249	31	69
499	248	32	70
500	250	32	69
500	250	31	70
499	251	31	69
499	249	31	71
499	249	32	71
499	248	32	73
498	250	31	71
498	250	32	72
496	250	33	71
497	252	30	71
496	251	31	71
497	252	31	71
497	253	31	70
497	253	30	69
495	254	32	70
496	255	33	70
496	256	31	69
497	257	30	68
497	257	30	68
497	257	30	68
497	257	30	69
496	255	30	71
495	256	31	71
495	257	30	71
495	257	31	71
494	258	30	71
493	257	30	71
493	258	31	72
492	258	31	72
492	258	31	71
491	259	31	71
491	260	33	71
490	260	32	72
490	260	33	72
489	260	32	72
488	260	32	73
487	260	32	73
487	260	32	73
485	260	32	75
483	261	33	74
484	261	33	75
482	261	33	75
480	258	33	78
480	261	33	75
479	260	34	76
478	261	35	76
479	266	34	73
478	265	34	74
477	265	33	74
477	264	33	75
478	265	33	75
476	265	33	74
476	265	32	75
476	267	33	75
476	267	33	75
475	269	33	74
473	269	33	75
473	269	33	74
473	269	31	75
472	268	32	76
470	268	32	77
470	269	34	75
470	271	33	74
470	272	34	74
470	272	33	75
470	272	32	74
469	270	33	76
468	271	33	77
468	270	32	77
467	272	32	77
467	273	31	75
466	274	31	75
466	275	31	75
465	274	32	75
464	275	31	75
462	274	32	75
462	276	33	75
461	275	34	76
462	278	33	77
460	279	33	76
458	279	34	74
458	278	33	75
457	279	33	74
456	279	31	76
455	278	31	77
450	280	32	76
446	280	36	77
444	279	37	78
442	279	39	78
441	279	37	79
439	279	31	77
436	278	31	78
435	279	33	79
431	281	34	78
431	282	33	78
428	283	35	78
425	283	35	79
424	282	35	77
421	282	35	82
418	282	32	81
417	281	31	81
413	281	34	83
409	282	35	85
407	283	38	83
404	284	40	81
401	284	35	83
399	283	34	84
394	281	36	83
391	281	38	85
389	280	38	87
388	287	38	81
385	287	36	81
381	287	36	82
380	288	35	80
377	275	37	91
373	266	37	102
373	271	35	100
370	264	38	103
366	263	39	110
366	268	38	108
364	277	39	102
358	288	40	86
359	283	39	92
355	278	42	96
353	278	40	96
345	289	43	85
343	297	40	78
339	294	37	78
340	294	34	78
336	298	34	78
332	293	34	78
329	289	38	82
320	287	42	87
319	287	41	86
317	285	42	92
316	291	37	84
312	293	34	82
307	293	35	80
304	294	34	83
302	294	35	82
298	290	40	85
296	294	37	82
294	291	38	82
291	246	35	96
286	252	39	89
283	280	34	97
284	286	35	90
277	285	38	93
275	287	40	90
272	292	40	89
272	288	38	94
269	289	37	92
268	287	35	92
265	290	35	90
266	288	35	93
261	290	34	93
258	300	33	84
256	291	34	94
254	295	34	89
254	293	35	91
249	293	34	91
245	303	33	84
242	298	33	88
234	299	39	87
228	301	44	87
225	308	44	81
223	300	44	88
220	305	43	84
216	304	38	85
213	299	36	91
210	298	36	92
207	300	38	91
202	302	39	91
201	303	38	89
196	305	37	88
192	303	35	90
189	302	35	91
186	303	36	91
182	302	37	93
175	302	40	95
171	305	44	92
169	308	44	91
169	309	42	90
165	311	42	88
163	311	40	88
155	311	36	93
153	310	37	94
