333	80	37	110
332	79	37	109
332	79	36	110
333	79	35	109
334	77	35	109
334	78	35	110
334	78	35	108
334	77	35	106
333	76	36	106
331	76	37	106
332	75	37	107
332	73	38	108
332	73	38	108
331	73	38	108
331	73	38	107
331	74	38	107
331	73	38	107
330	74	38	105
331	73	37	105
329	71	37	105
330	71	37	105
330	70	36	105
329	69	37	105
330	69	37	106
329	68	38	104
330	68	37	105
330	68	36	104
329	67	36	104
331	67	35	104
331	69	35	104
329	68	36	102
330	69	35	103
329	72	35	103
329	76	36	102
329	77	38	103
327	81	37	102
326	83	38	104
327	87	37	103
327	89	37	106
327	93	37	104
327	98	37	103
327	100	37	105
327	106	35	103
327	110	36	102
326	113	36	101
326	115	35	102
325	116	36	101
323	113	36	103
322	113	36	103
322	112	36	102
321	111	37	104
321	111	38	103
321	112	37	103
319	111	38	104
317	112	39	102
319	111	38	104
317	113	38	101
317	113	38	100
315	112	39	101
314	112	41	100
314	111	39	100
313	109	41	101
315	109	38	101
315	109	37	101
315	108	36	102
314	108	38	102
314	109	36	101
314	108	36	102
314	110	35	100
313	109	35	100
313	110	35	98
312	110	34	99
312	109	34	98
309	108	36	99
309	107	37	100
307	105	36	100
307	105	38	101
306	105	37	100
306	105	38	100
306	106	37	99
306	106	37	99
305	107	37	99
305	106	37	98
304	107	37	98
304	106	37	98
302	106	38	96
303	105	37	98
304	103	35	98
303	104	35	97
302	104	36	98
302	103	37	98
301	104	36	97
301	104	36	97
300	104	37	97
299	105	36	96
299	104	36	96
299	104	37	95
299	104	35	95
297	102	35	96
298	102	35	96
298	101	35	97
297	101	34	97
297	101	35	97
296	101	35	97
295	101	35	97
296	100	35	97
295	101	35	95
294	101	35	96
293	101	36	96
292	101	37	96
290	101	37	96
289	99	39	96
291	99	38	96
289	97	37	96
291	97	36	97
291	97	35	96
291	98	34	95
290	99	34	94
290	99	34	94
290	99	34	93
289	99	33	93
289	99	34	93
286	98	34	93
286	98	35	93
286	96	34	93
285	95	34	93
283	95	35	93
282	94	35	95
281	94	37	94
281	94	37	94
281	95	36	93
280	95	36	93
279	95	36	93
278	95	35	93
277	94	37	92
276	95	36	92
276	94	36	92
275	93	37	92
275	91	35	93
276	91	35	93
275	91	33	93
274	91	34	94
275	93	33	92
274	93	33	92
273	93	33	91
274	96	32	93
273	100	33	91
272	102	33	91
271	105	33	92
271	108	33	91
269	110	33	93
270	112	34	92
268	111	35	93
268	111	35	93
267	112	36	93
266	111	36	92
266	113	36	92
266	112	35	93
266	113	35	93
265	112	35	92
265	112	36	92
265	111	35	93
265	110	34	92
266	110	34	92
266	110	32	92
266	110	32	91
265	110	33	91
266	111	33	90
266	111	33	92
265	111	32	90
265	112	32	88
265	111	32	88
265	111	32	87
263	114	33	88
264	116	32	89
263	121	33	89
262	123	33	89
263	126	34	90
262	127	33	89
261	127	33	88
261	128	34	88
261	127	32	87
261	127	32	86
261	128	33	87
261	128	32	88
261	127	32	88
261	126	32	87
260	126	33	87
261	125	32	86
261	126	31	86
260	124	31	88
260	125	31	86
260	125	32	87
260	126	32	85
259	126	32	85
259	126	31	85
259	126	31	84
258	126	30	84
258	126	30	84
257	124	30	83
257	124	31	84
256	124	31	85
256	123	31	86
256	123	32	85
254	123	31	84
254	123	32	84
254	124	32	83
254	123	32	83
254	124	32	84
253	125	33	84
252	123	33	85
252	123	32	82
252	122	32	82
253	122	31	83
252	123	31	82
253	122	30	82
252	119	30	86
252	122	30	81
252	122	30	81
252	123	30	80
251	122	30	81
254	125	30	78
259	124	30	77
263	123	31	77
270	123	31	78
276	123	31	77
279	122	31	78
285	121	32	78
290	121	33	77
295	120	33	78
301	120	33	78
306	121	32	76
313	121	32	77
316	120	34	76
325	119	31	79
329	119	32	78
333	119	33	75
340	119	32	75
345	118	32	76
353	116	30	79
356	117	32	78
362	116	32	77
368	116	31	77
374	116	31	77
381	115	30	77
384	116	31	76
392	116	30	75
395	116	32	77
402	115	31	76
407	114	31	76
412	114	30	76
416	113	31	74
423	110	31	80
427	112	31	76
432	110	32	78
439	110	32	78
443	111	33	77
450	109	32	78
458	110	31	75
460	110	33	73
466	108	32	74
471	110	32	72
476	108	32	74
485	107	31	76
489	104	32	77
496	105	32	75
500	104	34	74
508	104	31	75
506	102	31	77
508	103	32	76
507	103	31	76
508	105	30	75
508	105	28	76
507	103	28	77
507	105	29	76
506	104	29	76
505	102	30	76
505	102	31	75
505	102	30	77
505	99	30	79
504	102	31	76
504	102	30	77
504	102	31	74
501	102	33	72
504	101	30	76
503	102	30	73
504	101	29	76
503	101	30	76
501	100	31	77
492	99	31	74
488	99	30	76
485	100	27	75
484	100	27	73
480	100	31	75
472	99	31	71
468	100	30	77
463	99	29	76
454	98	32	74
451	100	29	75
443	102	28	72
438	100	28	73
430	100	30	73
423	100	31	72
419	99	31	71
410	99	33	74
407	98	30	74
399	98	32	74
394	99	31	74
389	101	31	71
382	100	31	71
382	100	33	72
382	100	29	73
382	100	32	70
382	100	30	72
382	99	31	70
383	98	29	72
383	98	28	72
383	97	29	72
382	98	28	72
383	97	28	72
384	98	28	70
383	98	28	70
383	98	28	71
383	97	27	72
382	97	26	73
382	98	27	72
382	98	27	72
381	97	27	72
381	95	27	72
381	96	29	72
380	96	29	72
380	97	28	72
380	95	28	72
379	97	29	72
379	98	30	72
379	98	29	71
379	97	27	71
379	98	29	70
378	97	28	70
378	96	29	72
378	95	27	71
379	94	29	72
379	94	25	72
379	95	27	69
378	95	26	68
378	96	28	64
378	94	27	69
378	94	25	72
378	95	25	69
377	95	25	69
377	95	25	69
377	93	24	69
377	93	25	69
377	93	25	69
375	93	25	69
375	93	26	69
375	93	26	71
376	92	26	70
374	93	27	70
375	93	26	69
374	93	27	68
375	93	26	70
375	93	26	69
375	92	28	68
375	91	27	70
375	91	26	69
376	91	25	69
376	91	25	69
376	90	24	69
375	90	26	68
377	90	25	69
375	91	25	67
375	91	25	68
376	91	25	68
376	91	25	68
376	90	24	68
375	90	24	66
374	90	27	67
365	89	26	67
363	89	25	67
355	88	26	68
349	89	27	68
343	88	26	69
338	90	26	67
332	89	27	68
325	90	27	67
320	91	26	65
313	89	26	69
309	90	26	67
304	89	27	68
296	88	27	69
291	88	27	69
285	88	26	69
281	92	25	65
275	90	26	67
267	88	26	68
262	90	27	67
255	89	28	69
258	91	24	67
256	91	25	66
256	90	24	66
255	90	25	66
256	90	25	66
256	89	25	67
255	88	24	68
255	89	25	68
256	88	24	68
255	88	24	68
254	88	25	68
253	89	25	68
247	90	25	67
242	89	26	67
234	88	26	69
229	90	26	67
222	89	25	68
217	89	26	69
210	87	26	69
203	87	26	70
196	85	25	71
189	85	26	71
181	86	27	72
174	85	28	72
177	88	26	69
175	89	26	68
175	88	26	67
176	89	24	67
174	89	26	67
174	88	25	69
173	86	25	70
172	86	25	69
173	86	24	68
172	86	24	70
172	85	24	71
170	86	24	70
170	86	23	68
169	86	24	68
168	89	26	68
167	88	26	70
164	90	28	68
165	86	27	73
164	89	28	70
165	86	27	72
167	86	25	72
164	86	27	71
168	86	24	69
165	84	26	72
167	86	25	69
164	85	26	73
167	86	24	70
165	85	24	72
163	86	25	73
162	84	24	73
162	85	24	74
161	83	24	75
162	83	24	75
159	82	25	77
161	82	25	78
159	81	27	78
159	81	26	77
158	83	26	78
157	82	26	75
159	83	25	74
155	81	26	71
157	82	25	69
156	83	26	67
156	83	26	70
155	83	27	67
155	81	25	68
155	80	25	68
154	78	25	71
155	81	25	71
154	80	25	69
153	80	26	70
154	80	25	69
153	82	25	66
152	81	24	70
151	81	26	71
152	79	24	72
151	81	24	65
151	80	24	69
149	80	24	70
150	79	23	65
151	81	22	63
149	78	24	67
149	79	24	73
148	80	25	78
148	80	25	86
163	79	27	82
170	79	28	86
186	78	27	87
193	79	31	86
207	75	30	90
217	78	30	88
230	76	31	91
240	75	32	92
252	77	32	90
262	74	34	94
276	80	32	91
285	76	33	88
299	76	32	90
311	76	31	89
323	75	31	93
335	77	32	93
345	72	34	94
354	71	35	97
367	71	34	99
378	73	34	97
389	70	35	100
403	72	34	96
414	71	36	98
427	68	35	97
438	67	36	102
448	68	37	102
453	68	38	105
465	66	40	107
476	68	39	105
490	67	39	107
504	69	37	104
518	66	37	102
524	66	35	95
535	68	36	95
552	70	39	102
556	67	35	104
566	66	32	80
563	71	29	72
565	74	27	64
565	73	27	66
564	72	27	67
565	73	27	66
564	71	26	71
563	70	26	75
563	71	26	73
563	70	26	70
563	69	25	69
562	70	26	68
563	72	26	68
563	71	25	67
563	72	24	64
563	72	24	65
563	71	23	64
563	72	24	64
562	71	24	62
563	72	23	60
561	70	24	64
561	71	25	61
561	70	24	63
560	69	25	64
556	70	25	68
540	69	30	83
527	66	33	96
516	67	31	89
502	67	34	98
493	64	32	86
486	70	39	88
466	70	39	93
455	70	37	92
442	68	35	92
431	69	33	79
419	71	38	84
410	72	34	71
395	76	39	92
388	74	43	98
403	68	42	111
386	74	45	107
384	78	39	98
372	72	40	108
369	105	32	71
372	105	27	71
372	106	28	71
373	105	27	71
373	105	26	71
374	105	27	71
328	72	26	66
327	74	27	60
328	72	25	61
327	75	26	59
326	75	26	56
327	75	25	60
326	76	25	56
326	74	24	58
328	75	22	57
327	75	24	58
326	74	25	58
325	74	24	57
324	75	27	56
324	75	27	60
324	76	26	54
324	74	26	57
324	74	26	58
324	75	26	56
322	73	30	57
325	74	26	58
323	74	28	59
323	75	25	55
324	73	25	55
323	73	25	57
324	72	25	56
323	71	24	56
323	71	26	58
362	55	23	59
362	56	23	61
324	69	23	58
322	68	24	59
324	68	24	59
323	68	23	58
322	67	23	59
324	68	23	57
322	67	23	57
322	67	24	57
322	68	25	56
322	67	24	58
320	68	26	57
322	66	24	60
321	66	24	60
321	65	25	60
322	64	24	60
323	64	23	59
321	65	23	59
323	65	24	58
322	65	24	59
322	66	27	58
321	66	26	61
320	66	25	61
321	65	25	61
321	65	26	60
320	64	27	63
320	65	27	61
320	63	25	61
319	63	26	60
323	63	24	60
320	65	26	59
321	64	25	60
320	64	25	59
321	64	25	57
321	65	24	58
322	63	23	59
320	64	25	58
320	64	25	60
321	62	25	61
321	64	26	58
321	62	25	60
321	62	25	58
320	63	24	59
321	62	26	61
321	62	24	59
321	63	25	59
321	63	25	58
322	63	26	60
320	62	26	61
321	62	27	61
321	63	26	60
322	62	25	59
321	60	25	59
321	62	25	59
321	61	25	59
322	61	26	60
321	62	26	59
322	62	24	61
321	61	25	59
321	62	25	58
322	62	24	59
320	62	25	59
322	61	25	59
321	61	25	59
321	61	24	59
321	60	24	58
323	61	24	57
322	60	25	59
323	61	23	57
322	59	22	58
324	62	24	55
323	61	23	55
324	62	23	55
323	60	22	55
325	60	23	55
323	61	23	54
323	59	24	56
324	60	24	58
324	59	25	59
323	61	24	59
324	60	23	58
323	61	24	57
323	60	24	58
325	60	24	57
324	60	24	59
324	61	23	59
325	59	23	59
324	59	23	58
