268	198	35	95
268	196	35	98
267	196	35	97
268	196	35	98
267	196	35	97
267	197	35	97
269	196	35	97
268	196	35	96
268	196	35	96
269	196	35	96
269	195	35	94
269	194	35	95
269	193	36	95
268	192	36	96
268	191	36	96
269	192	36	96
269	192	36	95
269	192	36	95
269	192	35	95
269	193	36	95
269	192	35	94
269	193	35	94
269	192	35	94
269	191	35	93
268	190	35	93
268	191	35	94
268	189	35	94
268	189	36	95
268	189	36	95
269	188	35	95
269	189	36	94
268	189	36	94
268	189	36	94
269	189	36	94
269	189	36	93
270	188	35	93
269	188	36	93
270	188	36	93
271	187	36	92
271	186	36	93
270	186	37	92
271	186	36	93
270	186	37	93
271	187	36	92
271	186	35	92
271	186	35	92
270	186	35	92
271	186	35	92
270	186	35	92
271	185	35	92
270	185	34	91
270	184	34	91
269	183	35	92
271	183	34	93
270	183	35	93
271	183	34	92
270	183	35	92
271	183	35	92
270	183	35	91
271	183	35	91
271	183	35	91
272	183	35	91
271	182	35	91
272	181	35	90
271	180	35	91
271	180	36	90
271	179	36	90
272	179	36	90
272	179	36	90
271	179	36	89
272	180	36	89
271	180	35	89
271	181	35	89
272	180	34	89
270	180	35	89
272	179	34	89
271	178	34	89
270	177	34	88
271	177	33	89
270	176	34	89
271	175	33	90
270	176	34	89
269	177	35	89
269	177	34	88
270	177	34	88
269	177	35	88
270	177	34	88
269	176	35	88
269	175	35	87
267	174	36	87
267	174	37	88
267	173	36	87
267	173	38	88
266	172	39	87
266	173	39	86
266	174	38	87
265	174	38	84
266	173	37	86
265	173	36	85
264	173	35	85
264	172	35	86
264	170	34	86
264	170	34	87
263	170	34	87
264	169	34	87
262	170	34	86
262	170	34	87
263	170	34	86
263	171	34	85
262	171	34	85
263	170	34	85
262	170	35	84
262	169	34	84
262	167	34	86
261	167	34	85
261	166	35	85
260	166	35	85
260	167	37	85
259	167	37	84
259	168	36	84
259	168	36	83
258	168	36	84
258	167	34	84
257	166	34	83
257	166	33	83
256	164	33	84
256	164	33	85
256	163	33	85
255	164	33	85
254	164	33	84
254	164	33	84
253	165	34	83
253	165	33	83
252	164	33	83
253	164	32	83
252	162	33	83
252	162	32	83
251	162	32	83
251	160	32	84
250	161	33	83
249	160	33	83
249	161	36	82
248	161	34	82
247	161	35	82
247	161	33	82
247	161	33	81
245	161	33	81
245	160	32	82
244	159	33	81
244	159	32	82
243	158	32	82
243	158	32	82
243	159	32	82
242	159	32	82
242	158	33	81
242	159	32	81
241	159	33	81
240	159	33	81
241	158	33	81
240	156	33	80
239	157	33	81
239	155	34	82
238	155	34	82
237	155	33	81
238	156	34	81
237	156	34	81
237	156	33	80
237	157	33	80
235	157	33	80
235	156	32	80
236	156	31	79
235	155	31	78
235	154	31	79
235	153	30	80
234	153	30	80
234	153	30	80
234	153	31	80
234	153	31	80
234	153	31	80
233	153	31	80
234	154	31	79
233	153	32	79
234	153	32	79
234	152	31	78
233	151	31	79
233	150	32	79
233	150	32	79
233	150	33	79
234	150	33	79
234	150	32	79
233	151	32	79
234	151	31	78
234	151	31	78
233	151	31	77
234	150	31	77
233	149	30	77
232	149	31	78
233	147	31	79
233	148	31	79
233	148	30	78
233	148	31	78
232	147	31	79
233	148	31	78
232	148	32	78
233	149	31	77
233	148	31	77
233	147	31	77
234	147	30	77
233	146	30	77
233	145	31	77
233	144	32	77
234	144	31	77
233	145	32	77
233	145	32	77
232	145	31	76
233	146	31	77
232	145	31	76
232	146	30	76
231	146	31	76
230	144	30	76
230	145	30	76
231	143	29	77
230	142	30	77
230	143	30	76
230	142	30	76
229	143	30	77
229	144	30	76
230	144	30	75
230	144	30	75
230	143	30	75
230	143	30	75
229	143	30	74
229	142	30	74
229	141	30	75
230	140	30	75
229	140	31	75
228	140	31	75
229	140	31	75
228	140	31	74
228	141	32	74
228	142	31	74
227	141	30	74
227	141	30	74
226	140	30	74
226	139	29	74
225	138	28	74
225	138	28	74
225	138	29	74
224	138	29	74
225	139	29	74
224	139	29	73
224	139	28	74
223	139	29	73
223	139	28	73
224	137	28	72
224	138	29	72
223	136	28	72
223	136	29	73
223	136	28	73
222	136	28	73
222	136	28	72
222	137	29	73
222	136	28	72
222	137	29	72
222	137	28	71
221	137	28	71
221	136	28	71
220	137	29	71
220	135	28	72
220	134	29	73
220	134	28	73
220	133	29	72
218	134	30	73
219	135	29	72
219	135	29	71
219	135	29	72
218	135	29	70
219	135	29	71
219	134	29	71
218	134	29	71
218	133	28	71
219	132	28	71
218	132	29	71
218	132	30	71
204	133	33	72
196	132	32	72
187	133	32	71
178	134	34	71
168	134	33	72
160	134	32	72
152	133	31	71
141	133	32	70
135	133	30	70
125	132	31	70
115	133	32	71
109	132	29	72
107	132	29	71
116	133	30	70
121	133	31	70
134	131	30	71
138	134	33	72
149	131	32	73
157	132	32	70
166	130	31	70
176	130	31	70
184	130	32	70
192	128	32	70
200	128	33	71
210	128	32	70
216	129	30	68
205	129	33	70
195	129	32	70
188	129	31	69
179	131	32	68
171	130	31	69
162	127	30	70
153	128	30	69
143	128	31	69
136	128	29	70
127	128	30	70
118	129	30	69
110	127	30	70
107	129	27	69
112	132	31	68
121	132	30	68
133	132	28	71
137	131	30	70
150	131	28	69
161	129	28	67
165	128	29	66
176	126	29	68
185	126	29	67
192	126	30	66
201	127	29	69
209	126	30	75
217	126	28	72
209	126	29	74
200	126	31	73
192	126	30	70
183	125	30	68
174	125	31	67
165	125	29	67
157	125	30	67
148	124	30	68
138	124	30	68
131	125	31	67
122	125	30	67
112	125	30	67
108	126	28	67
111	125	30	67
122	125	29	67
132	126	29	65
137	125	29	65
147	124	30	65
155	122	30	67
163	123	31	66
171	123	32	66
180	121	32	67
191	121	30	68
198	120	31	67
208	122	31	66
217	122	28	65
212	123	29	64
203	122	30	65
193	121	29	65
185	122	30	65
175	121	30	65
167	121	29	67
159	121	29	65
150	121	30	65
139	122	30	65
132	122	30	65
122	122	30	66
114	123	30	66
106	122	29	65
107	121	30	65
117	121	29	64
125	121	31	65
133	121	30	65
141	121	32	66
148	119	32	68
159	118	31	68
167	118	31	68
177	118	32	67
186	117	31	67
193	119	31	65
203	119	30	64
213	119	29	64
212	118	29	64
202	119	30	63
193	118	29	64
186	117	29	64
175	119	30	63
167	117	31	64
158	118	30	64
150	118	30	63
141	120	32	64
133	119	30	64
123	120	32	64
115	121	31	63
108	119	29	63
105	119	29	63
111	119	32	63
120	118	32	65
131	116	30	65
138	117	32	65
148	115	31	66
157	116	31	66
165	118	31	64
174	118	30	65
185	117	31	67
192	117	32	69
199	117	34	66
211	114	31	67
216	115	28	63
208	116	31	68
197	116	34	66
189	115	32	68
181	116	32	69
171	116	34	70
164	115	31	67
156	116	31	67
147	118	31	64
139	116	30	68
131	116	31	67
122	117	31	67
112	116	31	68
111	114	27	64
114	114	32	67
124	114	32	71
135	112	32	68
141	115	33	67
152	112	32	67
161	113	31	66
169	112	31	69
178	111	33	69
186	113	32	68
195	112	30	65
205	111	31	66
212	112	32	65
221	110	28	63
215	110	30	67
205	110	30	65
196	110	29	65
187	111	31	66
178	112	31	70
171	112	30	72
164	112	31	70
154	112	30	70
145	113	30	69
138	112	30	71
129	114	32	76
121	112	31	71
115	111	27	66
117	112	30	67
127	110	31	68
137	110	30	70
143	109	31	70
155	109	30	69
163	111	31	66
171	110	29	66
180	110	29	66
190	110	29	67
200	108	28	66
207	109	29	64
216	108	29	66
226	108	27	61
222	107	28	62
213	108	29	65
203	106	28	68
195	108	30	65
187	107	29	68
178	108	29	66
170	108	29	63
160	107	29	70
151	107	30	66
146	108	27	60
135	108	29	61
126	107	29	66
120	107	28	62
121	106	28	61
130	106	29	63
138	107	31	68
147	107	29	60
156	105	30	66
163	106	29	65
173	106	29	62
181	106	30	62
192	105	29	62
202	105	28	60
208	105	29	59
217	104	29	61
227	103	29	60
228	103	27	61
217	103	30	61
209	104	29	60
201	104	27	61
192	104	29	60
183	105	29	60
176	105	27	60
167	105	29	60
158	106	30	65
150	104	28	60
143	104	28	60
133	105	29	58
123	103	29	60
122	103	28	61
130	104	30	62
139	104	29	60
149	104	28	58
154	107	30	63
165	103	28	59
174	104	28	59
182	104	30	60
190	102	29	58
200	103	28	58
207	101	29	61
215	102	30	59
227	100	29	64
231	101	27	60
231	101	26	59
231	101	26	59
233	101	25	58
233	101	25	58
233	101	25	58
235	100	24	58
234	100	25	58
234	101	25	58
234	100	25	57
234	99	25	58
234	98	25	59
233	99	25	59
235	99	25	59
234	98	25	60
235	99	25	59
235	100	25	58
235	100	25	58
235	100	25	58
235	100	25	58
235	100	25	57
235	99	24	57
235	98	24	59
235	98	24	59
235	97	25	59
235	97	24	59
235	97	25	58
