466	306	142	60
466	304	141	61
467	304	140	62
469	304	140	62
472	304	138	62
473	304	137	61
474	304	136	61
477	304	133	62
479	304	131	61
480	303	130	61
481	303	129	61
483	304	127	61
484	304	126	62
486	303	124	62
487	304	123	62
490	304	120	62
490	304	120	62
491	303	119	62
492	303	118	62
493	304	117	61
493	304	117	61
493	303	117	62
493	304	117	61
493	304	117	61
493	304	117	61
493	303	117	62
494	304	116	61
494	304	116	61
493	304	117	62
493	303	117	61
493	304	117	61
494	304	116	62
494	304	116	61
493	304	117	61
493	304	117	61
493	304	117	61
494	304	116	61
493	304	117	61
493	304	117	61
493	304	117	62
494	304	116	62
493	303	117	62
493	304	117	61
494	304	116	61
493	303	117	61
493	303	117	62
493	304	117	61
493	303	117	61
493	304	117	61
493	304	117	61
493	303	117	61
493	304	117	61
492	303	118	61
493	304	117	61
493	303	117	62
492	304	118	61
492	303	118	62
492	304	118	61
491	304	119	61
492	303	118	61
491	304	119	61
491	304	119	61
491	303	119	61
490	304	120	61
490	303	120	61
490	303	120	61
489	303	121	61
489	304	121	61
490	304	120	61
488	304	122	61
488	303	122	61
488	304	122	61
487	304	123	61
487	303	123	61
486	305	124	61
485	304	125	61
486	304	124	61
485	304	125	61
484	303	126	61
483	304	127	61
482	305	128	61
482	304	128	61
480	304	130	61
480	304	130	61
479	304	130	61
478	304	132	61
477	304	132	61
477	304	133	61
475	303	134	60
474	304	135	61
475	304	134	60
474	304	136	61
472	304	137	60
471	304	138	60
470	304	139	60
469	303	140	61
468	304	140	61
468	304	141	60
467	304	141	60
466	304	142	60
464	304	143	61
463	304	144	61
462	304	144	60
460	304	145	61
459	304	145	61
459	304	145	60
458	304	145	60
457	304	146	61
455	304	146	60
455	304	146	60
453	305	146	60
452	303	145	60
451	304	146	60
450	304	146	60
448	304	147	60
447	304	147	60
445	304	147	60
444	305	147	60
443	304	148	60
442	305	148	59
441	305	147	59
440	305	148	60
439	304	147	60
437	304	148	60
437	305	148	60
436	304	149	60
434	304	148	60
433	304	149	60
432	305	149	60
431	305	149	59
430	304	149	59
431	305	148	60
430	305	146	59
430	305	146	59
429	304	146	60
427	305	146	59
426	305	147	59
427	305	145	59
426	305	145	59
425	304	145	59
426	304	143	59
425	305	143	59
424	305	144	59
425	304	143	59
424	304	143	60
424	304	142	59
423	305	142	59
424	305	141	59
421	304	142	59
421	304	142	60
420	304	142	59
422	304	140	59
422	304	140	59
420	304	140	59
422	305	138	59
421	305	138	59
420	304	139	59
418	305	139	59
417	305	140	58
417	305	140	59
417	305	139	58
416	305	139	58
416	305	139	58
415	305	139	58
413	304	140	58
415	304	139	59
414	305	138	58
415	304	137	59
414	305	138	58
414	304	139	59
415	305	136	59
410	305	142	59
410	305	141	59
412	305	140	59
410	305	139	59
409	305	140	59
411	305	139	58
414	305	134	59
408	305	139	58
407	305	142	59
409	305	139	58
405	305	142	58
408	305	140	59
407	305	140	59
405	305	141	58
407	305	140	59
410	305	137	58
405	305	141	58
407	305	139	59
408	304	138	59
407	305	140	59
406	305	140	59
406	304	140	59
406	305	140	59
407	305	139	59
405	305	141	59
405	305	141	59
408	305	139	58
407	305	139	58
406	305	140	58
406	305	140	59
407	305	138	58
405	305	141	58
404	305	143	59
407	305	140	59
407	306	139	58
406	305	141	58
404	305	141	58
406	305	140	59
406	305	140	59
407	305	140	58
406	305	140	58
406	305	140	59
406	305	141	59
406	305	141	58
405	305	142	59
407	304	141	59
406	305	143	59
408	305	141	59
405	305	143	59
407	305	143	59
410	305	140	59
412	305	138	58
411	304	138	59
415	305	135	58
416	305	135	58
414	305	137	58
418	304	135	58
419	305	134	58
416	305	137	58
417	305	137	58
417	305	138	58
418	305	136	58
415	304	140	58
418	305	138	58
420	305	136	58
418	304	139	58
421	305	138	58
422	305	137	58
423	305	137	58
423	304	137	58
423	305	139	58
424	304	139	59
423	304	140	60
425	304	140	59
424	304	142	60
428	304	141	59
428	304	142	59
430	304	141	60
431	303	142	60
432	304	142	59
432	304	144	60
434	304	144	60
438	303	141	59
439	303	142	60
439	303	143	60
441	302	143	60
444	303	142	60
447	302	141	60
449	301	141	60
452	302	140	60
454	302	140	60
457	302	140	60
460	301	138	59
461	301	138	60
465	301	136	61
467	301	135	60
471	301	133	59
472	300	134	60
475	300	132	60
479	299	129	60
480	299	128	60
484	299	125	60
485	298	123	60
489	299	120	60
491	298	118	60
493	298	117	60
495	297	114	61
498	297	112	60
500	297	110	60
502	296	107	60
503	297	106	60
508	296	101	60
509	296	100	60
512	295	97	60
514	295	96	61
517	294	92	60
518	294	91	60
522	293	88	60
522	293	86	60
526	293	84	61
527	293	82	60
530	292	80	60
532	292	78	60
533	292	77	60
534	290	75	60
536	291	73	59
537	291	72	59
540	291	70	59
540	290	70	59
542	289	67	59
543	289	67	59
543	289	65	59
546	288	64	58
546	288	63	58
546	288	62	59
548	288	61	57
549	287	60	58
549	287	61	56
550	287	60	57
551	287	59	56
551	287	58	56
552	287	58	55
552	286	58	55
553	286	57	55
553	285	57	55
552	285	57	55
553	285	56	55
553	284	57	54
554	284	56	54
554	283	56	54
555	283	55	54
555	283	55	54
555	283	55	53
554	282	56	54
555	282	55	54
555	281	55	53
555	281	54	53
556	280	54	53
555	280	55	53
554	280	56	53
555	279	55	53
554	278	56	53
554	278	55	53
554	277	55	53
554	277	56	53
554	277	55	53
554	277	55	52
554	276	56	52
553	276	56	52
554	276	56	52
553	275	57	52
553	275	56	52
552	274	57	52
554	274	56	51
553	274	56	51
552	273	57	52
552	273	57	50
553	274	57	49
551	272	58	50
550	273	58	49
551	272	58	49
549	271	59	49
551	272	58	49
549	271	60	49
548	271	60	48
548	271	59	48
548	270	60	49
546	270	60	48
546	270	60	48
546	269	60	47
544	269	61	47
544	268	60	48
543	268	60	47
543	267	60	47
542	267	61	46
542	266	60	46
539	267	62	46
539	266	61	46
538	267	61	46
536	265	62	46
536	265	60	46
535	265	60	45
534	264	61	46
532	264	61	45
533	263	60	46
531	263	61	45
530	263	61	44
529	263	61	44
528	263	60	44
527	262	60	45
527	261	60	44
525	260	60	45
526	261	57	44
525	262	57	43
525	260	56	43
525	260	53	43
527	261	52	43
527	260	52	42
523	259	53	43
522	259	52	43
525	257	49	44
521	258	52	43
517	258	54	42
516	258	55	40
513	257	55	40
508	257	59	40
506	258	58	39
506	256	58	40
504	256	60	43
502	257	61	44
502	257	58	41
503	257	56	42
500	258	57	40
498	256	58	39
497	257	57	38
497	256	56	38
495	255	56	38
493	255	58	38
493	254	58	38
492	255	57	37
491	253	55	38
489	253	56	38
490	251	55	39
485	251	54	38
481	251	53	38
480	250	54	38
477	250	55	37
476	249	54	38
476	248	54	38
475	249	54	38
474	249	54	37
473	248	55	37
472	247	53	37
471	246	53	38
470	246	53	38
469	245	54	38
468	246	53	38
468	245	53	38
466	244	53	38
464	244	53	38
466	244	52	38
464	244	52	38
463	243	51	38
463	243	51	38
463	242	50	38
460	242	52	37
462	242	51	37
459	242	52	37
459	242	51	37
459	242	51	37
457	242	50	36
457	242	50	36
458	242	49	36
457	241	48	36
455	241	48	35
455	241	48	35
455	241	48	35
455	240	47	35
455	239	47	35
453	239	47	35
453	240	47	35
451	239	47	35
453	239	47	36
451	240	47	35
450	238	46	35
450	238	45	36
450	239	45	35
448	239	45	35
449	238	45	35
447	237	46	36
446	238	46	36
444	236	47	36
446	237	45	36
444	237	46	35
444	237	45	35
443	236	44	35
443	237	45	35
441	236	45	35
442	237	44	35
441	236	44	35
442	237	43	34
440	236	43	34
439	236	44	34
439	236	43	34
438	235	43	34
435	236	44	35
434	236	45	34
433	235	45	34
431	236	45	35
428	235	49	34
427	235	48	34
427	235	47	34
429	236	46	34
428	235	46	35
429	235	45	35
427	234	45	35
428	235	44	34
428	233	45	35
427	235	45	34
426	234	45	35
423	234	46	35
424	233	45	36
422	234	46	35
425	233	44	36
422	232	45	35
420	232	46	37
406	234	58	36
408	231	56	38
408	232	55	38
404	233	57	37
405	233	56	38
406	232	56	40
407	232	54	38
406	233	52	39
407	233	52	39
407	233	52	42
408	234	52	42
408	235	52	42
408	234	53	45
411	234	51	44
410	237	52	42
410	237	53	42
411	236	53	43
409	238	54	43
412	239	55	42
411	237	56	43
413	240	55	42
412	239	57	42
411	239	60	43
409	236	62	44
411	237	65	45
410	236	65	44
409	235	66	45
407	231	68	47
405	221	49	45
405	223	45	40
405	226	43	38
406	226	43	35
405	228	40	33
406	226	43	35
404	227	42	35
404	227	43	34
405	227	42	34
404	227	43	34
404	228	44	33
403	227	43	34
402	228	44	33
402	226	45	33
402	228	44	32
401	227	44	32
400	228	44	31
399	228	41	30
400	227	40	31
398	227	40	31
399	227	40	31
398	228	39	30
398	227	38	31
397	227	38	30
397	227	39	30
397	227	39	30
396	226	39	30
396	227	38	29
396	225	38	30
395	226	38	30
395	226	38	30
395	226	38	30
394	225	39	29
393	226	38	29
393	226	39	30
392	225	39	29
393	225	39	29
392	226	39	29
390	225	40	29
387	225	42	30
389	225	41	29
388	225	41	29
388	224	40	30
389	224	40	30
389	223	40	30
388	222	40	31
386	222	41	31
388	221	40	32
388	221	39	32
387	221	38	31
387	221	36	31
383	219	38	31
383	222	38	31
382	219	40	31
382	219	42	32
381	218	39	31
381	220	41	31
379	219	41	32
380	219	41	31
377	219	41	31
377	220	42	30
379	219	41	31
379	219	40	30
378	220	42	33
381	218	42	31
377	219	42	33
380	217	41	31
379	218	39	32
376	218	41	31
376	218	40	32
376	218	40	31
373	218	40	30
